16718578
16717139
16714993
16712701
16750971
16750799
16740840
16735523
16735214
16732857
16732581
16729530
16723916
16722911
16722902
16720262
16719429
15856169
15853131
15825590
16782923
16768542
16766968
16765870
16764732
16763515
16758096
16758095
16758094
16758093
16836620
16830838
16830254
16830247
16825851
16821481
16821201
16820831
16817494
16817332
16808711
16808705
16808704
16808691
16808124
16804697
16803754
16802682
16801360
16801285
16798221
16798177
16798145
16791667
16789336
16882778
16877178
16875797
16875796
16874603
16872795
16872794
16871911
16870993
16870385
16865635
16861370
16858000
16855126
16855039
16855038
16850245
16849766
16849750
16849746
16847759
16843575
16826870
16826869
16683507
16677177
16962910
16959677
16957904
16956742
16956148
16955657
16953020
16950738
16949288
16948420
16941911
16937786
16928282
16926946
16926369
16926365
16923100
16921327
16918745
16917911
16917457
16915060
16911048
16910909
16910792
16910186
16903616
16903586
16900286
16899840
16898235
16896861
16896860
16895120
16883190
16868335
17049696
17048351
17045718
17044575
17044445
17044342
17042024
17041073
17036885
17035573
17018834
17010555
17007484
17003138
17001933
16997822
16997807
16995611
16995610
16990292
16988299
16987794
16986764
16983117
16983102
16979173
16972583
16968437
16968364
16638773
16632765
17139664
17138846
17138486
17133898
17133892
17131301
17129906
17129206
17129201
17127115
17118496
17118072
17117446
17116115
17115482
17112135
17108841
17107289
17105637
17102217
17099197
17098393
17095336
17095326
17087695
17087174
17085613
17083559
17083558
17083557
17083317
17082827
17082171
17082170
17082009
17081180
17065946
17061337
17059892
17059606
17059086
17058415
16610752
16604926
17245200
17242535
17236856
17236322
17233863
17233258
17228631
17228437
17228432
17215469
17211876
17211769
17210494
17206877
17201103
17200062
17198512
17197058
19306592
17191258
17185208
17181683
17179376
17176942
17175415
17165205
17154024
17144035
16572570
16565282
16565276
16082831
16082238
16060013
16045423
16045422
16045420
16045419
16045414
16045413
16041829
16041519
16036678
16030281
16029986
16025652
16021741
16018107
16006027
16004094
15991105
15987405
15981744
15973941
15966124
15960009
15954015
15952969
15939493
15924562
15921340
15918790
15916260
15916259
15915843
15909787
15893216
15891722
15889883
15870615
15835213
15823383
15822366
15819641
15812293
15803296
15792063
15778151
15762102
15760701
15757374
15745213
15745211
15745210
15744904
15743647
15739936
15720481
15712617
15709443
15707221
15707214
15706813
15700367
15696887
15696631
15690941
15688579
15683203
15682546
15679018
15675065
15666886
15666142
15662189
15658731
15658025
15656479
15656469
15641525
15637511
15633857
15631258
15631214
15630872
15630870
15630863
15620049
15604183
15590340
15590232
15588372
15584186
15584185
15562131
15553590
15537623
15536971
15536883
15517161
20302257
20229428
20178300
20169649
20150779
20148409
20121997
19475791
19388383
19388379
19388370
19297936
19250128
19180390
19018902
18987900
18980451
18972936
18951673
18935839
18856083
18853713
18853383
18818529
18807796
18801274
18795636
18794714
18793856
18791425
18780888
18774048
18771039
18751648
18728250
18724112
18719721
18715184
18709900
18705171
18690003
18681245
18676507
18669006
20695047
18662950
18638329
18618958
18597172
18594232
18561558
18500138
18466649
18443144
18437600
18437069
18436493
18424290
18401979
18401978
18392540
18367776
18347275
18336708
18319403
17491214
17485968
17485755
17478122
17475498
17472512
17472507
17472498
17470500
17467117
17466754
17459386
17458368
17455746
17452733
17452605
17452603
17452019
17451880
17447604
17447099
17443368
17438705
17436460
17435991
17434812
17428817
17428540
17425793
17420402
17419057
17411505
17409367
17409362
17408336
17407213
17405636
17404191
17403563
17402954
17401770
17400862
17400253
17394537
17390980
17388231
17383115
17383114
17378297
17368665
17366230
17366229
17366228
17366227
17366226
17364221
17362959
17362517
17355102
17353849
17353493
17351843
17350559
17348256
17341248
17334272
17333040
17331691
17326557
17325121
17324181
17323665
17317576
17317474
17313089
17312419
17311361
17304075
17304074
17302596
17299964
17298604
17294780
17291204
17284552
17284550
17283846
17278870
17272730
17267389
17254924
17253082
17213982
16632774
16632769
16622658
16621881
16598911
16594429
16594292
16556922
16534078
16533798
16523802
16523589
16523587
16521593
16505421
16503108
16500868
16488345
16464934
16462446
16450935
16448964
16447522
16442430
16441693
16440861
16421039
16410430
16401179
16400758
16388772
16388063
19175236
16383053
16372152
16371392
16360557
16358623
16338814
16330606
16329222
16325024
16322114
16320432
16298287
16295259
16292624
16281808
16281669
16268081
16268041
16267176
16266959
16251817
16250493
16248257
16234487
16229695
16223113
16223109
16223108
16223107
16220617
16215527
16201605
16200695
16197319
16190008
16189060
16184950
16184942
16184941
16179323
16175728
16175716
16167453
16150319
16149663
16148827
16144229
16143751
16143750
16141782
16140129
16136844
16135494
16130623
16130256
16124694
16106333
16092394
16062141
16036812
16036677
16009286
16008024
15992186
15971934
15957317
15945578
15942390
15871537
15844801
15838981
15838965
15835081
15825592
15800346
15799490
15799485
15799484
15792339
15786682
22030644
21999054
21972313
21972312
21936339
21934062
21905476
21810724
21810723
21810722
21678804
21669951
21661481
21649619
21610597
21608314
21558335
21473240
21446599
21340369
21155464
20955504
20810420
20675297
20572531
20510951
20473641
20403896
20384504
20379919
20379918
20379916
20379915
20379914
20379913
20379908
20376638
20367725
20357288
20064890
20064813
19946872
19824520
19723862
19710660
19705650
19704285
19692709
19681006
19667767
19664190
19644008
19592865
19580440
19564256
19554856
19552247
19551490
19538800
19534034
19490598
19474221
19470719
19468259
19463678
19440928
19417646
19396708
19395703
19395700
19382539
19372540
19363732
19353983
19346274
19335672
19335530
19323361
19290712
19284266
19254872
19246146
19235784
19232919
19232916
19218017
19216242
19209570
19208850
19207053
19192841
19180389
19176406
19128650
19127899
19118908
19110800
19092035
19085468
19076663
19060794
19057236
18090186
18081997
18080576
18075770
18073248
18071762
18069623
18069369
18066412
18057190
18053910
18052813
17931326
18048882
18047461
18047252
18046628
18044980
18044825
18041325
18036122
18035763
18035155
18032986
18021402
18021149
18018820
18006201
18005198
18005126
18000317
18000128
17996512
17993295
17992508
17990283
17987402
17986073
17982824
17978377
17978258
17976839
17975490
17975253
17969576
17968638
17967374
17967296
17966836
17964976
17963863
17962011
17921467
17960429
17955625
17954381
17950508
17944637
17941513
17938771
17937801
17933163
17929744
17926263
17925134
17915126
17913793
17913461
17912644
17911989
17908082
17906167
17904327
17903080
19655554
17900400
17898243
17895483
17892988
17892241
17886262
17884591
17881194
17880432
17874168
17873253
17873250
17855485
17854964
17853172
17852998
17851337
17845470
17828400
17827809
17825116
17822424
17804971
17766525
17766273
17764076
17762845
17761058
17760801
17760569
17728595
17728586
17728585
17727581
17726671
17724240
17724103
17722681
17718649
17716098
17714536
17714051
17714050
17714049
17699356
17698460
17696629
17694888
17694716
17689846
17689397
17685993
17685733
17684171
17683284
17682373
17681123
17679641
17679625
17679164
17672899
17669850
17669849
17658090
17656608
17655996
17654853
17654513
17654113
17650354
17646501
17646500
17644829
17636111
17635307
17633979
17631674
17628961
17626391
17620528
17620034
17619235
17619223
17617015
17608872
17606959
17606551
17606544
17603873
17601849
17601847
17601838
17601181
17601180
17601179
17601177
17601175
17601174
19175249
17588161
17587355
17584265
17582830
17582028
17578968
17577164
17577010
17577004
17577002
17576633
17573297
17571779
17571222
17564830
17559627
17552406
17551491
17549653
17548894
17548028
17545353
17542232
17542045
17541550
17540908
17537009
17536994
17536655
17535839
17535182
17535178
17534881
17534866
17534790
17524044
17515782
17513308
17511801
17509938
17509808
17506076
17505392
17503119
17502445
17500344
17500341
16468257
16468256
16468251
16468249
16410101
16358483
16335724
16334457
16327871
16321198
16315549
16311398
16307637
16296278
16295255
16295254
16295253
16295252
16292623
21717149
21715009
21702413
21696481
21692584
21676261
20974025
20947875
20940576
20924818
20890143
20890142
20889279
20884051
20879611
20865480
20861105
20853581
20852015
20831668
20831287
20817453
20804890
20804881
20800415
20800414
20799904
20798728
20798264
20795835
20738389
20718396
20713793
20706184
20695035
20686987
20675736
20672461
20667678
20655165
20650593
20640779
20619056
20615839
20608582
20608258
20605695
20600516
20574741
20569149
20567252
20562564
20555179
20550485
20537837
20528667
20526117
20516298
19880918
20494330
20488576
20484996
20465078
20463337
20461605
20443385
20436094
20434865
20432110
20430683
20424822
20422449
20415291
20407841
20397503
20395734
20391162
20388935
20379910
20378876
20377798
20370862
20367870
20367868
20367746
20349850
20348364
20345062
20237210
20338979
20333953
20332406
20308644
20305297
20232187
20194107
20193799
20189746
20186648
20185980
20169371
20150771
20144032
20135903
20133288
20129887
20123879
20122508
20122474
19157750
19153413
19144053
19136356
19136167
19131417
19125131
19124808
19120581
19117798
19117644
20608317
20608316
20391861
20222234
19114900
19110911
19110903
19104247
19101926
19099034
19095678
19089722
19082929
19076664
19062302
19061784
19058149
19053915
19036551
19036550
19026922
19025956
19025506
19023446
19021492
19021485
19013702
19010732
19006588
19000302
18996980
18992627
18988403
18985624
18982783
18978694
18972327
18959570
18849510
18845477
18843950
18843178
18843076
18837644
18820307
18797237
18794475
18787331
18786682
18784967
18779461
18775035
18725829
18725828
18770959
18767472
18762641
18762603
18762529
18762405
18757636
18755565
18755564
18753715
18727748
18718993
18705737
18689150
18685135
18684581
18675635
18665429
18664302
18663541
18662421
18661390
18657248
18656072
18642621
18637856
18633680
18632842
18631406
18607725
18607255
18596630
18595993
18595931
18585539
18581198
18580104
18578786
18562834
18561835
18560849
18559887
18556639
18555682
18552685
18551890
18550781
18546983
18546072
18540541
18539103
18535922
18528781
18511580
18503535
18496108
18494959
18490685
18486552
18474884
18468856
18464129
18461523
18453879
18448714
18448702
18448404
18447973
18447864
18443010
18442964
18440792
18440766
18440485
18430333
18429710
18427778
18289416
18410324
18403078
18402557
18399614
18399391
18395481
18393749
18387147
18387019
18385406
18380998
18378768
18376741
18375677
18375674
18373574
18370910
18370902
18370359
18359112
18357435
18355246
18354823
18352971
18350941
18350940
18350272
18349434
18349430
18349406
18348350
18342653
18338774
18337051
18332383
18327102
18325456
18323356
18321905
18321001
18320998
18320997
18320994
18317485
18316489
18315998
18314223
18313632
18311396
18306650
18299942
18294035
18293811
18292485
18283432
18278840
18273530
18272607
18270498
18270308
18269735
18255248
18242040
18241871
18236309
18223158
18219244
18215197
18207694
18201598
18198259
18198256
18196714
18195274
18194578
18194405
18194358
18190683
18190370
18187111
18186911
18186827
18186151
18183749
18180903
18180134
18179675
18176852
18176137
18175190
18173848
18172738
18166257
18164249
19424911
19391466
19363884
19363883
18160245
18158489
18157913
18157830
18154103
18096918
18096716
18095808
16276660
16276642
16270668
21817971
21787110
21751760
21601299
21600375
21595360
21572061
21568105
21561515
21560896
21559751
21558516
21518751
21521429
21508175
21505139
21488564
21488562
21488559
21488558
21485982
21485941
21483025
21473434
21462758
21457843
21430335
21427366
21427042
21407045
21389164
21383270
21383111
21377556
21376680
21369634
21355759
21349210
21343622
21343431
21332034
21323047
21304355
21290908
21273220
21263459
21257459
21254816
21248552
21240098
21232829
21229601
21229600
21218742
21194663
21164408
21183759
21146313
21140862
21140861
21135787
21135301
21132598
21129700
21126645
21123751
21119874
21117379
21109807
21109126
21104452
21098046
21094715
21093679
21089994
21079223
21074874
21074332
21071435
21067473
21059572
21058097
21038830
21035029
20615842
20598470
20594866
20584278
20581917
20579121
20569869
20568324
20561147
20557668
20556512
20554423
20554219
20542403
20538959
20538421
20534336
20530305
20511356
20498399
20484092
20473211
20473206
20464541
20463433
20450020
20435611
20429656
20427867
20423428
20423383
20423368
20422795
20422304
20420548
20420292
20414128
20409128
20409115
20402373
20386462
20377431
20367724
20357283
20345832
20237219
20335914
20334770
20309740
20299410
20235400
20228686
20223450
20201667
20194000
20192888
20191724
20189911
20172454
20172452
20171822
20171746
20168190
20157964
20156959
20142011
20129214
20114134
20107856
20105088
20103783
20100152
20091763
20091463
20089432
20085970
20081729
20067358
20060256
20052874
20051186
20050792
20050454
21495557
20040124
20039216
20038541
20031887
20026525
20019345
20003039
20002984
20001494
19998725
19998082
19998079
19969162
19968947
19966315
19962124
19959822
19958471
19950320
19949887
19948616
19948387
19945818
19945814
19945813
19941580
19940457
19935609
19930874
19930564
19921223
19913187
19910895
19909516
19902608
19898985
19893842
19893465
19892509
19891618
19891374
19889915
19887653
19884588
19880929
19879711
19877094
19875537
19874643
19874100
19858354
19855258
19851141
19850438
19850182
19845173
19843890
19837498
19828279
19827205
19824256
19805795
19823093
19822227
19817163
19813386
19813081
19811883
19811181
19810225
19808156
19806850
19806816
19805708
19805707
19798834
19792840
19788773
21119309
19786681
19780854
19772968
19772558
19764379
19763856
19753504
19753425
19752461
19748202
19739452
19736330
19734397
19731129
19726783
19726207
19723951
19723274
19723270
19720338
19719375
19714801
19713793
19694843
19689559
19682847
19678927
19675323
19675116
19671647
19671620
19665338
19663714
19658230
19656019
19650244
19647970
19642431
19634589
19634405
19634310
19633896
19626766
19619341
19619228
19594340
19593245
19590471
19589663
19583066
19578818
19570647
19568731
19568211
19561513
19560303
19559290
19555954
19549300
19542495
19539124
19535214
19519752
19514803
19514692
19505976
19500937
19491735
19489988
19487042
19485876
19481271
19477884
19476267
19474588
19452421
19449711
19444288
19433991
19433843
19427765
19425342
19418284
19418228
19416049
19413086
19406735
19402840
19397222
19392974
19388385
19382172
19380086
19369483
19367335
19365250
19332199
19327950
19324922
19323701
19318665
19318459
19302543
19299671
19291709
19291187
19280251
19272153
19271449
19267384
19264570
19259706
19250362
19244631
19239664
19239581
19238883
19237645
19236291
19234760
19230935
19227691
19227688
19227041
19224773
19220889
19213966
19210015
19210013
19209566
19209172
19207066
19198131
19195038
19193246
19191815
19187422
19184444
19180636
19180370
19170299
22128521
22111408
22053391
22049813
22049811
22049809
22049807
22024309
22007044
21969476
21943459
21941879
21910307
21875841
21874660
21863651
21837882
21826968
21825919
21823498
21805946
21801517
21791691
21756014
21777096
21765257
21740729
21732923
21730912
21724786
21665154
21661658
21651372
21649944
21641513
21641503
21639651
21634261
21624876
21624867
21605732
21599993
21592337
21592063
21592062
21560953
21550217
21546742
21539524
21532075
21532046
21524930
21510865
21507187
21504599
21493298
21492285
21488563
21483008
21478693
21473965
21473814
21466580
21460710
21444597
21444181
21443835
21442345
21438709
21436706
21429958
21422978
21413855
21402456
21387896
21381514
21375101
21357911
21357208
21352225
21350505
21343566
21336996
21336127
21311270
21310114
21299290
21293982
21293275
21293063
21281487
21273627
21255955
21251274
21243007
21241984
21216420
21214974
21206288
21198811
21198742
21193653
21191121
21182379
21176305
21173438
21173365
21163854
21161733
21132596
21128576
21127318
21122041
21115986
21109782
21098352
21090894
21089143
21088131
21076165
21073122
21072099
21070357
21069605
21062508
21057971
21053701
21047589
21045742
21044137
21041539
21039873
21029226
20974334
20973810
20964852
20964477
20953729
20932464
20925288
20920028
20885301
20884700
20881681
20876396
20875170
20875168
20845201
20869466
20866016
20863653
20863176
20861620
20860782
20860776
20849278
20843882
20843758
20842014
20837819
20837253
20837251
20836633
20830947
20828981
20826377
20823077
20819781
20817564
20811744
20810416
20739708
20738746
20735444
20729251
20722810
20719843
20719499
20713872
20696034
20695950
20691142
20690303
20671209
20663701
20659201
20643988
20642845
20642362
20638035
20633939
20630284
20629766
20601563
20594340
20544446
20465077
20464744
20439215
20399376
20360569
20380710
20346111
20188506
20159458
20091628
20049397
19783085
19731166
19695079
19481846
19464097
19440947
19438412
19358139
19324509
19307508
19291552
19281671
19259269
19138389
19124983
19120746
19085226
19075205
19018749
18990109
18950333
18837989
18808694
18779459
18752659
18713769
18677136
18627328
18626723
18494958
18434916
18194526
17942270
17683580
17636790
17169232
17042804
16926949
16866806
16860964
16858623
16707289
16704017
16697096
16690762
16686873
16686813
16681123
16677192
16676342
16673631
16672869
16672676
16672255
16647644
16642249
16641657
16636220
16636040
16632813
16629563
16627127
16625128
16623666
16617243
16608671
16607248
16594438
16594408
16594397
16594286
16584454
16574871
16573720
16570749
16568450
16563767
16553752
16551313
16539088
16538516
16537300
16534044
16534034
16533674
16525169
16523796
16515698
16509834
16507096
16505428
16502003
16500828
16499459
16498160
16495203
16491461
16485366
16482752
16476525
16466574
16462443
16452284
16442457
16442453
16439343
16438810
16438068
16430759
16423124
16416759
16414426
16406785
16406471
16398604
16393480
16393479
16390525
16384746
16365615
16361626
16355916
16332465
16331756
16330792
16327299
16324185
16321535
16317358
16313370
16304765
16304762
16303701
16303690
16301958
16298227
16297568
16292070
16290917
16281967
16268009
16266421
16256118
16249927
16249588
16244850
16242899
16219589
16212824
16206332
16203647
16200252
16199398
16199397
16198571
16192286
16184946
16182420
16172453
16167409
16166875
16162749
16153476
16150458
16148808
16146113
16143738
16139467
16135878
16118532
16116351
16104453
16103473
16100704
16098117
16091895
16091575
16086536
16078968
16078965
16061596
16061579
16051459
16051110
16039937
16033702
16030462
16029774
16019865
16010225
16002922
16002197
15993530
15992240
15992228
15987329
15983964
15980078
15980077
15975757
15970420
15962722
15960689
15953222
15940358
15935032
15925069
15923967
15923965
15921840
15911054
15906888
15900420
15890054
15885510
15884410
15876244
15871655
15869554
15866396
15860051
15857521
15856168
15838411
15834528
15827908
15824055
15823381
15822055
15800302
15791784
15788033
15782876
15767266
15751434
15738368
15725206
15724847
15719603
15719417
15713169
15695421
15694498
15692135
15690865
15688544
15673348
15671584
15669927
15662690
15659007
15652689
15651985
15645998
15645770
15623167
15607249
15604633
15596630
15584489
15581430
15571901
15571900
15561657
15544685
15544667
15543666
15534885
15534341
15534339
15530599
15528290
15522496
15522491
15521111
15517162
15515735
16217714
18306356
16449952
21593012
19673717
17182195
21919294
19846270
20124777
21721875
18302971
17872670
16775183
17589980
17505380
20654829
20526910
16793487
16449742
19952554
19281702
21464205
18849806
19653387
17056898
19298681
21360697
19709790
16793330
15734134
17087673
20810405
18520663
19259870
21420081
18005127
21127097
20877755
16754571
15557918
17570194
17955396
16429215
20943343
20434085
20222964
21241193
21629205
18194925
15623271
19552272
17000484
16673222
19266765
17128655
18581613
15877552
20451772
16543096
20000030
17907276
19755882
21255714
18216633
17071704
20121775
21367822
18295216
16479203
15685097
19214259
17413771
19052704
21862193
19643244
16344014
17342002
18648136
17237128
19995466
19122950
15983155
19064962
21174855
20950124
17061152
20382369
18595536
21129179
19635400
17056771
21181283
21862812
21757083
21537964
17070341
18462289
15630975
15829025
17584625
18942568
16359207
19835231
15712680
16497427
17983928
18828168
20211406
18838491
20393753
20197556
21125031
20546564
18060500
19521293
17171573
21982519
16542606
18533313
15995823
19889411
21520516
16876816
18951747
18785349
16868468
15528966
20020089
19668280
19958877
17242047
18454243
20172126
17494949
18395928
17715731
17895720
17898253
17234474
16465660
21622488
18331480
21426615
17404896
15681726
17963528
16166920
20934834
15710642
19386826
16706328
16478905
19525764
21729155
20602714
20015489
15868560
17670998
19183330
18812797
15796943
21174852
15955292
17654385
21136570
15787899
16391960
19231928
17918500
19820204
17570984
18982781
21298904
19926179
20029712
16027421
17389535
16046371
18595416
20204938
21196728
16690562
17494826
15690834
17764606
16442027
19966730
17621444
15789943
19543807
19499731
21267949
17717804
17298247
17541307
16501135
16780085
15891488
20131584
20046112
16176899
18023129
19652679
21685762
16759741
15889782
18548409
19155195
16826773
20800198
20352500
17510109
15561158
19717690
16856420
17334124
18806331
21474201
20728066
20856193
20147807
19422338
20949791
17653393
20686431
20522453
19625552
20022601
19187554
16919128
18695180
18446067
16396128
18021127
21149243
18274245
20862625
19285666
15986816
17851298
17362790
17708488
15865824
19157280
20008625
20477855
17455049
17382033
19557481
17684984
16425948
21278650
21528622
16110047
16527786
18056599
16268854
18501836
21599883
20350745
19927850
15795336
18077034
15969230
18447890
21976585
16034036
20822037
19291280
21169964
16174812
18202732
20221349
20536624
16391984
19228893
19523058
18564969
19304691
20517725
20047130
18298508
21209578
15645188
19482120
21367384
18567402
20054034
20173438
16052943
17715167
21698967
20536093
19835549
19009935
17577552
19284167
15665265
18998822
16622818
18477717
19629746
16311402
16505131
15648517
20452623
19326301
18025499
16883170
18248947
17667006
19255106
15793322
15695474
20031874
17364420
18443260
16355834
17565796
19247488
20132978
20706892
20563404
15663015
19427757
15994143
18849787
18469618
19302422
17727185
20697269
16087007
16202146
20147822
17896122
16709465
20426815
20390617
17479329
20363189
17218552
17128395
15616420
16870387
19590468
19669707
17846089
19786152
18382715
19606776
20456149
15597284
19476884
20543388
20189136
18689293
17729128
17694489
18845413
16958233
19861699
16759851
16556885
17142601
16941895
15730365
19406044
17365898
15564361
17233189
17134941
19536026
20010012
21566417
20575199
21714895
21361839
16686244
18297316
22027164
15653255
15643827
21940747
15940531
15834838
17727550
16534765
19142279
15639038
17192219
21831572
19247096
17010664
18004627
15760804
15772510
16477287
19915983
17658961
19160886
17978607
17010181
18842972
18216011
17826210
15842706
19044111
16754772
16579145
19947187
17947893
21513534
19783837
17053154
18274394
17298264
19995864
16056112
17134641
18165378
17619594
20451794
16786423
15581955
16117095
21780093
21051257
16263639
20185444
19396066
18429006
17852259
21211085
17058754
15810190
21332322
18275373
19968011
16566337
16557069
16569406
16372656
19774357
15736516
17522184
19325488
19509212
17531914
15515471
20616295
21692585
16737139
20218136
17057593
18774131
19296355
19266944
17270044
18763352
16468543
15781508
17044437
21130536
18021523
17574437
19024067
16155809
17089287
18787907
17925077
17956915
19074757
19228236
18307701
16128658
21174654
18366363
21157249
20128754
19782915
17310338
20942327
20123674
17879373
19043330
19487615
19647956
21642927
16955591
18068292
17712692
18414309
19432872
20086260
18046264
17061659
16123260
21545616
18021108
21298939
15909971
20881429
18990271
19944357
20464071
16945780
18197453
16752193
17603377
21835292
16882179
20099773
17901784
16225029
15836555
16174817
20461671
17487068
19322971
19877326
19534188
16797312
15934573
19370832
16192828
18238990
16181404
15988949
16910802
17318982
16511380
18538965
21524192
16282072
20698232
20726471
18378086
19003799
16138633
17344263
16977900
16293538
18197015
18947099
21120408
19525359
15966169
19189481
21762837
21294353
18283770
16500011
15890040
19266713
17654380
16035634
17378818
20236095
17171770
19133370
15954048
17472499
19482279
20194153
20738451
19238717
15980733
21521886
16636706
20089625
19016924
19055303
16370401
17205276
18827088
20853211
21294498
22013777
20884788
15530683
19861029
17548447
21192569
15935238
16677191
18849363
20481198
18030102
17965642
21129180
18649830
19789928
17149527
19647663
19875660
20123331
19300082
19061024
19464755
16717514
18823358
16706569
16134041
17071299
17566541
19833670
19075085
19062773
20427298
18280735
17726903
16538848
19119689
16394231
20524498
18190599
18779546
15916837
18557993
21099676
20502180
18536546
21191211
19150265
18980914
18053231
21702205
19331307
20940212
16174232
17150326
15542872
17426492
18710376
18069441
18787902
20165520
19843046
18274417
20007654
19232691
20626379
16242291
16605226
21063420
15817367
15789968
18941323
21624907
21805755
16131801
17944133
17022849
17999211
15916209
19641843
21038733
18394856
15602707
17229270
18954428
19772582
20875178
15549016
19105563
17019446
16418992
16304881
21206744
20201147
21382078
21110399
16988307
19399982
17686602
18544196
19556095
17910543
20049081
21481736
17044433
19413197
19186446
21145582
19279478
18687488
16622358
15522468
21126301
18998904
17494508
19055076
21639966
16833049
21799379
19678469
21799327
19773567
20809471
18688051
19219367
15826511
19491563
19530124
22129219
18226759
19760984
18021136
16059538
16259187
21353679
15988418
20083929
19820535
15612142
20853250
16639471
17064407
16892666
19142323
21091020
20156411
20693209
18439320
15912087
19863980
17929400
18182629
21708526
18973640
20596900
21393043
17194679
19817948
18655322
21158904
19222636
20667944
18275360
19024666
21886031
19647968
16982297
18398664
16027582
18586341
17720359
19831158
21646916
19632969
17084769
20513168
21152996
16931482
20035353
19642764
20870181
19575721
19441635
20467938
17951229
19537640
19731473
19601420
15756880
18320908
18321835
15716822
18597730
16960490
19085667
18766413
19963336
17131247
19251549
18555474
20636181
16408188
18069516
20529188
21922698
16435312
21473969
15585514
15707441
16840484
20644498
15720485
18308023
19808267
19917035
15545244
16926948
20829005
19356286
18261060
18651967
18023154
17591566
18194594
20438946
18033192
20814796
18973994
19339446
18072401
21857013
18693587
15871865
20098163
19445616
18578765
19859745
15922696
17881925
15619528
15672062
18212186
15635014
16332185
16344302
18694250
16007641
20358806
21932502
17849721
20394514
20812027
19567753
16337561
17249283
16330134
16996898
15599171
18328683
19560245
21168831
20334647
19874330
16529186
18038515
16835517
21710915
20127059
18693411
17506231
17081720
17091909
16836215
16255328
17317292
20191750
18055756
20131583
17695557
17722793
16200514
20080443
18041968
16911017
20337801
17933955
21714409
21807684
20406508
21702204
17823158
19378218
16353511
17545841
20010728
16627842
18947093
20121717
21718988
21381271
16076796
18250240
17874920
21458038
19901351
15592990
20822692
20804878
19864994
20511639
18386451
17933651
20377091
19800851
16846539
18164450
18021169
16485621
20642198
18391108
19339430
16442424
16114151
21188876
20699039
16779408
21770881
21952066
20946497
19166664
19833007
18195302
19648384
15640632
17150325
15859962
21960374
16021668
17896880
18853887
16139985
18437070
21362766
16823674
20153359
17385735
17708128
21727887
20695800
21667677
19481983
16333772
16980794
18292359
18072450
15931047
15691247
16275521
17135646
20390224
15966461
19343560
20531194
19214261
19744062
19725366
16276856
16433735
18663110
17679265
18539766
16299433
17611213
21384781
17116915
20548268
19227582
21688486
17598458
15643250
15655973
18684784
15991775
20433404
20044780
21646308
19523580
20823391
20041613
19948571
17710479
20437252
19057466
20143327
20854404
18843063
16566102
16203057
20425520
20649671
20010014
22005230
17596246
17327910
15550360
20500349
15945411
20568379
17922304
20353319
18387481
20449664
20167591
21382948
21841704
19011877
15699314
17056043
16356205
18438260
16960933
20346338
19968454
18982990
16989993
16566617
19041619
17368297
19136677
17824870
21165735
19139443
16039180
15917977
19897514
15810757
19660328
20398957
16938691
20822270
20183136
17646128
16361395
17289465
17364514
17292025
21326245
17718732
17131640
20473194
15915702
16843744
18524550
15828572
21446923
17639635
19855272
17136752
16194498
19653439
17366839
17120925
15834342
15660041
20975326
19947050
18403175
18299361
20092616
19417965
20490910
16776611
20216510
19965545
20390485
16096726
20411889
16151586
21252815
17244008
19410102
20329473
21205260
16010220
16166617
21991750
20103004
20702057
19551881
17636624
20092087
20398578
16512271
17564864
17500283
16206362
18242936
17964014
18714713
16153768
17727589
18510762
20605850
18848402
17133195
18278637
18816011
20701195
16492009
15773313
15921133
20354243
20857660
16426799
15590221
19845963
20004439
17144913
16891192
15992183
16062166
15818133
17221041
19584803
19840578
16494290
21936435
16633276
16770116
18774882
18250266
19486762
21496754
16035980
19487739
16131306
21235731
16981157
21753452
16575088
15659085
20922343
18814424
18410867
21566455
21199129
21831325
19100146
20428183
17276791
17537258
19691191
19041212
15589911
18560955
15929362
17454795
18682476
21400395
19656231
16330791
20890137
17987756
18596020
21776834
21078001
19127163
18780855
17472515
17211732
21116142
18089961
16384803
15515856
17569191
15793982
18714747
15543896
17218868
20841445
22073745
16235392
19174269
21213962
21590628
21402307
17569442
20506928
15536794
19707164
18950369
16649725
21805890
17415619
17577082
21658151
16859565
21575224
19573630
19167554
15999958
15560596
16268750
18318974
21040004
15716810
15605132
21646564
19557400
17211702
17872907
18826783
15603664
20424256
17954864
16430334
15640361
16883975
17077415
18831440
17037708
18027524
19579843
21658337
15659720
16164590
16709883
19469434
19097516
19161016
19665617
15544893
20634397
21223414
20561387
19700041
19238355
16547067
15824726
20397546
15699089
21735952
18701526
21649699
17367440
19495779
20858372
19194329
21418095
16632217
21486724
16991049
21944342
19006792
18684367
20846004
16597578
15733702
20082898
21971093
17535945
16535903
16970647
18922403
16765863
21311275
16443085
19546722
17018170
19197779
20926407
17473956
17933152
16102767
16520677
21073503
19710615
16450631
20702860
19877977
18976341
16547787
21061873
19230110
20888787
16627240
21736236
21922121
17115956
18684529
17095439
18405469
16830251
21155468
17284379
17017753
19619376
21443066
20810177
17106344
19883453
20806579
15949068
20708255
17523576
18445730
21491343
18171955
18684788
20338426
21524329
17063096
16507503
19218308
17554835
17855728
18949641
17689250
15750551
21507105
20450025
15765823
21675150
16264037
21309430
21346388
20054794
17040159
21050204
20926167
21314574
20558789
20099220
16515373
20122033
17482418
17459820
16704351
20426308
18776749
15586152
20536486
19372337
15960406
21653910
18206281
17513011
15966919
19774354
21206292
17218558
19597825
21368551
21371646
15640630
15797359
20140833
17844984
19378630
17259469
20405680
17550091
20726842
19673992
20511243
19801016
19824096
16296991
19323836
17202904
19349260
19863769
15700897
18942567
18709694
20306771
21482347
16759961
16606425
15962062
19080760
16021802
21217609
18197542
18773798
21532758
17003763
17425147
17327741
17591112
16515856
17664511
19395105
18612035
18036123
17152024
17122679
17367303
20673620
19900257
21587184
19085201
21072007
18801867
17900057
21337982
20535893
20683234
19244475
18833625
20394460
20382366
19475826
15723152
15575137
19382866
16512270
19366017
19653153
16551318
20227811
19720683
18458961
20109006
17607906
19425287
17960388
15741357
21431103
18368376
19567754
21677420
16936529
19925743
16711291
20541884
15916380
17305036
18546066
18028838
18161384
20632189
16978923
16238853
20963630
16327040
20610983
16926561
16845682
20883594
16459140
16579251
15968215
16902289
17071207
19221080
15933681
15912080
16970657
16187666
20173267
21174860
19500346
20179660
20959765
16613127
21340210
15575815
20931101
15646750
16381348
19482401
18416911
17128756
20826840
19068052
19692163
15867495
17140420
19826026
16176116
21940547
19877290
21259067
16704285
17067405
20659202
17306878
17310422
19044192
15520058
18792734
21999067
20709554
15798925
20519729
16119518
15515991
16796234
21492277
18603033
19775467
15590035
19264748
17653077
15772484
17335738
21618756
17283821
15542003
15557358
18522372
18552084
21127449
17047236
18312194
19291184
17952627
17874873
21808960
16467285
17989126
15644685
19419352
20220643
20004396
17149020
19635159
21066933
20440621
15865624
16908229
16640630
16903307
21478774
21159898
19597372
20108789
17470280
16719930
16254006
15872121
20854355
18724793
19718838
19233061
15696111
17098002
17079552
19088517
20395648
17356350
15717902
21420889
17251726
20189784
19909074
19564770
20446387
21678368
19538801
18671301
16033703
20615612
17259566
17146204
19709315
16878218
20049378
20463086
19472693
15726622
16008133
18182636
19635277
17924559
15846710
20121338
19286334
15800094
19147647
17785736
20010420
16642588
21877570
17708186
21547754
16609081
15858623
16762052
18573168
19038738
18752095
20042225
17347512
17172785
21320889
16698508
16775795
18082105
20442341
16076327
17469164
21536502
16716868
19661099
19269375
21160293
16411037
19503703
21842015
20346894
21145522
18338445
16099200
20963271
21679419
20160547
15692139
16145642
19840086
20621897
17135856
20202506
18433879
18254457
17761570
20479642
18556804
17081306
20223789
21684391
19012724
17850563
17457776
17239072
16967393
17017842
17122430
15788043
18947084
21211228
16030507
19660205
21178335
19653614
21073845
21045579
15526568
17707080
18083464
17347505
18692813
16543512
19728503
18503534
18320988
19686401
16388973
16034031
21729918
21193946
15662165
17264112
15948047
20562603
17850526
20685190
17727772
21830643
19181140
17214274
17984805
19327315
20605087
19694849
19646191
18951825
19092532
21505224
19202753
17290640
15740630
15517169
20593693
18586130
18561824
20679321
19216993
19768640
19211100
21271872
16173835
21495194
21528170
20451816
17727542
16202778
15924007
16767019
17066971
19735585
17136920
19715893
19043123
17869587
17267723
20331888
17919875
16716875
19012786
19448044
20529078
17283217
21724787
16734648
20403904
19368756
16444399
19100944
21145150
18786017
22030650
17537189
16608371
16310323
19899278
16825242
18041361
18000485
20179250
16546015
15558075
18578440
18188104
18816703
16438667
15593059
17239726
19533437
19053969
17294319
15720608
18353495
16918739
21551221
18597409
17113406
18065188
16212666
18687841
18429700
21038178
21298382
16702820
21364379
21083683
20536278
16892512
18672347
18953206
20032766
17381482
21111388
17039499
19236646
21173510
16871053
18409256
16802425
16050852
17418924
19196486
17091058
17009572
16706710
17518878
18686836
21403051
15537856
20006316
15861197
15779250
15533992
18773321
17565880
17152332
21817993
21957820
21506058
20338814
20102812
17414079
18180989
20144398
18021164
19428093
15669435
19024591
16505877
15616915
18558170
19038753
20883883
21358312
16597053
21348217
17540574
20966121
17946759
19539413
16648725
18553064
19877105
17131277
19250523
21190928
17072507
16901700
16526150
17938935
18542008
15859376
15524055
17490762
17658008
19940416
20636582
20349778
18524338
21084890
17803576
15757050
20964014
21036534
17062818
17914661
16092629
18401644
18726814
17685909
21301689
19423033
19364777
17927114
21067375
18548420
20964266
19068898
18853846
20582802
20112445
15546945
17278924
20875179
20825895
17513278
18602791
19134486
19482542
21584945
21459270
16465053
21059150
18410659
15952435
17525963
16405709
16186637
20214516
17091913
15846672
16473730
15956826
20081732
21457601
17139816
19587253
17283959
18520315
16958943
19910196
17998715
20923897
17565147
21141295
18986740
21108960
16846830
21226684
21137699
21502256
19080877
17071936
18774428
18344890
17932653
15771153
17469354
16582517
18477124
15747703
20438384
16585497
19444413
16903632
18826463
20443352
18269541
20108501
16158337
22090330
17128675
15535537
17365449
21255542
15760808
21493407
19536389
15813397
20726268
16532787
19065054
16020073
20510699
21839899
19659963
19968691
19967207
21205735
16950516
19476229
20197457
17421107
16022610
19957105
17957917
18998806
20638218
20507679
20057235
18415920
16335558
16038528
18488802
17949400
18591571
15890224
18300277
20222397
21667813
18622980
17923835
19354150
15769969
21777396
18929340
19659717
20526121
19278889
16081757
19039740
16033498
19573958
20712210
16916400
18947122
20420999
20929461
19671641
20846562
16392268
15681907
16548947
18474877
19525769
16422737
19115710
18796491
18765706
20623338
17056916
17851297
17786088
17994508
19839947
19789447
17307621
22066336
19660624
19343870
18188140
17621617
20160554
18087882
20955603
17142247
17468728
16728288
21057143
17786036
17224695
17515311
16900284
18405351
21450679
15643770
21520690
16369411
16897569
15715757
16215353
17430711
21122753
15641401
17193941
19036675
16879418
18380316
17354232
15999092
21131669
16002963
18020847
20719233
18248406
20209830
16034297
16178340
21388015
21043559
16918864
16858002
18020064
20041384
16002947
19469607
18973710
16622459
17188937
18627215
20682667
18444395
20420352
20194561
16126566
16838663
19808192
19525085
21542189
21301699
21841115
18574366
19958418
20804886
20453190
20012246
15889803
20506878
18937231
18710785
17524864
20176351
17303385
18708533
16029976
21209142
15631929
17470220
20667350
20367805
15741716
16338916
21486116
17058755
20146000
17375766
19022072
18460266
22010498
15673119
18987511
21618552
16825229
16447784
19112345
20462742
21071504
19146553
21404807
16899363
20168196
20943615
20297746
19945204
15624409
15636653
16421464
19233689
17065659
19056014
21145197
18378726
16180780
15919693
20046134
21598148
19573775
17911667
15693726
21523751
20088340
18158437
17803415
20378728
20485725
15788914
20112144
19638603
20579138
21334026
15622149
20078007
16170416
15797159
16144146
19077819
21610578
19785885
20334010
20630889
21138129
16181574
20718235
17015810
18347357
19159506
19300217
20332687
19018920
15617635
21684416
15611491
18500280
21667548
16914938
18787440
18725845
16131931
16005633
19266368
16700692
17438635
15572014
15813628
15811107
15598066
19389014
17522193
19144895
17407993
19306021
17400674
16809400
17161318
19826096
19581624
17566476
17615420
21902971
18625616
18854470
15545242
20974021
17696982
15524127
15619402
15717896
17069235
17505246
15810749
18090167
21363906
19935179
15789291
17177958
16125029
17062536
18293243
18547413
16110129
17004190
16824170
16299427
18477721
21966769
18619717
19298976
19364996
18550777
19458091
16432391
17726711
16989330
18436289
19789389
15802411
20860289
17957586
20030843
15555717
18828315
20737795
16193603
16909729
16741850
15517642
18080336
21330804
16377191
20606653
15706156
21149556
17353843
16711074
21837858
19541141
20382446
20688265
21811160
19486790
20629933
18212585
16938096
17707710
16871101
16011504
19815899
18387880
19381051
16980730
19031208
17108506
20672653
21105305
19140174
17496680
18478683
19359085
19854611
17139206
19797471
16354866
16316896
17005817
19401499
16292723
18378147
16262902
19058076
20558463
17108547
16670575
20716657
15890289
15821204
16542166
15947809
17102341
17385657
17644700
21336024
21661613
18485946
16425109
15819648
21536953
17401771
16035725
17236480
16404863
19727847
20332744
19057484
15518257
18082005
20509500
21471081
17804944
19813048
20889637
16708576
18085429
16450521
16925344
17324093
21837876
18608413
21736468
15586302
18788835
18657806
19526684
21446291
20602585
21134297
15553057
16021729
19730982
20849670
18518961
15669932
19922930
19478578
22013818
20819235
17057418
21288124
16688667
20623554
20669805
21391360
20085025
19371848
21665340
17345974
20097397
17063648
17656741
16963366
17147799
18357933
20369445
16298283
17329301
15586154
21798499
19817529
19072191
19237475
20532530
15853073
19475910
16831512
21155756
16286056
16355934
17985963
15695147
15915068
21156893
15907668
18560062
20000304
21078002
18551334
18394515
15746496
18788123
18399750
19942108
18035097
15793025
20730061
17161807
20499790
17127306
19254276
16794548
17641967
19403202
21840840
18630370
17621971
20629461
17535359
18290920
19638741
21342509
16927579
16594433
15632795
16260138
18952262
19843621
18727336
20654839
16268411
18557069
20030772
20229715
16185526
16579288
16121655
16354124
19087770
19020144
18320455
21165374
19398823
20629279
21727758
16160192
16612442
20515903
19643437
18768554
20887402
17219528
19490004
18548141
16534400
18685390
21841282
17328990
16913612
16719017
19720706
18332355
17958989
21612503
19171059
19149053
17006813
19958064
17266386
20338940
15732620
16460760
17679605
17268940
19619374
15971383
17478309
19927860
20838362
15843121
16753084
21052731
18669468
19207049
19297446
16495708
16872504
18337534
18989556
20101940
19023955
20739012
16135861
16512054
20183357
16822995
21492337
18775827
18181670
20411613
15912353
15937755
21162155
19405301
18835701
16768736
20029970
16860987
18090698
18275590
21114716
16739183
18334246
18987086
16870639
15690831
17080905
19388898
21324024
17568246
16141775
21075729
16168038
17192326
18317029
18560145
16180481
16398208
19826332
19318986
17360793
16181570
16698340
17640382
16823010
20533696
20067668
15997964
17950116
20046656
19966728
19771528
21087463
16756766
16439285
16764199
18351193
16443392
17313908
17414731
15603214
17523031
17412031
20590889
16885551
18828703
18162970
20674108
21785179
20393104
21173716
20825667
21244256
17507734
17144222
18375626
19564077
16766785
19104206
21540011
17238492
20667173
17004430
16224411
16174933
16220649
17551421
17066354
20157933
18647198
20005027
16732342
19125891
20064142
17078346
18779186
21725777
18653426
15590242
21989747
20803167
17253146
18828169
20141794
21062136
21220657
16078408
17556401
16085466
16394818
18421925
18237315
21563896
15775746
16161382
17766796
16196501
16308129
19413164
17158381
18704869
19500750
16096148
18322028
21239783
17903572
16150131
17998835
18538458
17844824
17280918
16808769
17003703
19617278
19882416
18365855
17587085
15931043
18809312
15700635
16708629
16115252
15615569
17561014
19595550
18377550
21599990
19300281
20838705
18187408
17257782
17497309
18075432
18525311
19637534
16834581
20533578
17125095
20685686
16945784
18588650
16161297
18457633
21702206
18626030
21383386
18095816
17162544
17661149
16544559
17024614
17563598
19125119
17851308
17680755
18764787
21235609
21955907
20675981
17604262
16302860
21422954
16136927
17664534
20579022
16784523
16261786
16865561
16594878
18200948
19327772
16802484
19648849
16295986
18045480
19154492
21285654
17185650
19000404
18715245
16335067
18180181
15819975
19272762
18753685
18034333
17616454
19558666
20232049
20665353
19118972
19728524
18577170
18421809
18837896
20077984
19362753
20618187
18592618
20432774
17060250
20706180
17024615
17472511
20870419
18797102
19232483
20492062
17518164
16287886
16829828
21724134
20163762
16602658
17575439
20090656
21314920
21149288
17317434
18385264
15877560
18753714
21599845
17418133
18202721
16779349
16310679
16227942
15737287
15754538
21841589
17133141
19028135
16620172
15925287
18834019
18501047
18217541
16569981
21742733
18727992
19152777
18982930
17953919
19643353
15764350
19910864
16213235
21440811
19420152
16594413
15903277
19358797
16499239
15623120
15643921
21066978
17368975
19591106
21519723
17310337
19702674
18700102
18573425
18343977
19679422
18761196
21910375
16362718
19120718
18300325
16636025
19809014
21140752
20684760
20177024
17482792
21824224
17570875
18407002
18502421
19588658
18165374
18242337
19795164
18700390
20595307
16923927
19225272
16688971
15671326
19084757
18194791
18075455
21359690
18405397
16518951
17490764
20384975
17928964
15720709
19182216
17022877
17041786
16050861
18380526
20569255
16369156
22135843
21143359
16903589
15652439
18327371
16096156
19820287
16819563
18018571
15539718
21893736
19907389
21796682
20630924
19711655
15668597
15914746
19637357
21095320
21298947
17253070
18764853
21558134
16136201
17564539
19327962
17040607
15534158
17854726
20949328
19843415
18019518
16225322
21768819
19380366
20581648
21128818
17298255
21239014
20352571
18313675
21469291
18603221
18196711
19462336
15891316
21067891
21659317
21457901
16945198
19173143
15833468
16626924
17308454
19552293
17577075
19605604
16425679
19581196
16704384
21863606
16479362
16162038
19669802
17762386
19773503
20197792
15762907
15853779
19194118
21436708
17678607
20860573
16543743
16604008
19719463
16174895
15973518
17414595
20231494
17804348
15869551
16983965
16531781
16862019
17724422
20587758
20572539
18557433
15798043
19389825
19204130
19320403
18232582
20952558
16361906
16501142
18420526
20586946
20559406
16334975
17130381
16180554
16273797
15567874
15544580
18336519
20432115
17427878
20870475
15976046
17590320
18325139
15798871
20059311
19339450
19955390
21663463
18774663
18956998
16457031
21105763
17168043
20670270
19507555
19382433
17187330
18471339
18396610
16794782
17375685
19707139
17180845
16624451
21869658
15730598
16956851
16438774
18710377
15629558
18062571
18596481
17519992
21503596
18705181
19226858
18544976
16696818
15587546
16781108
17310308
17667030
18549063
21268517
17517445
17824549
16798702
19739878
17219508
20119630
20183371
17091438
18729730
20192713
16932138
18768005
16644313
19455861
20888737
18417961
17224939
15889886
16434919
17664055
16789983
15718575
19422112
17233147
20061069
17674610
21458695
20635554
17577296
20546292
21577059
19300002
20478753
18980036
19969388
19843130
18550089
15810760
21485928
20467306
20831465
19525743
21447221
15952491
16566616
16020051
18093085
20586908
19813040
20586623
21364073
15950831
19501426
17073073
17718309
19085796
18036012
18650645
21337243
18701971
16529341
18286990
16023433
17016938
17678456
15588030
20579582
19180530
20125211
15976500
15707107
15791783
19255297
20929944
17332456
16949271
20007493
18344453
21839904
17852006
19566638
21387689
18981190
19202963
19930680
16525005
15559103
19917443
18653392
16392103
20938894
18477178
17099465
19247874
16687196
21494781
21191577
19852699
19951223
21788005
17175948
17530677
21521954
16997633
15628651
15559624
16328394
18176228
19426295
20024709
20716152
19795365
19365396
16614688
21163501
20816337
18774362
20882733
16879383
22203544
20795960
18650236
18241775
20307367
15915059
17708742
20142743
19117976
20802274
20090658
16043003
18640407
17394733
18540935
19772000
15625045
18394030
19527558
18546568
16181185
20539807
17785644
15644652
16333538
19634576
16430855
16967735
16045659
19366791
15999966
20122026
15777478
21524315
15813763
18630360
18403403
16395637
16440106
16823638
22068179
16895249
18042103
16512032
17489928
15603333
17725114
20123767
19836605
22078678
19064141
21725233
20178429
20642034
20336355
15726873
21479566
17849678
18519622
16731139
15791785
19850598
16449087
20602848
16239050
20303228
17711587
19626959
21446195
18844274
21186465
18181357
17205000
16600012
17138719
16955579
21464103
16299431
17686713
15992332
19952043
20306839
18664739
16213787
16756187
16978415
18849816
20938632
19469005
17019450
20435787
15759219
16921334
17909433
18690333
16138821
21171905
20458647
19806416
19131419
15849485
20354919
21384650
18694242
18503650
17917822
18986288
18160893
17139019
20963673
18411892
21501729
17577148
17042818
15815802
19615623
18777603
16431328
21765035
20362381
19555541
19564267
20555354
18811781
21419255
17036884
18577761
18567926
21857326
16416763
16186466
17354135
16627244
15654901
16928246
20447006
16739441
17694224
20579161
18477272
16533676
17870011
19132344
18384589
17171723
19339431
21209146
15815960
21504959
20236861
17984297
17953292
16781555
19330972
15859179
17135067
16114809
16338918
21403487
17636151
18951399
16966670
16504909
19646190
15691442
18157447
16998406
15897166
16337320
21073777
15831548
19485856
17005464
20864347
16382647
15908676
18072525
19469048
17157094
20526901
19282245
20081639
20441398
15569894
20540391
19270470
18272612
21062464
15917054
18617599
20663801
20629334
16997425
16290975
20955122
19915454
19265046
17448622
16850929
16625891
20557397
19712124
18957464
17708500
19914483
20469612
16162404
18664301
21521624
15581151
19240192
19524172
17319372
19708058
18426466
20654824
19592414
15793986
20406531
15764960
21439184
19396575
21080146
15533366
18214209
18528821
19049481
17598141
21699033
16945865
20561840
18236848
18670780
16635774
20712206
18240989
16988303
16951780
15816320
17387304
18403204
19161815
21196807
17430768
20368658
17570877
18612031
19565108
18234365
18649644
16488823
17455181
21189736
20846450
20174944
15521308
16261850
19095330
16483099
16870534
16001877
18332276
19256298
17718725
17717882
20591005
17313614
17562720
17218707
19919731
15887356
18553244
19964427
18807396
16395066
19723279
15669220
20402165
20146820
18619794
20827259
15769975
20153550
21462094
16441817
19895690
16488296
15749321
19412569
21378607
20923843
18580221
20305444
16174561
17034679
16594192
16863896
18372817
20662292
18598253
18681105
20875182
17352772
17240561
19618253
18788662
19836205
17321850
21079484
15536023
16787911
16926310
19070934
17601183
19302892
16850152
17923470
19592838
19753420
19326315
17224350
16729477
16690981
20466693
17703386
16035471
16599032
17522986
15845822
20114095
20572627
16696601
20679618
16134630
15602309
19957822
20186982
21353132
19736656
16355045
16923040
17007330
21595813
16271129
18568263
17207014
17257805
20624751
15736600
15682957
19661081
18049155
21440219
18064982
16400271
16911267
15813439
21478683
19051992
18494430
19232217
16822641
18925919
16635120
19425876
17878768
21504240
19952624
20158549
15896625
19383048
17198228
17655531
21099645
17918080
18089870
19351529
17635952
18460954
19114605
21074816
15686073
16427833
17981374
18275539
20159530
21112453
18557553
19019233
18450665
15657688
17998410
19273410
21323844
16966913
17533547
20597630
20044690
19261362
18293731
19745343
16931415
17984647
17438472
15823892
19750566
19365937
17277650
20070633
20644475
19254201
21144018
17394683
16389007
18275359
15778131
16711185
16266422
17509383
16192176
19591115
16614455
19116737
21283008
19504806
18055687
15640652
20025162
16061139
18019309
18051971
20889509
19344605
20353663
19700583
17962126
21599737
17978371
21660534
20634622
18301112
16285199
18998190
17886426
20331392
19573773
20599337
19566639
18032685
19396641
20133291
21135620
20709601
19919257
18990020
20509306
18251337
21676675
17164639
15596703
16446515
17518890
19445342
16334509
19923969
16183574
18314047
21425361
16610297
16332602
20499629
21938970
16499171
20379946
15754564
19326334
20720510
21345818
17039988
17410724
16749587
16867885
19364999
17511360
20083953
18258697
19886088
17284952
18467294
19875227
19643790
17443245
18999028
20978249
19632594
20842336
19284169
18330403
17847597
18595303
19746251
17591341
17537457
17584428
20367734
21928599
19108529
18613355
21510126
16226481
16121873
16153564
19822289
17536419
20443420
15579609
15801049
17011217
20092700
20722812
17686712
18003593
18552683
15567678
18190558
19433998
17288652
17890348
19243526
16318109
20200655
16879091
21457180
18041421
21393616
19386437
18363064
17179871
18422266
17596762
21475089
20859114
16259344
19751517
19566517
18498574
19076661
18757103
19943928
19468965
18088201
16968312
19577033
17563967
17119662
16863695
16103805
19131757
21072230
16830008
15819535
20000266
20940699
20541284
18805619
18235160
20048268
15691240
19694842
16965468
15764640
16961553
21343433
19248439
18186824
15890286
19856075
16275213
18438533
20513695
17394651
19948566
20813491
21411825
16890708
16445483
19368285
20394518
19202851
18284805
15853292
16061930
15690252
17966819
15861752
21302649
17998378
19329089
19175680
17976298
16124847
15565499
16700241
18588787
19861695
16344214
21651658
19485882
15738923
17331094
19892293
17079764
21542811
19673622
19385362
20334016
17131635
15849518
20207191
17650574
19054983
20688777
15517746
18774001
19006630
20938273
17195149
18275692
20085180
19559512
20706700
21605427
19136329
17371889
18806520
19350695
18031431
21722164
17941408
21480679
16438097
17432772
18669348
16963668
18038517
15946831
20846193
18025487
15777874
16003482
21532081
18535893
16827928
17378464
21059173
16553911
20636152
17854736
21143363
16964556
17262839
16320470
16002034
18638672
20880153
20663934
18765325
17014447
18580506
19229401
18176125
20926743
19439708
19004365
20449970
18946979
18399057
15537122
19279488
16224646
20387296
16717084
16522492
17486478
16549294
19752418
19500886
17552345
15865114
15881934
21278322
17699347
21991872
16344410
18178411
17070032
20646387
18525158
17562524
16698335
17412115
18186907
16104485
19390422
18655672
16214514
18080929
16457055
15915070
16808742
19947049
20890138
18295924
21678746
18838489
21298951
17971627
18359431
18072978
19204231
20045990
15797155
18076885
20840709
15612399
15911932
15692082
17122656
20689933
17681256
16980515
15997347
20110605
20605530
16167717
20147836
17715168
18259995
20230177
17455037
17901093
17201042
19377618
19406528
19619377
20720084
15801998
18440681
20636510
16552219
21244255
17515318
20183899
18350859
15803895
17991908
20948472
16489518
21332774
20598984
16641650
21067855
17332956
20202269
15852239
15683143
19945603
19890254
15610991
18703444
16340692
20140355
20524976
16528139
21464061
19323714
17546364
21449225
18510663
21689425
19729964
15906896
16603331
17639837
19018218
15838419
18073618
15841423
19589668
20850709
21375574
17568280
20108049
18608613
15860078
15685408
15622611
21060121
19694327
19670653
17189747
18634745
17425278
18972089
19240948
15789311
16524967
20438010
17394668
21385313
17383590
16061158
16597495
15971339
19442539
17129200
18265820
17437826
16313374
21841286
17633908
15572501
21637274
20590507
16253105
19911252
20558122
16450665
21673285
19953863
15592955
16793855
18522522
17624645
18434872
18827762
21659483
18515437
21413594
19390902
19327336
17514730
17371423
17138955
17608339
18066353
17572276
16166409
21053708
17160215
17924286
19689480
16340472
17592217
18205683
21334541
19282824
19001352
16951011
16505392
17323334
17976436
16813543
15952478
20008585
17205853
20798621
17491169
21139465
16199843
17400033
21938965
20955135
18274594
16889326
16200511
21610577
15738843
20178432
16386255
18580428
15868443
21041160
19592081
18947435
15887359
21638217
20881559
18065029
15626522
19841416
19269405
19448466
20560832
18360840
16690144
19472551
19175587
15644679
19571514
18158526
17289828
16515673
19342036
18833725
16911174
17712891
17020719
17464789
18695611
18344812
15924037
20104634
15961914
19753930
20406549
18042214
16226861
20802340
20461785
19545096
21439109
15529709
20660873
21938971
15572996
17092860
20105589
21418461
17979619
16789405
20234199
18664961
17907755
18350510
16110227
20221646
21435417
17107567
15867778
17068804
20471731
21682626
17459812
19919172
17916588
20860249
15694977
17242391
16904432
17721144
20043817
17044586
19816667
18825852
21346587
17885633
20431450
21272278
21138561
21137455
16236662
19520228
19046244
18417021
20156857
18686413
21707838
19754009
19464089
16459526
16635646
20103067
20633747
17515018
20487406
18299116
19092468
21626351
19196860
19943991
19592825
15525860
16140457
21415766
19881392
16480351
22096814
19443525
20803401
19216983
17936550
21675152
17386392
21605371
21701346
19048697
18448710
16506704
20421049
15681882
16900722
20211953
18640446
16769550
17059981
15626189
16950996
15970780
18435018
20684398
18181072
18414128
19995134
20712664
21514641
18416780
20442362
19452487
19193548
20829237
18449346
19667684
16343906
17197793
16897026
19711266
19264941
18254830
16640210
17108594
16116384
16566345
19405421
20419988
17617186
15707259
21587063
15940892
21158652
19663712
20088161
17381377
18354757
20418163
21176232
19444088
19123735
19770174
19592813
15576694
19196462
20652210
19833673
21414701
15792918
21879664
18446745
18258650
20602594
18341180
19417044
18974174
21623646
16584673
18066618
19530026
20203459
17953293
18952746
17601343
21186954
18754523
19623798
18666661
20302649
19675320
21520678
16313292
18450615
18947121
16139162
16002850
19415965
19642759
18853903
17477232
21644434
19023890
21382072
15837666
20167834
18611253
19382363
21122620
19258555
15973903
20536762
20105287
18481483
19926644
17249281
21393392
17278934
21108175
17917411
21265631
15792746
19289346
17897265
20684035
19670963
16938787
18001185
21429250
18003422
17308629
21518312
17963972
21469986
17464569
18032997
20010373
20695949
20204383
21375117
17633838
16529288
17095426
21817968
19846383
19996586
18771525
19443292
16931922
20440564
15807759
19203342
20712421
15999538
19651926
21173614
15892852
21614728
18839886
16441526
16466326
20809951
17463337
17194909
16923041
16022139
18234035
19940588
18573120
18322412
18578222
19618705
17086781
16875475
15866394
15583903
20414559
16088432
16919162
18327398
18828167
17727404
17198055
17597675
16690560
18226315
18832287
21471876
18444866
16759936
16450619
19394523
21323461
16291294
18705724
15577498
16737741
17524799
15661463
19781901
18090138
16047512
20967480
16048531
16426952
19271362
16842475
19832891
20689358
15779699
21294002
19577752
16965422
19930079
21649768
16719039
17891470
16162413
17077787
17217611
18690994
19176708
20372890
15560706
19029313
15802413
15625658
16583651
15889804
19433848
20516766
17380387
16121596
15606832
18788226
19587027
18435310
21809909
20946396
17724863
18320629
21693356
19361312
16645516
19828906
17888990
17027627
16900915
20499748
16330518
21612518
16514937
16869525
20138379
17892586
17332215
17443630
15681311
17696675
16109195
18372074
17343953
19068687
20861599
20715648
20484948
21307391
22147374
18082108
15564996
19449606
19187167
19905880
19181500
15728071
21462756
17495375
17103344
17665623
16943731
18923333
17069104
20217481
18279125
20942615
19460091
15577825
16567242
20687035
18453895
19728767
20848259
15678928
16563919
17519024
20423392
17899388
16501133
19282060
20306010
16464798
15896695
15714933
16394787
16522226
18847430
17375226
19664877
16625131
21406315
16055815
21393292
17989265
19174700
18495713
19960128
20152512
17685146
16533418
16490096
19007709
18608606
20881153
19902898
19467755
20642211
20087554
20066486
16202839
16956071
17443556
15912377
20065195
19160924
16190011
21745141
22029121
17992483
15919572
16255359
16936519
18292592
20496429
16250279
20117687
16466493
19892890
18372887
19202531
21507529
21634217
19006956
16970536
21667671
20827132
20457682
21486352
16224238
21658628
18403816
19318460
20946212
16933637
18502375
18538094
18193593
17974292
18442579
16086714
17331807
18547349
18637176
17244514
15672336
19250451
20371485
21464758
16359084
18245212
21178547
20500305
18379288
20065275
20459674
20584701
15572395
18072461
19091084
18021557
21294700
20382901
20698730
15527232
20976838
16672005
15679494
15829458
16035423
16770034
17875270
20370644
16153206
21429989
15777141
20107414
18397686
15533098
20037500
16331362
20922540
20659196
20177045
18822558
16627793
20384527
19618578
16813512
20157139
18161640
17319806
19874304
17575652
21239947
15668373
20824612
18316237
19150094
17941519
20427002
17956529
20631585
17473397
19968770
21526374
16602366
19368568
19246845
17901596
19504558
18520258
18183697
16028852
20431439
19672696
17286217
18820517
16310666
18080485
17825136
18462285
17396717
20024733
15808129
17551596
19264195
19617356
18361394
17657670
20077804
20802434
18495548
20357705
21748989
16501127
19225605
16402739
16553690
16040412
20673358
16957873
19850549
18959283
21226385
16174815
15577710
16006844
15941843
15774368
17579615
19422687
16977441
21385448
18438200
21266285
20357661
20403556
21131175
15683961
20736156
15789509
17430746
18219209
21111678
17462084
18041324
20401873
16835672
18429449
18644822
20419952
20679981
19112929
19408882
15796285
15957720
18257828
16422483
17485266
21919292
20563398
21786855
16112979
15615215
19117717
17002010
17436785
20457326
19543407
17612846
16402952
16543513
17453872
21211076
15704596
19472678
16470251
20236522
19797559
18423716
19120379
21126816
16276205
19126255
16487421
20486818
19944558
18187916
21784286
18819212
16484903
19327210
19945101
15833008
18283559
21711071
16340693
15729991
18502155
17324194
20929435
20218471
20976815
20507926
19182274
18719760
17110813
17925109
19804994
17766616
20546976
18837986
18390019
16033495
16700350
20170303
17553019
21568969
15690591
18801865
17853842
18159718
16178347
21305918
17714620
15526053
20390509
19529915
20063215
17718729
17026438
19445685
17019898
16128646
16139638
15853873
16719846
19318833
17449252
16242295
17553402
19761023
19301486
18294032
18445176
19463083
17539455
16996514
18414953
17041293
17027628
15526186
19921996
15612181
16394682
19897193
21382515
15555479
17455570
17411671
21320157
18520798
21029377
18946074
16635705
19778705
18353493
15667389
16707070
18387229
16010186
20377024
20695144
20629945
19134493
15657689
19539814
16119655
18404061
15537462
17241252
20942726
19227631
19391234
17535600
19433953
17336480
15661258
17855818
19761912
17955683
19375525
18345369
16679331
21265918
18393329
20701237
20662272
21615457
17103033
17957882
16216379
18702408
15720988
18714719
15605916
20828333
21332838
15713182
17076859
21903014
16137269
18488775
19466754
21507489
16247807
17486679
17891047
15851622
19614826
16323488
18953199
17927764
18322741
15617401
17061594
19543092
17085615
19813430
21150385
19285283
19672610
22049637
16316439
16644400
21185221
19184498
20824070
21367682
16911058
18663348
21215489
15947903
16989295
15687897
15635517
18634356
16620354
21337054
20167833
19715097
17901519
21306858
20006458
20837607
17256708
21116090
17991928
15998164
15962074
17638030
15574111
21750594
16282235
20413409
15853085
16649321
20921487
21591329
20302210
16169794
16869086
16688101
16197495
18513469
18097138
16831514
20235896
20224459
17591402
19413614
18842127
16972449
17364579
17697676
18455949
17276649
20441108
19197571
17259029
20557005
15632812
16455323
19479670
18487766
18271332
17851016
15683053
16250390
20218895
17521258
19969315
21614879
17986680
17176366
19699134
15726615
16255103
20091227
21266281
17430312
19237924
18041317
17329659
15575566
16844126
21140624
19087915
21574247
21278690
21123235
20525097
17238363
16043345
21608518
16978554
17931495
15675780
18540798
15886732
16053527
18623381
20351555
19764360
20023274
19117219
15653251
20684403
17047227
19807959
19085974
20219077
18788364
15629990
17264863
21449182
21944692
15946171
17205470
18376524
21266085
20435654
19591682
15818034
21359504
19808471
16476748
17685830
20363444
19621441
16730290
17289533
19839782
19014409
16902338
16608474
18036764
21784764
21079908
16244821
20099654
16492214
16515692
