16719548
16708456
16749640
16740205
16730989
16728354
16728302
16786362
16784523
16779036
16773549
16773482
16765873
16764391
16763271
16761472
16761471
16835668
16835390
16832265
16830509
16829831
16829828
16826058
16818116
16816669
16815117
16802008
16801998
16801690
16801638
16800393
16800325
16797268
16792759
16791534
16790223
16681346
16893307
16882282
16879741
16879506
16878852
16877743
16877742
16872796
16867239
16865635
16864026
16861372
16849780
16962464
16960661
16960320
16957799
16957798
16954124
16952024
16949348
16949271
16934140
16927435
16923183
16920652
16916061
16915111
16913335
16911736
16902078
17053572
17053571
17044586
17042714
17030281
17027302
17020496
17019543
17019542
17015554
17014050
17013066
17008271
17007160
16996320
16991144
16983270
16983106
16983104
16979096
16979088
16967379
16963726
16962465
16629356
17137454
17137449
17102438
17096652
17085610
17075823
17072794
17071183
17062527
17061753
17060222
17060217
17058247
16616963
16615744
17242456
17235473
17218166
17217628
17214654
17214243
17207314
17206551
17199087
17198038
17197966
17197793
19283635
17190587
17187718
17177958
17169127
17167364
17164685
17164019
17164018
17161757
17152456
17148529
16083022
16082277
16052902
16027988
16023413
16019691
16011137
16010772
16009743
16005341
15997953
15996233
15994721
15991590
15991588
15983271
15971875
15948464
15948434
15944089
15924016
15917970
15891476
15857359
15851622
15837453
15819748
15807910
15797854
15794301
15761346
15753768
15751565
15732211
15727986
15714732
15700367
15699874
15698872
15695493
15686073
15684853
15662180
15656463
15651955
15640652
15635547
15630930
15617462
15615215
15595488
15587000
15585179
15575566
15567634
15557421
15542812
15540835
15536388
15517171
20302172
20212293
19487619
19474623
19397071
19366014
19339449
19149314
19149313
19043123
19021600
19000600
19000351
18999285
18997054
18989249
18981966
18980896
18975287
18973994
18945268
18942566
18853541
20077997
18810772
18808432
18804999
18786014
18777217
18773583
18713128
18756166
18718924
18713194
18709830
18708533
18707648
18694114
18693844
18693178
18689583
18687231
18685318
18674527
18669704
18649592
18617920
18457748
18453906
18434868
18402738
18381881
18374068
18373147
18326458
17498608
17494729
17491169
17489644
17488988
17483100
17482419
17473542
17472113
17468910
17467351
17456202
17446244
17443634
17443213
17440314
17433791
17428295
17418963
17417769
17415031
17400316
17393922
17361930
17356444
17342564
17337588
17333312
17333040
17309812
17297753
17289533
17263632
21352107
16635705
16633259
16617638
16613417
16613401
16607262
16605152
16594458
16563321
16555319
16544648
16537280
16533798
16524058
16524044
16514924
16508486
16493293
16469223
16449246
16425812
16396713
16387912
16339290
16334975
16331790
16327355
16291314
16287913
16258457
16254480
16244052
16239827
16238503
16235582
16225271
16225270
16192620
16192189
16186454
16160583
16155776
16139164
16127300
16115601
16106335
16105850
16092565
16035423
15954504
15945229
15936603
15934264
15889813
15886552
15869231
15830578
15818264
15778236
21739651
21672994
21449182
21209371
21189756
20800719
20712459
20653309
20545223
20450843
20428943
21696032
20009952
19736631
19631411
19604741
19591640
19577123
19571322
19565040
19556910
19535946
19549623
19540712
19537156
19525743
19521022
19520906
19499438
19490598
19474372
19473813
19465372
19463350
19451579
19426513
19422338
19411013
19356497
19296748
19275019
19250092
19246177
19241786
19240982
19225323
19173701
19131527
19129518
19093340
19090070
18086764
18083373
18082836
18082416
18081373
18079228
18078556
18075142
18074936
18073707
18070703
18070700
18070698
18063351
18061797
18061796
18058117
18055170
18049170
18044781
18042946
18042945
18030568
18030197
18030104
18024345
18022065
17999043
17998408
17996089
17986338
17978946
17978773
17978148
17975368
17975253
17973706
17970505
17969090
17968212
17968211
17966773
17955692
17954303
17950504
17947731
17942000
17937656
17936640
17920305
17918260
17915123
17905084
17720359
17917526
17901462
17901176
17894308
17889102
17884600
17884592
17883985
17875219
17873570
17872907
17870011
17851299
17851297
17848865
17845567
17828007
17825095
17822750
17767460
17767450
17766273
17722671
17717212
17717211
17717210
17714579
17711380
17705765
17696629
17693437
17685830
17680842
17671782
17666974
17662665
17662156
17651503
17651250
17650285
17633056
17630076
17629751
17627408
17625081
17625078
17622882
17608339
17606194
17606178
17606170
17601835
19175248
19175244
17600659
17600103
17598626
17597239
17589336
17586056
17585393
17584974
17578716
17574166
17570877
17564298
17556900
17556896
17547875
17543696
17542470
17541093
17540553
17537091
17533926
17533925
17522577
17515777
17514708
17502439
17500078
16441002
16353320
16344546
16308402
21718082
21717695
21714418
21707939
21701340
21679066
21658215
20966849
20964491
20943615
20926743
20929104
20922921
20920371
20882802
20879497
20851639
20850806
20831737
20827240
20827237
20815854
20815752
20804888
20795588
20737252
20733129
20718252
20709601
20705165
20694876
20683659
20667511
20664096
20664088
20653702
20650441
20643026
20636226
20590816
20601159
20592056
20592009
20585219
20581597
20570086
20569149
20567052
20496499
20485004
20479713
20464838
20437114
20434642
20423912
20419525
20418007
20405326
20393875
20387296
20379295
20375969
20363671
20360209
20354927
20354926
20354924
20354923
20354133
20333431
20228332
20218755
20218471
20218152
20218136
20187538
20172393
20170460
20166651
20152512
20141968
20128525
20126968
20123824
19152024
19146549
19136316
19127235
19124802
19117717
19116545
19093934
19091200
19083561
19075086
19061201
19037980
19031302
19018926
19016943
19011173
19008870
19008269
19005119
18806198
18997149
18990046
18980104
18954435
18926147
18849894
18847578
18845477
18843830
18832107
18824999
18824135
18808614
18804317
18802158
18794703
18781251
18774225
18714713
18711152
18708279
18691845
18684857
18662204
18625752
18625616
18619811
18619799
18619798
18612531
18606581
18606290
18595569
18594235
18590396
18587363
18579319
18574369
18567130
18548957
18536133
18506920
18505574
18497510
18495705
18495703
18494406
18491685
18489892
18482294
18467301
18464044
18457800
18457756
18453356
18453350
18445838
18439163
18436080
18430337
18430334
18428192
18426003
18420856
18420164
18417233
18412682
18412079
18394900
18391108
18390022
18387803
18385390
18384682
18383083
18378566
18376652
18374638
18373876
18373768
18373746
18373143
18365778
18362365
18362363
18362066
18361925
18356003
18355699
18349733
18344829
18342487
18337263
18332383
18328683
18327396
18322044
18316627
18314889
18306248
18302015
18291720
18285600
18279011
18259208
18256116
18245012
18243726
18243642
18236889
18236723
18235146
18226761
18226676
18217905
18217617
18217616
18217615
18217614
18214436
18201406
18199301
18198364
18192469
18192077
18191297
18188749
18187407
18179935
18176083
18174094
18174092
18166096
19343870
19251167
18158518
16835667
16275969
16269502
21816264
21768431
21756522
21565821
21576604
21576012
21560480
21529729
21525436
21511084
21511083
21489721
21470978
21460764
21444845
21439109
21420749
21404157
21382867
21366176
21317556
21276075
21272278
21251722
21246451
21226810
21207823
21197830
21195839
21186465
21178787
21173436
21172921
21160296
21156752
21137532
21072012
21054632
21053384
21045225
21042243
21042242
21035034
21033236
20616295
20615612
20613660
20610490
20601162
20599337
20594260
20579332
20576829
20538961
20538823
20534276
20525554
20522291
20510290
20491723
20488653
20469620
20462742
20439335
20439201
20434618
20429978
20398303
20398158
20386308
20380596
20354928
20354925
20351324
20345863
20233979
20230913
20212288
20199943
20196713
20191922
20187349
20178571
20171746
20169392
20159457
20151250
20143459
20140634
20138491
20132370
20123672
20123428
20114101
20105588
20102382
20099252
20092087
20090570
20089573
20085641
20083972
20081732
20078006
20077981
20077978
20077972
20075691
20074710
20073146
20064056
20060613
20054214
20049653
20044669
20042225
21756619
21756616
20039934
20033732
20031694
20023491
20010377
20009824
20006794
20003350
20002938
20002285
20000162
19999259
19995508
19965801
19948517
19933919
19933720
19884410
19922036
19914506
19912132
19909009
19904041
19897942
19896185
19896184
19885979
19883343
19880062
19879473
19875227
19866508
19865007
19863809
19860906
19851217
19856149
19853740
19165122
20851294
18838730
21776307
19186674
17268335
15566162
18302651
21490536
18370563
17447344
20946037
21925408
16846695
15840077
18710895
17914295
21324859
16102768
18442552
15630681
20216168
16481843
17332570
15743441
15816320
18269539
16756536
16145642
17357794
20404625
18622885
20531264
20701230
16594190
18757351
17431061
20875540
20491383
17886195
17436460
18538195
21396509
19490772
19238059
19300076
19324927
15519919
17083278
20947856
16198838
16189328
20177038
18453895
15849734
20966782
21440811
20158551
20141024
20191516
20589609
15690941
21198332
17626256
16550986
20236860
16301934
19037137
21807826
20713746
18480675
21143359
18315681
17959642
20833285
20855168
20158617
18437472
18032317
18048882
20937185
16216471
17175566
16111948
17676216
17040575
16670376
18604425
17803414
16627411
18675187
17959478
15710642
19745478
17095499
16524352
17327910
21052725
20363445
18787331
16097619
18021518
21348930
19457266
17642349
21263279
16570749
17444572
20206787
15588356
15626184
19204854
15584342
19266973
17486009
18560062
15606832
18829424
21429989
17355406
19250523
17576633
18507328
20843961
17441372
20491591
21111952
20654899
18583449
20610133
21126291
17259029
21277126
17076859
17168042
19387911
17356786
20693238
19366395
15558973
21042930
18978242
17710043
19319576
19645200
17371742
20393431
18650054
19271694
17899453
17240496
19091725
16871980
19534181
16149978
16299190
17070341
20974025
17384356
15788082
17133187
16620315
15630863
18021781
18578811
18466617
21467002
16382795
15895765
20671209
19182265
16128641
19625831
20306615
17956915
21488764
16878532
19258560
19941195
15644644
15593323
19394791
17611110
18801512
18412311
19643244
17495375
18708889
15656151
18813003
16491921
19292655
20351333
21901568
17070437
16155356
17877562
16923037
15926758
17466754
16645854
17595440
17563598
16831787
16898050
21519043
18227830
18377579
16132885
15662171
16569981
19664525
19709795
17324182
15692135
19614555
19055998
15851384
21942149
17440306
17919216
19197777
15754187
16101858
21254711
18445850
21884846
16027505
17634894
17564864
15667384
19032015
18942628
17207004
18269542
16675751
17695002
15764468
19619068
19860968
21407013
18302595
16719132
16322414
16192507
16929473
20851087
21630628
19190417
20833985
17613605
16389010
17059971
21402370
15759772
20488576
17725128
19155195
17363855
21156893
18785459
18617379
20031825
16434231
21782996
17274424
15644694
17641078
21069118
15960461
20965794
16900287
20173270
19584763
17383115
19962622
20043709
18772208
18814778
19306562
17079960
15855951
16950996
19699134
17524866
20040607
15882366
20426309
16308175
16714992
21191819
18564422
20650593
17043950
19461329
19142279
15515975
21554068
19433704
17614177
20193935
18072473
18460083
17381876
18188161
17083559
16507284
18678720
19330348
19952624
15881034
17035574
20046112
17187543
18415031
20435665
17499955
17884490
18564969
18790594
15920317
17575757
16047500
17309528
19014228
17624678
20101545
18829184
21624394
17935855
18533313
19899289
20516765
19660617
18199862
21225172
20219315
18608824
21316908
21471876
17000478
15735597
20336355
19535558
20303575
19131469
18197542
17935651
20128543
20427298
19338188
19359079
15938407
19005959
19718542
17115284
16501127
19106282
19941730
17464135
19234100
19539813
17944154
17620236
18953195
16218548
17404704
19646192
19067893
16320983
20469959
18507193
16421612
15920357
15659007
19567494
21879664
18446699
16826336
21570527
16336373
20139217
19015294
17320552
19261362
21725416
19995134
20848376
18676528
17708186
19420036
21288311
21088524
21208474
19655676
19488789
16245917
18998874
17623953
21139046
21040025
20687092
18450873
20195785
19094408
17300919
18021402
16902338
19483522
19406045
20807893
19243524
20049503
17826581
21040004
17244290
17347875
17484652
17847665
21349374
19004365
19683253
15841895
18550437
16855121
21401941
16544083
17204769
21615198
17258056
19105563
21055860
18999031
19769017
15959746
17146310
15775827
20172452
19792840
18460077
17227877
20471723
15608112
17356359
16191139
20159216
16275521
15665704
17310741
18512658
17091906
19295227
18294599
19212285
18483818
16702204
16829829
20695259
20153550
19463681
16176899
16582517
17240917
21402307
21298939
15992332
17546350
21959637
15933465
18545760
20536614
21317594
19655523
20940582
18778556
19448927
19842359
20367806
20099384
20446189
16034507
18226759
20071219
17536994
20696498
18321625
16132895
17594219
18779483
16004095
17318594
17012495
16466406
21441795
17552337
17003585
17717804
15620036
19652679
17486679
21206292
17430403
16263639
16732789
21591406
16128654
21209127
16358088
17720692
15599652
17571336
21906046
15582642
20422062
18792734
20561882
17659645
17645956
16202686
16762052
16773286
21306347
20841532
19094931
17587533
18269541
16423111
21689042
15895917
17891470
20505424
16465660
21495397
21466754
16630997
19133849
21520678
16441887
19694845
16802312
16884568
16860195
17505379
16970657
18245216
20422746
19289932
20439095
15662172
17454510
20019509
18626847
21341442
18332571
17669281
20081100
17437840
17941410
16511578
19114903
15846480
19448358
16108856
20636584
19029416
21147658
19437955
19813105
18240940
19437854
15595402
15667698
18183410
18669348
16856033
17996753
15550361
16144265
20352266
20640516
17718039
15977538
17265562
19390753
15602164
19153954
16263992
15550090
21421991
18446927
21359893
18656858
19608320
16130944
19689554
18455538
18447759
19614876
17666298
20590511
17653903
18660716
17870502
18350510
21149395
15791370
17279528
21127090
17925111
20546560
21287798
21406996
17890180
20107815
20560832
17494279
21073122
16339697
17853168
19789438
20527450
19139928
20508675
16518300
19182216
16301565
18069066
21791261
16375802
20684345
17400674
18728299
15655132
16047810
15612232
19007709
17990424
19882317
17352299
19266944
17474588
18480954
19963309
16363014
17482300
17138955
16553752
17904337
16671975
20455147
17241187
17353987
16401055
19891756
18644157
19835534
18157360
20546983
21893718
20850426
17052558
15774368
19234429
21265407
19683093
17720289
18302851
21813221
17018742
19996023
18320956
20201628
18843816
17449521
15887923
19474415
19344264
19460662
21667703
17905052
16358174
17513535
18029511
17655636
15739634
19470719
18445760
17703015
15959710
17559722
18487421
19901140
16452284
19378450
19752680
17093033
17656412
17102891
21258318
19006630
20131741
15861919
19331295
17386151
17045948
17577533
19956923
16529595
21721495
18295924
16122364
20658592
17353819
17543009
16728902
21404807
19357964
17850396
19004139
15645768
21287859
17487707
21216080
21160351
20124020
20708185
19594344
19627385
20526121
17392931
16529341
19944876
20065900
16324899
19088486
19359887
15964175
20195927
19016924
19900257
21500623
19351312
16006416
17785685
20443412
16215395
19069255
19054648
19543572
15892852
19616156
18403175
21053576
20112458
19669923
15790268
21932757
16632765
16861012
20229817
16060579
19288767
16669206
20213846
16415633
21768323
21894868
18580518
20000304
18836687
21313940
20583686
21764005
17883596
18924462
17253131
20690964
18777062
19175637
17910315
16372713
15595585
17998857
16647673
18058301
15567217
16898343
16299573
18245737
16911056
17553402
17224226
20351544
16901874
20377431
18513244
19774354
19838654
17294027
20450324
17327754
15927296
16965558
18176179
20097643
19480076
19423171
16163981
17098106
21350505
18701526
18605061
20400133
15968445
17544683
19187053
19266767
15920374
18396225
16873593
16108777
20463448
17161046
18551968
19515476
19847006
15912353
19023571
19711048
16202125
16633840
18982990
21309382
16294612
19530636
17290085
19626946
17881101
19235252
17188453
18810233
17333116
17147081
16568450
21473975
21273027
19945194
15693417
17665207
16194498
15837028
17182449
17469364
16830254
17612376
19022170
15575117
19615535
16445221
18489198
17414352
18372817
17187330
18264608
16147797
19012788
15661485
16869520
20231238
15966212
16855802
19731446
19180530
16254537
16292681
20963676
17413677
20879816
18280584
15662173
21168831
15970752
21844108
21336671
15553330
15932385
16009286
18655730
16332190
17214919
15528291
17915066
17258017
18431285
16112760
15700635
19468965
15937688
19447316
20136471
20564849
20452874
16520518
17825729
19554798
16310435
18279291
15876881
19593488
19012724
18725035
20338426
18580396
17957882
20558434
20026995
19507311
21655845
18544726
20875207
19041614
17581485
16795902
16846779
17941566
18450665
17042820
20148365
19446459
18570672
20176512
16119672
21211988
18066739
17855066
21531934
19442971
20841979
21244477
19889557
18426471
16110047
18283966
21262084
19116958
20003446
18631302
19155996
21294700
18460078
18923129
19323697
21036534
18650767
16010142
19520019
16816348
19572450
17372787
17151804
20434634
17577010
21214691
16685051
16418410
17448401
15711292
20535717
17580126
19461593
15832885
21256624
18751648
16195567
20529149
20931414
17426562
20637393
20819235
18788957
15536973
20174934
19077804
18838454
19066984
15630077
18715968
19176708
18548410
16719016
17500349
17234063
19028827
18188761
16629965
18580645
19635764
16286431
16449755
19046827
18513106
21175971
17563326
16471298
17495557
16230764
20372890
16610065
18256038
21271189
20064210
20164712
20028276
16088854
18666451
17058060
19298311
17640455
16253259
16871057
20458817
15943406
17583402
19403464
18482118
19160921
18344834
16926987
16338569
19994758
16171054
21254824
18828170
17118306
17174847
19192570
18426789
18824907
16268752
19635277
19886328
19386388
21601533
17449252
21541806
19065866
19744955
20635280
17533547
18600113
15660533
20399949
17543579
19744192
16732782
17963335
20056190
21591375
16625128
17443921
20430489
15589081
17548908
18808287
18662870
19824275
16227662
15961289
15662174
15580023
21127091
19650538
17178765
16563636
17667002
17157094
18165651
19968614
18785194
17080736
19555541
20408274
15984437
19737124
20623521
18540687
17059030
17502639
17141572
19735335
16955657
16091895
21537321
19674452
17192525
18322412
16689409
19362753
20202528
17164029
18427612
21301699
20446521
16972607
20029413
16455161
17823158
15689727
19105561
16553120
19452811
20078015
17187534
21288120
18644481
18334237
20800766
20041926
20585272
21109101
21059572
18945360
16645462
16304497
15961624
17880480
15627140
18019268
21449986
21384650
17430371
21282548
16862020
17521855
18819691
20081635
16739755
21112677
16902289
17665062
18988729
17162118
17162639
18998435
15842115
16284216
20828726
19223909
20972842
19884239
17354156
17379228
16845814
20669892
17035474
18279521
17332813
20465743
21678268
15891598
16847769
18770873
18945220
19874304
16321687
18343274
20222222
19412094
17370790
18399739
16799361
20574878
20340064
15658177
18516679
17565433
17672819
21637973
18657673
16843239
18000675
19041225
15852657
15660137
16245190
15541066
15855813
20494453
16039465
21987987
17880978
16447533
21214076
20329335
16333558
18260576
20925292
16911265
20807911
17443245
20516708
20584361
19775924
20024702
18378147
17563109
16649725
16557153
21176258
20032766
16299431
16192318
19372024
19487615
18619717
16335558
17668786
19784692
15584496
18324996
19968597
21050203
15944495
17695580
20580605
17653077
17470215
20488575
21456500
21264521
20702438
16483064
21210080
18703770
20886631
17481458
17530136
17540805
18762751
17148528
17142702
21231953
20921035
21719625
20309780
18639936
16123720
20101942
17482878
19842280
17040146
20710129
19049552
21456994
18382171
19103693
17043775
17265784
16380306
20435211
21739734
16528905
20024772
15800346
16311500
20660471
20046133
17130381
15813763
19591020
20397508
20338979
21143428
16830247
19995133
18573777
17356958
16426614
20359145
19922955
16226862
20566813
19712545
17445133
17888107
19060795
16020853
19349456
20948471
17874920
16284977
20393174
21069603
19349189
16950370
18637748
18769996
18927261
18512376
20409499
21492718
17342854
17584391
18319491
21539143
20725708
18155536
21136226
21789291
21197771
16461604
18380318
18519095
17994404
18953776
19029206
19080875
16635646
18188993
18164302
17991366
17352336
18179997
17034903
18400685
21228095
20719721
15741473
18754521
17902537
17005073
17877565
16737032
16422053
19239676
19272585
21383360
18403078
20431466
20177040
20305308
16989295
18556379
16759783
19766373
19628624
17571608
20042988
20148864
20136167
16311232
16088009
16968364
16451340
17636723
21457726
17683718
18337183
15519482
21367604
19333659
17514991
19188422
20698194
18406561
15827431
16860524
19793719
18439361
20525109
18068011
15713915
16336367
20467306
18947095
16978923
16931976
20695035
19202753
20719233
16026960
21047696
19934696
21748928
17518797
16149984
18855169
16414249
21494106
17269947
17851088
20424822
18848753
21228706
19515272
20131442
18726814
17480138
17721699
18946949
19101116
21857239
16515009
21329271
15654612
16900408
16425810
18427778
19217600
16177996
20922344
18492707
18764854
20425956
19788748
15692898
20881429
21447231
18026008
15976556
16573310
17319372
20526684
15946286
20481417
19674454
19824096
18667870
19648694
17727586
21409790
15548439
17133189
16143267
17988364
16564198
21500008
20463515
20103004
16259852
21158339
21612437
18704341
16426797
18638714
20047173
16603283
19297876
19931963
18488802
18260370
21690603
16400368
15861103
20151578
18626054
16383057
19263816
19813554
16250528
20421086
19847722
20139572
18318085
15792063
21496527
16567855
21108192
21725233
15604154
17505392
20505419
18252015
17933804
20962121
19752152
18005562
16960491
21388007
18638330
17472511
19712124
18445728
19202851
19960016
16613410
19411529
16258714
17530677
18377240
20178432
16002021
15522496
17421094
21285471
21602039
20975412
16036825
18355230
17185208
20118707
20860573
19593523
20799486
20934834
18177975
20023466
19233105
18842971
20847074
16698475
20514880
16045118
19756506
16438667
18839723
19927850
20401356
16927733
17012080
18809064
17539985
16551583
15613552
20439049
20493795
17723977
19685532
21238893
20404628
17664508
20541065
18619794
20942615
19150911
15660041
15937394
16352954
16047482
17712297
15683749
17524863
15770344
20189136
20956707
20879014
16096148
16048650
19917849
20505612
19728198
17063585
18600037
16923659
18829659
20973307
18832499
20605003
17766662
16135490
19582943
16917187
19324509
19000401
19050210
21305352
18350993
20509888
16498926
16274463
17017690
19261138
19247229
20534336
17115458
19694852
20868254
18375839
15570546
21484020
17824870
16308174
16949942
15760300
18420693
19327069
16319757
19115893
18073666
17286678
20394886
20525463
18523492
18982881
17220380
16148475
18556081
21346444
18691802
21213962
17683594
16922986
19327186
19548599
15993672
19665613
19281447
15841026
19256770
15580441
16126566
19343033
19332199
18380940
20654287
16723916
16620171
18201143
18445647
16686817
17059497
18578185
16793330
20564813
17640108
16623287
21323047
18386455
15732888
17426936
21430002
17669151
15823890
19216483
15661585
17683656
16174925
17850531
18157287
16790039
17041799
18763650
18389318
16674782
18663532
19176862
19275021
18229768
17344264
16215362
21132601
16596859
15608111
17365370
20858338
16808754
19500700
19773646
20109772
19351578
21039750
18297410
18485946
17387058
20870685
18294032
20337734
19663240
18681201
18856125
20972850
18431302
15834528
15745173
16273451
17088221
20619034
16941820
18019116
18360840
18398757
17617015
15765642
15673363
17876209
16033702
18381020
20567033
18047173
19768640
20171775
15668312
18705742
15795867
15707568
19147394
16772628
19709016
17427172
15911187
16473979
21232162
15934386
20510409
18950369
16696542
17888181
15692292
16103805
21043556
15879562
20201665
16827400
15590224
20120519
17331805
19260356
20720084
16036012
22026202
18050050
15803296
21545572
15714718
18690276
15668597
18180501
15985053
16123471
15693971
16875119
21462663
20682914
15537585
18342824
19842865
20463337
16483860
20228640
18284317
16996767
21840898
19921997
16749539
15844562
18612660
16553927
16206812
18419626
21131265
17591606
19388410
15686809
16895034
19051170
19437396
16671364
19657243
17568285
18441679
20308660
21469475
18005126
20064961
18402557
20970363
18321620
19042825
20888647
17365346
21365191
17373097
18941918
15933866
17942584
19120379
16827456
17118072
15675661
16923040
15759071
20501958
15743008
18326343
21396236
18493711
18380050
19910397
18064839
18437069
18775827
20449983
20552915
17192116
17603834
19353986
17600243
20091763
16260342
17598627
18020064
16834874
17394439
21456490
16499745
22053391
19089507
16585328
21140752
15552539
16879417
19248326
17901513
15900432
20590483
21193653
16879008
16276175
19161815
20705349
20870990
16900903
17583067
17035446
16807570
16012548
18378000
21787110
17718732
20657338
21229930
15869554
15819648
15896695
17911722
17351321
17661810
21139016
19232691
21299759
20632546
16155809
20444054
19702025
20961981
16204142
16938788
17363866
20108501
21129010
16612826
20378204
16717484
20158549
18347365
18812619
17133305
18369593
16786824
21284037
19465583
21995229
21071528
17563920
18942565
16987574
16951292
17615634
19670018
20336354
20953977
18947120
19331058
17592217
18754190
20113917
21528081
16443087
17976989
17091005
18520653
21077525
18958985
21210926
17676420
17364077
19306370
21279938
19686324
16116400
18785098
18578273
16550072
20581321
17267724
17822890
16594289
21219504
20469573
20653352
21129008
20084785
17081921
17087177
15571900
17713882
21475356
16542661
16036549
17368364
19623816
19241979
17985959
17197061
17628961
16770368
18602058
18817024
21592035
20499710
17373239
21704974
16594292
17646501
19913182
20798620
17254924
18671301
20654870
18570681
17413678
15540669
21807832
21211093
21182440
19280664
17339811
19473110
20626483
16435158
16925257
18388684
15864972
21824313
20075558
20658353
20397523
19021727
21388907
16259344
17983360
21814477
17462984
15878842
20189267
21158904
20155554
20846193
16222349
19770295
20557417
21391732
17126784
18809051
15724847
21727792
21084354
20044335
19368569
19529991
19725018
19754009
18697655
16521364
16164897
21888221
18295440
16258342
20193832
20175420
16048621
21113566
18047497
16262841
19791665
17598141
19828906
20490571
16398072
21426615
19370522
15869233
17557437
19051612
15948479
21146342
19943978
18021137
20201400
20416493
16289739
21424965
18158527
17139466
20552859
16173006
21062578
18315585
17117333
16151865
17957525
21893738
15776991
16098705
15884222
18780932
21486321
17874488
21806560
17696113
15672603
16943717
17688480
16273993
18237065
20670270
19568131
19684936
19593032
15842683
19285666
17264031
20860249
16764929
19705205
19067063
21641505
19219412
19338401
15526488
18251424
20386504
20586173
17987457
19703060
20469996
17718035
21787063
21474806
19265731
18459068
16039735
18611087
16686813
17284379
20215958
20377400
16783796
17461372
16671311
17154706
16175025
18037283
15894602
17342039
19254194
16438809
18446731
16594860
16823646
21353126
15672024
20726381
19723274
20377771
16613047
18935839
21628011
18005916
19011230
18982993
15529194
20142568
18052895
20185608
21178152
15889803
18302971
15603513
18226317
20674768
20659201
19128648
19836194
19226477
16786829
19149053
16298287
21503439
20448452
21606107
17183940
18562819
20299645
18535459
20804887
19125233
17462983
16474244
20970237
16557069
18496374
19379514
16186087
16162387
20573333
16734501
20147805
17883648
20230418
18050529
19778422
16076895
17508658
19550196
15822717
15966089
16813879
19263959
21357911
16859565
19670214
20673342
16565461
15612220
20723173
16229400
17705841
21375848
17727593
18380313
21613028
20087554
19328930
15985092
18501019
19293717
20717894
16739390
21080146
20022534
16137215
18597187
18431889
15602309
15889783
19781901
17500283
19143904
20405680
16900092
16809654
16872507
19740444
21621462
15575190
17087176
16938786
19226886
15561556
18510414
15677779
16868335
15980846
18815973
21502444
16340403
16767855
16447530
17300634
15755262
19181041
21842250
17149526
19463678
16480561
16887247
15552490
18952706
16643265
19250128
18060327
18503036
16257618
21741720
18838182
20367115
19701731
18558170
20738435
19670002
17286203
16639736
18326285
17664526
18580428
17941521
17556927
17069572
17261114
21807682
17040546
19748748
16698254
16909169
19452737
15755411
15523242
16931415
17224839
16860964
21435417
21499109
18435319
16125999
16451411
16894924
16248900
18989134
19648525
17976292
20089488
16281205
17636820
18711418
16506380
19680310
20393347
21072230
17177907
21348209
16443313
18272735
19567755
17356085
17100864
19042482
16391318
19826326
21426376
16538669
20727563
16186004
21575155
15853131
16010225
19171091
21404876
17563049
17892564
17888917
15562740
19813386
16817916
20946396
17924559
15742746
18777511
21062383
17847574
20580525
18998796
16148486
16252381
15800302
20823391
18036895
20207658
15765641
17294778
18379242
18999275
19114900
17563322
20843425
19084893
18373401
15672336
15744694
16481838
19833331
20043565
18380679
19454205
21127097
18193726
17609024
20708031
16524355
18202934
19861904
19378610
18469294
16838562
16438097
16417695
16035970
18560678
16033703
16275704
16478412
18955426
16130843
16849941
16548947
16081235
19819761
16229314
17637592
20091227
17261454
18347482
19261197
20443411
18489446
19012769
21610702
16914106
19874099
17985051
20482816
16494144
19226872
16054867
17560755
20937737
20560853
17387056
21041324
19929118
18776748
20562786
19327295
17911883
17936358
17880475
18385992
20302064
20657305
19348410
15759073
17468928
16956071
17188599
15720709
16273441
20704096
17893930
19381078
16283902
16500073
18524373
18414280
18466383
18191494
18723257
20968142
15581255
17823734
19562237
18825852
17595811
19954535
18812806
19376487
21736169
17612998
17575764
17496700
21488562
19800537
16704285
16260943
20137024
19786417
19619376
16773859
16534660
18175207
17446023
21272307
16276205
16472356
17357358
17463337
20568379
17425818
16914696
19436687
19247738
21166549
18358344
20719008
20639791
19282506
18373955
21036522
17473044
18993023
18575419
16810718
21192569
18005781
20663751
17544129
21131115
17269495
19188529
15887817
20069824
19225316
16358623
18445825
21042411
18214209
17335530
15666263
18327343
20532134
15931492
18308924
15986935
16607870
20620266
20044765
19755882
19602539
18853711
16320982
18240938
21218739
20869678
20044165
17426196
17408159
16926948
16100704
16471091
19400363
20391676
18214033
21130202
17223770
17397608
18286981
16446270
19351407
18422265
19254403
17651229
21097967
18512659
18947967
19015826
16940300
16039180
16913238
17674685
18078190
15859936
17313909
19731425
18648014
17949625
17884363
17185399
18947084
17096305
21294020
20824450
15606321
18433656
17344672
15567653
15870791
17081188
20940584
18021128
20210658
19926988
20712207
17239232
21234746
16049062
16620164
16901700
19921996
16169794
17224856
16551817
21071568
16640136
18041325
16295986
20869659
15934553
19809014
15574726
17389409
18971800
19769566
15917977
19052704
18561619
20556512
15645770
16174996
17970459
16422479
19706163
18158489
17054862
20152055
16141782
19358797
20492016
16493271
17597436
15788034
19130383
17725119
17346324
15660707
19837351
16829776
17192326
17350378
15991775
21826042
16730476
18003594
20847022
19405310
18844193
15793024
16310721
19603567
19546128
16455221
16045420
18042484
16796424
17394939
19524172
21710011
16637448
17251796
20124254
17379058
20708866
16809742
20642198
19350214
18819206
15727286
16292130
18701158
18442105
19253116
15688837
17061152
16464138
18646359
18941964
16684486
18826976
20654903
17512862
19817111
19104261
16013648
19731887
16612465
16916190
17458819
17601256
17345975
20854334
15639045
17077752
15571610
16913579
17508236
15935081
19648096
17310664
19061197
17286738
19581180
20481096
15811567
16116771
16021741
20117001
18999009
16631822
17094873
21924437
16963660
20123251
17897148
17359569
21473169
21053693
19760154
19286279
18079239
16876816
19461175
19956979
20568026
18844274
16739907
19225027
19150220
19760371
21305428
17565451
21300920
17376688
17297528
16100531
18002880
16150017
15791782
19304807
17184372
15924897
16271129
21977770
17583862
18231111
19389535
21278673
15527232
21155399
16829724
15573006
19596322
20411904
16518952
21403142
18064944
16161532
19303680
17478471
22108268
20440564
15955402
20949328
16173302
15999942
20876087
16801882
18708220
15998615
16610604
19343371
16752962
16546345
19588856
16045247
17571468
16828521
20422965
18241631
15609737
17640843
20019727
19237476
19583645
17975252
19653047
20868958
18832504
19004639
19353413
21252650
16843066
15622338
17846560
18424872
20354243
15817353
15718174
15900996
16978958
16547452
15533143
18779546
19022169
19543670
18612106
21194872
21182037
16318111
16094550
18649107
19629415
18444721
18308212
16770116
20712800
19482375
16254653
19250812
16403214
18550777
17181679
17999211
20067358
20535893
19632912
17939927
19169588
20118075
17043948
20812603
18836325
16396410
16769462
20423575
20560117
17707718
15558987
19647969
19709790
15913083
16826869
21595813
16484159
17562270
18505890
16043345
21766435
20884084
18071613
19374611
16227562
17936142
18194594
15941456
19482459
16036507
21063639
17895859
17610315
16553689
20144440
20958203
20469571
19700054
17665271
20495103
15515735
21848722
16752540
16441679
17262741
16706328
21507260
18959284
21693747
20976486
16138793
19219920
19697661
18053231
19085268
21977773
18971493
21859274
19153322
17037475
16690352
18995854
18543799
21343558
18089961
15843121
21309435
18422266
18064843
21419250
16801360
16708980
21542914
20940568
17546313
21338747
19880954
20455111
19228509
20682964
20334019
18794700
18275539
20621897
21294359
18672634
15533351
18788268
17475637
16678003
19335526
16076796
16703745
19089732
17852241
19377174
18279447
16391984
17469354
19166567
16208656
21458353
16420206
16794438
20086261
16390528
16629563
16494151
20682496
21778801
19256208
18478275
18190481
15620074
15960789
20031782
19877290
21747644
20176916
20356353
18989880
21299760
17570967
18310191
19263821
16489956
16909192
18976341
21437745
18533152
18223094
15720314
18570011
19955880
19092481
21658825
16141458
16425856
16523589
18094342
19712845
15618088
21977786
19350322
17977796
19016303
17558824
19000601
18423061
15696631
19900939
20192888
22027164
15629730
21269438
20850650
18606526
15983080
20631595
15763849
19214705
15940115
20419564
19335154
20501561
21290924
19756453
19386826
18464488
16967647
17559705
21169868
15597292
21634261
21893712
20942889
20935215
17978387
21040815
17557190
19558193
20662293
19581526
19893842
19024591
15603634
16535925
22025436
19754687
16759070
19054930
21642931
19125308
18198570
17344981
21890770
17533491
17577186
18333736
20540612
21557378
17911667
19042850
19966730
21094715
19674003
18348414
18773215
16374461
18237064
18087202
17947907
17242783
16813258
15622417
18267176
15715757
19697698
18019286
19390760
15904552
19176406
21287844
21334768
21109807
16719186
16594285
21078007
17265411
21264669
16280699
17264695
21085886
21093304
17844723
18434156
21639657
20129882
20219077
19473376
20220657
17393971
20122779
15591920
19780857
20696753
20590510
21226847
20195008
20051847
17138846
16281808
19066360
21941812
19649422
19267124
16967014
21104506
21242219
19786884
20473187
20464541
15902036
18796190
20346894
18664502
19548177
16877905
19394033
20103000
20499769
17381482
21037548
17533928
18998904
19034726
15886362
16921324
17720107
18179534
18779884
18772301
18216075
16435312
18382249
21108739
16583190
19606049
19836605
21145577
16186466
20478554
18484975
18387147
21406315
17135872
19998445
19910195
16267982
18019285
19637008
17727772
16270409
20552855
16435233
19330969
18672147
18434977
17952258
21843847
18088201
19998725
16315527
17622862
16145952
16371760
19667782
21601299
15799588
21910307
18358702
20209718
21193946
19892383
19692674
21991862
20646290
18232550
19462352
17347295
18050531
20084316
15590242
16125898
19225320
15672291
21218713
15604120
19395973
17137254
17470926
17990402
17047574
16274169
19292020
21612477
19405342
20010420
19304727
17203294
18216011
21523500
19199193
21140859
18499460
16856084
18468879
20803401
18261413
20113269
19160356
20422231
19935333
20921496
18761842
16195110
15893053
20409525
21748750
19763700
17849824
19448584
21905488
15984223
15906888
19740170
15865552
17469493
18325645
16260702
17186688
18434872
16847298
16617918
17187032
17061659
19111783
20689933
20229845
18828293
17388770
18186827
16124136
17094366
17924495
20031865
20677692
19568225
17352780
21471145
21906721
17213376
17630006
19504762
21904104
18238936
20332744
19798555
21473312
20131584
16225029
17453462
18372954
18709041
17592168
20160554
16287768
20974334
16955119
15745875
16310137
20719843
15934573
17442108
18856174
17084769
21519425
16931461
18810506
20946564
20090658
20614212
19680588
17168043
21276199
15616943
20377798
19683092
19123735
21298950
19492613
20736665
16860853
16147725
17634001
17828140
18358259
16003005
18520672
18768025
16675762
18503838
21139014
20849291
21205258
18565855
17335639
18405009
21148160
20009496
17012689
20048361
16061905
18283996
18481698
16121873
16436544
18978692
20595720
18474760
18538214
19043804
22066299
17727749
21193164
18798714
21870731
18038534
20439590
20351911
15561380
18558934
19031842
16787476
20937443
16259795
19255297
20230620
21785482
20592066
19386879
15721497
20973045
15862743
15778631
18655322
17702666
17146067
18036478
21140624
20158545
17083561
20706191
19944369
17010181
19351009
20871511
18046336
17668155
17450422
16004837
18996713
17059892
18534284
21317661
18660723
20002507
17853949
18514819
18787902
19634496
17898253
19216236
21368536
20922802
21798499
16189521
20307195
17251710
20191711
16024480
16268876
17464112
20701237
18710374
17927116
21651371
17711073
19788555
20177047
21625663
20684403
17827082
20345521
20383077
21199432
19531080
21473210
16158010
20223156
16756658
18819225
20575479
18488864
15887819
19624479
21270070
21088636
16288149
21332574
17449215
15813155
17175398
18712243
19400397
17352103
16793855
20563730
17926454
19577331
20447197
17639825
16594430
20436032
15598725
17143814
16002963
17826652
18946891
21147458
17851368
21446258
16755127
17194398
17545841
19745636
15778140
17587355
21382216
15807755
18535074
20455148
19383620
21488558
18090141
20511243
19092351
18839734
21164389
21384792
18299462
18630251
17969938
15853091
17828325
18180491
15756397
19962580
20580362
20502178
19636534
17455049
21500738
21288945
16504130
16739186
19601451
18251446
21566455
21144199
17692249
19450207
17493307
17219528
20495334
16023804
18655709
18678718
20549419
17295055
18039617
19899258
21326002
19750566
19552323
18023032
17844710
20439051
16259798
16050363
17058415
19787380
15710725
21783012
19001660
18689530
19619341
18325425
21134140
20098128
15710277
17495563
17578583
16856896
16501401
20618947
18202721
21801928
17582021
16480351
19481303
21082710
16218057
15726240
17210396
15966460
20889635
16568592
20942266
19396066
16618324
20397545
20074194
20565016
15966617
20804886
15799015
19826078
19843620
20530305
18199282
20190666
18335686
18709840
17577004
15801049
21661648
19692053
19947050
15564361
17577082
15776944
18563022
17760300
20511094
16702587
19573210
18079246
15644641
17953295
17985063
19746251
19864184
17102396
16433106
17452605
21443827
17058812
19960890
18198259
19831146
18521045
20040017
18163408
20148863
19839947
21783011
21424075
19383173
21772000
21086054
17040526
20077787
15646867
17133193
21420665
17594251
19479548
16272215
19549725
19098962
21190928
20068505
21097770
17364514
17467406
18519466
17228785
16635222
15627022
16458250
19963274
16035725
21033018
19166399
21876014
18387006
15537470
18552094
20633061
19632805
19451479
21447846
19095860
17719746
15813439
15654775
15954200
16255103
21197791
21639659
15862741
20659400
17449437
15885866
15633403
16021729
21605262
18352971
18592618
19914739
21447221
18096585
18022025
18275402
22129219
19830610
21045575
16109681
19331722
18407728
18365512
21678264
18403574
21413849
17072157
17569465
15788036
21696079
19931954
15960698
18261411
17240875
20424868
21471419
21682924
19497898
17489928
16294656
19592873
17348282
21761385
20189861
21635284
19425287
21661137
21211483
20972385
17710961
16808739
18829830
19500942
16758527
21376797
17464127
20015489
15619488
18602185
18443807
16636732
16501745
20622762
19372121
18019118
21324606
20579563
16501919
19147989
17229270
21193785
17504525
18028840
18314388
20101546
18820517
20722323
16821481
16508472
18388844
18236309
17488153
20056785
20810257
17403768
16440403
20579159
17431698
21506464
21422099
17010035
17644041
19255305
19924581
19536026
20981577
18503807
20671612
17348119
17700952
20371054
21383358
16268854
20110929
16045517
15970783
20974021
16168789
20108049
21341443
15779516
20449969
15865495
19835742
17254823
17451834
18384589
16411877
15754601
16182675
19635400
19857211
16842061
21675152
20000306
20656603
16422715
20629768
19373959
18400529
16864133
18662200
15871467
19300217
16394924
15957590
17372803
16310607
16259627
16273780
15657688
18682013
15717707
16886791
16605232
15675731
18653000
18334982
16625801
16505701
20125045
16150775
16795980
21689037
18981441
18454710
16168038
17558067
20881559
20220273
17537199
19396708
20444770
19300088
16774668
17933417
16430386
17149460
19207173
19809607
16783248
17666170
17515265
19067982
21837858
17056043
16224112
19196301
21087474
18603221
18319281
19969315
21030543
16597053
15624793
21629357
21108908
15550953
20875537
18681339
17050292
16873775
20218270
18462286
20572428
15765631
21622774
20507899
16515564
16050400
16253110
20077792
21343431
18660902
16823890
20445716
17897265
16466891
19142111
18463016
19659491
19276821
15644675
19256263
16607256
21074180
19837426
20172265
18277888
18438260
19858792
18005378
17653917
20182813
15673205
19100943
16376522
15640535
20100854
16926561
21368551
21374886
20964014
15980092
21532086
19517890
15903277
17941789
17886426
19370381
16524996
20074300
17591223
15587606
16409179
19228236
19166698
18057032
18315829
16763282
17181083
16462392
17057639
16083088
15784208
19020436
15600065
20828333
22049811
21570030
18182541
15741593
19060821
18674473
18768411
20347705
18634731
18000700
15921098
21524006
16134095
16198213
16178312
19632550
17380843
16735012
18261701
18445925
20214703
16132892
17470220
21818904
17968199
15616915
18072461
19229064
21764011
19111855
16512438
15702522
20649437
21510871
20712670
21692595
20865480
18839050
18515611
20177688
19689757
19327210
21544033
16236700
19172574
19489423
21375574
15641074
20803281
16641654
20196310
20510840
15781592
18385407
21362164
19960809
16427833
16803769
20674651
19104290
15533343
18833453
15689021
17666306
16179169
19427757
21087817
17612808
20608328
18320392
17367091
20677672
20021578
18507893
17007704
16767851
17121508
21053264
18954877
15926345
20617292
17054207
19768468
18773798
22164909
16313546
15777478
17642389
18414713
19817618
20696808
17127306
20171822
19232893
17394668
19402022
21492345
17143005
21403050
19298094
15965766
17351825
18386076
16422435
15671354
21512849
21195887
17080004
18959570
16937731
16419448
16374187
15947742
21514554
16764198
19807240
20688258
17003733
16982298
21325098
19143586
17560953
21292049
20469612
21631927
19581618
16960030
20806579
16711291
15723727
19367243
19800711
18318971
19578819
16938902
21045098
18563492
19335487
20118704
17354473
20024697
16858741
17524602
16487899
21670090
19395649
17560248
19842971
18091628
16039937
21853848
18454821
18459697
20927739
16787474
19538715
16910186
17145456
16938136
20305532
16512582
16927479
16206646
16802535
18815500
21197829
15582783
15799253
19772784
18179675
18379794
17049696
17261689
20065543
17618118
17608042
16411549
19353347
17442438
20188320
15576258
18613299
18673569
19186400
19562422
15590037
19682011
20064067
16752551
20211305
18533377
19019233
17661967
17500296
17414277
20108713
17112173
15995152
16338918
20882832
21208669
21529197
17868410
18592093
20942726
19828955
16602663
20438014
16257623
17122679
19228301
16879092
15684776
17658564
20016058
15802414
18980460
16479655
18395928
17851348
20059777
18403993
15856169
19896325
15764350
16629579
17174652
19860274
16526145
17844859
17122618
17195149
17009255
19302695
17318277
18463444
18275400
20713857
18605628
17596063
20303450
19786448
17892990
16630899
16849931
18982308
18501014
17173659
16124420
20044945
20067327
20619919
15660140
17427369
18658198
19745632
19685084
17852904
18522531
21320204
15983308
16707222
18041235
16964898
17980927
19517492
17017584
18333732
16838676
15862985
20647248
21160353
21667055
16115301
19800816
18522522
21385082
19173940
16320641
17850291
18187916
19024418
18321905
20012246
21402634
21129508
20804699
18986074
20722812
20508686
19243519
17573738
16788117
20067668
20801918
17464126
19625548
17883713
19148340
16422485
19653536
16378790
21915586
21957764
21239101
16408524
16168035
15896238
18237351
20046177
19567626
18443550
19195038
17130980
17259566
19751375
18053777
20170303
18448753
15647224
17319202
21788540
16153378
15942390
17999008
21603729
18271360
16977402
20156667
17949984
15935671
18235395
21273627
21781080
17013869
18702081
19351301
16194644
19905880
17969826
21218704
19326551
16304762
17725264
19343858
16008020
20568976
18477179
17766611
17926262
21503596
20118017
18684008
16720484
20197226
21057228
17956646
16554147
17156416
19268741
20590514
15784348
16082241
16144229
19133182
20095185
18634356
18426466
18792706
17767689
20347328
20196285
17822429
16158036
16758120
18978694
17582019
16297577
17689250
19788102
17345760
17317085
15717596
19363379
18663540
18795445
21176305
19642433
18042486
20736716
19679690
15546482
21038175
16492644
20619599
16720852
19663578
15897166
17870643
17593633
17305106
18784967
21141408
20502161
20487072
17461369
21314572
18573540
21266888
20959735
19074516
18796048
16448970
19401093
19731892
15521308
18388681
16760768
19813132
20824760
19023352
19301153
20587678
20224964
17055634
20493768
19152282
16719606
19371558
18452864
15710122
19023446
19999948
17855718
21272764
15797155
19092590
18562863
19634528
20133957
19103585
16047529
18300737
17116348
17916302
19042527
19787466
20803913
18516757
21520562
17934144
20028284
17966292
18774180
20537639
18664806
19360982
18853532
17030492
21367384
17215598
17021867
21700150
17564102
17099134
17987539
19461229
20809422
21473663
20397053
17551869
17477482
16774021
17917439
17116539
17582028
20110333
20731283
19418228
18219251
21178547
20397535
20235342
20852566
18333555
16164590
17479699
16326212
17009802
17601179
15857442
15757374
16061312
17242524
17914896
18477716
19753889
15557911
17636714
16047637
18674500
16723163
19051672
18275360
19471048
20435787
21134297
20299633
19082929
17559021
17559917
20446192
15977637
17704669
19076547
19017664
21214399
17173716
18751654
15597247
18158513
20509800
17139878
20391855
19788773
16565792
17684164
18207643
20841530
21120408
19710660
16893875
20130160
19893845
18155398
18320988
19837825
18559018
15893959
18321460
16512439
20132712
18473088
20513695
20089624
20022857
20636153
17524737
17275601
17934678
21742733
15976044
16938691
17621972
19967284
20152573
20496423
21756579
17943778
18840222
21129077
19207369
15750493
21186315
19653438
19839548
22011868
18662214
19331036
16501135
18463938
17416716
18404061
20038717
15747077
18521649
21311711
16646758
18524160
18728518
18709836
16085952
19061784
16471297
16253113
16102160
16882002
15788032
19832996
15864162
16299640
17073196
22049636
15812434
19923830
16350432
21248445
17851308
15804242
17213479
16701771
16618687
20699039
16424962
16607898
20389315
19838742
16209375
21092359
19930570
17136990
17907734
19805795
16717026
18926163
21346534
19850437
17941589
20830836
19416602
17596762
18072525
16153300
15709850
20585212
17591532
15853873
15871827
15566584
20225911
21678368
19753425
21456398
16344646
16759936
20543390
18465717
19357148
18575344
16615735
16137071
20671000
19918217
15868443
15840892
17454287
21593081
15768647
16827532
18644323
19298312
19151964
19637534
19004158
21298947
19210599
20014744
19567887
16468480
21320942
20604910
16926968
19104477
16276471
20822362
16044727
20012702
17902602
19930729
16646768
17394733
20853211
16609279
20096834
19566998
17548273
16601947
15610339
17234071
19606561
20393104
20506669
16910113
15847905
19186492
17502444
19448581
21298841
16632774
16405705
18455252
21658779
17257978
19326807
16728804
19033590
20961582
17568491
15852726
21140758
20308943
16291479
19244570
21314920
20614429
17953297
20004038
18680413
17917945
18688054
17718728
20694759
21427590
20308019
21123958
17849721
20418352
18455949
19318986
17201905
20738185
17885718
20531171
17760651
15656479
18275533
20732787
20559181
18570847
16543740
18632842
20500281
19565892
20678681
18693411
17064961
21376188
20167091
21134155
16398874
16102145
20868470
18800284
20009695
16167658
17074863
15638933
17902522
20027012
17851820
19049226
19860295
19503766
19388856
20377057
19588703
21034238
17053179
18253800
15609749
17459630
16995935
15576523
18069432
20678203
18358996
16760774
17563967
20722311
19951223
15889304
18667867
18784564
20555018
17558578
16511612
18853903
15960554
15966124
16332469
18942317
20836940
16942587
19243459
18784547
17926776
15605298
20003236
17936688
19793947
17266420
19956978
17380521
17546355
19462470
19451866
15952478
19323611
17028978
16835514
19197779
17078243
19564002
19142627
22106759
17620400
21273025
20152574
15780342
16623603
21946873
19657928
20824338
16779794
18589314
16594245
17024916
21453911
18347357
19100944
21684731
15547013
18470784
16278571
15536222
18156966
21091087
21469291
19084888
17400030
15527223
17060279
15958358
20419748
20116122
18083675
16333538
20006196
19626808
19688658
20971335
16012558
17477793
18992167
17062420
18972809
17063096
17084321
16830843
21591382
15628169
21229870
15632727
18525346
20662282
18557670
19577005
18331535
19443876
20461605
19360209
21039226
16978687
16243085
21823527
21462466
16971707
15882512
18700870
17499670
18393080
19786769
20541064
19260886
17657857
20362792
15823381
20440205
21348217
21337982
21480087
17444172
15713995
17564403
18174780
16130561
19439708
19411358
17436792
19534170
15536794
18825851
16923433
16431256
21457903
15801523
19075103
19285265
17076800
18787958
18513247
19927860
16583532
15923409
21500016
21131175
20031902
17945422
18426465
19084299
18539875
19965568
16808747
20863357
17133897
21534097
16024212
19961630
21910318
21779616
17363872
19893849
16921859
18227882
17520881
18567965
17126459
15736600
18770101
17675247
15976046
17064413
16538290
18158212
19626739
21693697
21309430
16055775
21099086
16224411
18164944
20535896
16794557
20297901
19529041
20519101
17682410
21294666
21610053
19820478
18088524
20432991
17903080
16550840
16355710
20441017
21319577
16490946
17685829
21090894
18208739
18595494
16115114
20307439
16091028
17986071
18646653
16268072
18190683
20795611
20933146
16029982
17624156
19953730
19492760
16879384
15881710
17726636
19681779
20940587
19648596
20399487
19189408
19216482
19879166
16456209
20694757
20646817
16145365
21636870
17961885
17196105
20121462
16340589
18518885
17242857
16430343
21831026
19171821
16835552
16013424
18257885
21325012
21426523
16945057
17383114
17405775
17167187
17386230
21197884
19154298
21349210
18317802
18654093
18518868
18019790
16943731
15644655
17257396
19249755
19545661
19024823
19723862
20489767
18027619
18330192
21146167
20399093
18395724
21420214
20100110
17411640
19416567
21362582
20047174
15686079
21389164
18197741
17562524
20216111
20346338
20964101
18156920
19760893
19643409
17009141
17994177
17901824
18578767
18685390
18808300
21632664
16441388
17400152
21553560
21177745
19609188
20430775
20970632
17935243
18537987
18617599
17764780
16046040
16108880
19583782
19153132
17553107
19745417
20887609
18342823
18398082
20819267
16648328
16649833
18364016
15633316
19715080
21298643
20462746
15719904
16925372
16277721
21936339
21291016
21351221
20587744
21162621
15727546
18379720
19648850
19096290
19306604
17322006
19264839
21834720
19636497
16276341
19170862
15787034
21854529
16544858
17973708
16490993
19642434
16537855
21462758
16895242
16702081
17544680
20124777
17234474
20185424
20080021
15682971
21500514
18290580
20860782
19346031
16722813
16192828
15861915
18286990
20067138
21876016
18091594
18472221
17276540
18260726
16721664
16450935
19135910
21135610
16427762
17728586
15923147
15750050
16255739
16117747
18535445
17624157
16500251
19360395
20008398
20335919
16004155
16259897
15697046
17072507
17152024
15672850
19806816
16374668
22030934
21366160
21801539
19444731
17575743
16398302
15962722
20819049
19617356
19824520
21644886
20532531
20595246
18158526
20546470
20864829
17419799
19580138
16492214
16045414
17353493
19136167
19597688
19454528
20470294
19523058
17925064
17619324
21340639
16265798
19704390
15760804
19218310
19620163
17182402
19042059
18277222
21622488
16439499
17851345
19374691
20168152
21333946
17057925
19085179
19538798
19365396
16525005
16332472
19452814
21340210
17110087
15630870
17034285
16716868
16135165
16212849
18180903
16903401
16441396
16915743
17375240
16518737
16158337
21352624
19842863
19371991
19952335
18700086
15939673
20929412
21265631
19803291
17062525
20032721
15819127
21558112
21104452
19208850
21266886
17520538
17925412
16533954
17447309
19958410
18462407
17353816
17396681
20603028
19772582
19879518
21524315
19861695
19826332
17010034
20437133
16635160
21701346
15839524
16545744
17593767
19451553
18438134
15896412
15653255
17619323
18290408
16688663
19877326
20981638
20103511
19480376
18648204
16703229
20488863
15566586
21486361
15772484
18313923
16207002
16672681
18251345
15774058
17144052
21359507
17310422
17676967
19184444
19774078
19243591
15558082
20121961
17290052
15689648
16832992
17289828
16485366
16715017
20855823
16948999
21839904
17216964
15891314
19526684
19339431
20818881
17573295
17973698
19093298
15718186
17202530
21439173
17337517
21457084
19538796
16120895
19027618
16937216
17116453
20546976
16677976
19186446
20951090
16410436
15725979
19760388
19536965
20388309
16220730
16908743
18482550
19264058
16760696
18487973
16521642
17070742
17914337
17918029
20868887
16834773
15865114
15597006
15770559
16519072
15644701
16023444
17577185
15911916
21884356
19651465
17212065
16261384
17536060
21144400
20498144
21471893
16295991
21240105
18237347
20838161
17048753
16106689
18392384
16276203
17392349
17984645
17510453
17290963
19959745
20631585
15597928
19272784
18564789
20507555
19069711
18261949
18171971
21749554
16435925
20091475
16376137
21619609
16436569
17068440
15675662
15799490
21560957
17421107
16260054
19682124
20800564
20023186
18709684
17187120
19893381
16894670
21862044
16374136
20078017
15659900
19659488
17161934
21436706
20964149
21739885
18562907
17149020
18214677
21991779
21038931
16843778
19221070
17061752
19014143
21811160
20563398
20585748
18641110
17068679
17059606
21477027
16879537
19445342
18332510
20849670
17959006
20810405
18723367
19443351
21933478
20153359
17413780
16239050
18472303
18951854
15651985
15850429
18219209
16806933
16451360
17211702
21488808
17901826
20368494
16405983
18402128
16160551
21029495
18757103
18693795
19827963
19124861
21111274
21090991
17986485
18500138
17523577
15898219
16964771
17968215
18281641
21457624
18164351
21040255
20357751
20472986
16330518
20123174
16696861
21765244
15971877
20381407
18954641
21272197
15640639
18977679
16450312
19570200
18689293
21420136
20092154
17193809
21224944
21401857
18021149
19365991
16440916
17584430
18597062
18190483
16050856
16873047
18026055
19024832
21848047
19292630
20467339
19279436
17161809
16756185
17941522
21323844
17907276
21501057
20423392
19066147
18704267
19093352
19017605
17332215
18582304
18566204
19752639
19400489
21467077
15720867
19075451
17077631
17937508
20512482
15706817
15825590
16928566
17329946
19034992
19488094
20424500
20617780
16989993
19824255
17298262
18753881
17475736
21557102
17668598
17293611
16926364
17183058
19683663
21542811
18157487
17129368
16779501
21220896
20494356
19284810
20081127
20689129
16236662
18725354
20575470
15821676
16926668
19186410
19161748
15820161
15583513
16890882
17250963
18541638
20483635
16276956
18953206
19212865
17574303
19449746
17616329
15828598
17372550
20215750
19096850
19387128
21277589
18715382
21801399
18475107
19448044
18831477
19042888
20179106
16544076
16379471
16648349
19740063
18435303
20461676
19738472
19525085
17005464
20500967
18346553
19835465
16175113
19622174
20965459
16308327
17046986
21051920
19780853
16420107
18828193
19382989
19207552
20729511
20110698
17461371
16514136
17033527
20592012
19215330
19105821
19187554
16867302
16879172
18096388
17822460
16545514
18281407
20511267
16449397
19667772
20165520
19246136
17219527
19753441
20722797
19052707
19843273
19476234
17518143
18423644
17673135
20168017
19835009
20701999
19024427
15825891
21440220
19906059
18196387
20051400
19816334
16291385
16535909
19806607
21211499
20532530
20159350
21575883
18837721
20123266
15955762
18192152
16878413
21116126
17202109
16982230
15938098
18336958
18328663
15962640
17124249
18349574
17970526
21251533
15761629
18378725
21122731
19731886
17579800
16172091
19234424
16988287
21853564
21111271
17786863
17949424
17180653
17327536
21323974
16610297
19005091
21922692
21718982
20598613
20630363
19227722
20838112
18694471
21160294
21393574
19001003
18316237
19354155
17167366
19836601
17229532
18928079
17062591
19629534
17766564
19161172
16113141
15866395
17028632
16458648
20128250
20925303
15890071
15625045
18820561
16843871
17060250
18360205
20378210
20010012
19714999
21197905
16452905
15701539
17546787
20008737
21678698
21189736
16106587
21476388
16106330
15622672
20168097
21317630
16019329
18595310
19131419
18577733
19301726
17521053
18037602
18446107
20440869
20585083
20351159
19070193
18241967
16136738
16985231
17702140
17539455
21926560
19029841
16238958
18307853
18593491
19438888
15807759
16642588
20363454
15891722
21242160
20549118
19133492
21308645
17267742
20368483
18682473
20687955
17418677
21444937
19244148
20800780
17458027
15797149
21564464
19297447
15739632
19653614
16379512
16926726
16624189
21092723
17054311
16002197
16006844
17139816
19874100
16112540
16535903
19799568
16925539
15677529
20965866
19021302
18715972
17297243
15887320
20073571
20196650
17040635
18438533
17405224
16962316
20402368
17182195
17345598
20102810
19813486
18374823
18090698
21646983
21102312
20659202
18550089
15540680
18973056
21059573
15982192
20618596
20198726
16847798
16548283
17310058
16868266
19430828
17298631
15535336
18325458
17657178
15893207
17962841
20089421
16420546
21164408
21358407
21242245
15639038
21126965
20155989
19837527
18252071
20420999
21553968
16213234
16595533
17256713
15600217
19637555
17941245
20873473
19538561
20657275
17490938
18605272
19055075
17722744
18329223
19413560
21504240
15800825
15714109
17681079
20333596
19181201
16830256
20051399
19131757
17683689
18390019
20878830
20599101
17324636
17176652
17931329
20029008
15762901
21467056
19411788
16956743
19111480
19460257
21062591
19634261
21167086
17727404
15571854
20645668
20881804
16790212
19537534
18035535
17563853
17668340
19996233
18777461
16965467
17469164
17925109
19648845
16493936
17196902
18694227
17177076
17547282
15700601
18304060
20349649
21612752
17953060
21721875
19592823
20029343
19862494
17443877
19664414
19093407
18720287
19901854
20179250
15604183
16174895
15583907
18341594
19996948
20857374
15573349
18449346
20925708
15686094
19622915
17689955
17146139
18522335
17328824
16632078
20685063
19744062
20852515
20566229
18557433
16999379
21108428
20537586
17355405
15716246
19476108
18665060
20173171
19124983
21577079
19695010
17158837
18175246
17668831
15800255
15644692
21353941
15957398
17923730
21863651
20488928
17223939
18209218
16925622
19128310
17628462
16224670
19771647
17042399
16594252
16759068
15680559
16629547
20601614
21450679
18983365
21123230
19429734
20738186
21417148
19004659
18160890
21402971
18561835
18670837
20102813
18047449
20432770
17562720
19150591
19361040
20113708
21958380
20630197
18998190
21070639
15765814
17014748
18941437
18025861
19665620
15764960
21110503
19534187
16456208
20087034
21066953
19012060
18597574
17410013
20508558
17218552
17883657
17331807
16087819
16622161
16201605
17803837
19538556
21480679
20081638
20214779
15743694
16028831
16753727
20364558
20692122
20380037
19609133
18930913
19709792
20183371
17491357
17259469
20738451
19487042
16525169
15774391
17356354
19923945
20796072
15632812
21164394
18718157
17095988
19140174
18165374
16401771
20969741
15851046
17472505
16937786
16476641
17922326
17486528
19065748
16788840
16573671
19825494
16341301
20881755
17445107
16848897
19798773
17925496
19023955
19833007
19500720
16609309
16513713
18496021
16537281
18370936
15571940
18399371
16850774
16752982
17391577
17659005
16235575
18414297
21555502
17057050
17333637
16920649
21316540
19733118
18309865
17542391
17355763
20860978
19259839
16788353
16515427
18156880
20851279
19915902
17697014
19307895
21229785
16802428
17425278
17537084
22030670
20461689
19234987
17477219
19112004
21478693
18977994
17924242
17052824
21051987
21483423
20065194
18558392
20362713
17018834
19174962
21462635
18080337
17551452
21887975
15643028
16195085
17505202
18437934
16567989
15744187
19152898
15928299
21879665
21865222
19463082
17965642
17135842
15918435
16024208
16482017
19940558
16961103
17602152
15946285
17703689
22043493
19453305
19507299
19749653
18020845
16543743
20029970
17846440
17227981
20842014
20105264
20541832
19254203
16552615
19031208
15833479
17165327
16323619
16752972
16690426
16420907
18172797
19460667
16109195
17202084
17333494
17766072
18697966
18482485
21038733
19033740
15835012
15587899
16925180
16006830
19885649
16669589
20070716
17569375
20819781
17900484
20503678
20001335
17415228
16638778
19429768
17713374
21181004
18300277
15631276
16918782
21210354
18097296
18773593
20837282
20397478
20403904
20234199
19967207
15747703
19488660
17276321
21208702
16990091
19066847
18578681
19460680
16892691
19067989
18341071
20735468
18302759
21366009
18755423
19222976
17099418
20584087
18794474
20501510
15991179
18321837
20177046
16579288
19566994
19634381
16174815
17506899
17707710
16247807
18756138
21586451
20124813
15806322
17284297
20675736
21497505
16104453
18218265
19884234
15740172
20589153
16779356
19367231
17287373
16806220
18592944
17347114
16789331
17496717
19686553
19584756
20524070
16594280
17038300
18188719
15940024
16429686
21610572
20436033
15600048
18251337
20538256
16015522
21565374
19480168
17535343
15518247
19102436
17444445
16910823
18762603
20404623
16284522
21848165
18751593
17088700
20515887
19566638
20142027
16034260
16551208
21411821
17613462
17309128
15828597
19926978
19561501
21091970
16968615
17057593
15779211
17290649
21938970
20143739
18983652
16182821
15661258
21879659
19422632
19203678
20494503
17308220
20171448
21241162
18354333
20884161
20013853
16821464
16423124
18754818
19117644
17409804
21330895
19546088
19886872
16542606
19543101
21730228
17595922
21673285
18241751
16620046
16788298
16316434
20018960
16900915
21486437
16606913
16838809
17879549
20439199
17430711
17279443
15797359
