16709465
16712757
16544559
16498900
16750499
16740822
16739758
16739214
16739186
16732777
16722950
16720234
16326327
16219614
16134412
16114480
15741899
16788389
16788352
16785373
16785099
16779356
16777830
16777829
16775183
16756766
16836231
16832224
16830256
16830241
16827611
16827532
16825839
16824986
16822090
16819272
16808774
16808767
16805192
16802491
16800869
16799710
16799183
16796267
16792250
16791717
16791545
16790039
16690280
16892780
16892774
16888523
16885919
16882639
16881950
16881337
16880458
16877620
16875796
16873590
16862634
16860432
16860195
16847789
16846539
16846517
16841085
16826957
16779280
16675647
16962652
16961061
16958943
16958832
16958818
16955127
16955055
16951011
16950970
16950516
16945198
16945057
16940822
16937872
16937831
16929460
16926925
16922698
16916007
16915801
16911544
16910823
16910128
16909322
16907694
16902171
16900278
16899840
16646191
16644662
17051892
17050220
17047227
17046808
17046410
17040546
17038965
17029119
17026872
17025041
17024779
17022914
17014979
17014636
17014467
17012531
17011901
16989400
16984684
16981555
16973415
16972543
16971707
16969785
16967784
16967635
16965250
17142243
17138501
17128395
17126778
17119752
17118617
17117194
17110861
17108853
17103078
17102477
17102474
17102471
17102470
17102215
17102156
17101639
17099197
17098368
17097523
17091363
17091358
17090996
17090993
17085980
17081180
17080626
17079612
17079060
17078324
17078322
17076945
17069923
17069817
17069267
17069205
17067516
17065540
17064837
17064206
17063648
17063585
17063404
17063134
17061311
17058736
17057937
17243515
17241251
17238763
17233147
17226851
17223770
17219528
17218872
17216945
17211568
17211118
17208516
17206232
17204732
17193946
17192345
17192326
17191596
17187695
17186688
17182222
17181676
17181082
17176515
17176311
17169234
17164055
17161807
17160375
17157557
17152451
17149416
16092635
16092576
16050363
16047962
16041859
16037723
16027503
16026659
16012064
16010885
16009289
15999517
15989859
15988950
15970921
15970861
15950832
15940138
15934573
15917054
15914132
15913083
15899686
15881845
15857724
15844675
15823125
15823110
15818640
15812738
15812103
15803849
15796324
15789311
15788945
15784836
15779513
15779247
15759071
15754509
15736997
15730073
15727355
15724796
15724792
15724488
15720502
15718176
15715120
15715031
15700897
15694903
15694551
15687761
15680120
15680117
15675657
15669775
15669439
15669014
15668838
15661429
15645772
15644831
15641613
15637522
15636409
15633845
15628825
15625048
15624709
15613829
15611316
15603333
15599695
15589438
15586209
15586180
15574526
15562219
15561158
15557406
15553181
15553076
15552377
15539531
15537462
15526822
15526486
20217293
20128205
19504806
19418760
19373148
19297445
19296356
19248350
19202985
19115500
19042827
19037472
19014143
18990915
18985810
18984545
18979962
18927991
18923986
18854847
18849552
18847109
18837415
18836393
18822752
18816703
18810366
18807395
18786068
18783004
18783001
18780691
18779034
18772664
18760232
18755101
18724590
18723306
18712243
18569959
18693963
18684433
18671301
18670259
18666661
18661891
18656568
18652840
18638047
18632671
18630849
18630846
18630370
18630064
18622219
18604922
18589343
18488801
18466383
18441318
18437068
18405206
18322028
18289493
17498075
17494949
17494878
17494873
17494245
17487648
17485416
17482792
17481765
17478796
17476168
17472761
17469426
17469425
17458412
17456817
17454342
17452026
17448249
17446612
17446611
17446595
17446023
17443554
17443553
17443249
17441372
17433614
17431690
17427609
17420109
17418522
17414858
17413776
17405499
17400033
17399877
17398068
17393817
17387415
17378521
17376257
17375501
17375248
17372796
17367302
17360319
17350783
17346324
17345585
17343953
17343952
17340774
17340550
17336666
17334508
17333949
17332657
17331096
17320338
17319981
17315602
17314741
17306957
17303491
17301626
17300716
17294706
17290041
17288012
17286737
17279355
17277993
17276329
17274428
17274424
17272792
17272444
17268940
17267864
17267389
17265144
17261528
17260551
17252968
17252967
16620251
16613398
16583952
16583872
16569106
16554423
16544655
16543038
16541721
16525525
16523818
16522492
16515154
16514804
16514803
16509175
16493975
16488524
16475430
16457030
16456392
16454445
16450424
16442456
16439499
16433107
16432391
16422039
16417861
16415633
16408464
16408461
16408460
16401012
16397311
16395947
16394818
16393730
16389022
16368907
16366449
16355710
16340472
16336069
16331789
16323713
16316877
16288093
16285334
16280003
16271908
16268290
16268072
16265928
16245767
16244849
16225557
16223109
16223108
16223107
16218241
16209971
16205862
16203846
16202969
16198219
16191142
16175921
16171082
16171054
16167631
16161707
16161322
16158141
16149703
16145186
16134677
16130814
16128363
16126376
16121650
16119650
16117266
16116847
16116846
16116844
16109047
16105344
16100854
16099129
16091191
16047417
16025943
16013675
16010648
16010141
15999783
15956139
15931307
15909779
15853783
15850430
15818343
15798595
15793964
21875533
21813425
21657805
21639661
21639659
21635284
21629152
21627386
21591562
21485622
21417056
21384601
21038496
20935582
20701211
20601724
20489383
20480972
20428282
20369674
19927453
19809901
19744889
19728662
19694152
19691191
19682830
19665341
19650269
19647956
19647523
19647330
19639850
19638603
19631574
19594988
19592952
19592869
19592825
19588695
19583168
19580105
19580054
20974059
19577704
19576714
19563729
19529055
19526213
19523058
19523057
19517050
19449273
19449272
19449270
19449269
19449268
19507378
19501034
19497643
19492221
19492220
19481303
19477741
19476028
19462470
19454206
19451553
19448133
19446121
19441250
19268165
19430694
19427164
19420413
19419326
19414543
19414234
19409748
19401131
19397561
19395228
19391399
19390053
19384738
19380946
19376676
19375265
19370286
19359125
19349267
19336753
19335526
19327315
19323161
19321802
19321289
19317314
19306604
19305327
19301463
19299519
19288965
19286122
19266971
19266750
19266283
19263752
19262464
19259924
19259869
19258342
19253880
19250689
19247874
19244566
19225338
19200276
19195741
19176707
19171291
19167065
19147646
19131540
19076670
19063808
19058078
19058074
18090190
18090186
18088524
18085742
18078733
18075938
18073261
18072389
18071762
18070262
18064843
18060978
18059195
18058072
18057260
18056753
18056324
18054872
18051963
18046201
17975441
17931329
17931318
18046620
18039987
18034616
18033696
18029432
18029160
18027520
18027296
18018936
18005415
18000723
17998491
17996788
17994404
17994398
17991908
17990695
17988822
17985983
17973717
17968220
17960702
17955893
17727387
17950402
17949635
17949289
17947752
17945277
17931139
17925064
17943620
17942761
17941575
17938314
17936452
17934984
17934172
17933379
17927088
17925588
17925586
17923974
17917470
17911952
17911887
17908510
17906266
17904243
17903572
17902280
17901532
17901093
17893930
17890205
17888721
17886426
17876209
17874488
17873263
17872330
17870649
17870648
17868762
17854730
17853754
17852982
17851332
17828675
17826967
17826471
17822705
17806035
17805222
17805058
17803006
17802984
17786088
17768187
17766632
17764606
17727185
17725024
17721966
17720351
17720107
17719344
17690090
17620404
17620403
17620402
17620401
17620400
17620399
17620397
17620396
17620395
17620394
17620393
17620392
17620391
17571997
17704795
17702101
17699322
17695581
17693054
17656742
17656741
17656738
17685913
17685912
17685909
17685730
17684553
17684168
17684165
17684164
17679113
17676185
17669281
17666973
17666223
17665540
17664093
17661810
17660733
17652180
17645403
17642451
17641972
17639663
17636602
17630942
17621916
17621580
17620445
17619323
17615743
17608638
17606160
17599966
17598141
17597413
17595841
17594849
17594378
17594251
17592908
17590320
17586741
17584433
17584389
17584290
17582866
17580815
17574303
17572276
17571222
17570881
17570875
17568244
17567302
17564290
17557933
17551431
17544881
17544880
17544694
17543808
17542721
17542719
17539873
17539571
17538475
17536949
17536419
17518910
17518891
17518162
17517205
17515004
17509694
17508949
17505454
17505242
17502632
16478832
16451535
16414447
16390679
16390375
16372470
21683020
21682578
21678365
21675359
21667703
20974905
20971339
20963271
20937443
20923049
20921495
20920232
20858885
20849006
20843650
20838955
20833706
20821960
20815742
20800414
20799395
20797376
20738392
20675953
20698360
20682501
20677711
20675333
20651767
20648257
20628924
20628655
20623970
20618540
20615739
20608861
20606612
20591777
20591005
20563369
20557415
20552779
20542850
20540858
20533711
20526867
20522798
20507661
20500967
20496630
20485691
20485687
20482960
20482748
20479132
20478801
20476511
20466951
20453567
20453057
20451661
20450018
20444767
20442347
20434290
20419747
20369675
20334006
20306616
20229076
20220284
20217961
20217294
20214742
20207672
20193998
20193936
20189068
20188995
20187543
20185608
20185607
20180665
20176457
20175797
20167450
20142390
20136031
19152282
19150944
19141433
19130936
19118293
19112090
19112345
19108645
19103391
19096487
19077257
19075082
19075081
19075034
19074364
19072012
19039404
19039398
19061731
19061197
19061173
19059280
19053935
19051976
19046244
19041210
19040689
19038523
19032911
19032617
19029500
19027259
19005954
19019733
19016923
19013121
19012889
19012761
19010243
18990900
18982783
18959614
18955426
18952393
18952344
18928735
18928036
18854083
18850372
18846984
18845069
18829830
18835124
18834503
18832290
18832289
18832287
18832286
18830810
18820832
18818173
18816746
18552269
18799284
18794746
18794017
18792791
18785887
18783910
18775035
18773330
18773321
18769846
18760125
18758747
18757103
18751673
18727823
18724762
18718111
18716849
18715204
18711703
18708279
18706784
18705720
18705463
18700639
18697975
18691846
18684784
18676136
18669813
18669812
18668616
18661390
18653426
18653392
18651870
18648204
18647193
18645537
18635386
18632672
18632036
18632034
18630641
18630217
18624780
18622999
18620470
18619710
18614558
18613098
18612056
18612053
18600074
18591917
18580016
18569247
18560296
18557848
18556384
18550437
18547435
18547413
18543006
18541834
18541833
18535424
18535317
18535316
18524353
18521649
18519095
18512579
18504332
18501031
18499950
18496976
18496250
18496067
18494956
18489687
18483009
18482152
18481644
18479658
18479655
18478793
18478270
18472496
18469161
18466386
18464470
18461456
18459661
18458518
18458141
18453849
18452685
18452678
18440681
18440273
18437067
18435361
18431475
18425653
18411833
18411639
18411391
18408963
18405469
18403748
18402907
18397554
18390128
18382249
18381518
18380050
18377134
18375783
18375780
18375110
18373577
18372074
18369306
18367365
18363495
18361541
18353485
18351625
18341244
18340988
18336443
18324582
18322760
18312040
18310208
19999508
18302840
18302808
18301410
18299546
18290947
18279278
18277762
18274298
18272638
18269075
18267995
18267994
18264925
18256563
18255248
18253024
18174736
18250248
18250240
18245737
18242935
18242040
18238972
18230945
18229770
18229635
18227679
18224349
18221465
18220602
18218266
18215800
18214215
18211665
18211656
18209695
18208714
18203534
18200980
18199205
18197883
18194789
18192128
18189306
18187011
18165377
18184894
18184523
18184218
18179722
18176356
18174789
18173972
18173963
18172797
18172152
18172150
18171971
18171634
18171395
18166526
18164114
18163855
18163408
19548599
19281068
18160344
18160245
18159880
18156966
18156960
18097211
18096915
18094704
17556325
16273929
16267977
21586220
21796908
21605274
21602018
21600367
21595164
21574732
21536502
21534834
21534403
21526920
21503439
21514559
21510151
21505284
21500520
21485941
21480176
21468508
21467786
21466686
21464686
21462907
21462754
21462490
21462098
21462059
21457901
21448038
21430036
21427042
21419684
21413594
21406700
21398238
21397126
21388907
21384609
21382797
21371646
21364073
21357750
21350377
21346447
21343598
21335248
21312092
21285654
21282682
21281841
21278551
21278041
21277071
21271449
21266010
21264451
21263393
21242475
21239134
21239094
21224258
21219423
21212422
21196836
21192593
21157351
21141297
21125755
21125070
21121449
21119075
21115583
21099675
21099540
21091406
21086880
21056389
21053448
21033489
21029342
20621334
20620731
20619212
20618986
20617536
20613689
20606611
20598050
20592658
20576829
20574879
20565346
20562617
20562091
20561460
20554422
20545873
20545804
20542851
20538970
20536803
20534872
20507198
20500352
20496023
20493795
20487485
20485694
20484092
20484058
20466537
20464884
20446189
20446110
20440106
20436104
20434096
20399408
20425741
20422062
20414559
20406155
20394461
20394237
20391236
20386504
20381401
20369607
20367714
20359706
20359416
20353371
20350322
20349649
20344985
20337801
20299537
20233982
20233916
20233017
20232125
20228756
20227523
20209718
20209715
20202780
20202143
20200284
20196678
20196496
20191724
20191170
20189904
20171037
20164666
20155682
20150732
20150724
20146552
20133402
20130165
20124612
20118856
20109986
20102434
20101471
20101059
20097643
20093900
20090427
20089490
20075385
20074810
20069517
20053602
20052732
20049369
20047770
20045279
20044343
20044232
20044163
21883087
21634227
20036097
20031889
20030029
20029760
20023337
20019727
20013875
20010182
20008315
20006457
20003300
19999515
19998333
19996808
19995134
19994549
19966749
19966072
19965903
19962845
19960132
19959322
19948623
19945896
19945320
19944896
19941722
19929226
19927849
19916808
19914484
19914030
19912096
19906503
19901502
19900323
19900238
19896320
19886328
19879518
19879514
19879092
19874523
19860301
19858952
19856541
19854604
19853789
19853399
19852714
19848333
19843062
19842586
19836276
19832908
19832886
19832815
19823940
19822307
19820852
19819115
19817111
19812242
19801064
19798837
19796324
19786882
19785884
19785674
19783766
19781516
19780849
19775924
19775919
19775467
19773144
18257828
17515684
21724547
17944163
19921999
17611238
17669309
16446871
17942502
19536426
20674528
17885633
20057330
15644652
15717239
16262095
16473123
20125094
17694888
18505950
18689217
21796682
19165122
15851384
16685157
15934975
15913121
17934708
17296230
15754927
20094123
21727300
19323697
18847430
17000480
21404781
15540619
17055341
20802350
16310569
21834720
17462037
20177037
21317851
19891684
19291075
17219935
16955638
15828597
19542381
21207825
19134063
17040525
16023455
16881995
22029121
17152453
19468759
20515432
16422435
15633432
16841828
19960016
16449755
17069235
17108506
16687017
18666041
17066968
17944005
20525097
17762623
21337280
20572859
19561555
15766335
19423033
19910864
16132530
18308212
17471995
16493293
17678940
16492010
19141025
17471829
19540803
20185972
19146089
16130307
18708837
21294218
18283996
16318056
21744732
19406507
19095823
16521593
18499518
21131636
19824252
16521189
16003597
21561507
21121500
16422049
20711678
18241751
18027518
17048351
20409122
17708488
16652013
18625090
16494284
18271675
21090363
19200763
19523033
18950921
19428869
16272918
20057327
21599562
21149556
21146342
21675472
17469387
20367647
15645930
20162341
17067674
18842459
21193083
20872773
15799490
21526684
19186674
17088574
16487423
19280664
18717274
20880816
21842015
15617401
22164907
20019069
17461706
16553752
15693990
19865577
20179250
20352506
19326309
19187170
17263096
19326301
19347728
17362214
20875301
20109005
16388791
17954070
18403569
17671782
16623604
17582316
16840362
15930237
21774667
20932293
19883892
18827093
18395982
19365929
21464063
16479203
16829723
19910716
21053264
15862047
15532327
19560760
20816332
19300234
18196289
19073518
19478572
17080004
17020719
15582346
16829180
20805434
21740659
20546560
16483424
15994028
19711462
17662754
16637941
17897115
20381916
17259897
19605604
16033144
15871873
16076895
18638672
18709580
15679893
15625966
17136932
17958697
19174700
20100845
18653000
19047665
21939117
19717690
16018272
15997043
16507284
20450128
21158990
21069116
19847645
16484903
16614882
20413752
17952216
21449872
21680675
20370762
20682496
19334007
20795874
18214033
19329091
21299276
17664526
15588259
16607898
17127306
16735214
16076327
19027434
20446045
15863624
17105639
20603732
17185154
18186827
18715165
16047637
19933540
19413628
21242453
16358531
18972936
18346551
16106587
18928555
21333946
18803997
16230302
19084893
20458642
16567983
19786671
16556885
16798563
18561738
18090376
15903001
17010664
21052027
20510949
18725355
18047450
16438774
16131306
21198233
17417769
16009286
16792717
21122084
17391422
19572763
20660904
21450767
18833458
21462094
17901513
17333040
20700575
17681830
20888544
19150199
20006644
21443827
18198783
17144114
17973806
18490685
17095498
17554100
21281772
19573774
20506928
20493768
17919216
18523564
21595812
16783248
16544011
16327362
19461593
18019766
19081413
21336024
20081127
15693577
20679556
15920317
19583066
17556991
21665046
15732620
16076318
20420267
17608870
15777473
17446075
19765742
20478866
19112277
20511267
17407796
18096583
21661617
16681111
16043009
15645998
16411360
21470753
21646916
17941552
15751766
21714418
17227606
17184372
15601654
17098110
16261668
20486613
21591375
16548947
21744188
20215888
21488808
19893369
17378818
15588042
16955591
17240561
17985967
18022833
16212666
20359655
19156945
17401756
21475055
19201514
16875298
20510699
20825270
15605746
18175190
20921095
15526664
20299410
18321460
19396710
15672431
15709093
21879657
17491503
15800351
16259187
21035300
18580396
15637849
17149038
20008603
15942318
16351522
20882732
16161321
19785293
21242267
19093418
17536995
16202372
16077285
16327510
18982839
20889852
15526488
17891081
20231494
17106565
18666912
18375778
18542008
17550091
19647969
17618118
17275989
20850177
18688048
17084321
20069918
21555655
21471491
16622818
19809876
17190121
16463244
18569235
16730107
20670699
16330787
18831870
18691802
18999223
17880314
18804507
20646708
21073291
19645153
15606709
19366461
17492563
20490675
21482347
18619717
19047688
20039157
17496828
20701201
16916340
21676572
21171905
18448702
21553560
21536492
19234430
17447591
18609505
17132384
18710620
21879655
17914295
21835282
17443368
19678468
17007155
17899453
16130944
18784564
17998356
20510945
17515088
16235137
21291329
19300281
17201042
17464789
16222065
16643589
17999300
18462477
21293882
20970061
18195311
15996268
17972783
18547298
17022324
20008040
18069314
18315585
17304075
18625166
18828315
17703825
16010902
17063614
20334019
19242350
17540805
21483003
16292070
20044588
22106464
17582028
21419262
16759755
15687784
18480954
15954200
18072606
15704303
20419988
16327509
21494781
15911728
19492212
19437904
17156424
16829722
19780514
19376598
21358385
16757388
17074947
17387063
17601174
21361830
16544687
20495584
16766909
19854611
18809120
21599845
18575420
21386081
15515312
20492016
18378825
18073705
18042214
18440766
18241967
16719039
20726381
16343637
15817804
19955971
17518245
18828293
16315390
17804971
19419352
19969162
19052945
15930933
20128250
19879473
17368692
17360093
19775762
19593523
19632561
17151804
21288868
15925079
20166520
19839391
17442438
21413577
15959758
15915749
19525085
20190556
20841445
16515282
16760104
21304349
15822662
15639043
18236880
21569337
16604926
19134494
17663957
15849734
16927575
18844193
20451772
16203937
15817021
15646524
21397102
21612518
18350769
19121194
17888917
20123819
20852567
18412311
19023890
17604173
15896412
21288722
18650236
17006005
20675834
20348199
17211007
16317670
17060267
15566217
16214514
16821462
20102810
18379261
17908233
18000675
18755766
15611491
21299569
17033569
17963493
20511685
19594682
21102312
15566670
21261193
18349430
17219519
17372550
16034260
15861917
19914637
19591362
15689645
20595211
21636870
20932394
16900722
17009793
20660633
21216318
20387500
16584052
16440403
17077787
19467998
21439170
16355834
16487814
15798871
16717381
17049797
18717235
18522604
15743694
16878008
16125016
16082238
18990040
17000483
19748202
15677596
16631670
18226317
16193599
19187167
20000016
16916668
18515034
19460830
16117721
18326417
18370359
19133370
16441693
15920105
18438567
17321361
19490299
20038194
16170416
16005834
19860968
15576873
19919290
16248257
17551421
21636616
18716841
19204130
16583287
16158203
18520747
17509423
15552539
20567847
18347482
19116974
20394518
20631531
17478643
19222652
19917945
16326224
16866839
17505201
20306010
19907370
16302156
20516766
20476519
18071076
21435541
21364214
19276768
15984453
19383958
19250995
16736842
17938399
18715245
18794419
19407333
17621672
16737082
16859870
15540835
18028848
19281088
19884410
17120921
18426451
20483677
19038750
20158980
16340114
19197092
15902951
15820427
19223909
19669705
20584119
20109006
19430819
18544978
16699339
19782165
21109807
17933651
17900484
21667671
21605323
20436336
16381348
19660636
16184215
16197596
18679636
16884568
17657138
18090141
19187168
19133191
15521135
17638798
18682875
19360209
19564323
18717450
19125891
20431793
21729274
17286730
21320661
16701020
21139501
20728998
17264695
17653940
19592857
19018920
15699089
17262741
16684985
20598613
18548416
17412031
17303018
19476229
16259852
17207007
20302614
20871497
17583897
18540541
18592950
16516560
15839046
19747652
17610158
19144993
21119100
19445616
19209469
16710762
16373520
19627049
21197829
17536655
19117562
19692709
21323047
17152029
21244477
18047497
15987336
16450510
16170482
16134659
19135081
15768651
17219489
17348964
16604867
18358940
19756423
19217366
17350559
20439631
19528137
18568872
17308556
20186132
18664823
15545242
18044755
19585320
20602848
20411859
16512438
16505877
21756681
21447572
15987393
20540612
19202851
21553575
17112147
20959765
20846193
15862985
19674427
17658419
21097760
16422034
21197884
20524070
18283063
20504233
17184312
15835223
16041228
16033588
17419883
20368223
17390927
19482459
19090872
20151345
21853670
17173280
17387710
21404499
17693680
15914767
15961365
16125999
18678071
20177046
16961111
16804364
18365156
20216987
16094750
21568118
16386255
18972089
18695814
17479949
21411823
19248345
16575088
20054079
20718595
19656753
18981441
18266575
16112249
20805071
20090660
21853564
20155605
16138795
19554856
17227875
15953979
16515427
17883735
20387297
19268902
20223626
16137241
19182168
17154109
17725913
18176125
20058534
18216617
19715404
19995466
17136375
19237501
19710248
15833226
16164513
15931440
18161640
18655863
17686123
18176703
17295602
21750284
17999294
17283304
17224856
18585593
15923147
18681338
15917980
16093890
19327063
19996233
20800334
18057810
17400030
19447306
18219251
20220287
21639079
21376485
15587831
17340855
18713540
21447943
20461946
17483100
15815967
17949400
15799988
17957882
19866504
15726615
20466693
15970783
20659199
19625548
17133682
19813369
17128912
19323836
17518888
19661099
21214136
16285061
21226784
19669062
21831023
16764562
17040635
15892852
19282824
17905052
16778300
15852699
19706667
19522169
16704400
18414327
18157913
18488425
16722289
18430153
18074418
21459864
16627411
17213738
18564587
19575791
19823963
19825711
17313614
15997996
16340622
20871944
19651265
20582496
21180834
19546455
18041866
21362766
18394860
18026054
20231189
20660873
16008204
18226488
16398251
18479225
19996467
15823383
17615076
19023771
15758702
18823325
18720676
20709554
17634894
21547859
18619798
18522603
17396612
16501534
20451295
20673620
17892586
20175183
20876045
18378400
17907348
20823368
16466482
15515452
17326727
15749720
17909862
16311232
17379228
20452847
19841004
21191212
15662490
17486951
16699343
19300221
19839531
17577085
15853073
20459834
20414433
16873048
17289828
17552290
16138633
16973462
21824313
15759072
16321716
19405342
19966692
18386693
21244656
17432992
16187933
21268379
15553590
20131149
16506233
15824941
16292095
17151565
17334302
19903186
17327536
19768640
20037974
16565271
18612897
20050427
16859866
20654924
19099570
17709688
17880473
16444408
17562731
18413181
17439386
16085200
19123879
21622028
18698394
18959104
21654482
17999211
17607818
18955844
16450630
21097769
17950116
16629575
18558392
16324899
16780297
17172785
17402953
18561857
17912116
19957822
21688486
19617278
15778076
17693832
20043845
20858692
19573969
18058440
20673255
18292422
16910804
19830851
20574104
20873399
21537199
18472622
17592168
17885971
18232550
19628236
21142837
19475806
16355575
18216062
21035700
15948091
16524997
19262907
17969663
21336671
17652683
20042769
18575289
17015191
19435399
15761629
16553911
16021265
18721082
18416356
16144229
17261205
20568324
16858337
17149086
15777874
15937828
18554164
21893712
18780932
17197795
15908274
16977900
16595533
17972138
17148539
18051996
16411421
18519116
17309386
20355264
18216079
20378307
19523742
15839161
15575037
21933478
20501560
20507679
18420323
17541315
17491169
18316237
18608081
21644295
18407728
19541573
21111388
16109119
19183318
18372378
17641967
20654876
21229820
21219504
20005248
19711657
16893664
19414230
19487615
19707118
16827400
17048360
19538798
18460066
18070256
21138574
15876255
19580195
19047490
19957105
16557069
20031874
20647929
19146083
21336127
18358444
18580533
19048697
22046732
19454871
20466750
17075368
18998435
17496444
15689724
20554219
19644743
19109572
16101709
19043339
17540908
20056005
18682996
18631312
19228233
18638395
16788086
17579311
16749587
15730610
16950738
17111431
19930079
21295485
18158489
19493137
19685032
20706700
15818360
19152989
20373169
16231569
16295286
16308682
17691479
20103833
18156955
17911667
17336875
17443921
16255739
17077780
18503036
19147323
16733115
19940558
21707338
17040534
20454480
18648202
17509282
19070205
19038422
19772119
18248699
17902035
19285666
18264608
17917469
18038104
21717149
17868193
19200400
20113915
18801865
16436569
16478806
15588372
16014211
16365613
21095560
17419926
21619766
19434024
19250362
21186164
18947114
18061994
18181847
16986369
19073359
21444840
20562564
15975955
17037342
19437080
19539815
18655425
21625545
19572068
22030644
22072165
21087301
21067256
16608467
19818128
20812603
20647236
19237043
18318922
19174280
20218895
16153564
19772582
18392632
17260599
20031901
17485752
16096454
19603223
17328473
15733657
15660707
19449613
20976495
21470031
16482752
21401285
21268385
17653917
20109772
17708328
19186285
21800640
20538110
20967840
17998407
15963913
17240603
16700232
17705852
21612432
16821701
16893361
16034031
21285970
20581001
19719375
17099253
21441308
17082973
18302653
16964896
17192525
19700971
21748998
15554514
21424876
15929166
21303935
16450449
16384746
16686959
17679241
18088886
19306563
17058757
16923927
20562092
19762106
15970375
17004397
16297782
15915408
16911048
16793492
19674021
18367776
19548177
21617510
19219362
15918260
21535275
16106491
19899278
18025394
21439175
15923006
20530403
16288390
19393415
16918835
15712445
20496429
19105559
19772210
20429974
16840484
16155311
18048503
20555018
18708220
19938442
18928822
20351917
21219087
20209007
15797149
20353663
19204212
20648582
21668320
20298307
21947653
18269894
17108594
20935237
15667698
16996836
19397222
20620811
15752321
18198365
17443556
20607432
21146668
18770101
18649644
16837520
18676119
19806416
20802323
15720709
20546817
20710129
18370897
18479506
16816990
17324193
19202531
15645747
18243632
19007710
17455809
18086977
19085296
20391855
17518820
21197791
16359207
17053855
18482125
18283966
21436706
17626389
15920374
16181155
20595216
15573385
19208850
20804880
20738028
16272899
19150682
18328145
21429989
15527814
20397537
19038738
18657769
19875204
19349445
19770368
19250791
16990318
15876302
19947105
20654882
17785015
19009935
20650440
18171322
20105608
15816653
17638030
21333588
19033150
20595529
21121845
18435115
17294027
16719548
18556989
19806287
16840923
19650923
16847798
20626578
17457779
16711307
16401158
17661258
17331094
15841423
18552265
21683213
19395934
21692724
19343858
15821560
19136329
20643327
18042184
15573451
20397329
20078014
17331807
19411361
17604978
16907936
18161180
18980914
18512376
19772239
16532235
19112628
17087176
16002021
16218125
19443240
20653352
17786070
17650354
21554711
17139034
20720084
17020113
19420403
20184637
19726398
18519594
17451910
18260857
16523371
16100413
16411549
20401971
20393965
18199848
19413269
21785482
17140539
19752055
21696481
18374595
16391309
17944892
20697007
19858807
18373578
18605061
18259816
18710785
21572328
15899224
17085607
21988040
21433013
16320432
15999352
15606728
21340369
20153550
21537787
18362090
16898377
19582469
21228438
20041926
21299599
20979574
21674471
22030650
20048377
18622567
19327572
20171448
17877565
16684759
21205555
18166588
16491461
18435814
15958910
19286334
15931019
17432333
20598987
16910375
21319577
21129680
18075440
18845476
17704874
16471214
18708889
20081097
18633680
19399208
19258835
19840578
19667840
19573210
20636153
21844508
16039957
17634910
17587533
18248404
21356019
20667055
17691489
20059598
19514531
16292467
17304570
16809789
15789379
20657153
19125131
17486705
21595608
20595214
17624815
16810040
16317563
15720494
16101651
18431289
21234856
19828537
17418071
21471874
20431450
18996427
19108529
21841282
16625524
20639709
16755127
19055248
21320347
21157187
20345832
16960491
19010576
19918185
20410448
15920852
19959842
16594399
16354866
20351387
20453359
16184950
16887470
20529322
20860254
19459404
18427782
15895331
18438917
20976838
18380940
20723771
20167833
20823391
19969444
16024146
17995565
21575883
20308943
16608671
17470290
21877578
17183894
17184379
16749538
16442476
16669477
18417233
16796432
18332403
15581430
20064269
17244299
15666263
19469361
16178344
17851721
19170955
20672736
16214146
20825807
17067404
17273081
20484996
21046535
17301210
21813221
18291722
19657497
18469294
15779516
18392393
17083753
19777681
18428101
17425124
17078236
17509280
17591404
15528583
16134041
16170429
18510832
18374561
16311488
20524827
18488837
16756517
15801246
20212413
17522829
15905288
19187169
20729031
21334207
17950504
16884034
15984223
15730508
15792339
19673992
19291187
17360084
15750517
16215353
18240611
19645807
19584343
16636220
16900915
16196513
16494259
21548348
20091763
16796505
20595307
15882364
16441392
16857200
19753952
18298996
17960388
18174867
19642431
19014793
20003038
18312751
17627743
19552339
16809915
20190722
18700586
19285168
17952258
17142653
17140012
21469582
15934549
16111072
20167910
18298777
17824940
16879380
17577165
17598626
17491214
19770735
16631176
16986814
18319132
18346597
18793856
15590232
21045640
18723258
17583078
19525769
17443600
18703384
18202203
19048966
16418201
16425819
21140738
16603060
18589900
17666224
20659196
17118659
20573434
16586308
16965313
15754280
18324557
19156472
18982964
21059091
21612503
18038526
15722850
17122655
15749396
17955355
21099086
18838454
18558181
20059351
20849278
17099195
16043979
17059494
17060250
20570321
16027590
18715965
15736894
21957550
19008757
17493307
20159456
19012768
17200477
16271294
17066354
16115583
17238946
20381670
17727770
21456108
19185977
18998939
21484016
20871498
15692195
16377823
16116771
16792939
20861620
17486196
20833985
15554540
17959922
21315215
15727086
19092505
20416240
18789048
15809792
17260215
20444061
19610499
18801874
16449883
18403993
16960030
15970016
18412588
20595274
18213954
18095907
17416702
20081697
16381372
16841812
16455726
16909072
17442108
16762063
18660902
20541811
15529235
16353495
18491690
19771517
17504584
17157092
20351023
16459140
18928190
20215958
20194107
15621478
17912536
20099773
17167014
21426582
19901541
17869629
16127571
18258697
16419462
19457969
18279122
18591305
16991049
19592873
17259029
15736762
19233586
17325834
20189746
20437005
18787437
21540681
20654895
19572457
20102684
20508241
15931800
15831609
18644323
15853292
21527135
16261273
18378805
16118532
17886525
19588055
21824947
17844840
17494424
18297971
19392639
17156447
16916420
16615004
16404823
21796547
16215367
21346444
21334787
18441628
17714907
21977769
16487425
16101091
18990114
16670232
19729964
20479713
20621751
20336979
17623729
16514096
20047740
15895550
19591578
21273206
19863769
18833890
19194142
17515638
20507555
20706167
18948798
21761385
18228671
16340273
15653979
15918424
15981744
18500138
18822554
16624553
17138485
18675635
17263929
18828193
20695259
21854234
18632997
16445158
18215447
18252911
21323007
19024591
16869520
19054272
18480606
17060287
16330792
20114095
21237366
17960652
21492279
17685830
21309381
15687722
17442619
18560100
19735335
18571013
20144032
16835552
21031129
17039986
16566102
18612088
16464206
20218450
21574347
19008695
21442334
21670616
16186450
15993374
16447612
16842298
18622302
19027445
18613247
20657338
16423164
15633072
16195567
19041531
19241917
18165422
15552460
20882803
17003292
16048856
21540416
18587295
18080334
19020178
21122779
19538796
19499731
19209533
19564278
19485882
15921005
16734091
19566988
16892666
21152711
15916209
19920405
15745401
17953293
15712470
20175311
19629691
16700689
16861198
15957398
21033018
19349456
18724958
18181295
16620172
18358793
20477855
19278320
17727771
17181498
16297577
17477316
17541069
19635159
17823734
15756888
16252793
16885251
16249417
19593312
19615624
15912353
16844204
19437906
16336025
20013853
15683013
16863046
18331965
19481043
17667253
15924897
16627842
20965103
21599900
18251424
20437252
21410507
16075692
16394838
16389158
16808752
17944141
21882793
16199397
16524868
16024857
18344781
20205505
16730089
18690623
15667378
18502155
17990703
19496036
16792759
20200818
18556081
17123927
18682142
19624479
21542189
19214275
18578802
16604795
18794703
19542420
18333742
18586182
17287373
19385269
15826425
17001260
19839679
16756731
19198129
15580363
19569462
20043817
16875100
21090991
16608617
17263180
17983989
19046558
18386594
17051891
18090775
19509603
18324935
19026199
21658255
16530113
21320204
19864445
17523332
16318967
18629732
20535717
20860248
20860580
16997633
19059872
19103690
21086841
19733118
16521712
18612905
21957588
17486722
19047453
16650657
16584467
20364411
19525767
15993676
18811986
17285953
15857533
18465228
21592433
17972468
17066970
18477494
21977771
19261197
16033595
19208648
16116778
19072456
17433966
20558978
20826598
18664739
19164821
20810409
20848072
17397700
19229401
18822580
18501029
18349733
17079999
18157287
18622998
18767476
19537535
19905880
20628817
20094936
16149236
17034601
19962475
16218236
16185370
17969090
18728949
21610572
15964445
20556491
16741692
19923148
20843982
15598067
19692541
19232893
20669785
20589153
20308451
16195820
21991860
16750799
16098383
19581618
16832675
21711071
20171663
17129368
16489576
16915611
18785885
17439753
17662568
20363454
18676960
16441388
17210987
20079645
16903407
17600867
17210997
19130685
17094366
16696786
17219508
19731892
17761230
18272605
15919127
16351532
18241152
16943731
18096388
22032021
16553671
16256049
15603246
21565652
18996980
21045100
21695383
17667004
15552805
15933681
17487254
16382647
21218641
20552306
17855821
20008431
17475736
18157581
16295512
18610591
20643729
16307703
17007257
20207990
21809517
17019552
17197060
16043982
19438672
20677673
20175335
18196853
21521951
18375675
16115252
16336620
20334576
18641520
17453552
15819127
20032721
19066477
15931492
19878340
21214691
16010188
19786241
16261714
18241624
16551152
17563290
16287559
18036470
21521954
20675167
19238355
16166617
17269436
21770350
18039253
19718542
20067684
18955599
19928709
20431457
16802682
17167187
17853370
20799570
17331693
16830255
17601843
21805952
19157750
15750551
21382047
18063550
21289022
18439361
19234003
18993134
17060177
16996372
17030842
16430362
16708576
15864364
16174145
15626528
18590466
16121655
17683100
21287844
17697218
20480264
16783553
18414324
17224695
21207009
18437939
15575634
16799354
17765163
16875119
17116453
15707568
19107497
19032012
18179013
15853241
17037708
20403305
17446738
19189061
16260139
20666035
20446632
17594994
16802685
15737136
20593676
20077801
17116915
17157363
17274171
19112264
20500510
19998445
18188719
17878768
16968759
20160527
16884841
18426460
20511735
19231711
20919503
17694612
17544139
16675751
16433263
16352972
21587011
17040152
20196495
17996004
19338524
17128542
20506669
15726873
20096114
18085339
19382863
16759046
17584391
16855002
15845958
16174816
20543368
16049209
19240203
20531264
17605068
18510663
19194251
21211484
16630428
15515292
17406014
15578156
17116056
16200520
18724915
17175975
19156392
17544541
17240136
15745875
19588792
16848677
16638028
20401828
19959840
19812488
17992767
16763271
19370630
21078463
16513873
18769315
15671354
15994709
16129380
20308273
21251138
17411467
19036675
17955929
19796589
18560955
16434935
20801920
15674831
21516665
19042850
16443983
17472511
18541642
20837850
17445099
21608314
18275359
16420907
19726455
15690832
19886088
21349049
16479681
21400967
20533572
19719376
20859614
21302596
16228146
19590818
17310663
16116773
17707077
21319427
19813488
16260943
18059392
18186494
18047642
17211876
20579116
17394734
17181083
18297316
19590465
20491209
15851372
21105621
17877653
17594546
19906428
19088236
20119895
16302860
15997354
17072569
21311827
18822558
19680588
20138379
19297830
16316443
15838410
21747315
16269444
18657995
20384560
16868772
16512977
21511454
15574458
19209566
21317095
18374823
17274147
18644177
19043653
15587530
20857125
17163989
16354124
17439066
18562877
21831026
16449699
21977821
18987900
16131277
20158550
21679419
17049694
17582874
20646817
15994170
19239511
17038300
16209375
19076547
21477630
15582339
17361789
16001587
16388948
20705412
19104172
19907012
18311086
20925556
18288500
21098628
19716267
16294947
15792747
20566991
21651656
20047173
20626793
15833479
19161085
19934964
19711633
17351196
16048531
19160887
15939673
16145365
19500077
17950115
15835062
21911555
15660147
16137393
19493177
16341623
19570200
17240282
18298559
17061726
20950073
16088854
21901675
21246414
16867122
18568263
20048347
20352571
18240985
20407030
21586258
16166865
18713128
20067327
18353387
17470666
20434634
18314831
19543809
18724112
17238391
20049547
20637343
17060182
19603321
17001437
19597806
18720617
17967631
18595993
18608475
16267920
19908647
17095988
20334015
16278971
17852904
21652134
17566541
19797698
20840378
17894953
17285036
18472118
19117499
21293980
15930430
19963385
18369593
15968801
18373401
19199137
17592105
15566586
18717767
20528703
18655730
18617379
15819839
21949183
18774663
17001357
15687721
17386309
20545980
16096152
17640105
15904747
16965470
16642233
18086399
20858037
21118867
19215829
16616643
18675187
15857442
17504351
21054632
20438007
16221314
15917066
15822735
19085226
16679426
19486789
15943142
16739812
21057971
19507540
17392931
15517169
19579420
16565282
18038520
20049378
17985051
19910090
19748030
15558082
20230942
15618104
15893217
17967296
21146167
16714910
18414335
18517175
17036883
18855055
21846255
19440785
17906083
17177744
16738976
20639572
18198363
19878783
16504481
19104968
16893875
15611486
18442595
21604821
17088110
16287768
19674860
21635184
16178312
19669043
21248525
16459526
18554384
18474979
18096585
21140771
19416038
18942562
21189516
18945360
16263679
17551423
16409337
15681666
21471081
19771588
17007699
17089490
21999065
20714151
21469497
15859377
21398153
15838419
20397478
17331095
17260490
18612092
20812497
20618603
21121815
21283004
21353150
20698730
20942256
15537122
21296482
16594280
17221041
20825512
18848415
17418963
19476775
17880381
17205015
19358029
16756187
16636096
19965037
17261965
16788117
17460308
20124890
20492057
15835472
19228506
16764219
20654824
16199460
21059573
17626910
15751247
17084059
19247561
17244012
18972809
15590803
15858686
17419232
17515318
16480558
17052558
20605062
16732343
19556094
17066967
17133883
17723988
16703188
20049773
15535336
21226383
21140874
21140884
20494965
18936325
15847683
17079023
15647238
18558248
16540822
20608328
18596678
15690835
15717997
21989747
16299190
19226886
19700041
16840363
16092394
18491221
20178185
20443264
17413920
19841482
17158834
16624797
17937946
18468693
17616432
20123946
20955878
15526568
16454855
15533081
16688665
16036035
15704596
19999373
19930370
17084301
18509146
19282319
16096150
17241853
21111274
20674846
18348350
18434875
15894777
18388684
20531080
20146022
16022913
20122018
21298891
17971391
16942702
21133213
21602631
20066693
17008829
17717285
21388098
21156305
21039370
19582943
21114716
16594409
21642799
18575943
15518257
15717675
18341072
16377451
21139520
20606138
20719487
21852649
15572501
20949806
18278700
21946873
20443351
18849465
17673094
15699853
19376487
16215208
17110877
20509060
19096735
16186454
16490993
22028288
18771525
16139162
16435158
16636025
17929748
19189601
15987229
17944314
17000583
19779970
19791679
18300270
17494508
21531685
20033233
21485928
16686964
17910341
18727336
17534085
16565619
18923098
15552803
19826341
17333637
17524008
17546307
21242264
15660144
17688481
20167615
16316896
18643804
17082827
17852003
15605132
17526293
20044415
17914080
19266655
18061394
17654156
16899843
20067358
20481417
16948990
19666206
18287181
17939464
20651478
16153378
17973622
17594219
16441887
20554367
19020397
17963335
18561011
19719908
20676775
19689559
19165444
16594432
21462466
21464205
16555640
21502466
20371779
20068311
18997357
15924039
18376332
15888901
17147799
19130333
19318470
17726711
19594734
21813369
21349492
18727310
17616336
21239101
18686910
20334016
20605754
15793979
16004155
19216993
21287773
17577010
20402176
20363445
19860072
19249104
21244248
17925617
17551350
20562253
18525311
17475724
15862981
21368540
21888046
19684493
21382306
21109782
21457625
18226761
18987086
15668373
16180556
15796488
21614879
17545348
15822708
16061907
19248648
19955045
17396058
17982948
19297363
20838362
17167523
20722243
17766519
16308630
19926978
17624053
16006829
21139020
19731127
19115446
20426301
16764199
17852174
17940343
21144121
15992186
20682499
19694528
20103447
17359572
18519819
16620317
17364221
16328673
20490910
20647791
17120922
20047130
21265628
21916094
15937632
19955880
21050443
20934681
15815960
17496369
17485968
19351407
17535540
17784884
20373072
17366228
17600602
19706351
18234092
17514708
19580194
21416898
20567208
16344410
19273399
16609824
20227643
15771160
19090376
19008976
19046185
16581631
19266114
17042020
19033181
19028821
17034903
20086221
18809814
17446790
20074833
18086023
18462280
19120979
18520646
22011868
18803742
16456568
17108641
21742654
18808593
21391446
19777096
21059572
16257563
17339811
19474578
18616052
21508627
16168341
15960018
21507612
21383360
16957873
20043709
20547775
19060795
19912306
17960433
16986355
17088170
16116774
17583103
17129200
18972100
18759983
17149126
19648384
17027221
16547388
21126302
21380993
18982880
15599649
15893212
21174654
17980834
20719499
18333722
16600005
17097447
19832996
18758277
21682855
16799016
15548130
21352617
20636181
17952595
20940569
20589602
21634146
19243525
16708629
18705261
19209392
20598825
19824989
17414333
16529849
19934696
16390518
17667396
17118307
15542003
18851887
18029104
21129714
17467351
19847722
20133957
19995864
18528781
18021127
15603635
16012558
18197428
18501014
16281697
18598388
21524315
19748765
16511687
18240023
15572574
17934678
20530395
19348410
17899512
19300071
17708742
21884838
15714718
19698022
19533894
21242390
19343870
19335482
18179535
16111061
19538808
17136919
17295995
21308857
21839899
20494357
19433998
21678746
19374478
18974690
20177943
17594301
16001877
21084890
18499528
15698390
15890509
16897026
15684200
17687066
19566693
16632189
17544677
21486437
16533623
19212925
21383301
18580081
20403641
16580370
19005190
20200583
16815489
18595931
19780433
17728569
17182970
16735204
17340547
15728223
16637454
20146000
18047461
17978360
15948048
17299658
16858457
17276289
18394540
20177043
16476683
16390528
17492988
16870993
17574192
21696286
15921988
19096897
21404876
16761662
19437247
19626808
19657308
16292013
19756451
16826416
16244203
19651465
20398115
16934140
17711974
17176360
19212247
18788955
15670006
17880475
15854080
17983544
18097296
19004639
16864132
20077792
15538641
16043005
21246400
18038297
19952551
21595906
16103381
15686158
18951253
18190683
15899606
18226153
19686324
18095805
16020073
17239061
19325506
18771828
18375670
20194643
21801946
21362182
20194419
16687338
18715407
20511243
21595376
17683580
15871373
15697100
17546784
19641933
17042399
20199959
18423167
16288583
19891374
16549390
20078323
19068049
20169260
16338916
17709166
20806585
20688258
15912843
17676967
19709016
15548439
15813396
18351621
19836188
15869233
20031892
20088955
21730931
21218571
20156857
18773795
21419521
15686336
16000105
19351310
20863329
16124449
16944381
18561924
17352397
16039937
20875168
16581636
17633982
19200287
20394519
19686275
18978242
16596859
18180658
19073377
17875270
21116945
18804936
16529138
16864168
20025770
15644659
19485874
20550562
17279443
17702522
16206915
16829361
15840071
17098002
16378770
16511363
20876928
18693400
17486528
16245674
16117747
19426932
16123720
17331805
16200526
20480597
17004998
18779459
17490764
15737858
15964175
21626482
20925290
21288120
17105743
20103029
18486458
20684403
19542812
21154091
21116147
15536388
19442968
16332187
19368507
20950728
21705154
20108049
17164933
21067473
20965866
20421853
20800719
19857153
16308681
15529102
20495648
18196842
18088159
15557551
16555756
16208533
18612028
15644645
18159973
20959727
18371576
19551275
20013938
21298904
15984178
18661855
21143428
21322451
18655672
20946115
16355555
17352780
17175948
20184233
16304796
21290924
18347275
21878695
15789292
15583505
18581017
19024418
15667759
19856592
21080293
17622882
20190666
16536725
20719102
17407213
21376443
18607833
19124630
19227593
19243524
21154093
17495576
18551881
19715257
20885331
20603909
21492358
18056562
15688924
15861916
20439590
21140859
18033645
17441456
20160544
19843273
21677490
17211165
18756372
19159873
20503033
18678961
21429717
17630006
17719364
18414337
19186446
20381407
21051987
18488439
21523751
18307461
21159898
20095068
21250556
17897829
17906208
18700390
18681201
18050025
19583668
16950996
18677781
16292336
19828955
19017894
18634731
20003922
21511370
19625557
19805792
17911509
17112941
16516070
16239938
17355763
20379914
19682143
18469617
18982988
18394764
22073586
21780720
18236650
16571423
20499629
18032685
18614912
19859851
21837847
18806649
16202313
21338233
18264897
17034285
19281289
19139453
22128562
21382216
19215309
16534554
16404082
18505669
17377917
19298094
20935215
20019614
18793379
17062592
16468255
21164415
18356003
16403763
17188599
20204991
21587184
18947094
17997828
15737223
21480788
15544663
19240439
18537602
18240839
18627328
17139815
15947643
20565016
19074497
18722933
17656226
18489892
18484689
19957348
19942108
15997894
16557152
18486712
19827968
19736574
15881034
16533676
19066981
15983083
20061229
18727283
17048754
16652320
16128658
21738035
17547027
15941027
15887819
20308019
17491445
21708526
16035634
15871929
20347328
16113758
18688047
19955983
18560063
15864918
15918427
15662180
16419448
20677915
16427564
16054867
17601244
21573122
18467531
20112444
19343033
16330721
18277222
20935011
17570194
18186824
21385082
15651447
20868887
18240991
16926948
16464994
15711101
20076927
20737319
18096586
19408554
19118246
16908229
21104565
17545353
18849806
17580317
16476635
20453758
17908745
19331311
19952335
19646776
15893688
18953469
20502175
20638814
18769981
18467149
19625827
19192570
18344890
18362066
17152028
17802985
17091750
17353752
15736511
19015826
20579022
19351578
18923333
16270404
20070812
18953226
17099418
16869180
19055272
16185114
17298256
17256717
19643409
21387661
16366867
17601175
20386059
21592337
16326789
16371760
17353491
21540011
19857910
18688055
17102403
19264058
15660140
18063268
19912132
18612029
17351023
17710049
21388240
17000345
15720932
19736652
18316826
19202151
20727547
20535669
17000347
16222404
15960062
18062753
18019116
20162794
21706451
20536624
17873249
17019276
18350421
19892332
21786574
19392974
21483251
16203882
20051615
21879658
17591411
16767851
21155641
20028284
19591106
19207133
21241205
20357652
20827237
20217195
15776073
18931547
20163700
21727290
21314891
15828155
16962406
17430742
16629568
21225585
18079626
16318111
21375908
15980726
21716110
21591851
18550921
18955608
15931018
16192192
18644916
19029525
19292905
20355263
21867855
21480489
15869214
18245211
16325408
18349006
20473187
15819162
16926364
17468606
16249927
19591059
17345650
16565461
19145517
18052813
18604981
19033252
17102643
18679147
16882002
19892349
16102708
15849218
19418751
17169232
15515471
18854974
19226477
18569892
19469005
16514777
17844907
16267637
20187531
19361251
15956007
17973810
16565792
21503428
20634280
20735245
15915739
20370449
17896122
16445833
16719130
16915743
19436687
20530172
16156194
20405969
20372899
19430509
15781177
17786522
17111757
20091227
21536953
16643265
20184108
16043435
20823020
16027349
19730813
19303947
19785570
16499462
20443316
21105584
19577331
17912275
21159391
18754767
15987329
18208958
19237475
19067499
19827214
20339604
19244732
15616915
16268341
16455161
15694504
18072357
16186879
16089094
17136290
16304765
17925111
19287107
20535942
16125606
16116377
20684035
15899099
17872834
21839879
17985101
16635934
15575566
16259493
17198753
21485452
18319403
16802263
15932487
16864133
18385007
21991750
19418075
20640393
15716246
18668359
19620220
16483091
20970046
20418007
16025652
21123022
16172844
16970554
17258054
21041282
18931399
19876629
17433183
18334982
18690131
16236656
16049120
17622492
21111678
15773824
21311270
19681528
18034817
20629334
17122659
21381274
19931746
20207267
15971943
18941918
17682743
21329122
15841528
21870731
20224530
19465317
19664410
20123831
17267671
16912103
20077803
19529915
19380086
20054794
15552490
21282220
16192286
20306464
17015865
15566599
16538516
16465660
17945364
19958418
15712680
20568976
18349491
19294747
17985966
19596287
16711291
19387911
21280340
18386952
18075455
15984498
19952549
19567494
21991720
18520798
16913342
20026525
17827466
20202506
17069572
18560062
20889635
16276220
15572395
17923989
19570647
18547384
15815958
19753889
21401941
20657023
20436033
18216600
20078245
15613552
20377771
17661076
17933417
20185441
19457893
19263354
16129540
20938365
18829246
15646122
21463817
17225627
16029976
17471052
21135296
21951499
17361918
18549436
17145253
16460760
16886888
17024612
21068644
17285010
17884592
20473643
19714302
19085667
16034053
17877872
17024916
17332215
15718626
15819836
18195298
19237963
15785347
18844274
21488749
21211599
16529030
16299432
20652466
20606482
18814778
18555682
15730173
17227921
21182037
18470784
20218770
18057190
16351518
16043345
18336817
18394106
22001799
21136034
20739837
16174812
16951616
19682355
17371421
19773563
16858533
16443958
20081635
17182477
18191764
18380526
17133892
16953162
20875880
17584351
20206787
16546921
15750521
16927579
19027628
18803604
20422795
16817002
16204142
16325024
18445861
17105539
17464602
17521460
17540553
19127228
16298283
16606425
20478753
16024212
15883467
20055985
19836205
21769757
16335067
21188513
16206332
16931414
19701731
20194321
15618092
17291199
17433888
16860853
16502828
19935520
18702778
19281288
18700267
17196902
15596703
16616269
17058756
16893334
17626631
19505976
20610133
19025702
21043321
19474593
18378831
15714097
21695887
19329723
19927850
18760577
19262570
19836605
15744200
17394639
18257446
18377572
17849466
20650026
18792734
18942219
19786249
21276536
19658281
17822460
20098721
16297568
20009825
19816624
17253331
16282012
18332736
17683304
16570543
16865827
21721162
20536614
21205735
20236446
17823912
16755817
16287789
17416145
16979082
17474573
19124983
17603000
18077492
19950458
19043123
16497428
16422486
16418145
20544446
16713336
19621980
21164055
16041448
19650950
18974510
15705243
20552911
18325459
18592319
18247177
15867182
18442964
15986722
16484159
16498200
16245560
16675772
18085971
20709279
18360139
21420214
19645809
15570485
21523993
20407841
16792045
17058752
17453462
16252084
20432115
17966309
20042562
21808960
18271137
15533098
21675258
19712845
20642362
16807570
19501021
18702777
18078150
16484694
20976655
17844859
19193246
16545263
15717240
17335523
18247013
16372152
20389216
21450086
16964812
18597574
15946281
20601372
16935191
17347295
19961261
15833411
21553513
20670318
17999094
19112004
16477415
20671567
19817514
20509805
21744523
19788772
15542538
17296378
16294628
17173716
16526148
18701851
17353757
19805653
19020265
15915070
17343534
22049812
18714713
21129343
15822046
21206288
16987416
16323256
21510261
16359739
19137483
19552677
15729796
16868240
20739151
20201628
18638367
16465982
15749791
20598494
19579398
16136001
19595416
19680091
16164387
19784911
16897570
20123174
20581734
17258017
20443321
20423368
21564464
15624641
21516003
16799727
21233867
18482122
21862812
16206396
17908118
20487072
16485621
20687824
17124249
21977605
19034836
21677420
19388505
20497606
20541069
21146672
19460281
17956915
16010214
16333538
17654190
19148848
18813775
15696631
16218148
21645040
19262064
20572553
21079484
20021383
16476633
16685163
19104220
17175683
20051863
17695002
17149083
18332402
18540958
17094819
20533965
16951883
17449252
19775774
17019551
19299475
18973640
19366472
19700583
17310344
16594285
15600065
19380504
17695981
15911960
15675731
16271117
19175286
15896261
19388445
15913067
19006954
18953751
17919163
16168038
16834823
17683654
18049155
19318460
15720928
21806560
19297115
15645323
19719367
18229781
19433997
17603834
15643827
19541138
20644207
17019898
18488802
17076969
19920097
19842004
20851696
15934264
22031343
18308911
18763662
17473542
20386462
20040017
18344453
18989542
16640210
17197277
19793719
21356566
18403078
21503462
19066162
18187591
15543757
20667778
18409322
17391559
17975252
19272762
21888221
20368660
18416911
18385406
16567238
19675402
21605262
19352161
21642520
21485420
21602164
15861752
20875252
18785916
16595002
16294804
16901874
16845764
17042237
19142227
19708839
19686553
15916231
17873253
20825809
17624156
17917526
20081606
17702150
20193057
18856094
16613417
15904537
17713113
16122084
20223789
20942266
15703347
17320336
21863029
18610901
18725828
15647734
17284980
18454779
19910397
20435611
16104490
18395145
19738218
19125233
20644182
15886732
20674717
18455949
20713746
21996387
19065748
17805954
17668340
16220059
16012933
17354504
19546018
18848689
17473045
17041248
21306029
19996471
17310340
15737861
17655694
19958936
18349651
17535343
19035060
20397546
18452366
19938259
16164511
21242528
19068152
20306274
17120941
20541832
21205258
17671078
16330966
17168042
17034396
16117209
18049170
18980458
15579357
18538725
20869656
21283938
15992184
20237006
19085003
19179868
16945784
16872487
21090217
21554289
15804319
16038132
19371991
19455871
16302938
16141775
16027421
20057235
16951004
15717518
17655996
15590584
19689699
15883892
17086162
19154565
18501748
17472529
16307637
19227021
21252691
15804337
19715532
17073198
16350390
19054648
18715185
20869652
18683524
16774291
16879172
17537084
21300647
19227013
21137455
16833053
17659062
17606591
20683772
21255714
21144472
17546912
16895249
21148521
15812748
17710787
17366090
16263537
19154311
18036471
20799388
17852255
17444080
16122361
16874603
18427335
16046040
20186032
17489960
20610578
18213506
16051110
17705217
15876987
20448452
20837293
21736077
20658541
19247885
19202467
15741585
16126311
17424969
20017938
20920808
16808088
16899987
20642211
21401687
18414339
20555261
17265838
18410449
20118821
19902696
21219821
19694849
17469362
16897696
20487496
20219160
16570780
16172441
17603873
20420475
22005243
20210658
16404863
17101077
16027647
19092029
19694850
16268752
21291059
16923195
19744061
19706071
15649108
21298276
19304803
19161049
15700480
18711418
16937786
19926644
16670213
19858792
19507263
18955722
17254924
16926738
16436226
16045247
19407674
20946396
16830847
17391510
16401704
15754859
20351948
19814924
16359014
17119896
18945716
15881710
17901826
20595487
19627385
18091280
21375410
17931328
20824338
16970053
21649700
16466085
19087915
21337243
20054081
16499792
19723862
18666878
16757396
20450129
21618688
19006625
16257874
20168196
17693048
18186906
16219623
17452732
16304319
18065030
19700280
17598687
17605786
17342789
16396413
20388936
16907786
18162451
19124216
19318963
15666886
16086729
19142111
18297206
15573242
21215489
15615569
18245219
17966241
18724537
20544041
21279938
18675766
16093947
19251549
20223078
20381431
17998378
19591020
19634654
20022131
18051981
17456167
21247825
17225654
18604617
18446175
20158549
21711126
18845347
17870502
20224488
18929435
18350755
21507260
17592976
15910825
21664737
19962280
18041547
15720496
15639048
16132281
17141131
19240948
18405569
19959482
17877871
19793865
20481096
21330804
18286973
17311239
20015491
17085610
18506543
18097138
16004677
16124847
16096447
20678874
19473627
18194578
20977435
20494284
17714050
19054930
18048550
17954872
17142605
18429450
19489805
17903705
21129704
15926345
20032989
17056043
17211702
20552857
18837986
19660617
16389007
17556401
17396446
16448450
16948365
19378577
15555721
21576612
16006830
17643712
15999538
18684367
16263865
19589822
15868346
17296651
16563144
20864829
18826905
17703689
21961386
16629279
15829452
15583712
16235583
19947125
16633769
15584668
20463086
19901662
17321944
15857521
20734699
16044994
19214259
20063516
18402128
18792440
20434630
15853779
19689441
18269305
16350737
16488296
17068348
19197686
16306755
20473456
20856193
21229930
15833477
21217609
16352515
19256742
19916076
16299093
17673135
17564864
16922114
19229064
20141092
17974094
15608097
18611312
16220769
16076965
17263611
15622338
16212214
17592658
21336436
19183094
21299077
18314388
21382948
16941895
16999714
19589164
17966819
18071806
19278117
21044937
18481380
17259566
20427000
20614644
20031823
16926728
18724884
17689372
15586549
17629999
15853088
19839947
16641083
15852073
19077807
19875841
21146667
16108777
21651362
16201415
15646394
20083953
16698621
18064812
18580394
20089197
20948271
18027047
15762390
21383349
15746587
19882062
20210265
19331307
20855386
17290649
16956071
16450926
16300211
17512880
16266649
18355171
15622906
18066739
19766136
21107063
21512347
15636653
18154492
16136612
17356435
16778998
15544893
16715902
21194663
19856246
19959299
17004425
20970788
16423791
16427926
16741850
21825919
20825856
17012689
19140357
17326544
18183053
18808578
21140758
21216080
15893061
19410421
16649653
16328394
16081574
18191799
19694884
15653252
15822460
19399527
20874513
21692436
17235250
16963194
21501726
19818250
16098705
17897148
19545661
15560732
17352699
18082665
21590628
20705349
21877634
15716205
17583079
17211732
19461175
21718624
16688662
17874183
16719042
19939723
16004105
19411101
19806767
18982881
18523695
16520520
18690763
17554230
21457180
17612808
15698531
21809286
20056214
19299400
15840074
18468922
20349640
15750507
17218721
21712210
21473318
17976128
20735496
20451936
20682969
16856084
21038530
18565693
19914022
16838755
16533227
21071501
16974137
15671707
21469371
20804878
18587082
19832893
18234042
17496819
20700873
21280548
16512439
16850684
16376522
21376601
18081171
18275402
19644008
19943225
17939528
20846194
19245156
17059611
19945755
18988582
21186157
17622862
19670963
15669927
19056014
18399022
21215487
21118876
21299991
16698507
19339264
21679547
16750798
21346463
15713186
21519557
21520690
19522312
20006458
19174637
21898325
18514585
17978624
20207265
19962629
17571779
19433848
20163979
16083490
16816586
17984641
20709601
18980453
20853654
16204445
16229400
19259706
19623798
16911058
21456440
21680669
18190483
20947449
16380575
15973342
18756161
20486619
21460710
20583316
18432048
20515884
17039325
17081930
20810420
20438014
16394231
15910431
18651967
19085179
16604797
16931976
20386231
19288473
16168035
16471296
18265714
16510695
20666848
18467068
17087665
18757586
17991366
16775907
19012713
21205724
17425253
21495237
17523753
19061746
20570080
17332176
20494503
20476659
18372975
17070163
19256298
16415748
16217779
19284808
19958908
16422723
21120703
21815794
20536954
18539874
18826466
19363329
17537457
19092588
16715017
20841550
19574762
17206959
18687070
20584625
16708309
20077799
20492435
20395614
16836761
16798179
20362779
17703823
16821202
18780925
19808192
21229866
17098393
20469996
16372601
21193785
20351333
21214680
19282149
16352983
20678610
18320066
17069104
15897835
17337517
17384873
18795636
21166549
17669054
16326212
16487899
19549993
17764780
18833625
19709106
19255100
17655539
18998806
15515856
18958985
19946120
17473537
21192256
20541896
20351861
21785084
17146311
17968767
16343500
16836542
17218869
20539153
17041073
17454239
21513534
19443523
19495810
21399850
18498221
20456855
17714579
16517805
19419344
16474249
17039499
20100110
16378527
16966667
16416080
21972313
19481991
17548273
17880415
16029972
16877191
21296117
19238717
18687488
17133893
21474368
17461754
19412936
15838441
20380037
16036232
16440248
15881629
21125031
17207239
17681111
18705781
21764011
16623375
15823892
21500623
17602015
20434100
16700244
19929235
20227639
17203294
16139153
20689933
15683961
15653942
18237315
18446110
19749641
15819165
19012786
16203647
20444568
15686073
18377576
17227981
16550700
21193620
19167200
22046673
21534095
20160554
19594975
17325298
16469472
19534213
16139985
20818991
18216080
20853586
21242559
18753881
15802408
15786888
16060013
21623282
15888836
20495594
16035084
15834260
19059087
15518247
16294612
21047035
17190756
21952571
18171323
16478535
20958178
19300080
15754429
19364999
17098356
21261966
19278098
19177816
17205835
21432840
19936604
17487706
20394119
17653878
15922885
15743047
19694858
17063358
21447047
16248900
20487486
17079618
15687312
19361124
18856075
21320944
21045814
18421824
20132621
18272777
21111271
20922344
17363855
16856896
15800508
21456488
17179462
20696543
16499235
19820671
16178340
19617303
15569904
20030500
20085180
20836418
20044330
16571840
16489958
19552141
20173256
19900646
20002422
17213999
17933955
21298505
21272220
21730241
17364250
17383236
19584764
17631350
18448753
16321533
16521254
19892890
16022033
16710138
21089143
19287253
19699134
20008210
21571237
16527476
20423471
21239085
20337205
15641948
20636670
18304060
18755564
15574646
18649585
19318836
18820517
16164888
15629875
20526910
17116556
19913183
20360543
16972975
15543765
18202934
15620077
17508970
20654287
19009889
18251954
17140014
17097988
16295518
16828669
19307508
17249857
17412717
19044111
19700963
17309528
17494279
21239422
17259469
16163427
17804339
15966919
17668155
19388866
20217979
16765870
17823560
16272071
16838562
19552351
16504818
20003236
19082202
17022918
21193084
21193946
21138129
20220614
20712421
19899289
16494290
15626152
21193088
19842971
21952064
19438889
19351793
20131582
17500264
19205735
19308827
20371029
17723929
17171497
17211209
20033354
18646653
16647834
15705638
15644541
21591405
16829724
19919658
16035696
20214703
16697096
19203464
18442105
15537586
15828567
19387906
20179660
19250559
17300306
17108599
19151986
18514824
18453903
19266749
20434085
18476313
19643848
19765116
18856123
20717125
17685829
18588415
18074752
19179789
19147130
19943192
17219488
17345598
16018132
16013648
18290938
21995229
15608864
19326807
21539275
18031431
19835742
19399545
20736665
21382217
20044765
17985963
17502628
21637274
15583255
20542237
15962874
17900444
18959302
16297467
19934421
19528436
16825669
21718869
21393039
16163682
18364061
15581305
20922341
17727581
20863345
15792918
17056768
20220626
19207800
15616425
17850043
20804947
19725299
20053226
18625755
15535005
21068191
15694103
19809350
20002421
