16711494
16754838
16752967
16752540
16739359
16737032
16734271
16733953
16724314
16786660
16778998
16774136
16765535
16757460
16756849
16832675
16830268
16823646
16822117
16822099
16802263
16794782
16793330
16697586
16894670
16893875
16893361
16892697
16886312
16883975
16879418
16878413
16865635
16862950
16860043
16859898
16856093
16854567
16849711
16847547
16844895
16838663
16838562
16837805
16952402
16941132
16940917
16919748
16916835
16916668
16914632
16910375
16909963
16908918
16908743
16898377
16897696
16670213
16669565
17057418
17057050
17056418
17050299
17050292
17046220
17042703
17041799
17040143
17039985
17033527
17033277
17028978
17027880
17026412
17019372
17007330
17006855
17001949
17001260
16999053
16990318
16982254
16981478
16980636
16970653
16969015
16968373
16636322
16627372
17144841
17143814
17136290
17131901
17131719
17131302
17122526
17115284
17110813
17108742
17108717
17102472
17096603
17092858
17090723
17089809
17088223
17087492
17085980
17074942
17072569
17069230
17059699
16575677
17241192
17238008
17220744
17220677
17219519
17207239
17206572
17202904
17198620
17192220
17187348
17185036
17182454
17182445
17182418
17182417
17182416
17181500
17175398
17172785
17167014
17160566
17160541
17153131
17150257
16575842
16078597
16052926
16051661
16047500
16040376
16038132
16026696
16024421
16022884
16020821
16010848
15994721
15977240
15966782
15964644
15957453
15940977
15916254
15902758
15900803
15881934
15857730
15853241
15808129
15796645
15780549
15772137
15764468
15757233
15751565
15746480
15729108
15727112
15725826
15712624
15709093
15699999
15677614
15677608
15672850
15633432
15624872
15598067
15597292
15589715
15584668
15578379
15564731
15559340
15548461
15534269
15529457
15526664
15519919
20194561
20194419
20123266
19480376
19382434
19266123
19257859
19216317
19209392
19204224
19181041
19048642
19015294
19009464
19000907
18998960
18998594
18979697
18979573
18974677
18954274
18846794
18842993
18832510
18826466
18825863
18819045
18815991
18815983
18815980
18815973
18811888
18809647
18809150
18797102
18777713
18770934
18764793
18724571
18724436
18695694
18681106
18670411
18665683
18640542
18602875
18598904
18429749
18419987
18410785
18403993
18389844
18383938
18327398
17499955
17494826
17483680
17471617
17469387
17469376
17469353
17468728
17464813
17461803
17458102
17456702
17455607
17451088
17450422
17444851
17444080
17442662
17438886
17437383
17431337
17427794
17427669
17427618
17419883
17413549
17403760
17403759
17402572
17402352
17384553
17384356
17364250
17361955
17351196
17351195
17349500
17348282
17342971
17340711
17338086
17336480
17334124
17327249
17326524
17324690
17323816
17323204
17319909
17315674
17311888
17311789
17310058
17303388
17300919
17296651
17295995
17285381
17284506
17283622
17269844
17260846
17253131
16607870
16597053
16569132
16567994
16546776
16543743
16542812
16540822
16535925
16533903
16533537
16529363
16529289
16529288
16520263
16512438
16512436
16509450
16503046
16500799
16494284
16492098
16483424
16481924
16477958
16473096
16466404
16465053
16456394
16446555
16446270
16423164
16422483
16421854
16421363
16416037
16402155
16400368
16397310
21818904
16377451
16358929
16353063
16352944
16352933
16340615
16330821
16330518
16315811
16304498
16292013
16284522
16282571
16281800
16268766
16268282
16265962
16255329
16252737
16245917
16226428
16223168
16220148
16213232
16211174
16192779
16173835
16172088
16170788
16162561
16151565
16141104
16137141
16122540
16108414
16106768
16099138
16097503
16095149
15913403
15851499
15842713
15832071
15822735
15819165
15815802
15801049
15798595
22078678
22025436
21989747
21978337
21932708
21931027
21917221
21913620
21744630
21638217
21626482
21610053
21121113
21063799
21045783
20848985
20654924
20653725
20381081
20353542
20340063
20091475
19920405
19891397
19693662
19672827
19669923
19658281
19629150
19625565
19623576
19621558
19596595
19593032
19592810
19544981
19543974
19530026
19523057
19483522
19476232
19472551
20703606
19444731
19443292
19437378
19436695
19434024
19413628
19394033
19386325
19380920
19374965
19373959
19368568
19364246
19363751
19361775
19344605
19340984
19340795
19327963
19294323
19270470
19262907
19260899
19253704
19240784
19235496
19212925
19211295
19204222
19192601
19176956
19169826
19127130
19127123
19133191
19126332
19117976
19103895
19097575
19085201
19066477
19066147
19066119
18085911
18084353
18079626
18078261
18075965
18065075
18059456
18057011
18052559
18044755
18026056
18026029
18024715
18023154
18019902
18018812
18018751
17992483
17991532
17990123
17986880
17986878
17986710
17985600
17984780
17984299
17970526
17966188
17965396
17963973
17963972
17963493
17962841
17949515
17949424
17947918
17947907
17939227
17936550
17933498
17927559
17924373
17923835
17917470
17915971
17904337
17903047
17899512
17898930
17885771
17878768
17870647
17870643
17855728
17853369
17852174
17850531
17786521
17765163
17763838
17721833
17720192
17716737
17707251
17703689
17694612
17690655
17689650
17682207
17681611
17679120
17675247
17674397
17665821
17645195
17639635
17635208
17625081
17622362
17621672
17612846
17609331
17604304
19326723
17595001
17594994
17594219
17592782
17592658
17588493
17587085
17577722
17568285
17568280
17568246
17564542
17563046
17560961
17560952
17559021
17552290
17551596
17550092
17545790
17536384
19266713
17536060
17519024
17510904
17505563
16440106
16436569
16435233
16429949
16411421
16409600
16344410
16282272
21714372
21703676
21703153
21693697
21676572
20979771
20963720
20932505
20926175
20923897
20889635
20889628
20886197
20865975
20844100
20838112
20800143
20799544
20715504
20702438
20696954
20691476
20657978
20655660
20653724
20644182
20614742
20603732
20598832
20595694
20587888
20557260
20494453
20472608
20464519
20455147
20451303
20443411
20443402
20432991
20420154
20408274
20401828
20397331
20397329
20397323
20354068
20332290
20305308
20228634
20221341
20221338
20216510
20187548
20186648
20186567
20176412
20175280
20157205
19162420
19156057
19142593
20583566
20420347
20201400
19087473
19085974
19082886
19074757
19074497
19069449
19067893
19062110
19059568
19055408
19054482
19052779
20443321
19036675
19030843
19028821
19020372
19016421
19016363
19011741
19000337
18998598
18997534
18983352
18981349
18978635
18974707
18974699
18971403
18928065
18922582
18851887
18842968
18817960
18809151
18801643
18773215
18768554
18729669
18715654
18715407
18703922
18693587
18692813
18690994
18648014
18625674
18612718
18606526
18597190
18594164
18586576
20021383
18583303
18577922
18573168
18570552
18569779
18560145
18558894
18551857
18551856
18551855
18551849
18542104
18535893
18535494
18533591
18525247
18524160
18514930
18511592
18506658
18506126
18504057
18501144
18498221
18495433
18493090
18492377
18488439
18486458
18484601
18461495
18457604
18454710
18447987
18435961
18433656
18429912
18424318
18424316
18412912
18408440
18405494
18402382
18378000
18373383
18350143
18334517
18326285
18324935
18322707
18308982
18308632
18304886
18302556
18301123
18291008
18281407
18281231
18280584
18280252
18273436
18266225
18261005
18251954
18242130
18240174
18236904
18229771
18226313
18221469
18219242
18217874
18207353
18198426
18195639
18189206
18176703
18172020
18164146
19441659
19441657
19430509
19430507
19398823
19267003
18161640
18156955
18154533
18095907
16779156
16739812
16268777
21765035
21729274
21571178
21546382
21531889
21530706
21511353
21473368
21469582
21446195
21435417
21416864
21415766
21410900
21381274
21381271
21378693
21365974
21337982
21325012
21311444
21307389
21303764
21283938
21282549
21260936
21251722
21229223
21222328
21187190
21173494
20879815
21168370
21164055
21158255
21155637
21145582
21128219
21124036
21118876
21063546
21048468
20620623
20617860
20592004
20576292
20531171
20512482
20505999
20490794
20484916
20429725
20414799
20404070
20395948
20394770
20392133
20380340
20373479
20360490
20333493
20305590
20230418
20222373
20218270
20190722
20173256
20142264
20136709
20113263
20110698
20103029
20103000
20102069
20100093
20080305
20070716
20063250
20059356
20047175
20047174
20047130
20044765
20044415
21932757
20018539
20014712
20014709
20013760
20001167
19998475
19996464
19963336
19328439
19602682
19722302
19771934
16597533
16331364
18457065
16433263
18973640
20023471
17849432
19165444
18586756
19159977
20065275
17662152
20697077
18044414
16528610
18856123
20222397
20955122
19731129
17467351
17311239
21518096
17583080
17400030
19901142
19625831
19490772
20705349
16024857
16650032
15763120
21497636
18390466
16080388
16160191
21488558
16205432
15632754
20550653
17993929
17726903
21820837
19154861
16771288
21062383
21254290
18402301
16296210
20592048
20466108
18353750
15960999
18990271
17176360
21156657
18682476
19822307
21718988
16157434
21365982
20537216
17073196
16468256
18597409
18269302
19592271
16418606
15888394
18533033
17319202
20865872
21194484
20966631
17499670
21444842
16700635
17455515
20843886
16505989
17440314
16294629
20616116
16313207
18494393
16986566
16445221
15984498
20873473
18542008
19160631
16320550
19735497
16621142
19478578
17929744
19469117
17509336
18523564
18246886
18190483
18482120
16493319
19608199
19874099
16105850
20430489
17290640
15945581
18667654
16185114
16841812
17515782
16849783
16311622
15555079
21277071
20629606
16411032
16499789
20807911
16032567
20109772
17703825
16358114
15984731
16126566
15769972
16362190
18244998
19382172
19410417
19202038
18159966
18525432
17643607
20050792
21192256
20935011
17650719
18052813
19539413
18695814
16821695
17620394
16677976
19552186
20576734
20346338
17909221
20064134
18465379
19736742
18046336
19737124
21952568
18384423
17976436
19180577
18772626
19894155
18519622
15829479
21404770
19468090
21287147
19928616
21362164
20129271
16675776
19469048
21935800
16288581
21071568
16700232
15728071
16307629
20382367
16755942
16863695
21678267
17087418
16496790
19669831
16640136
17345650
16805192
15717035
20679618
19531035
21205059
19192841
17007695
15887805
20014540
21778910
16555020
20187531
16268750
19443040
17438635
20187428
17711615
21087474
16967262
17334253
15754509
20727647
20806208
19570963
20879903
16614331
17986073
19491592
17926660
21118603
19586569
17175683
19168306
18504549
21595360
19812100
16009887
19748202
17440306
15713860
19698012
18838702
18953195
16077285
17087176
20722310
17626256
16507286
21269352
19397146
20065900
17679587
21416787
16779356
17168255
18360207
18585535
15773313
16686583
16315391
15824941
19929125
16566822
16995560
19096357
21481116
19965545
19892446
18975287
20368172
18682013
20403641
17067404
18940709
15959710
20077773
18027518
20097036
17609028
19032711
15813155
16396922
17018197
16050875
16554147
16092286
19250362
20670270
16921337
17486528
21177426
21262084
16165004
16772071
20889847
16359598
16047810
16276341
16281701
19541057
19999602
17212895
17983360
21910307
16877043
19630538
19632876
20956707
15631418
15928299
17495726
20940584
21495395
16454855
20873675
17904133
20874836
16011137
18250248
18511769
16448970
16291479
15816961
20848981
20042561
21348546
17727738
17117194
19849931
19883327
19632550
17531568
20471782
21636616
18361143
16218236
16354865
18786712
18684585
16403109
19303168
19390967
17658564
18070262
21217440
18998796
17096457
17689462
15546222
16802535
19891374
21232067
20938625
15851372
17112173
15994981
17417932
17959922
20094123
15575521
17537091
16617958
20943615
16818577
21169251
21341930
21323182
21702204
18179365
18626060
17537009
16789984
15566592
16295024
18023958
21164389
21057303
20141024
18488242
16501133
20578587
19383199
17428540
19775042
19856075
21460351
17925915
16965313
19033833
18941437
19763700
21692595
20516770
22049809
20049081
18399369
17803576
19032074
17347505
19250523
16122857
21819357
21403043
18180167
20039840
21169964
18806197
21388011
19223339
21496289
19853936
21572858
19395890
19104764
15984399
19860274
19597228
16279158
19361312
21349007
20890142
20830942
21406700
18628763
17363866
16957873
20236861
19785885
16598327
15698450
17874086
18728297
17883647
15659720
16875103
15747939
20836638
20945719
19811192
18070780
16830252
15590584
17239063
20392641
21821967
21658628
21039231
16614013
20193881
16006416
18443807
15896961
17991366
17880310
15763848
18835682
21220848
20390681
16989330
16550847
19751379
20410056
18615295
15793982
18267996
19006591
18261155
15813311
16911786
19185429
18282270
16035412
16344546
21290960
17169959
16490096
20841317
21335741
19025503
17823959
16959927
17593305
18721082
15520762
19042266
18843531
18027524
17721806
20169648
20225409
16396413
21592027
18764787
16594432
18578220
17345760
19696568
16141782
21709523
20925714
18411387
17262839
17724401
16314384
16164654
18005126
17544677
19850502
16533678
17152029
18386451
17233258
17263053
15521384
19911728
17565809
19003797
16313374
19395649
20019511
16779281
21087406
16493205
20177950
19293316
15961876
17485755
19690787
16879380
18403573
21569978
16879172
17139815
21438866
21667803
16879506
16988287
21776834
17175033
21135788
19154311
17716787
20155664
18034982
16983798
16478905
19415504
20436243
21804485
21894840
21246414
16927585
19584764
18469294
20434292
18260804
21813731
16425948
16598911
15793023
17347826
18588403
18335696
16970536
18760411
16044727
18083268
20078007
19025699
20709601
21144400
20146552
16987128
20854596
20586952
16422435
19307120
17179462
20103511
17526293
16122058
17261965
19326625
19261138
15656846
19448133
16127322
17533927
18464128
19174943
16215795
18472221
20854334
20393431
16237354
20940699
16517029
20654986
18164460
18847170
17516884
21894124
20118708
18071204
17419926
17937508
20004439
20002422
16403214
16913240
16191145
19922036
18359112
21575155
19897514
15689727
19416429
21805949
17094064
20950774
16737170
16490633
15672566
18661759
17467948
17238947
21526523
17667785
16438812
16276390
18784564
16683507
17412717
18772209
15543481
20232500
16287794
18302595
21350870
21404732
18324329
19055998
18842157
17112119
18448710
17035080
16093967
16045653
17185082
15805934
17314743
16925241
18977559
18946243
20369642
15737861
19171821
15788917
18479785
19857216
19291184
19341069
18718887
16634710
19018888
17024960
21536815
17252963
17018226
20229487
17310429
20803404
16594280
16430335
17562524
21462663
15967625
21139369
16082308
19390178
20834022
15886732
18828193
17634420
21536367
18800356
17935844
19152681
21473669
21542914
21910375
20587105
17092375
19289216
21735950
18441679
15618092
21193164
17010664
16285228
16544655
19811139
16636220
19506537
16708453
19327081
21675316
19788771
17168043
17053154
18820519
16806205
22069920
21034884
21658151
21651372
15750504
17559612
18063043
20057330
19240948
17585519
16520527
17006813
19467851
17870484
16530377
21226847
16519201
21301673
16114804
18269541
18773798
18627641
19782328
17128912
19505697
19006501
16903529
17972617
20624148
17684860
19294603
21808158
19387930
20920030
21469371
20414433
15571881
17900057
20663751
17549465
19883886
16379512
16539697
19499428
20238129
19923969
15590232
17690808
17482300
17163095
20929412
17545348
19609094
16303228
20937190
16260822
15704062
19668123
21482839
17883596
15699089
16900281
16313379
21071434
20880816
21155468
19357952
17174063
20948271
21139047
20712664
19534222
21044137
20639745
16492209
21407045
17565929
17651489
17006107
17907692
20525554
20512742
18504063
18557964
18000675
17032933
21244671
18239378
16862325
18038481
16309069
19271625
16267145
16859869
19773697
17378356
15754601
17297528
17564297
21480489
19653047
20671510
20592609
15641946
20229139
16687196
16964771
21091020
18069494
15562948
16458250
19775850
18775401
19082929
17696675
21246866
20666037
19740044
17130700
17178737
17826312
18540541
19055248
21661658
19433951
19629746
18466383
21116090
18465383
18032318
16764223
17198174
18482123
21462857
19042843
19284810
20536626
17705841
21087948
16507619
19202117
16733116
19376385
17367440
19879730
18236875
17766525
21303460
15942512
17214251
16539622
17950045
17059497
20837850
18724915
17170632
16502760
16648724
15530163
15929166
18796016
17966300
20025725
17869968
17604553
21142837
18164193
16475465
20081735
17225762
20123175
20679971
20478554
17334609
20135903
19151889
16235285
15540666
17010555
17953060
18030568
20124890
20471628
15871404
20533570
16773482
15974386
18757103
16972603
17557205
17700306
20121462
19573401
15870091
19287107
16204142
19945320
19592857
19619376
19177816
18241631
21717794
16755314
18405012
16553507
21531963
16624890
20081639
21862193
15797227
16610497
16132893
18157287
21527135
20054034
17295602
16162468
17664511
19709016
17060182
17495711
21424331
21626356
19237901
19835197
16425810
18792734
18505636
16526148
20000030
19568217
18300059
19430929
17691478
20503678
18483818
19682134
17659062
21156305
20687038
19257798
17490787
20851087
17082957
16245190
21614728
16043005
20116791
21135296
16608671
16766686
19909074
17636573
20578075
19057484
22082557
15644652
17286678
15682699
18781364
16969785
19694532
18564324
21037472
16879793
17017584
20458007
19826329
15755411
15524127
20813775
16521364
19736720
16244534
20220661
21173438
19917175
19225320
15935032
17137943
20650007
17673769
21957588
20069767
20659214
17958909
16299427
15656857
15995388
19014409
18648890
19318460
17684861
19437915
20541272
21682855
17032465
18992701
15607249
18047593
15957590
19803665
16595002
19266354
20465744
20178873
18709165
20879859
20935008
17516351
15839372
16894616
20638866
17486194
18060981
19590509
18041361
18982223
20025178
21278551
20882210
18930337
19095823
15817021
16476633
18082666
21896227
16945198
20428727
15841671
19805792
16537300
20046118
19412965
19395896
17633502
20019864
17598355
15986840
18336706
17701334
20708563
20716625
17370895
16684439
20617292
16872487
17440423
21190464
19835549
18725832
17351220
17584391
18629359
18479506
19140402
19738219
16878191
17619324
19338524
17309897
19699822
20195554
20377663
17413906
19568440
15521163
16095789
17990424
21548477
19202753
16001751
15943655
17016939
15644699
15653942
16291385
18298632
19458979
19957348
18073666
16210944
17697676
20545773
15840074
20973810
17966292
20103026
16405705
17508231
17578068
18680413
21493298
15671354
16308503
15597283
16960256
16255739
20160554
17437071
20081097
17951072
16553120
19260886
19512935
17110874
19040543
17410013
19642431
17177903
21324024
16777478
18724786
19879459
19712787
19211100
17383322
17679224
17260531
16676337
21055494
15962490
15948356
18347275
16499792
16300416
20547285
16423124
17419573
20965402
16652069
19335478
21456486
19031133
20401497
21067080
20180498
18293247
18801274
16627128
18020196
18839742
16296680
18942317
19435180
17622203
20531081
15980733
17656738
17040156
16327418
21108739
16857118
16447533
18446107
17601846
16282079
19773029
17876846
19253241
18299462
16754772
17584338
17466653
18998191
17692229
16796424
17007704
17150326
21278322
16601510
19262570
18496021
18071763
16092304
18269441
18952359
21618688
18622591
16431003
16177584
20551122
17902500
16144555
16362696
17764076
19525051
21563739
22128521
15678965
19282824
18935839
16913993
15911931
17171770
16760696
21243226
17009802
19723279
20564060
19597654
17625078
19919731
19967336
17077409
17110823
19580440
20214245
20587755
17170595
18218337
17039325
20671744
15848471
16359014
17329643
16789983
17077170
21708967
19865579
20554279
16808751
20816567
17434280
19267730
19660624
15671584
19125131
19058876
20441119
15612231
16605228
19006589
21404999
20843882
18240991
20113935
20658124
18341180
16610752
21515870
19204226
20008060
18564436
19775924
19562237
17099465
16926716
20450025
15616420
18459697
16370401
18251787
15525860
21473240
16008136
18986740
16438810
19366499
20453758
15948048
20958849
20647896
21507232
17939927
18007003
17111239
21238893
18043950
17394226
21368544
21154091
16948381
20679260
19536965
20397808
17032598
16800908
16633970
16119488
21486437
18990095
16039735
19192986
20540168
18999287
19101804
16630997
17058756
15733808
17571336
19460607
17478652
16295986
17234063
16531352
15946823
19828279
15854116
16408459
20569188
18022831
21214136
16055803
15915739
17565451
17405777
21044354
20646901
19752684
18570011
17905252
16914106
18083689
18345997
18723367
16809915
18485268
18211638
17238623
17390949
20645668
17066965
20081635
19041209
18307685
15575423
16977900
18842127
15771650
17932992
20809276
19581180
16310435
19969443
18540798
16466349
19938331
17252970
19421735
17695944
20187949
17707499
16468543
19728198
16477410
18849465
19642899
15704622
19947125
21651660
19961973
17001836
16114761
17514396
17252076
18675766
19717483
19939303
15968915
19721022
20148863
20125045
18208731
18232614
19386949
20427000
20096961
16047995
20544477
19327315
20026689
19226477
20180338
18836325
16122885
18264188
17688563
16297782
21534900
18668612
20187719
21610614
20189746
21323082
21467937
20444061
18334246
16711333
16005834
19264748
19819097
20940212
15552222
16458648
15530766
19186632
15974047
21287773
19263635
17878134
18043783
18294222
16045423
18175246
19755882
22021468
17364403
18069003
19678797
17351490
17304080
16725021
19194685
19132186
20885301
21053516
16477857
20546288
17940343
18417731
15850870
20046114
16490561
21658713
16292626
20671001
15746496
16015522
17345975
21308343
20411613
20540387
16634727
19769017
16815053
16393486
17674613
19473211
19602539
21624511
15746779
20610465
19258829
16522511
17296688
19916822
17563967
17469367
20064269
19589164
22124875
21591382
21272278
15875750
21521566
15723024
20801997
18078210
17308454
21099083
15528290
17694233
19863442
19344586
17394639
19440785
21167451
19846270
18758315
18283061
21449872
19558937
15615285
21289022
19838840
20835273
18774436
19925399
16520677
18632507
16124449
21801946
20103070
20053674
16043982
16614455
15889886
17575939
16804364
17598932
18238838
18059195
20591803
17767720
18676528
16918738
16803806
16167717
18298865
20371073
18791747
19648849
17679265
16953999
21430003
21796266
17635257
15584342
18579272
21278668
18634745
18803577
19780514
20443409
20848376
16374205
20605530
20356950
16280973
16688971
15953668
18409322
17372114
18770101
20536490
19218308
19011318
17608890
16834883
17303018
15688924
20976486
17932653
20551371
19018749
20590506
20100749
19597222
19024225
15805359
20091058
17477224
16568462
17095179
21443827
18650645
16227897
17161757
15895765
21690604
20656288
16985408
19682405
17477232
20681485
15867115
21534878
17071207
15680834
15667359
21480490
16048467
17704676
20940210
15994057
21782168
18517102
15528284
17969576
16378254
21229866
17261852
17895516
17162118
16838676
16698254
17713192
16980791
16773256
16633300
16217635
20175335
18378730
19491686
16581257
19958410
19266991
19892820
20009750
17506899
15633057
19581110
17905084
21736109
20083373
17099191
15551613
18493712
17664093
19726018
17347114
16487895
21311252
17932723
17332813
19275841
16240145
18179373
22040851
16343637
15760796
16501534
16834578
16580370
19797339
21853633
21063675
17285953
18728136
20215750
16736827
21051886
20306616
16752168
20018543
17577175
19929235
16167658
16401532
18985624
21518675
16888600
16821481
16084187
19266765
18548869
20177688
16717484
19307523
17158277
19674744
17144955
21207772
20619919
16125030
21879653
15864824
16386404
19939305
18637748
17969796
16262830
17364846
18157447
18022039
17943605
18702636
17959642
16581630
20448233
17544614
18996769
18194526
15543666
21114716
17658419
19444493
18026054
17937024
17291199
19580536
18341751
16174925
18290920
21072099
18516679
17523031
16092570
20199766
15527578
21642732
20970059
20236860
19474593
17139466
19800037
15644700
18512304
15989116
21046535
18569854
20921917
19650070
21039589
15715075
18377447
16097606
15584185
17378463
15938105
16679961
19055266
16086536
21575842
16155356
16893143
19019520
21469515
16043983
19816163
15587546
15667759
20931472
17098156
17267724
16523589
18318001
20108146
18350510
18666911
17610604
18270924
17344270
15646122
15933681
16234910
19793719
15751330
18979706
19020144
18058301
19916075
20443419
20128754
16988083
17079552
15778151
19946946
21282277
17964976
20860433
16442453
17645791
20658424
20834202
16868266
17003545
18074752
16676754
18401936
18619086
19223909
19772228
16324544
17676420
18453903
17219935
19220917
21154090
17327715
16443137
21834433
20211394
18259995
18681349
18780888
20620810
15792264
18450682
21536611
18500280
20350914
21545640
20116122
16014211
16534034
20178571
21057228
15729991
16192540
17955745
17898243
18557553
15785225
20378728
18773780
15597001
21460690
21077929
18757313
16519091
19924580
18946244
18763352
19351919
20445451
18700267
20689929
15970856
18460906
17283821
16500251
17803416
19906503
18261697
19832982
20013938
18653816
15893688
17420109
21372646
15887923
19273399
17985969
15883465
16274348
20492062
18940027
20568976
19324026
17960429
19826332
20501560
21125707
15992202
20427307
19033167
18271833
16864638
17413404
20434085
16308983
21205545
21626323
19943593
20598282
18855228
17592978
17065946
21067730
20877772
19711135
19300002
17200172
16479681
15999913
21459864
18469606
22030660
16749539
20402374
17290095
17452019
18816373
21351840
19622467
19594340
17852998
19719376
19467756
19768638
18349491
20948248
17066971
20441017
18976246
20825536
16986357
16285120
16722919
17128734
16466484
15817908
15857442
18498924
18577133
17762904
20070633
16850023
17430444
21537070
16842344
17011088
21484016
17491214
21199163
17591532
20352312
16206095
15977519
19745393
21358385
18193482
18789626
15624706
17440782
18778557
16886245
21270415
17283703
17324101
19819206
15858686
18545764
20478753
17425280
17313089
18536588
19968947
16126601
17669067
19859000
18558170
17719361
20542793
20453187
20146549
16936519
17684110
21513050
19640169
15971339
21371373
19271589
17883235
16843871
18558184
17475724
18775835
15669932
16471297
16354863
18229993
21527171
19126176
18082998
20584361
18319403
17345982
20875182
21795301
18380050
20011806
16675364
15876471
20091227
15769971
18092662
19731577
19996471
17903223
21825946
18474054
16213693
20403305
21475342
20443408
17688476
15819162
18715389
20088016
17988769
18573018
21699033
20224459
20547725
19216483
19777385
17000473
15706813
21358395
19094381
21384219
16081572
20095098
18426467
17579302
19809782
16937216
19966703
16255162
20643993
21384792
21471911
15729776
19954137
20536517
18069917
19824977
20064805
16584673
17054752
19427812
16344631
17620395
17542348
20510843
18001656
16331828
18496250
21577079
20670819
19419546
15840071
18161229
16204264
20368659
16291438
17976287
18278613
15822366
19647970
17997264
20208974
17976128
20095297
17727581
19060821
20921483
18316450
18274244
19234002
17473981
17505406
21911632
16749538
19653153
17723988
18051971
21734133
17715167
21070435
16041160
19739424
19048572
16085745
17718729
17042017
18792656
19576803
17453872
19234003
16327299
16802313
16944381
19648600
17134941
18950921
20046119
17346355
18717919
20063584
19648694
17587559
21242157
19023840
17426196
21170816
15843180
16529213
19426621
17009570
17655543
16264176
17375228
20224516
20532135
18081185
21458151
20023491
20077984
16275521
21050203
18690005
17070032
19524899
16224411
16529285
19042825
16286431
18614912
20088318
15997964
20044846
18463881
19354085
15774391
16430351
19283974
21462062
20309560
19670004
21130536
21616755
17305106
17803400
18638713
17686712
20344988
21491223
17054446
17700902
16485590
19490299
19609179
16225666
20430654
18370891
17828007
18392546
19670653
19017601
15756360
19694845
21844108
19046203
18329000
19473376
18717767
16604867
19005190
19254309
15748072
20701201
17826034
22008181
21178749
17618077
19204212
17396446
17049696
17725116
21491756
20851696
21824231
17828675
19801374
20713425
18754818
16555640
20174934
16362252
17084769
19591059
21756579
16485800
20579116
19723738
17286203
16627842
20942256
20331888
15889866
19714253
15720932
21278650
19152282
16830247
17459128
21926511
15799673
17660859
18693980
19996463
15765641
21117549
18584997
16176116
15536025
15756397
21029279
19505062
20553584
15536973
16884798
21045640
17274147
19318852
19275825
16928282
20598825
20163754
18684582
19666880
17459630
18983365
19029313
18693411
17455875
19899258
16239979
16496661
16221314
17219528
19492659
17414733
17492993
15852052
19901541
19937780
19708793
19273394
17004660
18520798
16623294
15853292
19874096
15626152
17640382
18073643
16502761
18953776
21104212
19584756
18931399
20664547
19024048
21537321
15612232
21359255
15662173
21311270
17268940
15526053
17019450
17616329
19694232
16221428
17179844
16874640
15940531
21659815
19171331
16267184
15853163
16427245
20542366
15825592
17712643
15544662
20081731
19363010
18465381
20476517
15999859
16749658
16022616
18322027
18725355
19962624
18316256
21208412
19462352
18329827
16572537
18497510
16538290
19097516
21349049
17883790
19293351
16909724
17881092
17870011
21667703
21357911
19966315
17914337
17667030
21316906
20921889
19112264
19628236
21321466
20806648
16629255
20142011
20119895
16126602
21710011
19194251
17935600
17393971
19183236
17717442
15877590
20816104
17919875
16866176
18381518
19067298
18982881
20712109
16835551
17280921
17694224
18608064
16839431
15779615
16579251
18243334
18587257
16180386
21136226
16493293
17185238
17000350
15706278
21069603
20530395
18506339
16883075
18203568
17605068
21185992
17042837
15624749
20463485
19175220
19199850
18063540
21265628
19936554
19413269
19736818
18087681
21605435
20196713
19065621
20590512
20187349
17095988
17474573
16204445
19150094
19403574
17690596
16456209
18393058
20027018
16045646
21766898
17509280
17538449
21478662
21718834
18042573
17489499
18397559
16671031
18288117
16447784
18049253
15802413
15557551
17970366
17972533
20699733
19402810
18426460
17854729
18205251
20202350
17679241
17317474
16697096
18426783
21115471
18214069
15685966
17219938
18809120
15530751
17474799
17154112
20640516
19474647
22128511
15635789
19298361
19462336
17244295
19352570
19412094
16076279
21107270
15907667
18035070
18768345
16190837
16353511
16715033
19454205
18985882
19762106
19701783
16873049
18165898
16622817
22030933
18059398
15833479
16488347
19088482
17227745
22071936
16651353
16636733
20223310
19508137
20878833
17116556
18855055
15915734
21521624
20868254
17889494
17353810
16988951
17092860
16900272
18928190
18819716
21291327
17927095
21523983
17482301
16009289
18580429
15865575
15921356
20952243
21436706
20679561
18421658
19589709
19101224
20414613
15850266
21404807
16439499
15552806
21404141
20160552
18269421
17283959
15829472
18307461
21234746
16649826
20636586
18080337
16418201
17901183
15970016
20102928
19635996
19426945
20235774
17381482
16553054
17630555
15581424
18317802
19736189
19557400
16585026
18165889
19372121
18565855
18252933
20060719
19606196
15648370
15985504
20072029
17371742
15744142
22046739
16145365
17079619
21284562
15549016
19888953
21789766
17580774
21404783
19302633
18195414
17948953
19125119
16781441
20356429
17309550
20180380
15803333
19619368
15965388
21729322
16575376
22010523
17540139
16330624
17145489
18810616
17945013
17572055
17442027
15835472
18845476
21240082
20096114
16846818
18575943
15860071
17451910
20975399
17184417
17727987
18324313
20004798
20438007
16546507
20712549
18374431
16617243
20603909
20082054
16925372
20473206
19962475
17100864
20535677
21678804
18090444
20593644
19732512
17661968
17210502
15767266
17850523
16850152
18546569
17709169
17213005
17578394
15588267
20108789
19855258
19152057
18520428
18790477
17924286
17054862
18754982
17080329
21053696
20646238
17635261
21272820
18211529
15743645
16874910
15958358
16499252
21388102
21991862
19719892
19923526
20011821
19687180
17384313
19430414
20920105
17919211
16675765
20195948
19116393
19694843
16732343
19263772
15633072
19304808
18999065
18360836
21818983
16532164
18678582
17727404
19175637
15931800
20060970
19366937
21977770
17026762
18808733
21646916
15706817
18661855
20803390
22135843
15751766
20553402
21074180
16426426
17004023
16700695
21788541
18648892
17925496
21764242
20302989
21334805
16134540
21057070
19924474
16379447
19232691
15973342
20713746
21446264
18030958
21443779
18258807
21471910
16968312
18665187
17697762
20955603
17165076
17982948
19361090
20708368
15798925
18047457
20131741
20069824
16598326
19039740
17263097
21160349
17895495
18794703
19506585
16797268
18728949
17408021
21548348
17883735
18043526
17343021
15537718
16010140
21218211
21335575
16998856
21164414
21337988
18649824
17347512
16149976
16583345
16764560
20215627
17886424
19880940
16430759
17949622
16790451
18687247
22073695
19737125
21476819
16464272
15577290
19619095
15886176
18192128
19688658
16730602
17469364
16912103
19824096
15968876
20529510
21108428
19850549
21259276
15913067
20353663
19945914
17541315
17502432
15639043
19006594
21307157
21560898
19745504
21169868
21910386
21036526
17112987
20193936
18394512
19107768
18700088
19227688
16929473
19243624
18716485
16681285
17955211
16710762
17885384
17229425
20708255
17372787
19926646
16358953
17643713
16676811
17669309
21505573
16719930
21809292
20830836
16109119
15656427
17617757
18019305
16371681
20680124
16166868
21312092
15889803
17299466
15609749
21051386
16528905
15585426
19825711
17658006
18702778
19333972
19008615
20673256
18401650
19653387
17694888
15602279
17665062
20054163
20217481
20795613
19187877
17340855
19161482
19766889
19117537
17198753
19537189
15781508
20170911
20442612
19575718
15838411
17017751
15673348
18358940
18522372
16697614
17604262
20934211
15542506
20569870
16538779
20654811
15590215
17719850
16700500
17328807
20963669
16106330
15808121
18622219
18097726
19715893
17609050
18810663
19177891
16515427
16632765
19762418
20673620
15819535
20795960
19927964
18215263
20013110
18376652
20946037
18242941
16239050
18190370
22106614
16424717
16362467
20966866
18072450
19941657
17924190
15987405
20664419
21704797
17287039
19228301
18312617
20579640
16359084
18798714
16858457
20800198
18701851
21857013
16106331
17537739
15980081
21138574
20706180
21768431
20510841
15529194
20069472
16803941
18283770
18545734
20090658
20154475
15866006
18614905
20804881
20656695
16011811
15931020
17115134
20178588
15677529
16135165
16466326
18941964
17625659
21368264
19798831
17187548
21727791
18664711
19035033
20552857
18182885
16618324
20143102
19060825
21674523
21680669
18551881
19459753
15566623
16014582
19339407
19383011
17453071
20946442
17570911
19704292
21183307
15567905
17990156
16600982
18674473
18807299
21037439
20693726
20719752
16425903
18641520
15963865
16336373
19231704
16877622
18442677
17452605
17899388
15706160
18535074
17425278
20444773
16182093
18829830
16553704
15628651
21111375
20394519
17354504
15842442
19535929
21882627
15931644
18728298
19388383
17518885
18560219
16997633
17305958
17039986
18431889
21228095
18283063
21270639
17327759
17062536
18210983
18332745
21427590
19761589
20651199
16052178
17848041
18679147
17180555
16189328
16858046
16721664
15762900
16637416
16938787
17397490
20469620
15582339
19020436
21615457
16121877
16547782
19140201
15777363
17592294
16529850
21155638
16297662
17061659
16481639
19375525
19445616
21476424
17707077
16473979
21679451
20008431
18261411
15561157
16996767
15597936
18797726
20838131
17031733
16480351
15655433
18717278
17509938
16359735
19999315
17650354
18322029
18423616
19401093
20635642
19105562
17785024
15732888
15867495
21476322
20614401
20576673
17494508
15870615
16513375
17149993
20557417
15964735
17324602
20857374
16613801
18989650
15787068
21489268
19168948
17883657
20940576
19714367
17524863
17711769
17375685
16724375
17785690
18808636
17455101
19281677
17004397
18799642
19585071
17007309
18344821
21471071
17822429
18179258
18605344
15777141
19605422
21586988
19418788
19636534
20459834
20496423
19884355
18708533
17119491
18270772
16116783
17200477
15773598
16166409
17722671
18515743
17275693
16355555
20652527
21709719
18181847
17044575
19291084
17472517
17353711
18775402
20633073
21429956
15693577
17850296
21558335
21621729
21271385
21229601
18222056
18844250
19672696
20048377
15630930
18038294
15685261
19671133
15973840
16473123
15916259
17496680
17101077
18931273
17917945
17065869
18612088
19024782
19411529
17897147
18450878
19609142
16279332
18515437
17872750
18481613
16209375
17395358
20303228
21938999
19122982
19433953
20701999
19860059
18822590
20179660
16384766
16450742
16960535
17220384
19947046
18289187
16996372
20032989
18499522
15860054
17368692
21182434
20349639
20715648
17328824
15718575
19390962
20151854
19584763
19531081
21807682
17485577
18569047
20921095
19179560
15538582
21831026
17718377
17402647
20863345
21164415
16476683
19008269
16642249
21105897
18069516
20429124
17040159
20108142
19121194
20035196
16741692
15849518
18681371
20630804
20540625
16832224
20806665
18277554
19645706
16875100
17593384
16499531
20684124
19734646
19088487
20595693
18482146
20961000
16218057
19639850
18043275
18665429
17436792
20574186
15690593
18317851
16787911
20520216
20488607
19828530
21420535
16229934
17116348
21862812
17328990
17927846
15684845
19033173
15684026
18039253
21646983
20603028
19084895
21570888
19005339
20798083
15881732
21086668
21314920
19073783
16522492
16635160
17718731
20420549
20852473
15807759
18761842
18727765
20940569
17510001
19914086
16637448
17324178
21062579
20386308
18803997
15672336
20401971
17026438
19467430
16511578
19085896
18769104
16844340
17724863
19180636
18584492
15699653
16550986
16849746
21385448
17301645
18350458
16859868
20089197
15589081
19305447
21450048
21449483
16442991
16039465
17932359
16161382
18198360
17987541
19646130
21943076
18187246
19833331
18690123
20827237
16363014
19381055
17880480
19335479
17577028
18229562
17825729
15659922
19433836
18794025
20112445
16111948
16776489
20546465
15720988
18711905
18709672
19635343
19709015
21167040
17098679
21323844
15590225
17681395
18728512
19386880
21876449
16468255
21911555
19433845
19447319
19273865
20596688
19878479
21987993
17929734
17975253
21676049
20960019
17895295
17629737
17519302
16567752
16272899
16138795
16611513
16136927
21029353
15728955
19156472
17873249
19592365
19253265
19039398
16398009
20535908
21823498
17437656
15764361
17395968
17944701
21469488
16735667
17588280
17845383
18924272
17718039
16306277
17644700
17063134
16370189
18219209
15853778
17522003
18955844
21073122
17431698
17334470
17100721
20533577
19143692
17666999
18074416
20572537
15772507
19891756
16779794
20118886
21806649
17679660
17414277
17142653
20182963
16788840
16185370
21426615
17440296
15912377
20537764
17028624
16330721
19664414
17003733
19715623
18657673
21375100
16112527
19537147
15725206
16553927
19680310
16680051
20498011
21191121
16877285
17192523
16922113
20099252
16416155
16499674
21842830
20925710
17706426
16186466
19143904
17876982
16802653
15970421
16710138
21661489
17688480
16565276
21319427
20492016
19401360
20368662
18350471
16964732
19738217
21504259
20124813
20579296
16850245
17468943
18314837
15800346
15952946
19171091
15693685
16826058
16801882
17421106
18046264
21419261
19270238
20499784
16881590
17852989
15940050
16108943
19684629
19582469
16685243
19675402
17853168
17892990
19248431
19633917
15930933
20799394
18350859
20508241
17917439
16331362
20022534
19566517
19588080
21273025
18279924
17332570
18941036
17853657
17060177
17201722
19558371
19404286
17590488
16450233
16823638
17996173
20955563
19811215
21957552
16679853
17536991
19204615
19238355
20104404
16191850
21248573
18462285
21294061
17567302
19689554
15641666
17917941
17564544
21788286
17020643
16638946
18702651
18196694
18762405
20629279
17111282
18437069
19106282
17475127
21061308
21306391
21492799
21269458
17364579
20014744
20590509
20841683
19765326
18837657
15644694
18393740
18563012
17250771
18519312
18694714
16252381
18325459
17604464
21926498
18332276
19736656
18448502
21703897
20337952
17432333
20047353
19306974
19197608
21575530
17991928
18087020
15604229
19141180
17575439
16734272
16203057
15533098
17373097
15560292
20158320
19158526
20038194
21074332
19072456
15671770
19948297
15800302
15580819
16956715
18561737
19320132
17003144
21459254
16398251
15983707
21569228
17988822
16762052
16507284
20039790
17062510
15754503
21673530
18648956
18337049
17024547
18551225
16224652
20067684
16116768
21568720
17211702
16473730
19382079
15741473
17352299
15663613
21780095
20562371
18311407
18566078
21265635
16235392
20638322
18751998
19741381
15653242
20592521
17441366
17270279
15704514
17597262
18360885
21226886
17695825
16398601
16259344
17309812
21715558
18467294
19284167
19099037
19024591
18619794
18090383
17985960
16353659
17888804
21738072
16368096
17854736
16354844
21273206
19969315
21149871
18560286
19438113
21599531
20665409
21457843
19150912
21299991
20107763
18057177
17233863
19118468
15871403
19379514
17953919
17173161
21712210
20068465
19181201
19105666
18057473
21300920
17879550
17403768
16109292
19680298
17177929
15777478
17375032
19963385
20621905
19484846
16594192
21301667
16076894
18853532
16714975
20575479
21443835
20942266
15575126
15974046
20980380
19360209
18815504
18619631
18075638
19657936
17931255
15540835
21221001
20156934
16296911
16330905
18039298
17175590
19650034
18589900
19952152
19372126
20511179
21842015
19394018
18552258
20843424
19705981
15579518
20579138
20106468
20136471
19136306
16004098
19388385
16098117
20660602
15566452
18407728
21090159
21650136
16185637
19154298
16409213
17535540
17461372
21569613
16500071
19832891
21329123
18972100
20083916
17667008
20617536
18461232
16782251
19652745
21839909
18044985
16092300
16124075
19062302
20482950
18043775
20515602
19161172
19157813
17668735
17299901
16274169
15833469
17147069
16938691
21498782
20520118
21470031
18199300
20967480
18520670
19321069
21241205
19432910
19011420
17716085
19092481
18839731
19913187
15716810
17672390
20812124
21180834
19364996
20419988
17496828
15567874
18294606
19296417
20824361
17964900
20008828
15862741
19437874
17164933
21045577
19181371
18512565
16222404
17570053
20803913
16388772
19012786
18042214
16604802
16764196
19117271
21309404
17925064
16719422
17966731
19378630
19364895
20972949
21425361
21188927
16830017
20229212
20068505
21982519
17545353
17098513
16923032
17079613
16497309
18786218
16435037
16141741
20617280
20825891
15802284
18773795
17158034
19125514
19164259
18092495
18372809
21786855
16530114
15558403
17579305
20196285
18041329
15915843
19234423
21952067
18724535
18515435
16206812
17645954
17427172
18378147
17595405
21109549
21684391
19537534
15819837
19930072
17558877
16519072
21893651
20051186
20142578
16316439
15680612
19504677
20817453
17766072
21884356
15839046
19705429
20010373
15915059
16494151
19761482
19536963
17653493
20716478
17044437
19249104
16049209
20051430
17067869
16997822
18423061
18179495
19527558
18587619
18294534
20667700
17540180
18454779
17522789
20466750
20861835
16920242
17649750
20102684
16047512
21518295
15751435
21419684
21191167
19953866
21467897
16911172
20920073
16447529
16116366
17171741
16829831
19736262
15653255
20925719
17086298
15902009
19739312
20498101
17341248
15582782
19411582
15579354
18551570
16193599
20660807
19843492
15521111
19289342
17170547
21245766
17111944
16515253
17983362
18388681
18444857
16198571
17135227
18247179
18414325
19246134
18452594
18552685
20015124
20192715
16739316
15895331
21714189
16143023
19620146
19694337
17623502
19945603
17767930
20306615
19041210
17889971
16808197
19349260
19292630
17011909
16681123
16444341
21459176
19838742
17637592
18617706
19885649
16756519
19223813
20466537
17964856
19470234
18181013
21044992
18182785
20698232
19591624
18385007
21323492
21916106
20331544
18561924
17210544
16984678
18038831
20031893
18000948
18542006
20609689
19197698
19140357
21879626
19632844
17717882
16366372
16958714
19327295
18202203
19560304
19567712
18069316
21330895
19625210
20497268
15544693
19000404
20159423
20677061
20527720
15718179
21325099
15942376
16261128
17062420
19648597
19408494
15761629
17945887
19268741
15812616
15893208
16643262
15778555
15921985
16983965
20974322
20220626
19054930
18603173
16979311
19052185
19646173
16520518
18027619
17385732
17616454
18026943
18362004
20684035
17194871
21739732
20363075
18774180
19141403
19485881
19002154
19833668
20491591
17253331
17639097
16573671
20947875
20558463
19297101
18192156
19405453
16867302
15674163
16434916
21704110
19184061
19190999
18621955
18048200
17685911
15900979
19857414
15532251
16895242
16258930
18561558
20824338
18565816
18690085
15602309
21506058
17615076
15868336
21199305
16018301
19483575
19926243
16318052
21561516
17394516
18970983
18718165
18611313
16822470
19119734
15637849
20302064
16425897
15861917
21751718
16235143
17327741
16219606
21709298
21414688
20461671
19242088
16981989
19189061
20872774
15582644
16856286
21499198
16627325
20004298
17083558
15742601
20026835
20102130
16639190
21595812
15657160
17294778
20927739
17619598
18810650
15832609
18496090
17314586
19682355
20067327
17366250
20476659
19558289
21188513
16949289
20461348
16278137
16554394
15937267
19538795
19716063
18525311
16617893
19029525
17411559
20026995
17095422
19495942
17530539
16333641
16939708
17608243
15984459
18286982
19413583
19534188
17353747
18982930
18386454
15772212
15824697
17135854
17686602
20387186
17546531
20722884
20657888
18352918
19271362
17709355
20602584
21854249
16633769
16756536
16320432
19263821
16440030
20638813
22030646
16352972
18044231
18384672
20662280
18459477
18849744
16355916
16703440
16430003
20919958
18426469
19272644
16203647
15575186
19898100
21120408
20500352
20855129
15876987
18785347
16813541
18270498
16423771
15859964
17443664
18038817
17426424
16287816
17565880
20039229
20394518
21399850
19830851
21306064
17389409
19901140
18649812
20139148
18590978
18926447
18429450
15937688
21402307
19582459
21440811
19061201
15672062
19146553
16449676
18520646
19196860
15718178
17366227
16444082
15937037
19955045
15613144
20937185
19118463
18540547
21559280
17544139
20003236
16372599
15745173
19702674
20925292
20047770
15683271
20162763
17090996
20039842
18085602
18695611
17370455
21091702
16464994
19933247
18678149
19945879
18254830
17709172
20516766
15552888
21542775
19636171
16128974
15804125
16525169
16798177
20873399
17191258
19011232
17634894
17518166
17491498
17872817
16390834
17040534
16598520
18417441
21108908
16536768
18271651
19750836
16987792
21666976
18000441
18727751
21952572
16156194
21129179
17268208
16957458
21702400
18935780
15601409
19101926
19877326
17083100
17012496
16442424
16396223
17243271
15726868
20463515
20684403
18550482
20675413
15713915
20492070
16878532
18518971
16260138
16865350
18164791
18690149
18426452
18335873
16623604
19056617
16416888
16393440
17694882
19574538
20708185
16262092
18721358
20118697
20671079
20852506
15890057
19106278
20523230
16287524
19057236
16674782
15735561
19081704
17881316
17406111
16568596
15989830
18095075
18547298
18826611
21470427
19485862
16713512
18946949
17067753
19935109
20123674
17433462
18349006
16156331
18563015
17181083
17065659
20003350
17936452
15998164
21246400
20394514
18209158
16706319
20652759
19791679
19068141
20063516
21882797
17766668
21960374
16093987
15737235
15832644
21123407
18643804
19124861
19102436
16215395
17427438
19554857
15573006
16366181
16401055
20308351
17683299
16793855
19502171
21952064
21505224
20564090
19896254
20921888
17266405
16406620
17100384
15651946
20720510
19212178
16544676
20599101
16470251
21397885
15921986
18378086
16925257
20139217
17956371
20653376
19272541
18330403
20568379
21469036
19488838
17507591
19117883
15913074
16945469
18193593
20208049
19572068
15999639
15788949
15829397
20597731
17400033
17142604
19382508
20226917
21135620
16825668
17306547
21214989
20487062
16219516
15717876
17222832
17502810
19669802
20659400
15597565
17683656
16189057
18756163
20528703
20030774
17901454
17889734
19004044
20544300
16362718
19423987
20799486
17045718
16415748
17335639
21586166
17165379
18656079
16102378
18567130
21801517
15817597
15937816
18476647
20480972
16091096
18751333
21711124
15586209
19800205
20480209
16112526
21482389
18834015
20030702
16170422
15831541
17582830
19356201
15853087
19400397
19266944
20535503
17445107
16967393
16100540
16317563
17578393
16905490
20149164
21255498
21091400
19842526
17596085
21403142
17334721
16402673
18618195
19265789
19811630
18453350
19774357
18293243
15803086
17665071
20567847
18827093
15739735
19460244
16095450
18371553
20201147
17425124
19434217
16602663
17240040
16704391
15566443
16789370
17161046
19033181
21826968
19331058
15840079
21955399
15743155
19492647
21963923
20554475
21668320
17310344
16427833
19423279
17220387
20423912
21307687
21576606
16439930
20573434
19806816
17145513
17940783
18791406
17152914
18786014
15723029
21125968
21155308
19187168
20858338
20572859
17276792
19191819
20446110
17514398
21067256
21143303
17688785
17931143
15994607
18806181
16438717
17057164
15761453
17696982
17551283
19248345
21546787
16009286
17492988
18649709
16912577
17081744
21700150
21922692
17499569
15999001
19255106
20562562
19378859
18297410
19479688
19961588
18610695
17050750
19247013
15861913
19008272
18438533
17476076
18416779
15552384
18561619
19925650
21435541
21252660
16605041
17953232
15515306
21199299
17496709
19886974
17681469
21457504
18372378
20423428
21673199
18236880
21282220
16390534
20491212
19999254
21532080
19822227
18386449
19093352
21457410
21449185
20959735
18832107
15754566
21162380
19663712
20211953
15574727
16169392
17582866
21868477
18638011
21137520
20417261
18842971
21418581
16943717
17268138
17356351
19446095
17099104
18407380
18573661
19351312
16775977
16719429
15841528
20191888
20697235
16356875
15747916
20171448
19131019
17437826
15875749
18607833
21317594
18596708
19694105
20579168
17337152
17342454
16471165
21299276
19609542
18361145
15604527
20064055
18083238
19689767
20551738
15967010
18269054
21714895
17535343
20430775
15637511
21298944
19644419
16381366
16422034
21718869
18392540
19471254
19996500
17760913
15584654
19237475
18038527
18073258
15940892
17263062
18335898
21330327
16829723
16439321
19159080
16879417
18320903
16882102
16541164
20009825
16573021
17627408
19918088
18724524
21507193
20442341
21140771
18350213
16622459
16143738
16700350
17929709
16406785
20597710
16673625
19271457
19327625
16166865
21388907
20363709
17375230
21034238
20579839
15789292
17655996
17577420
18053765
17296378
19365937
19243459
15564361
17710962
17112015
18174867
15730365
16361938
16267979
18927100
20393971
17009141
16396688
19281702
21286905
21354820
20537127
19008145
21469291
20070794
16248257
21749555
19930079
16092163
21458038
19848030
18392632
18466386
17146204
17022891
17569442
16983900
19493147
18713199
20882095
17054631
16455183
19087770
18687841
21585591
17117247
18368873
19258838
17286671
21460713
20461349
17394733
19775771
20374986
15919129
18037444
16910946
19290573
20980666
19898785
17504584
17905234
18454986
17153572
21430578
15931047
15914080
18379288
20598829
15934550
20168196
20609033
19414298
16416401
21237366
17454795
16838755
17036151
20218938
16720262
19179868
16480558
18277222
18724547
19159873
21608344
17594546
21416409
17390924
16721159
18090775
15924563
21467056
19851135
16428559
20586268
18245212
19365314
19389535
20919573
21785306
16450935
17224696
16700856
16911174
19824525
18371051
16773425
19784911
17495574
19935593
16076897
15668077
15816698
18324557
19125754
21381554
18947099
17935243
15537462
20497991
20591747
19567690
15988947
15971736
18438260
19166437
18229651
16584106
21388095
18387301
17721968
19191937
15787223
16422039
17718732
16026904
20015357
16524997
21545984
20222245
21422361
21137705
17693437
21216080
20621900
15539975
19522907
21123751
21435571
17654385
19851140
19141996
18161468
21311260
17241251
19922005
16740565
17284550
15984179
18584998
19659407
20019513
16462446
20975520
16833053
20526926
20674500
19180006
15660147
21404720
20170324
19752703
15707097
16927166
16850437
18689293
18776749
20151088
20695830
19430246
20628189
16562640
18234092
18054872
19836601
21381579
20862415
20704096
21087463
18843058
17419468
18086977
19952624
16137578
17727585
18048503
19239596
15939493
19642026
16005235
19135732
15904885
17445135
18302874
20622762
19132806
17908530
17097757
19689757
21419248
19272153
15551517
20347565
18519116
19663714
20584237
15966124
17021286
16688967
16825242
16436171
17461369
18796426
19544075
20841532
21346444
17319254
21211662
15945363
16679876
17955886
16808736
16473694
20432883
16173006
18835724
17073198
15640535
19143956
16890860
19861695
17263612
19694861
18693633
20540858
17296230
17644829
20589153
20144942
16978415
19798773
16394682
17592973
19282562
20075127
16411877
19207051
19008976
21191698
17577552
20428391
17290089
21425244
18096716
18033960
20144440
16844795
16459140
18446731
16777687
17364077
15917504
19230935
17258361
17667645
16710764
21477493
17611823
17266765
19591308
20026721
15598725
16442912
18694471
19843046
19765742
20379915
20470294
19058079
16512033
17242857
18980036
20647793
16506932
17641075
21770881
20032930
17330297
20618313
15566606
17473811
16484121
17405392
21599562
17403971
17760310
16964775
19097470
17274566
20351911
15910587
17958720
16629007
18308281
16312084
19507299
19700432
17430740
19339430
15678221
20660852
17921467
18856094
17402601
16805075
18036125
17468793
18195302
18769996
15954200
17068940
16898980
17962180
21480495
18665069
16554429
17601738
16753085
16053594
20920800
16821201
17335530
16777510
21356566
17933651
20345521
20597336
20040605
15603664
19373148
17079612
20860179
21132294
17263656
19409246
21879662
16154311
16304881
18956282
18595821
17083765
21493699
16629846
21314891
16901701
17443245
20173438
15995378
20926743
16502815
20961281
19274816
17873567
20467018
19952545
19740690
20088161
20334006
15823383
16332607
15865114
16526162
17896880
20059777
20078897
18482489
19546729
21430524
15916501
16098149
16310599
20937544
20426309
20426301
21072017
17261144
20566229
21806528
20348365
21716042
16501269
17394379
15627022
16615744
20210265
20345618
15943144
19592838
20480775
17273957
18391673
17117446
20875486
18509872
19373050
20719008
18979955
17944588
19161016
15852727
18171450
17220380
17960669
21177708
19021090
18078150
21264521
19366300
20683234
18717664
20000010
18096388
17096305
16882375
17414917
18794721
19538648
21704974
15829458
21252889
19757865
17269495
17622882
20079645
16327841
18985910
21132866
15861752
18025499
16600820
17700296
19174059
16109681
21742485
21314572
21133213
19293717
17672899
15812748
15968801
18522531
17538757
18785459
16273994
20801918
18712258
20163229
20221646
17987348
15615304
16284050
21409996
20093994
16846509
21478085
18975584
16256291
19592956
20130160
19807808
19833000
16256718
18720617
20375236
20920067
19120591
16327572
15639045
21299077
17726671
21689425
16104676
17569378
15605746
17123275
16574303
15759663
16910816
18709564
21218208
15774399
16089237
16007301
21916145
16312256
18291056
20514712
18091280
18494638
19772210
19609073
19419342
16604921
17463206
16718841
17469354
21576609
16893332
19534258
19485856
15590218
21140721
19830951
17264112
17703571
17636624
17891116
20659204
17675724
19955983
21163726
17152126
19682131
19554988
17353805
19023890
17533491
22007044
21844765
21894868
20398294
15688837
16915724
19837498
17426499
16167446
19833478
19506440
16804697
21214714
18597971
15682263
16775519
18394871
16901874
18382174
17182402
20502146
18988582
16859866
15830766
17356440
15579477
21938975
22040852
17717570
17162877
19864039
21241983
15936987
17481486
20046133
17393898
16422000
21647911
20095209
17709166
21476161
16136844
18394766
19537389
17407657
16215360
17844984
18301949
19963352
15682725
21219549
20667944
21292051
18289238
19814924
16970008
15909971
16849386
16434755
19579066
17457117
16879943
15980750
16948725
17042803
17916873
15821661
20376994
20381291
20380613
21069122
20443308
16166871
18321620
19793326
18226761
19606659
16788117
17665207
18401226
18252015
15528285
17170671
17976825
17160874
20166914
17901174
18608081
20533248
20469996
20739577
17079797
18559797
20186518
18949641
18391340
16762800
16711083
16937787
20193874
20471766
15612399
17911576
18846786
16723935
15550361
21489164
20047627
16500828
16968589
21840545
20040124
16941128
16040323
16802682
15925500
19131752
21097756
15669220
21349135
18677075
21119075
20672517
16945784
16487899
21155465
16285636
18318967
17198228
17953334
18852404
16304302
16782678
19794306
20439330
17192326
18446931
21044437
21660874
22005229
19999040
18327374
17410748
18520663
15835836
19603165
18446175
21332838
19728767
16816348
15849218
18350755
16082295
16464206
16307637
19524859
16866822
16631460
18496887
17494453
16749640
19738218
21626999
20590900
21428029
21277589
18072978
20813784
16622986
16605094
21068639
16235813
15812092
21481171
15839524
15971943
17475635
15625798
15765814
17892564
18198359
16119628
21129680
21219619
21083806
16925000
18515439
15555721
18473086
15889782
16823650
16265798
17925030
17403832
16638158
17512100
21211988
19534187
15732427
16801205
20593675
20384974
15552859
17955794
20503162
21169795
16495835
17158837
17117333
16041236
17971562
17462984
15720496
19640521
15764350
17596598
18820522
16186451
20598768
19910195
20809951
18175106
19845807
19683664
15663707
17202551
16869086
19146549
17522346
16333526
18321905
21605371
15794082
21176305
16870080
16719548
19906285
19754687
16647673
20130828
21149758
20411410
18375670
18601633
16594224
20077795
20481417
16687696
21739919
19509634
21488563
16048663
15616404
17302097
20557397
16511579
20956023
17109081
21070104
15960461
15796462
17786869
16720485
18853535
19827963
15773824
16686888
18592618
19663636
17306956
16892774
16205649
19255979
18406037
19379889
18386949
18046866
21211482
20566813
21478782
15590242
16890708
19921223
17990717
20379962
20933365
18308911
21242453
15588358
18478270
20720084
21862745
17338398
19590471
15919693
20123326
20489767
21770227
17288704
19734402
15887765
21822074
19064962
18019286
17210887
19797499
19650945
19324241
20564849
19680792
17705218
20680534
16518795
18504159
16567598
19268165
16850778
17711937
19955390
19359090
18473696
16358174
17826547
18810901
20511639
21078225
16466343
20654870
18198964
18693944
20876170
15717463
18082671
15893218
18777696
20152215
17184312
19022037
17626961
16629279
19941779
17010827
17016942
19186279
21095276
16144265
18724958
17548908
17238454
17683580
21765330
18266572
18588415
18550780
18061006
18272735
20163296
19916219
20419982
20007642
19380509
17522184
17490762
17992064
21792943
19243346
17975395
19692709
18504332
17938399
19320566
15590340
19186283
15909168
19326638
19200465
20658541
18927962
20943579
18555165
16581631
17138955
19351302
18271792
16719180
20839582
16310436
18564775
21692724
20235896
21469492
16618863
20390224
16524992
17913771
19786152
18196291
16339290
17318747
17346316
17619599
16837694
20419745
18023334
21488470
17869966
19813345
21409708
18028849
19535214
19898985
19249539
16083530
20489383
16859865
18373108
17978258
21368548
16024978
16302483
19945102
20238152
21362042
17565147
18060203
17565261
17803799
18160864
22066284
21640886
19317314
16689075
20418163
19527449
15902344
20507049
20816284
17106000
17352780
19842586
17211003
16550127
18301109
16792759
19899647
18070223
19927932
17924926
19320696
19052704
19169382
16477922
19920746
18031573
20546817
16280833
16035970
15954048
18081373
17300634
18395982
19840129
16648014
18399614
16330592
21140859
15966448
20626879
19907425
15961915
16956337
17297243
17109707
19536426
16402739
17678828
21142678
21806622
16696861
16121494
20424868
18574411
18199321
16050883
20537931
19839292
18211656
15944497
20637320
19095334
18711454
17452431
20113915
20604649
19240441
15681907
17111645
20367820
21572328
15787231
18397144
17955884
17185925
18194397
17657419
18561846
21112849
18773248
19744889
20177046
16443974
16872794
20077804
20709554
15584496
15617358
16378790
18028552
17179352
18411858
18333732
16242331
20883594
21555502
15811198
19490552
20614707
18558183
15820161
16621784
20808105
21539746
17131768
16036232
16181047
18686836
17851382
16417412
16352983
20921496
19592914
17409924
16317867
20171822
20924007
17465252
15529222
16956742
18157568
19222449
20136648
17723957
15615141
19914739
17006873
21456496
17569375
15698390
19283546
17627837
19860895
19012195
17569295
19291280
17667004
17201943
16818165
18033790
19471139
20859155
20738745
19228245
16529138
18307596
18649080
18226153
19070205
15596630
19783081
17850938
19066981
20158554
19351309
19266971
20871511
16876380
17372793
20937448
21324847
17324184
20053602
17150072
17937946
21091048
18488966
15842706
19684494
17976298
20403903
20357650
16027333
15912843
20012246
16534078
16487900
17681111
18760889
16594230
19813386
17145490
17563920
15690831
16594405
16882179
21294498
17082830
17240875
15608864
19339451
18295382
18402349
18472265
20217048
21600368
19647969
17307086
20004297
19218484
17923890
17211007
20046116
20637393
21184987
21377556
19186604
21542811
16450794
18379671
18937139
16116369
15856386
21473169
21420214
16409174
17102403
15713859
15824055
18096863
17873730
19863769
15557569
19515272
16326779
20492684
21478756
16869525
17033569
16915111
17612998
19092468
19546724
20890144
21564392
19186281
18274901
17613160
21605267
18945708
18701103
16427057
19228509
16810045
21785153
15861916
18998435
19112277
18019790
18812555
16019875
21886031
18561824
20501431
16330476
20064224
19218945
18681105
19447535
20586173
19266368
18787902
18335259
16793487
17941521
19553067
20921035
16563767
16926365
20193832
16699326
19098659
18059463
18198973
16112249
18712640
19685611
20388936
17130096
18280847
20564626
18186824
16271129
16170429
17016987
21972388
21109125
21413898
16353827
17131301
15715120
15587130
17687209
19291342
16750499
15688543
18296123
21535274
19843415
16456207
19819773
15947381
16628176
18379242
19252456
21905488
20223789
16182988
15622814
16468480
17584211
16529145
20589966
21170787
17723981
21628643
18461254
19687307
19459399
15692292
17577658
19708930
16572746
20074438
18086965
15586549
19660617
18297170
16035725
21523263
20795432
15994150
18519522
16128424
21436708
16686959
21083366
18405017
19689636
21135789
16681111
16283339
20028276
16200520
21168831
19034727
18220067
19011419
15704593
16920652
18470844
21058163
17032489
17200276
18722940
17659724
15867120
21979543
17985517
17200636
15761346
20540393
20432203
20360145
18656276
16594292
20970018
16029976
20954055
17400071
17009572
18387016
17462142
16181185
20842014
18171323
18405469
17260594
16283902
20966842
21799379
20723173
16815573
19251834
16538669
19656225
15891522
18295641
18097138
21776931
19269708
18515611
16941134
17564561
16022238
18513469
21540860
15837028
20972381
15550363
15690591
19275001
18065029
17373528
16870387
16342920
19495863
18666878
18266568
17368409
19486790
17286217
20190682
19525768
20367649
19205735
21307770
20723836
20525649
16913320
17614882
16832335
16584804
20863324
16824298
21966769
20564632
16620253
16719605
21737898
19687698
20003922
21700562
16855802
19842785
18339641
21429447
17068427
18212174
20513681
16041965
17927072
15924011
16998406
19127448
17065879
17665819
22049807
21539700
18508408
20349778
21631943
16261384
17454342
15750551
20151348
16422053
18942568
16018272
18400435
17060034
17289465
20686063
18358344
18710374
19106285
19070396
20147822
21676675
20876087
20736716
16200252
16636025
18556081
19074050
16001587
15644679
19866538
16405709
20846910
16314893
17592423
19049697
18165374
19957453
18378729
19016303
16860522
19749653
19055138
18558892
18605350
20393753
19653332
16650239
20618498
16779441
18663110
21665166
21244477
