16717484
16698340
16736703
16735260
16735258
16733007
16733004
16729886
16729519
16723929
16720852
16719846
16714992
15830553
15791765
15760808
16784064
16781108
16779065
16767634
16760106
16759963
16759961
16759070
16757396
16757376
16756766
16756519
16830254
16827445
16824987
16809746
16809742
16808769
16808747
16808715
16808691
16807843
16791111
16890103
16887319
16885251
16884570
16884079
16882375
16882001
16882000
16872790
16872121
16868237
16868233
16865561
16860965
16860516
16859870
16859868
16859865
16859860
16858457
16850929
16846179
16845764
16845757
16946286
16940300
16937774
16937381
16935459
16931922
16923041
16922983
16921327
16911418
16908802
16905437
16904367
16903529
16903300
16901534
16898050
16881590
16859869
17057600
17056898
17050340
17046808
17043775
17042817
17040575
17040146
17037319
17037115
17036713
17034677
17034396
17032612
17019362
17019346
17019325
17016888
17015522
17013049
17011909
17009793
17005051
17003144
17000942
17000473
16996187
16987050
16986814
16983457
16978939
16973446
16972603
16970657
16970561
16970555
16967153
16966892
16965255
16965250
16965249
16964900
16964898
16964775
16964771
16964556
16640275
16634321
17146022
17139941
17139664
17131534
17129206
17129200
17122484
17120925
17117247
17117194
17108641
17108547
17102442
17102327
17102325
17102289
17102240
17099134
17098393
17095179
17091909
17090222
17089452
17087173
17085615
17085006
17083317
17079999
17079618
17079617
17078376
17077756
17073198
17073196
17073195
17073193
17073191
17068440
17064407
17063649
17062903
17060034
17059490
16604583
16579773
17242524
17242441
17238454
17236480
17236258
17233143
17228785
17204769
17187538
17182516
17175722
17175415
17167376
17165487
17165482
17162119
17162118
17162114
17162109
17158015
17157094
17154112
17151829
17149527
17149428
17148538
17148536
16572755
16568596
16566336
16548476
16085745
16083376
16053435
16048666
16047911
16045646
16041519
16036728
16030281
16006027
15999858
15998598
15997613
15987336
15974371
15973840
15967625
15966159
15964736
15961914
15960030
15960009
15943144
15933964
15929362
15926638
15924037
15924035
15921098
15920317
15920209
15918453
15915843
15915702
15911198
15911195
15905484
15893061
15875750
15857495
15845689
15838090
15837667
15827431
15824704
15820920
15815958
15813155
15807052
15798925
15797158
15797155
15797153
15793271
15789311
15789292
15774368
15769972
15768648
15765814
15765631
15759772
15759535
15755411
15754924
15754507
15752322
15750527
15750514
15739128
15736997
15731637
15722963
15721972
15721966
15717596
15707095
15699314
15693579
15689652
15689021
15688334
15684849
15680612
15669516
15666676
15653242
15653241
15645774
15641281
15633316
15628169
15626152
15620036
15618370
15612908
15612401
15612128
15597565
15590221
15589081
15582339
15580111
15579349
15575519
15575137
15569958
15566452
15562740
15559458
15551794
15550365
15545242
15540680
15540370
15539531
15536113
15530766
15518001
15515975
15515441
15515229
19774913
20222635
20203635
20168149
20158138
19506170
19489191
19475826
19437910
19433951
19365929
19325329
19286344
19274817
19274811
19266123
20690492
19204226
19172364
19158646
19043804
19042889
19042888
19042887
19042266
19041626
19033740
18991012
18981745
18976237
18971800
18958777
18955440
18954274
18953776
18946949
18928964
18856128
18854258
18853737
18847170
18844560
18842906
18820492
18839663
18831477
18830834
18830833
18830764
18828170
18828169
18816927
18815959
18809589
18802162
18798531
18792439
18773248
18772654
18769315
18767475
18767470
18763662
18759805
18727575
18724524
18720108
18715185
18709900
18705181
18702001
18698597
18698394
18688058
18688055
18681371
18677715
18676599
18676539
18666912
18661891
18656842
18655683
18649830
18644005
18630214
18624263
18616858
18608606
18604425
18595303
18585481
18541641
18523697
18488801
18466383
18450887
18429579
18429371
18406667
18403578
18395392
18387481
18364252
18319382
17498845
17496717
17495576
17495557
17494279
17493780
17491445
17490918
17489898
17487019
17486016
17485752
17482418
17474361
17474289
17472522
17472500
17472498
17470074
17470072
17469381
17469380
17464656
17462801
17462207
17460135
17457397
17457121
17457117
17456121
17455049
17453552
17453462
17448622
17447309
17446134
17443093
17441625
17436831
17436785
17434737
17431697
17431690
17416705
17415219
17413678
17413677
17411787
17411671
17409024
17405807
17396717
17391577
17391082
17389542
17389540
17387292
17387067
17382211
17378464
17372793
17371889
17367303
17365392
17365346
17356958
17353753
17352705
17351838
17350557
17349769
17346386
17344270
17342789
17341881
17339811
17339093
17337152
17336025
17333297
17332044
17331800
17330297
17329062
17321920
17316883
17315602
17299869
17298247
17291830
17288704
17286723
17283942
17273030
17269946
17268140
17267723
17265703
17260599
17244186
17073194
16633840
16630194
16623294
16620945
16613801
16605228
16602663
16566177
16554394
16548700
16546921
16541164
16532478
16531781
16528909
16528094
16521715
16513713
16506932
16488194
16483091
16475465
16475464
16450449
16449684
16447620
16447529
16442452
16431070
16426796
16425902
16405709
16404732
16403202
16403132
16394212
16390532
16376736
16371681
16370506
16369431
16362696
16344631
16342837
16335335
16334970
16333490
16326785
16301940
16299573
16294835
16292336
16282827
16282082
16281701
16276799
16274558
16270739
16262830
16261791
16259838
16257615
16253110
16241168
16202793
16202778
16200525
16200520
16199464
16193603
16187933
16186876
16174812
16167615
16162468
16123260
16122361
16116780
16093369
16035970
16004155
16001877
15999913
15999855
15999639
15958458
15950830
15933918
15924039
15908676
15860878
15857226
15817804
22168641
22022741
21977773
21977771
21977618
21944158
21938999
21807274
21712372
21651366
21649619
21631943
21631936
21631367
21629144
21621942
21610629
21610455
21603729
21485452
21452623
21417056
21403051
21403050
21265386
21220468
21197905
21197791
21138880
20922979
20677684
20672653
20647804
20574180
20552855
20515884
20515880
20498011
20449970
20426298
20423917
20379915
20379908
20100151
20066486
20050483
20029563
20029311
19897696
19836920
19706071
19700582
19697196
19689052
19683408
19670002
19665860
19656231
19653153
19650610
19647967
19634807
19634588
19634261
19622270
19485869
19485868
19485866
19485856
19593076
19592838
19588703
19577005
19574751
19565687
19565104
19549725
19525484
19522341
19517669
19449273
19449272
19449270
19449269
19449268
19508138
19508132
19486789
19481045
19474415
19472119
19462709
19460662
19453320
19452814
19446121
19444050
19441635
19437874
19423279
19414542
19414234
19413074
19411788
19406044
19397136
19395700
19382516
19359125
19321289
19301486
19293303
19287253
19287252
19284188
19280454
19246146
19243519
19227013
19205027
19204855
19197690
19197178
19192903
19181175
19164133
19150591
19148109
19142868
19142799
19142461
19140193
19139453
19118972
19094407
19087770
19081704
19072186
19065971
19062423
19054983
19051974
18089870
18089545
18081166
18076555
18075638
18073710
18073014
18072473
18071175
18069066
18066412
18064843
18063541
18063268
18062789
18056675
18056562
18052813
17998344
17931328
18050529
18044418
18044413
18044195
18042184
18039518
18038297
18037602
18036478
18036120
18024715
18022831
18022524
18020992
18020106
18000079
17998497
17996108
17994404
17992483
17988769
17988186
17985960
17985959
17978615
17976352
17976292
17976287
17975399
17975184
17969826
17966203
17962497
17957882
17955895
17955683
17955680
17954864
17950879
17931143
17941415
17848305
17937024
17936549
17935600
17933613
17933368
17929507
17926774
17925041
17925030
17919875
17917822
17916588
17914661
17913498
17911861
17907696
17902455
17901215
17898250
17894246
17893379
17881316
17874610
17873256
17873250
17873249
17872608
17868965
17855718
17853588
17853182
17851721
17851351
17849931
17849918
17849721
17846091
17846090
17846089
17824264
17804944
17803420
17803419
17803409
17785653
17785644
17727340
17760519
17760310
17760237
17727690
17726405
17724103
17722671
17718377
17715868
17714907
17710761
17701794
17701118
17695825
17692494
17688476
17685161
17680330
17680101
17674685
17674610
17674601
17673094
17667779
17667004
17666301
17666298
17666293
17661810
17660636
17656406
17655638
17654525
17654513
17652180
17641120
17640843
17633591
17628387
17627836
17626961
17618118
17617015
17617014
17614177
17613605
17610181
17608243
17608084
17605949
17604936
17601772
17598687
17595922
17593306
17592961
17590302
17586190
17586180
17583321
17583289
17582021
17581772
17580773
17577082
17577010
17577004
17577002
17572801
17569191
17566541
17564544
17563485
17560065
17559973
17557623
17557620
17554946
17553747
17553652
17544247
17539571
17539281
17537612
17537084
17531434
17524196
17523034
17515018
17515014
17512880
17511206
17509266
17508502
17506878
17504589
17502432
16967893
16469474
16466493
16443811
16435008
16419213
16378254
16332181
16327419
16326779
16306281
16301565
16295991
16292130
16287811
16285636
21721302
21714374
21708000
21702400
21696486
21690465
21675468
21675152
21669433
20969556
20966789
20963668
20951399
20949815
20946495
20943343
20925556
20925301
20920030
20890150
20876403
20875208
20870743
20869662
20865605
20864347
20850709
20847022
20841777
20837282
20835677
20831668
20828071
20812556
20807893
20806579
20801975
20800414
20795432
20726471
20719752
20706191
20701828
20701195
20695830
20694764
20694759
20694757
20690990
20687038
20681469
20677711
20675346
20675345
20674500
20673619
20667678
20661039
20660555
20647920
20642037
20638813
20636152
20623165
20610495
20601372
20594365
20593678
20592012
20586368
20586173
20552538
20543370
20536762
20532726
20526983
20525649
20516818
20508427
20499485
20494279
20479136
20478554
20448515
20473648
20465743
20465076
20450999
20446521
20445131
20444569
20444568
20442362
20438007
20436243
20432108
20428697
20422964
20415111
20411889
20397508
20390682
20390681
20381407
20379962
20373169
20372677
20359397
20307361
20306940
20306615
20303230
20299633
20232187
20222223
20219315
20218770
20217195
20214707
20207663
20202779
20197226
20195785
20193998
20189746
20183371
20183360
20183357
20176457
20165520
20164474
20158545
20158137
20147805
20147344
19157761
19152929
19152157
19150199
19150197
19138309
19135824
19135822
19133146
19124176
19116969
19115893
19106729
19104193
19101774
19089722
19089505
19088667
19085974
19077811
19076661
19076460
19066360
19061448
19061281
19060037
19056024
19041614
20887477
19034836
19033871
19032012
19028827
19024232
19021727
19021485
19021483
19019520
19018911
19008755
19008743
19004438
19001913
18987502
18986740
18985427
18983365
18982395
18981442
18981432
18959302
18947121
18937993
18850538
18850371
18849368
18847639
18845413
18844528
18842971
18842916
18834503
18830770
18829417
18823177
18822707
18820832
18816909
18809811
18797237
18796275
18772298
18768286
18768086
18767477
18765331
18764853
18762632
18762530
18754767
18753685
18725030
18721223
18720666
18711454
18710374
18703383
18702619
18700088
18695975
18685374
18665060
18656320
18625918
18618195
18612739
18612106
18612031
18605348
18605344
18597187
18596630
18595993
18593836
18590520
18589900
18588395
18585593
18580081
18577323
18574379
18573485
18572540
18571134
18561633
18556081
18328244
18550777
18549138
18544112
18540547
18540121
18538725
18538216
18535426
18534948
18520461
18519335
18515743
18502175
18495410
18492733
18481553
18480043
18476853
18472244
18469617
18462285
18454614
18450676
18448891
18446927
18444206
18427902
18426466
18426465
18422262
18419042
18416398
18411872
18411816
18403816
18403175
18402680
18401936
18397144
18388840
18386686
18385007
18380313
18372375
18365156
18362821
18362820
18360885
18357423
18343859
18343624
18342766
18337049
18334689
18328277
18325650
18325456
18325150
18322760
18321625
18316875
18316869
18316655
18316489
18314860
18308499
18300059
18298504
18286990
18286982
18286973
18286911
18284317
18283559
18283141
18281295
18275399
18274509
18272092
18271789
18265820
18264648
18262759
18250396
18247179
18245213
18245212
18245211
18242936
18241967
18240655
18237668
18235160
18232293
18223158
18222586
18222056
18218337
18214209
18210184
18209148
18206527
18196291
18194559
18194357
18193623
18189089
18183764
18183758
18183750
18182945
18182636
18179997
18173051
18166697
19618578
19363882
18157449
18157303
18096354
18093788
18092495
16722289
16711287
16264906
21884846
21884609
21796908
21776307
21768819
21766435
21762230
21598148
21595376
21587272
21576545
21555674
21550544
21550543
21536502
21536492
21517704
21512347
21510891
21498782
21469475
21467897
21462668
21459254
21424965
21419258
21404999
21402203
21371646
21369634
21361927
21361819
21359632
21341639
21334556
21323006
21309430
21309388
21304355
21304349
21301962
21298938
21291329
21291059
21287905
21285740
21283938
21281024
21277166
21265393
21247300
21244248
21239135
21233263
21224466
21218304
21213170
21211926
21210611
21209353
21175928
21165716
21146342
21143441
21140624
21140065
21139014
21135708
21134078
21130202
21129700
21119075
21099676
21087372
21084411
21078683
21071434
21057517
21045577
21041519
20621221
20618947
20609647
20594536
20590038
20578045
20569869
20564166
20562254
20558024
20557411
20557005
20546466
20542403
20542238
20540614
20540168
20538421
20535907
20519453
20509347
20505507
20505412
20494690
20491165
20487072
20482425
20481417
20479349
20476520
20471766
20464884
20457326
20452166
20446110
20443986
20439042
20438344
20436336
20430562
20423575
20423380
20420992
20413053
20408275
20399060
20384974
20382446
20381642
20362383
20356950
20352312
20237217
20336644
20303232
20303228
20222404
20204418
20193832
20192080
20191466
20189752
20188318
20177043
20164666
20163757
20148936
20144523
20144283
20142285
20140752
20137747
20123326
20122033
20118017
20109006
20109005
20108789
20107916
20107763
20107414
20100854
20092226
20081723
20078215
20077139
20066693
20058534
20538363
16842397
16505131
20107351
19822563
19204102
20670270
20800198
15626072
20379919
16985479
19351578
16741862
19011486
19580220
19628149
18705782
15908666
21195887
17823705
19025506
16488348
17952712
15812293
15546973
19000404
20869319
17689809
15834258
19017601
19295419
21411849
20863324
16704125
21206273
16987120
19093418
19146362
18595218
19839391
21736078
19675253
17333040
18278370
19947817
15884254
19878036
21282548
19936424
18178411
19780854
17400513
17193794
18504057
20187964
21784713
20090339
17349500
20920232
17146067
18047501
21252200
18261949
21610578
19064387
18421925
19052669
15760813
16427361
16858002
20332406
20649673
20227621
19935109
18608082
19369681
15722806
17565402
21626323
19142317
20077796
21703808
15871901
17040526
21400967
17991366
20593693
15944109
16249136
21501815
15845822
19715404
20435375
16553927
15887765
21191034
21035383
17224839
15549002
21500510
18202986
18255214
15750507
16095071
18569625
17719361
17902393
18720573
21487345
16182093
17621971
15911960
17851308
19581228
21346463
20430775
16534554
20187949
17387063
16916193
18924272
15645770
17339988
17408159
19816667
16770116
21869658
17131301
18819212
15636409
19126176
20210658
19823898
17187696
18442552
15656472
15597287
19248648
17238307
15884741
17202084
20935272
20888642
18476648
20651302
21298941
15840892
18832768
18815504
21486128
17384356
16263782
18329000
21695887
18182541
20593652
16457728
18487762
18650705
18195312
19538808
15591917
20055721
16318875
19697661
17701622
20800719
17455037
19963245
20228634
20590026
21816931
16527476
16059414
19835228
18512099
20352647
19173177
17161318
19725398
21146991
17989984
18785194
15684853
19740690
19437909
20444063
15963913
20172559
17081941
17266078
18454779
17893931
19223339
16320470
19506537
21375430
15615172
16568462
15658904
15899604
18224419
20079610
18978693
17595921
19958416
21382515
19824279
17020234
21794116
18222953
21862044
15970241
18638395
20477855
18724601
21680042
16720486
16442912
21138069
16607408
16872786
17616329
16493933
20724882
18667867
21576544
21947111
16911267
17441293
20841695
19619372
20196713
17470706
20141026
17941552
19832783
16952402
18682516
16258930
16544235
20634280
20157205
19319181
19448582
17577164
16338814
19223834
18216073
21477630
15675379
15627921
18005198
19728524
18398757
15851389
16438068
18702787
21239954
20804886
21721495
16207662
19515102
18165378
17042235
20510951
18078617
15751434
21702204
17209898
15833469
19818037
19952551
19290718
18987086
16437270
20558434
20221349
20723836
16441526
19018218
17419057
17287374
17111431
20663751
17682743
16273994
21278650
17667052
20871497
18496021
17414332
17063648
19029919
20524383
15792753
17182417
18615917
19850481
15729159
16511737
21730987
21991862
19745635
18946074
16097503
20463448
17591532
17596255
17988822
20592010
20031865
17766078
18647193
16327735
17141131
18594490
19234423
19780433
17976825
19874643
17963973
18564996
19297876
20602701
20139655
16932085
21288945
21280340
19393121
19196301
16785215
19927932
17589980
19113017
16524940
18163263
19665939
18704869
17323873
16903305
15701763
20846231
21489164
18493127
18337199
18236723
18262005
19390178
20728318
17138496
19394018
17409367
17318031
17503752
17766905
21276536
20632259
19683664
18694913
18657975
16404800
16989129
18762753
17267087
20506507
16913240
17575939
15700864
16533674
21243870
19096850
18556692
17877872
19907393
16008836
17165478
21301280
17212859
20681401
17125956
21198742
19932841
18395397
21642601
20151345
15706006
19678919
18642609
15823778
21459494
22073586
21098628
18786971
21571237
16263039
19464745
20443253
18538214
18021108
19256322
19014132
16310569
19904618
20094123
17011217
18817023
18590881
21276700
20486818
16448341
20590900
19057236
17300133
19112345
19855258
19661099
20208067
19665686
18999031
21294359
17040417
20522394
16686244
18378805
19653615
17439448
17128680
21936435
19259870
16544676
19841999
18848669
18480606
21189821
16051661
21651363
16311284
19184240
16030369
20940586
20669805
15612429
16395637
16969616
20390659
19854441
16121650
19414230
18028832
16096154
21718988
20513688
18664978
18679636
19231904
16977402
20422965
20123825
16625524
20455111
18482121
19022029
16773318
19633003
21366932
20171827
20830947
21473342
16259493
19711136
15998164
19174269
19861029
18670837
16511380
19785885
15928365
17176942
16858894
16343637
19584638
20106468
20104515
15921474
19175236
18075276
16875276
19606792
16907686
19237957
20846019
16762794
20670318
15850858
16632813
21208048
16490950
19443351
20527994
16897696
17607559
19944273
20203634
18585511
21108175
20086221
20586623
17994499
19117497
20005369
17683299
19646175
19593488
19819773
20607688
21307111
16649402
19076664
20142131
20570462
15857724
18332384
22041957
20633899
16138795
16492638
19659488
16114804
21657805
21599737
20505614
20875486
15679507
18754739
17033441
16775757
17922454
16172437
18358702
19832982
20153550
19252890
19893846
20638866
17019276
16124685
18373574
16344646
16857200
16719900
16831787
20539999
18779884
17659724
20368494
15675218
19656753
16454003
16686817
19390341
19828645
17214251
20031874
18704267
16900722
16076796
19485424
19202851
20171084
20727058
21862750
21110121
16364176
21824389
15824055
18090868
20796072
16505757
20097148
18033960
19118771
16510743
15850429
21834378
21242560
22045942
18241624
17264112
16440403
15668268
16040376
17933163
21676052
18241871
17202904
17494454
17580317
16076791
18974707
19176797
18280210
18779483
19779771
17872817
18392384
18430337
17516351
16002028
16172344
18489511
16736818
17310340
17267370
21084831
17579615
19761024
17360151
20137030
18667875
18455538
19583007
16047074
15718578
20405398
17721699
16377451
20093713
16466482
15537462
18693848
18392393
16541477
17070742
18486458
17557506
16166871
19815903
18812618
16094178
20423442
18291010
19430410
17718309
16263664
19671170
20126962
20631585
17394514
17518141
18091280
17240875
21277126
17505368
18515809
15961289
19372337
15823886
16921324
19901502
18250241
20809951
17019543
20949591
19397146
20808108
19472671
16145186
16048531
16764198
21523998
17168043
18853903
15703343
19711135
18983352
20557393
18312752
17293628
19840578
21254812
19112264
16608466
16730107
19456247
18587295
21879653
15732622
18397686
17091906
16594245
17152915
18586140
21404158
15853099
21554068
19480076
16238510
20419525
19237475
16145237
19683663
16094039
20553535
15730173
16840484
21761595
17690655
15632464
17949424
16471110
19378218
17321850
18769981
16533128
15723731
20868642
15527591
17191258
18036016
19807245
16895488
17356033
21040017
16850774
17406189
18473314
20112458
19411439
17062592
19251192
16451425
19001611
17713366
18062441
18538219
19155613
19492613
15529222
19761023
16411347
19894411
16849783
17203130
20305444
16829723
17803401
21062136
16043435
19388372
21052725
15710804
17285894
19842865
16638773
21505224
16081757
21294941
19828537
19832996
17919216
15540669
16636733
19879782
15639045
17045948
19635339
19416567
20194401
16161964
18030125
18814304
20621905
19440715
18392637
19435014
19007710
17484652
19004172
21317630
21577161
16318233
16344026
15753483
18777145
21290924
19381818
16319035
17850938
19410406
21810723
16762127
17137425
17524866
18620598
17495726
18723862
21495336
19151734
16005633
21076264
20299692
16623043
19269150
15861361
16293538
17634420
19788791
21036544
21741791
20599337
17352706
18559164
18431604
17990402
17345558
19194160
21052634
15890289
16113156
17505563
17762417
20816107
21248579
17107619
19209533
17260573
18389983
20532134
18298037
15683956
19592365
16802502
19782915
20685063
16883670
18048200
21831572
16625992
20966859
17244290
18290410
20144184
17098368
15727112
19017773
17102470
20110107
17639825
18657759
16481897
20116893
16295986
17473397
15853085
19906428
15689593
19918731
18844274
18229731
15995378
21502444
17460307
18777976
17719364
16641657
17473538
20956260
21093125
19709795
17056768
15625429
19838845
16013459
15532812
16869086
21422100
21463415
18598388
20605266
17718666
21739734
17024612
16476643
16179855
19602290
21092723
20189539
18662870
19875537
21042411
21612752
19403441
19114844
20214769
15992395
15780549
18724436
19154905
15930214
20078007
18390051
18640951
20050791
16089237
20227674
19341594
19896029
16052926
15735381
20019511
15824941
17149560
17978274
16076279
17695981
15833473
20442609
21083403
20921475
21739743
18595309
17359902
20506787
15544663
19088487
16139467
21349210
15748057
17102331
21757083
20443072
15672566
17345760
19251761
17376688
17940783
15904528
19181371
16331167
18355420
18515607
16793836
20464737
19864039
17606591
17824267
20128754
21113847
20546373
18641112
18788123
19011172
15843427
21141265
18519926
20637343
18593261
19960016
18230646
16846779
17891043
16932785
21099699
19302213
18281231
19631684
19384206
19581110
19017602
20936737
16728902
20660528
20304260
19447316
16173854
19194456
18561619
16493271
21144472
17276329
15976565
15690593
17236322
17027628
16047994
16546063
19170041
21447572
18951825
16344214
19748748
18065029
18558934
18674404
15693929
16677177
21306064
21336127
21125707
19814850
17165073
15521295
20127272
16956743
20426309
16684426
19541452
21824959
20141095
15574622
20630926
16041160
21665046
17574191
16541821
19435399
21235040
19492762
18952393
15737136
16320550
18093121
21649621
18629621
17111495
19114900
19187165
16612921
16036507
19865021
16501264
15637958
21482838
20693726
17028978
19509212
17901176
16340947
16260823
18561846
21195944
16263484
15914746
17717242
19723730
19507263
17081644
16101200
15573385
18794703
15691442
19680310
18788386
19266655
17091750
19573401
19416049
21273251
21507109
17415228
17035080
19786249
21648267
20977993
16916420
20132713
18175829
20602700
19860072
17061966
16242298
18275533
19788774
17695729
18848181
18041567
16782921
15535005
19112875
19713631
16287894
15937400
15977519
17444172
20225727
18632997
15871932
20193890
17827466
19687180
15586193
18550360
15851437
16979083
19125754
15775746
15807758
17524720
18036470
21465894
18443830
16473292
18285435
18520663
16823653
19318678
15615665
19782927
19654100
21360697
19061679
16608721
16156331
17211568
19473739
17201943
19655554
20719843
19916012
16330968
17061151
17575743
17220391
17672411
20472608
20214702
16642249
16915611
17901823
18255069
21857242
15962490
18306650
21059572
17613139
16903589
16274463
18838722
20075123
20432853
18447987
17903047
16898343
16950516
15865581
17623824
17972241
18837986
17012080
20180056
17988364
17253331
18566204
15527223
21248207
18327061
18029138
20674362
16094739
17998356
18844794
17283846
19023164
19577704
20088150
19831158
20411904
20974071
19906285
18981790
16334082
17536060
20861835
19860315
17999293
16287559
18461420
19061525
20077792
20144399
18595587
19461516
16463647
18039993
16018132
16177583
17361586
16372663
20869659
21599841
19202117
19753473
17663957
18535736
21457695
18612029
21617788
19786718
21043556
17575652
21471081
19260571
21075319
15777473
21592027
15749321
21281293
20596900
21823498
17720359
16114732
20687357
21301677
18801481
19556910
18936371
17400145
17564686
16910949
18289187
16690581
18389029
18691277
15752835
20584087
18693996
18586816
16636220
19627385
19285173
16910140
17094819
16466343
18578641
17089929
17912822
15662054
17193946
18160859
17335524
16835517
16010850
20601159
19291187
16870055
18842455
17886262
19526684
15630823
17896155
16941128
20180975
20219269
20684381
15564228
21375410
16091575
19807235
19673054
17024766
18173315
17264031
21791063
19902646
15735262
16572536
22032561
17329504
20975412
17549829
20930622
17938785
19257798
17118075
20050447
20042562
15526491
16789331
18643803
15544176
20508683
16556885
19959919
19436289
20411481
16477819
15611971
18953194
15573464
19588080
20371033
15923006
17972617
16624988
21088524
17120955
17047201
22128567
18234680
17709355
20657338
19858126
16295282
20168152
15577647
20889628
19482120
15580109
21614939
15875749
17347600
16553704
15630059
19363840
16045423
21368684
19281541
21307157
20662908
17278337
21690605
21805951
15588372
18332403
16445071
20709279
21216792
17033234
17148528
19650945
16203937
19567494
18191799
17442030
19398071
20307372
15919127
18619084
20081731
19171727
16858460
16191850
16998400
17274566
16515009
18382171
16491937
19797496
20735468
18776751
18221541
16340403
21803279
19220917
17079023
18478819
16203846
18808593
19874523
18600037
16013292
18846974
18564122
15717675
19067982
21500507
20384527
20736670
18072450
18523492
16176471
16085210
15940138
21258241
20722880
21038530
16426798
17892759
20392641
17290089
18240702
16724882
19419271
15880339
16373908
18220677
17710043
15759073
17547266
19028331
21419253
19073359
15617358
16700232
21944620
21250556
17135067
18250240
17872750
21388042
19237883
20201147
20030772
18998939
17363210
16281977
21240727
19589668
15589710
18083268
16515154
17034625
18344834
18595987
17962494
17924261
18375626
17096776
20371779
17909379
15706817
19448044
20229487
21529729
21095560
15876233
16043532
15626184
19566639
19477750
19898787
15893959
20088397
21650136
22121557
22001799
17828675
20647896
18027000
20171663
17932174
21912775
16253105
16188426
19232916
18959280
16457308
21242245
20825898
15588360
15902166
16823890
19084301
18388681
19324470
17059606
18824621
16496661
15741477
19074929
20959723
17729373
16866692
18612053
17397608
16277049
20950967
17061152
16639736
20027655
16798702
16761661
20669596
17679120
17004430
17997828
19967217
20615918
21764242
19929646
20334576
19584351
19380123
18176179
21292444
20431466
15810753
15608297
17413920
19397222
15555798
20372996
20942266
16613286
15725981
16326212
19687528
19797752
18005630
19643827
19593314
17183937
16735012
16910067
18703384
17162310
19782928
21462658
18165889
18376525
21869769
15957698
17250963
16293508
17898401
15625023
19699134
16174147
18486712
17298263
17576893
21732923
21283025
16000099
16442464
19065866
18019902
19731886
19474637
16830245
18997557
21349135
16441817
16128652
16913320
20377091
16137241
18550780
20373224
16628312
16044988
16650118
18539766
21860189
17931915
18226315
18386449
17598627
20926407
17607146
19551607
18515437
21082874
21448539
19537147
16082238
20801275
20097643
20060970
20885315
17261117
19327963
19969443
17515782
18506339
19929642
21926560
16639471
17574187
17462142
16774690
16350354
16550080
16092293
18838454
16249592
21247433
18211638
19127130
16296991
16182758
20174973
18001656
16199455
15948091
15747196
17458356
19618796
17876186
17218869
20810177
21555746
21411079
16899987
18283135
21069119
17924190
21452535
19020265
19002485
20931472
17331805
19648596
20088186
19594608
20681392
16487899
16938787
16153709
16092394
17917940
19566988
19042914
18026022
15871756
16285172
20523150
18372074
17171497
18948771
16925000
15947809
19366937
20621751
16569412
16296927
17592345
20510287
19301081
20837850
18838492
21696481
20964265
18784477
20209718
16623375
19661081
16092319
19878783
15891381
21518096
18808636
15762901
20006419
21514244
17578393
16630039
16334710
21876014
18594232
18019766
17635627
15920374
18182305
20466750
16105850
15960691
21302649
21741117
19054953
16652069
18199848
16520526
21272307
16489707
21796547
19065748
18021164
20546560
20853657
16361837
20426308
19189601
17960433
17335518
19326551
15546147
18766354
20465144
15717904
17222294
16938355
16860987
16434220
16832335
15946172
19212178
20617664
17210996
19467430
19409246
21467894
16151865
17000609
19213393
19221715
15960052
16484714
20862625
18629732
16583574
20373700
21492030
15904592
20672949
16553911
19626751
15650632
21266886
16522511
15760511
16407697
21537554
15737235
20488746
21691239
15578149
19192089
17892241
18355171
16728939
17971472
21457825
15782876
16824205
18785917
19558736
16292060
18495052
19047665
20642413
16699350
17352695
20679981
18382174
18412311
17346367
16014173
20160554
17006108
16943381
20446189
17084301
17924269
20436062
17081306
16618235
15781174
19020144
19282147
18542008
20642088
18701322
18495713
20854051
21169964
16099784
18018818
19449603
20825903
15673647
19197571
17885379
16934295
18856125
21682969
19412691
18214232
16924184
19328439
20108501
18021149
16676112
18538033
21051886
20538475
20807445
16610112
18633875
18394106
15561380
15630864
17142527
18078733
16335610
21254711
19935179
17894125
16722112
21876016
20722477
19798047
17372803
19165415
20653725
15946117
19144993
19060433
16096148
18219243
17721833
20059311
17300614
18083464
18655644
20532530
19405421
17421094
19628624
19137578
17907644
19187554
19281671
15631214
19442968
19959299
17261396
18618273
21492358
17324602
16960322
21084047
20660364
21549465
20305450
18354333
16325024
20099383
19394524
17937971
15940920
16219711
18578220
18614445
20806648
21149556
16718297
19523580
15750995
17723968
18625906
19925650
19588856
16604800
16221800
19271662
17427609
21051257
20532477
21155123
16097220
17158837
15788914
18693980
16315810
21176232
18664907
16849963
16617720
17135800
18761294
15679025
15712510
17601841
21105584
18155338
17404191
20401678
19962622
20417824
17440314
17265821
16903616
18544377
21905564
20637320
21438866
21504314
16855002
20069739
17160215
20696498
15936561
16787467
16549942
20697132
19132806
19775762
16671975
19281443
20421570
19805795
18399376
20156862
17160874
21444830
18184255
20958849
18605061
16246224
21761957
16680206
19583899
15683019
15987611
19863767
18417731
20457985
17359565
19901745
20714272
19117562
19621558
16855121
19514130
19950320
19018515
18203554
17298133
19626808
17715454
21540688
17953060
15755396
19240102
17395604
19258094
20946037
19723279
15871890
17343148
19709430
15583907
19440177
16331362
21424304
18801643
17454796
20639654
18777062
17565139
19042512
15643360
16469473
17175829
21080006
17459139
19849904
16708752
21084438
19682143
19097516
16275213
20927678
20520550
16716857
15832666
21095321
18445861
19736262
18333733
20189911
21456939
18936029
22030650
17001116
17643607
17254493
16013648
16841229
17283706
17449324
17352662
15642125
18380643
21382948
20064055
19199850
20362944
16442424
17939197
17925617
15540835
19049552
17851348
19136167
16142573
18946578
16200001
18185124
18681338
20841749
17553406
18429449
18524160
16078408
18275405
18370966
15573451
19437383
21403042
19033181
21507529
18820519
19659663
19793413
20693732
19812793
16405705
16112674
15788078
18685372
19154306
17368206
19639811
20099220
16675762
18382695
20645461
19820484
21142988
21696286
19952037
19103895
21878695
16440106
16789983
17481983
16013344
19461068
18710376
19830496
17533547
18470844
21294353
17418522
20433130
16929040
21129680
16834461
20546364
18494628
19086245
16311500
18021169
16473065
17544139
18350458
20203459
18327396
20860580
16003402
20375983
17849824
21492274
15898906
16895034
20848985
18591571
19502217
17476859
20677426
21622774
17130665
18049253
19591512
17009342
21545951
16449699
18644916
21439599
16330966
21333060
21977879
19087464
15522496
20825667
19235657
19374671
18600601
17169966
16098705
19349260
18656044
21586185
16604295
19785107
16827456
18021512
16271121
20679636
20594804
17153660
18653426
20702444
16719429
19102225
17922369
19488838
17526445
17054152
16923431
18650534
21242451
18209667
20222222
15891346
17100219
16173006
18941918
19377720
21495431
17157363
19021490
16115832
15534882
18309919
16477958
18769802
18838491
20397329
20136648
19183330
16999379
20416240
15576258
21475355
17658438
19278889
16616269
21429447
19437903
17913461
18273482
20178432
16139638
20434083
17088221
21205059
19131752
16278571
17942310
18204991
18293802
20729729
16466350
15695833
18422266
18602058
18380679
19041210
20533023
16190010
21526583
19092471
17074863
20665908
17273957
17924242
21168831
17518160
18171322
15677807
18164249
19297917
15580055
16084475
20738736
20922514
21108856
18319132
19933044
15910825
20542237
17334253
20642732
17366226
17927095
15965384
18191295
19379114
16282234
20560165
19099570
19346031
18593826
19306980
18281644
21534823
15732211
17563598
16226481
15583513
20713857
18711031
17174652
16404829
16865631
16918787
17181604
19397431
18662200
19720056
19266968
18158517
17400030
20854577
17161046
16450230
20395948
17274042
20639791
18384358
18548416
21610577
16514807
16871094
21340369
16871053
20451816
20871495
18029541
15805812
20875180
16435925
19764524
19772017
21692247
19207552
19174700
19323716
16892667
17728593
18683450
17868193
18555252
19563625
16867302
18665683
21957550
19342836
18294873
18353750
21521566
16371392
20543368
19525085
20961281
16644855
16307954
18808574
20092117
18844196
20946009
18513106
17565433
21045814
18808468
16307629
16162775
18519116
21323089
15999001
20490455
18395145
17905364
16596488
19952146
15904742
16945469
15853163
19619228
19941577
20729512
19632052
17456169
19194251
17628971
15842031
16461957
17516352
17070598
21718855
19559315
19914637
16757388
18700586
19066140
18447890
20424920
18035846
16956427
16136358
20880922
18171634
21647078
16035335
21040258
18987900
17313517
19284169
18705261
20397523
17079620
17289461
17119491
15862640
15962874
18825567
15754564
18499522
16678599
20380613
17970526
17805222
19917174
16222349
20881817
20619919
17659005
20392667
21270415
21244493
20845676
18192635
19039213
15732620
21769757
20885301
20373630
17259922
19769205
19820671
20720083
19583668
15871404
15876471
17717285
19491563
16504890
17663793
19107835
19952549
21617585
18186031
20476659
20731579
20040087
17949400
19395701
15704379
16034297
16498199
21757138
21242390
18379234
20302989
21171494
16523371
19329723
20014540
20813332
20166480
19618253
21068548
16308327
16021411
21336196
19642430
16505458
16764157
18370936
16466349
21684412
15887941
16867965
20008830
20950774
20447006
21314849
15892500
19103342
17973806
15999092
21282796
16254388
17357358
16095151
20168010
18510414
19954266
18494430
17090996
18198964
19910155
16863005
17145910
18577762
19112075
20825687
21416871
17629737
15846195
18591502
18533591
21660823
21388099
19728502
20633970
21558769
17496709
17594999
17356989
17426492
18781364
18370910
15749396
17806034
19805769
16729851
18053910
17427603
16950370
20546292
19080751
21055494
20695330
21164414
15771153
19066162
16375802
20524827
16197495
15626161
17168042
17623729
16185526
19580195
17106344
17939464
20355263
17784901
18982364
16050400
20575199
16200006
18316450
21519399
19150220
18784496
17544044
17915126
20492053
16926735
17065540
17038965
20714151
16489390
16495020
17118052
17078346
15967010
19287914
18299968
18298632
16869179
20196712
19376682
19659706
18198549
18698243
16092300
21236411
16184292
17308443
20043216
17607817
20022909
19317857
19588661
21058891
19741445
20655165
18335873
18080622
16989907
19086601
19204859
17333116
16352983
18982223
19697810
17530136
17490922
17880415
19400483
16502964
16584804
19074497
19630448
16391318
16708509
17628462
18462854
17394520
15833008
17958720
20595720
18484255
18197941
17269608
17258926
16728302
16513375
15841893
18661887
15619178
18656195
19893845
17174436
21542916
21742733
16422996
18773780
16945615
19464089
18701234
19247884
17573304
21621462
16011496
21644872
18425653
18700102
19173756
17317434
20432110
20930157
17518020
19575791
18414965
18578676
17955685
17446732
19373176
17907276
20587048
16178347
19723933
19006954
17317292
17327541
21682855
19542038
16000293
19493144
21418288
17027302
16273451
19283546
18439169
16033497
15714151
17535130
19514390
21199207
16035980
18725829
20148864
21614955
17352703
16334801
16173913
19092935
19835534
19689494
21223462
20081728
19635400
19260886
18217541
19529926
18296928
17007487
20566394
20514960
21665161
19120855
15935671
18277553
16526152
19300088
16775183
18585838
17472165
21394491
19227109
15659925
18511769
16295024
18201143
18076919
19131419
17089809
16312084
15983886
15918428
17000474
16222396
19061746
20469620
16506212
21255955
18466182
16240860
17530677
17284233
19105558
20674068
20698021
21874753
15999295
20667584
20069825
20541811
18469618
19901141
17610158
20022198
16649826
19420152
18087682
20423212
18791551
16516070
18546568
21392789
16862198
19965568
21673199
18703444
19216759
16343026
15542415
16216378
20631598
18165752
21234746
15777874
20092136
15551663
19136329
20452713
21639615
17521873
19689164
17667253
19933540
17943605
16359014
18182635
18082005
16638478
18609242
17704125
16799710
19575308
20512742
19263354
18680809
17978612
16271652
15671707
19536578
20510842
21493350
16343906
15644692
16402952
21471907
20403062
18552258
20046117
19335500
19716704
17657178
19318458
19297809
15580014
17086639
16492009
21138129
18216667
17157092
19411188
17120921
16269900
19092649
17428817
21418560
21863697
18982783
19191819
18460067
20168268
17010557
19276225
16128434
19437906
18337534
20942889
18825367
15720533
15537856
16450521
20394030
19838909
19392639
16755127
19381055
18588800
18573961
21596217
20003922
19958027
18773583
18455949
21042946
17492411
20590513
16921337
17332807
21868477
17625659
19092532
19728503
15751628
21306017
20069940
21304096
16754571
17535600
21159772
19772558
21206355
20800542
20975324
15976556
18027520
16719606
19688367
17440640
19018650
21440969
19146658
19051008
20836418
19166437
18779663
17311888
17557434
19960628
17651503
19680792
17474593
19698038
17163003
16388150
15926744
20533577
17873255
20974025
18636011
19536016
20499710
15893185
17695155
19841416
19926740
21210080
20688190
19659690
20821958
22032571
21459480
16579824
16225355
19036735
21823567
20546166
16909169
19785093
16603985
17505331
15787229
19876941
18422053
19546724
16901792
21459686
17115458
20875512
18304337
21055278
17327248
17688563
18675030
18808733
20134285
15704622
21300097
16045118
21978337
16676677
16095789
15871537
20018577
18090138
20541065
15841057
15803895
15625950
16848677
17558067
18560068
15890057
16732581
16131801
18381830
17235250
21354820
16878218
17410926
17297528
18050243
16479208
17724358
17934678
21316906
18455252
21964272
16477857
16843744
15625528
17324096
19455607
20187545
19144970
17565524
18235403
21608275
21069118
17175545
19491686
18510723
16423791
17989450
15767197
18723367
18358116
15921798
16737503
17073073
17059030
20102811
21785313
19573210
15840079
17985969
16855483
17239060
17488415
17327910
15612398
21473210
17701633
16977713
16456641
20513345
17063135
20214779
16431186
17559705
17996512
15651055
16945884
19968450
16019261
16764560
15636657
20618187
19331034
20085116
20620266
17725265
16972975
17099365
18555158
20803577
18339730
20852567
17283960
18394853
19387125
17167350
17584290
19472493
15923949
17146204
16416401
15990428
16839431
17879354
19490552
20413052
19783810
18503650
18341072
18088886
18027532
17929733
18240924
19451489
19009891
18060500
16477862
17265412
19323709
18788958
17195149
16819563
17180653
16787911
20934364
17286738
16194183
21584449
16343083
18589227
17327715
20531171
19057466
15615215
17652629
18048851
15590803
18264608
15889867
21246967
20163229
20865872
16734271
17646603
19566989
18690005
16462443
20605087
18535893
21221001
17201722
15580819
18977679
19705429
21684468
15583244
19268902
21218742
17003220
18557433
16505655
17006113
18520368
20881681
15924011
21333018
15788043
18690763
19012722
16609323
17144921
19694550
18786285
20334875
18260804
17470188
15841528
17950964
17621785
17728586
15663314
17666306
18181438
20189152
16047512
16977272
20375236
18349491
17546784
16414426
20590516
18524652
16575376
17142601
17178737
20219160
16807570
19176862
18358793
17069270
17565880
18327371
16386255
18467051
19037192
20932436
16214514
20539149
18974701
17004188
17993638
17565809
19044253
19880319
16645516
19349900
18476636
21062548
19366499
18714719
19646887
16036273
15709468
22005230
21645418
17009255
21739885
19690607
17929744
17911863
21674892
16342920
21371787
20164800
20439293
18836390
15774063
20561840
17142653
17929734
18355230
16897379
17418656
17604304
18022025
20825533
16698621
18797571
19243778
19092474
19523058
16400368
21299077
15840073
17499670
18853349
18769104
21060118
19327224
15687784
20450128
18340076
18947118
18423732
15835836
20039996
16922980
19752418
15729991
15959428
17870643
17760529
17244008
16602156
20569711
16224984
21136114
17393922
18205683
21507612
15678740
20086260
15569904
19949887
16133696
17985965
16636096
21786736
20552920
20090663
18251345
18319148
20650357
21205946
20525464
19625565
19194128
20380496
16270796
17486947
15533343
20693520
18239445
18036092
15533143
21642906
17489954
16336547
20170596
17693437
20876170
19213516
18042131
20842895
18678718
19664735
20067668
19263816
21499887
19957481
21748998
19004639
21946873
16922032
16528112
21114205
16969724
19756479
20950073
16786829
16192318
18562907
15875447
20159458
21670090
17084766
17057138
18648946
17952258
17438929
17457099
19833668
18956998
16156194
18331694
20879611
17002786
19730813
16989417
15973772
20818469
19224804
19538807
21991860
21137520
18003593
16454772
16116783
15992184
19539124
18557964
21040025
21159391
17998411
18032748
19606659
16772628
16248861
21537323
20657624
21692436
20679778
19029525
21751760
20232046
17446738
15558082
16610752
17348964
21957800
19259924
16930269
20689118
21300920
17149400
21455047
19116753
20881429
20465765
20694459
20177830
18208604
17284474
19998725
19092030
21809283
20843903
17512151
20633738
16331828
18386076
17011088
17087418
19179789
21614944
17060263
19901662
19490772
19660328
16126566
19466754
15537470
20155560
19210155
17969663
21449225
15947329
16963668
16044771
16431003
21540250
19024424
19046651
15787103
17414595
18005127
16327952
20469729
18571213
15683271
17846041
20089307
21534097
18563017
19183496
20060139
16533141
16442027
16549070
20720427
20234207
16014990
16516560
19458091
20303030
20532135
21726454
16530377
17458539
15647238
20549122
20550841
21123958
18294222
16468256
18431964
17705866
15942366
21703675
16891192
21990386
15645771
16023901
18515034
21801946
18501835
17880978
16902079
16713336
19945102
17007708
19256209
17261662
17934943
20038405
15960018
17048754
17506162
18049154
20927752
16468080
16957458
15856168
17988824
15692292
18752459
17273563
20541074
20618498
15596703
16401771
17373396
18400568
19629536
19232929
19726990
17495549
15667358
19446709
17115284
18022588
17133189
20173475
19725018
17142605
17883790
17945013
15623251
17484705
17102643
18308988
19320354
21397870
16376137
18752095
19258555
16688495
17620912
15615304
16546057
20920105
15695134
19817606
20002507
18646408
19777096
18942134
20949806
16635052
21560898
20572431
20639232
21443806
20860978
19668037
15980726
15924900
21238893
16795980
19102433
18689712
16732342
16537301
18372817
20308172
17999211
20799497
17472508
16295285
15822717
21343558
15632891
18308911
18775398
18063275
20081636
19048642
21193084
17605569
16843575
21225172
20142739
19864994
18603377
19938397
21606107
18922403
15632795
18685318
21768431
20510841
20374101
21183759
17051891
19845734
19192029
15960406
17108594
17897420
20438371
16379129
15855177
19094876
20496518
16455221
15822847
17656405
18206840
21528629
15541066
17765496
15629990
19068152
17851384
19288969
15947643
19907012
16978923
19428214
18980712
15828597
19186285
16164384
20397323
21287147
16688661
17472495
18394450
16949077
19692804
17828836
17321932
20799894
19207062
20606653
19472112
19492647
18552683
17978377
21571178
16139162
20164627
19359085
18346597
17531766
17586350
17478645
19589270
18246448
17459812
15669150
19968909
15575423
19664525
19042824
19292630
20003040
21319696
21717947
18028836
16350498
21853078
17077254
18820307
20839582
19019462
19489757
16110227
18796426
17614071
16676337
19909074
20410778
18611317
16396410
17394519
19104320
16755942
20619199
19750566
18993134
17476618
19084971
16617918
18684359
17471047
15683749
21074114
19731577
17545841
21488416
19538796
18034182
18488864
19661252
18095798
18514825
21112972
20118451
21721874
17210879
15635886
20218471
15709630
18315829
18357437
17412115
21355476
15780342
21403487
16082295
20041613
19684493
21126195
18039447
16270669
18043783
15920711
20172454
19780853
21941040
16525525
18210161
18680925
20921918
16703991
16218148
20931917
18836687
20002590
19467756
18430563
19887996
16951838
16542606
17568328
20554279
17431337
19711657
19317314
15630818
19010732
18539880
20131582
20144366
16730290
15667359
17958056
16480558
16600005
17623953
19853936
18181890
15720867
18271137
19201322
16260792
19961626
18710895
18510663
19455926
19879092
18496357
16881995
18403403
18641110
19112269
16483094
16646986
19843130
18026777
17144955
19274607
18178132
18245578
21118321
19174059
15747939
20480870
21736169
21266150
19939223
17025041
19591659
17077796
20809471
19686271
17372787
21032972
17888107
16220059
16149981
18725355
15711812
18373401
21257230
19907425
19232919
19134493
20034134
17941521
18578883
18684784
21046529
15934547
16916340
16518952
17476076
16619395
18852404
20024747
21072017
15805437
21532075
20671567
21223401
18563001
20000306
20722812
18548410
20044415
21214691
19956197
19820478
18649347
15532327
16055493
15968228
15536815
20463485
18086988
18827611
18810650
16834883
15511424
16289849
16706550
17487254
20840827
16294474
16780085
15813311
19541254
17852110
17064964
19248330
21391861
21368548
21046968
19555475
20638035
16798177
19622467
16908918
15971555
16490912
16238770
19711048
18957190
20578508
20485702
16618916
18562862
19457513
16999178
20566604
19039679
15801349
17314741
20882733
18754234
16447890
18321394
17437071
15592955
21281772
19339446
21122731
20227903
17600996
20107294
20805023
15744142
17483997
19349430
16252379
16052880
16426799
17699189
15984437
19365250
18513379
16022610
20391675
20575232
15839183
20402172
19353413
19825711
18032986
19245091
20456340
20572093
18297170
17275970
21800707
17725947
19821916
16148475
17568246
15573349
21831325
16461447
17260600
19546446
18322027
21329122
17253070
17007161
21310114
17561016
15801387
15521337
16043979
19709798
16792717
18477878
18090167
21205555
16889162
17635208
17635257
15947913
15836534
18482146
15782316
18464443
20878833
19570485
20860573
16436084
19901746
19272291
19592952
20177037
15760930
19785580
21359258
16897026
16366372
20446632
21404462
15708162
16235582
20738741
20414559
20235774
21506464
17386151
18020245
21838159
21510149
19434217
18853532
20075127
17070341
20506669
18416361
17284297
21526526
16860043
20506122
17102396
20689936
17427878
16594230
19055253
19875841
16153206
18360221
17007309
16450312
15589705
15810757
15993257
16425948
16913605
17983723
15747077
20019345
18702081
19460680
20890143
20531081
18629691
20168188
16750098
16873922
17910341
20097636
21585696
21831025
21943344
21830648
19914470
16788086
15593059
19883347
16670133
15557355
17655531
15918260
16889320
19745632
18371250
19167592
16078398
21515541
20148769
16137786
15980295
16673197
18445850
19515198
16252737
16887247
20550653
19080875
20050478
16119488
21225352
21476419
17888990
19467434
17428295
15604527
18552094
16956851
17942584
20066814
21915586
18664739
17548401
19127907
21292049
20860319
16483099
17324182
17079584
21449185
21651382
17584350
20530646
16601526
18698595
20737229
15690865
15779699
21733105
17334124
17036265
19091091
20535677
17546313
17911667
20592066
15965035
19061173
19208816
18269305
19769017
15581305
17522346
21164408
18287979
15984505
22082557
21519775
21447221
17319616
19135017
15941456
20351333
19616156
17170691
20482748
17033591
16425680
18310215
15709443
17953297
21186157
15778070
16883119
21242235
21216420
15816698
21300192
20211644
18716737
17149460
16043551
21486116
18839734
18722655
16749879
16369411
20047029
19491151
17115200
17928964
19106884
17616454
19734535
17138955
19946946
18069432
19266368
18241782
20447799
17583281
18760577
19061685
19194167
17785015
15624638
18369305
15602303
15553754
17926454
15852073
20580525
17198512
17958909
20008431
18719849
20122028
20551695
16144265
20221338
17699139
21378063
17502809
16011227
16530110
15661485
18387698
19326315
18798711
21044937
19626766
16708669
15964644
20534276
20630197
21669374
18466604
18307461
17908233
15693971
15656249
19283974
18074752
21378648
16539086
16324039
16523796
17947893
20675297
16296965
15659720
20448452
21848199
20827237
16735204
20340063
18344453
20116158
15853090
18061394
17967631
20711076
16669213
17120922
19694528
20029413
18501055
16789336
19088550
19689636
16833053
16245190
21944792
16135494
20456149
17108506
18097144
21745141
18421824
21531685
20639825
17257391
20368483
18608064
17973708
18494392
21653267
17957980
19999315
16822117
20369638
21177399
15740172
19537389
20709581
17484247
16907788
21308217
19343870
17727770
15931492
17822460
16986357
17335528
16866222
16471296
21700150
19437091
16548408
20118697
21104565
19578818
18373314
17472529
17604967
17483923
19218945
17295995
21648220
20974059
21600062
18845414
22024309
19577752
18415809
18622457
15979627
17502632
19397800
21067891
16553671
21058808
19093298
16294937
17202527
16696140
19933891
16970536
15999081
19101310
15782836
19741333
18623200
21693742
17456817
17427368
18829184
19281669
17387048
17616311
18815527
15648127
19776537
20022914
15566162
15846480
16036035
19804994
21941162
15731987
20302649
20926545
18990915
19647678
16512977
17411001
18283966
20351324
17409612
19413628
17681268
20163979
18257457
16843871
19681210
19375520
16641654
15707102
20039822
20529149
17947892
20598494
16337320
19684629
19154858
18393217
19201514
16741693
19301983
19207055
19402810
20718640
18280252
20665353
18544043
15990430
17450591
19203378
16736630
17184372
15746132
15535537
20380340
17656632
18959284
20663004
19688993
16021802
21418461
16790162
16379513
17577552
16424765
20298600
20666955
16819630
19757870
17426223
17111944
16114756
18768410
18833625
19772210
19256263
20890147
19753952
16096155
20235422
21072010
21175971
21407115
17310355
20169368
18776749
15977637
15628649
16956742
17274171
18457517
19958471
21105948
20441017
21288868
16882102
20299369
17196716
18561558
16733114
21654376
18505950
17006107
17698331
20634227
16502761
19199183
17161900
19708422
17901010
19233105
15553892
17804347
17201905
21841115
18307602
20406498
17416711
20962697
21727290
17122718
18945220
21131605
18346988
19328930
16035634
19561555
19247561
21037958
17170671
20387500
21244477
20545223
18378729
20542793
18041073
16403595
19122987
16924786
19712215
20948472
19258829
18433879
21309200
21271872
20812549
16719899
18446745
19244475
19673984
16931972
20123767
19623576
18638047
18058117
18761770
19744657
20047365
20224488
18495548
21811160
17257516
15852657
19463678
16884034
16352344
15791781
19271457
15640630
19699445
16756536
20860433
16242331
16106491
19586569
19321807
19560692
19366395
17064837
17169231
16294804
18258576
17057568
16712701
21610114
19968454
17333494
15730073
17188599
17584338
19321066
18095889
19098617
19996586
20722323
21848165
19860067
19813296
20699313
19403072
21776931
17583067
15754631
16463240
20642050
18548141
20590889
18626532
16134659
16893875
19681528
19526324
18418109
20705931
15750504
16153476
18727597
20212028
17069205
18838925
17766796
21780095
17844984
15590209
15631293
20871944
19534222
17706426
17672906
20508558
15523081
18677689
19591026
20586952
17253131
19766073
21667648
17502445
21122570
20414114
15829472
17823560
19934461
17985962
19103585
17904500
21179664
19628236
17107244
20135072
17173759
18501044
21879648
17071207
18496086
19659407
17209154
18849465
18026943
16523036
17163227
19787525
20349639
21487344
16226371
18770101
20541272
16896861
15529892
20636582
19250365
16108294
18248404
19422938
19493177
20505999
21882632
17020117
21327528
18922582
17803400
15669928
19824252
16478839
19005119
19529045
19901005
21587063
21193088
16815053
17998410
19237810
19994653
21630628
16632189
16874785
17033527
21219659
15866395
17064202
16246653
15907667
15580110
16376522
16895278
17218872
20131587
20950726
19573969
15985647
16273797
16050891
20831106
19745245
18569854
19427776
20552917
20074833
19504677
16304319
16610775
17139466
21118331
20047770
19380366
16713013
21966769
19567690
17533491
16794886
18275402
20156313
21748623
21337982
19556035
15995096
18777654
17036883
19227014
20881713
20932464
20590816
18849806
16452896
17380340
22118332
18309722
21434826
17387058
20002421
18619689
17557437
17659765
18578677
20146947
17130381
19426371
21767163
21244668
16299433
20723771
20029343
15932385
20195109
17878013
17479054
19365228
17498168
20503162
21343276
15637956
17256018
20423912
19128346
17968767
19062704
18768345
21071528
17413771
19898099
17495550
17491503
17823476
19326625
21447846
16047825
21449182
21776242
16430602
20595529
19674744
16466059
15774391
17414917
21167362
20971828
18954244
16575712
16477276
18693994
17132376
18344812
19914484
17509383
21999067
15665661
19735585
19139382
20851272
18822558
19017909
18274361
20859114
21820540
16640136
16680633
20179254
17114848
21097075
16466277
16842793
17170582
17636111
20545979
18371553
16219623
22046017
16078965
15779615
16055241
16998150
19909955
16010188
17684773
20860610
19937955
21396615
17471617
16005415
15918423
19682775
16544011
20361900
20046134
18194624
19748873
19344195
21534905
16035276
18242613
17952627
17206082
19106279
20380748
18077277
18769182
18489892
20406315
17366250
17269947
17711143
16680174
15934386
15877566
17669281
20354244
18582936
21599883
19738472
17785688
19765742
17004660
18688048
18597172
20083929
18215263
18710162
18414339
16091574
18697967
21807707
16879383
18464129
20712109
17182418
16771956
16962458
21473169
19996808
16317358
19085957
18354103
19097041
20155605
15548249
17546367
19924526
16640135
19243346
21361830
19190999
17848423
20185444
18648893
21170659
16922986
20715304
18079085
21047725
15895331
18804390
15515292
17971391
21039589
17897147
20868958
17971352
16600982
20121961
17872907
17443630
15962074
18665056
17287134
18611307
18028383
21353941
20116122
15569130
19966683
18649585
15866006
18394856
18678725
15584311
17551350
17983928
17238363
18635587
17004190
18820545
17852989
16825133
15761453
19233353
19152405
19913179
16357657
17534619
19919195
20520216
19044102
16142843
16297578
18073666
15818096
19377174
17944610
17184377
20470951
15743602
18924291
21624394
17710479
17403768
16879943
16753084
21382214
19418982
18466661
17325100
18821031
20382369
16443958
19559223
15991586
15756921
15859936
17111239
15945411
20453351
17581460
17274807
17146726
16614013
16493308
18762140
18832510
20010411
20378307
17366919
19941237
15666886
17119896
20078403
16390528
18165798
18427778
16289065
16411363
20603752
21300647
20664379
18379720
17182504
19267384
19056614
17005464
19351407
18080170
20008765
20231494
15787774
19482810
16151493
19453917
16965467
15736899
18690994
16256718
15517297
20432203
17017409
20298379
16893143
21121844
15527614
20119895
16541823
19319000
20225102
21842628
18095805
16368095
17905234
17419778
17077223
17764038
17449252
17390192
20673970
20368662
16934140
18999235
19564517
19704190
18558255
18295924
19343858
18653427
20601614
18661459
17335530
16126602
19552620
17355582
16534084
17365897
18695848
17491357
18360149
17704669
20836636
16597578
16770368
19150911
17007155
17601343
16302543
17953232
16829724
16078984
18479225
15769792
15597284
19130333
21126191
17095298
21375908
20196310
19789438
18935839
20057327
15681211
15701148
17768187
20920084
19342530
20978428
15856333
16776858
16905961
19278320
20094093
20151212
17060897
15744904
17020240
17167709
20955185
19042825
16021417
20185441
20395614
16296992
17151566
18411892
18166883
15843121
16594292
18601633
19236288
17852006
18038526
19477972
16877905
15599203
18200827
18782209
16689110
16195820
18956224
17392944
20623970
20377431
16402447
17164029
21216888
19591362
18668476
19177891
19250523
17957525
18046336
19708839
17600602
17592980
17094645
18554384
17394733
18556379
19750277
17727387
16877190
16027593
19062357
16285420
17309550
19181140
19760913
21462060
21692584
19495946
16620181
19016421
18069369
16325407
15606728
21766898
16892935
17662156
19826326
20550076
19012786
17505242
21499008
20973201
20950195
20305569
16036825
19373185
17760976
16187666
15563054
17102472
18630217
16895823
21051795
16332472
18614912
21183152
19996500
16549294
19165122
21476388
18034179
16602366
19752038
21541772
18853846
21199423
19470719
19898789
15933354
20664419
19535214
16565030
19327315
17915628
19880954
17126458
20352506
20190666
17897829
20849520
16433804
21675479
21554021
18947116
15520941
17920226
19669716
21071501
19380442
16801140
19700269
21526313
16167453
19894359
17002186
20875211
17081913
18457798
18604934
19490773
17076693
20875880
16205851
18414327
20502176
19999487
16955638
15998996
19536006
17510453
20443406
16463012
19791679
17918080
16459340
16764155
20828509
17433113
19833000
18284538
17160738
16985408
17524737
16753727
16764196
17314576
17474939
19672933
19578326
20099755
19702526
18176852
17400152
20712421
17803413
17418963
17322163
16968312
20364693
21928599
19162948
17079249
18411391
17138846
20004298
15756880
20497606
17975457
19893465
21087301
20826840
15580108
18448753
21518295
17008829
20409059
20724330
20081687
21883873
18372379
15693988
18755780
20470955
20232500
15540666
19572058
17302137
17951072
16938458
17318752
16120501
17349439
20081692
20124014
21273220
16530108
21523263
19375786
17351196
17849823
18613851
17978322
18217874
18098304
16448378
20595274
18669468
20861105
18417441
21569978
18923986
20064971
17390706
16565619
21933275
17334245
15729014
18810901
15587899
18041230
21570018
17472514
16355834
20570292
20136167
17518797
17542147
16499678
18281641
21708970
16532151
21601010
20186272
20173056
17990156
15622338
19244631
21703897
17508970
17142592
16171237
18083675
20347328
16533534
20827062
17671242
19166979
17019462
16464934
18541401
18505664
20187719
19358991
19025084
16806205
15561456
19331722
16473979
16003573
21641503
15884478
16054544
17332215
15751435
20429487
18524338
17786661
18277797
16394682
17662152
18164456
15814289
20877772
18620101
19999948
16252574
18423762
18242922
19482401
20309895
20421021
21457596
21805890
18973640
15576873
19363732
19211295
19671650
18837415
16889949
15532791
17931539
16784043
17908755
17098101
15681992
19204646
18326343
15974046
21190493
21523993
20813997
19381730
16913578
17668735
19398823
19640282
19439707
19408781
20976655
20057238
18332573
20551222
19935593
15854933
18999287
20121775
19965801
16555667
18385402
19331253
20681485
17327741
18414266
21194757
19060797
19174529
19916808
18234033
18493711
16540788
20516298
15806322
15766339
21292055
21531940
15778131
20949791
16681197
19789196
18684103
20204989
19267028
18454821
18774670
20302257
17118638
18331965
18302851
19667840
17175033
16690762
21376601
21205260
15869559
17785690
17674615
16981989
19632561
20466229
15571901
18562819
18364172
20967509
19589164
17699299
18292485
20398957
15960790
17044441
19957353
19711266
19164212
17066965
15754859
19923027
18406037
18727336
15789363
20385460
18414713
19428869
17899993
20099654
21941045
19402860
19719075
16900070
18505152
18501752
20681376
21322500
19222661
16821349
18090519
16688662
20480972
17494443
15537189
17241635
19479670
17046986
17196906
17019446
17727586
17626116
20014712
19239676
21716048
17284476
21599562
20500281
18439320
17181083
21109945
21460349
17578060
19054959
21298276
16567598
16724286
16638946
20614373
16101202
18091628
21853698
20357149
20225985
18453903
19221763
20346338
17381826
19682828
17522829
19150265
18019518
17011190
17394596
18537987
18043275
21879671
18648202
16416235
19718743
17164803
15935627
18980451
18043526
18503797
17909431
18393058
17053855
21267533
19448210
19088486
17273492
19380959
18609240
20187099
19287112
18019790
18006884
20500352
17955303
21899982
21268379
17079619
20384642
16121494
15829458
18424318
18582300
16466089
20044765
18988562
17360084
19188467
18990095
16875116
20000261
18204846
18355699
20503672
21341443
18308281
19028821
17699001
17054752
20391269
17766672
19661000
21042253
17408858
16181047
17225834
15957874
17727131
18388844
20547646
19226886
20022857
17077716
21097770
16191134
20590022
19926978
16148573
19238355
16968428
16164654
21781218
18580392
16855802
15912603
18337263
16106768
20131442
17099418
19018902
19035033
17252603
20701422
21540681
17276289
21193946
16450794
16426372
15553181
15599649
19032571
18721082
20099773
20799388
18065034
17366437
16971286
17219636
17563290
19961502
17630007
20798621
16509963
21605427
19753390
15794420
17549616
18299361
16495324
18324582
21468485
15999919
16572746
20706167
21134555
17611213
18031843
16844417
17654518
15936427
17270044
21438677
20193885
19765126
20357707
17563853
18689533
17596949
19254194
16411028
21464758
17729128
17458819
21566469
21499490
16684090
18475222
19343560
16471291
20378626
20488428
17924373
20110605
19642899
17727406
19940819
19892293
16235137
21044135
17943620
20833937
18926047
19187418
22021468
19817878
20605003
16173909
17268910
18928822
17537082
20110341
19473064
21678753
19450099
18450821
20443308
16315770
18926447
20528290
19100667
20229190
19772228
18562834
16501268
19645165
16708980
20168196
19080034
18580125
19176847
19318665
19359016
16287927
15845324
15551847
21218713
18291008
16140457
15511744
15686807
16437328
20478797
21813221
19011504
18165379
20955477
20363454
19342715
20393174
16999652
17621972
19451084
15800346
16213236
19568225
18394540
17283821
20446192
21311711
22013820
16510695
16672676
17242389
19806711
17905252
21556263
16018134
18785349
20083537
20191059
19552272
19358125
15835472
16046569
19177521
16673631
20070598
20010203
20804880
21052568
18517071
16509434
15683013
21321420
18000441
19364896
17444460
21441571
19467736
18209695
15998615
17970856
17261144
16730578
21667055
20626479
20186647
17452431
17895491
21749006
17890979
16372713
20487406
18524550
16715902
18813601
15897166
21932708
18545069
18955599
18595709
18078210
