16710088
16755664
16752168
16739183
16737741
16722887
16722813
16777826
16766105
16764562
16762800
16836282
16826773
16801205
16799755
16794438
16793836
16791743
16788840
16892657
16887247
16877285
16875532
16858741
16840363
16961553
16960752
16955435
16950996
16942122
16938788
16937758
16931461
16926668
16923040
16920649
16919162
16914696
16911786
16907982
16903407
16900310
16900281
16899987
17056043
17050085
17047376
17042055
17032933
17022856
17022797
17016480
17015201
17011217
17002177
16991049
16988605
16977554
16971277
16967014
17146009
17140421
17140420
17133150
17121761
17119490
17110877
17110087
17107619
17087813
17078883
17063419
17059971
17057801
17251796
17244008
17242911
17240252
17239061
17216684
17212684
17202109
17198665
17194871
17192152
17190942
17186528
17183621
17175653
17171750
17171741
17170582
17165327
17165326
17165073
17163394
17163222
17160733
17152455
16055815
16050827
16032567
16025695
16014582
16011496
15995823
15986788
15985648
15983886
15967452
15933866
15899606
15891522
15889782
15877684
15877641
15875456
15852657
15828693
15794728
15758702
15754079
15741593
15735597
15735596
15699565
15698807
15685097
15680115
15571851
15570485
15567208
15551617
15549004
15540710
15529709
20302265
19492613
19181140
19005434
18977551
18953751
18925976
18924529
18853662
18852478
18812555
18797227
18797217
18797209
18801874
18784547
18784227
18779884
18729028
18705901
18697346
18666868
18664076
18640542
18637748
18608087
18605513
18586756
18573018
18409256
18365775
18365772
18341198
18341180
17496369
17495309
17475331
17474374
17471035
17467495
17450591
17446828
17445135
17445099
17442030
17439386
17437616
17436462
17435426
17430777
17430301
17410403
17391422
17390749
17387304
17361502
17361501
17355731
17354473
17347512
17346366
17334271
17331259
17321854
17318662
17317434
17310344
17310343
17310342
17310340
17310339
17310337
17310336
17310302
17306878
17299807
17299658
17290038
17287244
17287134
17286192
17284556
17274175
17272898
17267370
17254823
16620197
16557122
16515282
16508481
16483860
16480988
16456394
16450520
16449755
16442473
16435526
16423168
16422996
16362709
16355834
16330905
16318826
16300460
16299885
16295259
16272071
16263639
16263619
16263613
16260707
16260702
16252574
16189982
16153563
16150875
16131639
15926758
15912827
15887919
21998906
21960374
21988682
21174855
21140752
20393224
19931713
19931708
19911729
19674431
19660166
19650682
19591360
19588661
19583055
19582943
19577331
19573969
19506585
19504083
19491563
19479283
19472678
19469607
19437955
19423472
19422687
19411101
19366300
19357148
19349935
19302422
19251831
19229119
19159080
19066170
18088159
18082108
18080044
18078589
18074255
18070254
18069434
18041868
18050050
18041354
18041335
18028552
18026200
18021332
18019971
18005630
18001656
18000948
17999424
17996057
17993635
17987457
17983723
17982871
17965814
17956496
17952216
17944005
17942458
17924261
17915182
17911576
17899999
17880662
17868496
17846366
17828655
17826652
17805455
17803022
17690089
17705734
17700975
17697454
17684111
17683953
17674201
17658006
17657670
17653447
17650090
17643760
17635624
17630451
17623729
17623357
17622708
17616329
17611983
17609050
17608648
17604464
17604262
17591404
17584822
17545841
17544181
17542348
17524864
17524863
17518890
17517114
17514724
17509424
17509286
17509285
17509284
17509283
17509282
17509280
17504847
16459905
16447612
16333013
21684679
21679419
21674913
20975520
20946861
20924186
20919503
20888737
20887840
20878041
20873473
20860196
20853212
20846910
20842336
20840378
20813784
20726268
20716657
20687824
20684182
20644356
20630924
20619232
20583316
20579755
20538363
20529149
20521919
20510824
20482233
20457406
20450339
20439920
20435967
20418580
20380966
20379726
20309780
20306109
20228359
20227673
20061229
20197457
20187531
20158549
19143235
19125119
19117883
19116974
19068898
19068687
19067499
19058152
19055663
19046203
19025889
19021126
19019462
19016421
19014409
19012820
18806197
18990207
18982364
18954877
18950379
18949763
18942565
18924462
18923711
18852581
18841254
18821088
18788955
18786017
18783458
18719653
18709684
18671895
18650705
18611104
18611087
18619689
18613247
18612092
18604472
18602185
18595987
18591502
18579928
18573431
18569854
18569625
18567538
18553244
18540798
18524652
18524550
18524338
18522259
18521969
18515250
18513271
18489666
18489511
18489198
18489197
18488425
18484255
18481737
18472221
18469734
18466182
18461034
18459597
18455949
18449822
18445825
18414713
18414297
18413518
18385225
18384590
18378349
18366755
18365777
18363454
18358083
18350458
18347906
18346405
18344453
18342588
18320301
18307703
18307701
18307596
18294613
18285675
18283996
18282633
18282270
18280210
18269678
18269542
18269429
18259995
18257966
18245761
18243334
18241311
18238790
18223263
18216465
18215551
18215329
18197759
18192152
18180491
18179674
18179495
18159718
18157732
21840898
21526583
21481171
21378063
21233138
21211484
21160141
21152711
21149243
21145582
21139520
21083512
21063182
21058896
21029127
20623993
20620811
20561129
20560832
20560831
20554222
20551371
20546817
20546168
20527994
20488863
20487419
20486821
20456340
20441064
20439293
20434634
20408341
20402541
20402540
20360186
20345926
20231494
20225911
20223310
20074438
20204383
20201115
20191466
20179960
20167091
20155989
20153911
20046134
20128251
20124890
20118075
20112774
20110605
20100749
20088150
20078897
20064142
19948605
20050366
20044332
20039157
20031009
20025409
19965545
19960932
19960922
19960645
19952796
19951637
19948302
19945320
19939223
19934696
19934461
19930570
19924580
19917175
19917035
19910727
19908947
19889474
19852699
19836205
19835583
19835465
19833682
19830851
19824187
19820671
19819773
19817618
19817606
19817603
19817598
19817592
19814883
19814834
19797754
19806287
19797698
19793434
19772247
19771537
19768806
19768640
19766889
19765126
19765123
19750383
19731345
19725798
19719464
19714597
19702606
19689757
19678853
19670955
19665915
19663528
19650749
19649422
19649002
19648575
19648384
19601690
19618792
19615623
19608199
19592081
19584803
19583782
19574322
19571324
19552620
19528407
19525051
19506434
19496031
19485424
19482768
19479688
19475364
19470198
19463677
19460244
19452109
19446893
19443040
19386826
19381078
19375520
19374611
19366441
19362885
19318470
19302473
19298502
19278320
19271220
19269959
19253315
19252890
19213393
19207369
19205473
19201147
19199193
19194308
19181674
19177521
19169311
21991862
21957798
21912760
21888454
21884356
21862079
21839909
21840840
21718982
21684479
21667010
21658713
21636616
21632000
21621408
21592383
21585226
21575155
21557530
21548813
21515898
21496527
21495197
21486986
21477457
21394491
21393292
21358385
21341221
21285393
21284518
21275976
21255542
21241466
21241160
21235405
21223462
21214691
21198803
21155363
21129159
21108534
21093369
21087406
21063228
21051795
21045640
20940249
20931098
20930157
20923990
20923447
20922341
20922339
20879014
20853066
20852506
20847346
20843424
20819235
20815908
20808147
20808108
20804224
20796267
20715299
20712463
20687035
20672255
20670319
20667944
20665908
20660364
20647236
20645668
20571180
20507600
20461785
20297866
20186272
20030432
20022534
19739878
19712009
19689164
19562292
19351919
19250995
19143233
19119575
18990973
18950369
18840287
18804232
18664961
18559164
18292420
18225401
18062730
17373353
17310338
17249857
17206959
17196105
17020395
17007487
17007486
16702081
16696746
16689714
16688504
16688058
16686964
16684724
16676288
16674778
16640630
16636090
16633295
16631822
16621145
16621072
16607599
16606913
16585091
16563315
16550847
16531844
16517483
16514475
16506870
16505131
16490728
16488296
16476645
16471214
16471153
16465660
16416763
16416762
16406035
16376598
16364573
16354865
16352344
16339293
16338597
16333006
16325407
16322139
16316896
16300416
16293195
16287927
16282934
16278182
16273992
16267637
16264176
16261384
16252793
16245190
16235143
16228106
16226481
16219112
16197495
16195092
16176494
16167849
16166409
16155348
16153565
16153564
16137814
16137239
16134041
16124448
16112249
16109119
16098415
16095789
16094549
16094281
16087824
16050236
16045554
16036507
16021668
16021411
16012933
16007641
15998620
15998164
15976877
15973342
15970778
15967010
15965766
15946280
15926761
15920711
15904537
15900181
15871640
15868443
15867027
15866006
15849518
15841870
15818718
15804242
15800007
15789967
15789363
15789360
15784208
15782448
15762866
15754735
15750995
15750380
15741477
15729427
15720709
15718186
15711342
15711292
15708184
15701211
15694504
15690896
15689089
15685405
15685263
15684847
15683956
15662054
15654469
15642500
15641944
15638043
15632894
15614493
15603246
15603245
15597290
15590584
15589705
15580015
15578622
19667684
15555717
15532206
15517302
15517297
20100361
20031904
21693527
19023953
15869231
15788949
19131757
21219423
15889804
16681708
20922514
21218574
17674216
21277070
19750566
18371576
17804339
21586185
17031733
19878479
19293037
19183094
18181419
16567696
21524661
17891043
15575035
20077803
20807445
18290898
18567965
16100413
16534660
16487900
19522714
22049812
18569892
16116778
17018226
17803408
16954525
18856174
21129179
19861695
18484689
16208656
16514251
16330966
21678368
18477717
17720691
19095341
18716737
17929724
19062430
16595533
17925109
17222294
20098883
15723152
21621729
19369143
18601637
20816107
17959006
20142027
18221465
15806853
19258560
21093373
20824070
15531985
19186285
20846562
21277449
19537392
17441929
16182988
16284983
19530018
19559195
16866692
21922121
16135861
16015058
18522532
19644350
21039087
17550684
20625573
20452623
16343026
18316911
16140129
21306347
15747916
17524736
17470072
20657978
20512449
16023841
20380720
19907425
18688567
18837659
21171494
17061778
20663004
19007710
18668612
21426524
20835964
17926262
16990883
18071806
19016025
16310436
16892682
16245559
16198192
21091226
15706832
17979619
17696675
17367901
17097757
19538795
16889781
16752872
21146658
19300078
17083319
15756922
15966626
21800656
19328439
16153052
17846560
16175784
20487613
20627817
19957453
16416459
21176258
21865222
18411890
18773321
16384803
15750507
17474235
17645537
16307629
18828297
21670623
21282503
19592832
19417646
19385331
21483003
17219502
17000345
20689196
18788122
17653891
19605964
19538648
16200520
16239820
18324582
18317283
20218276
20602139
15574193
20388935
15841893
17511360
15912377
19476597
17574191
18973640
16564405
16571992
19464097
20843982
17903718
15537067
20513695
19647967
15896961
20534334
16721137
16116831
18395724
18425027
17583321
16722122
18391804
21069692
19167200
16524940
19670967
16212214
18003681
16256877
18714713
19489989
16242295
16916061
21246379
17623953
17449410
18451385
16637581
19534187
21040107
15997715
15671191
17087177
16858894
21770355
17563999
15962401
20451936
15908083
18466649
19827377
16604801
21500008
17141638
15904886
16426426
16189758
20581001
19024232
17359572
15807760
19636534
16137578
16426618
21492337
17392931
17518819
20472608
18401936
16101709
20718396
17049696
16281205
19174943
20658125
16798068
15929362
21463803
22128562
19087915
18077492
15869554
16477958
19489944
21666976
20097148
15729776
15766334
20693238
18844763
20082061
17654478
16088832
20531440
17345758
16916668
19150895
17568476
17634420
15605326
19109855
19752260
21146116
19769145
20149573
21376485
20131580
21750125
16142843
15573667
20859048
18182885
16784413
20660530
16722300
19025956
17477227
15778631
16273451
17238494
20827893
19267003
18082836
19335491
20558122
18853029
20666939
16481778
15742907
15992395
17630383
20496305
19020364
21078463
16519201
17636459
16845814
15626152
20932464
21119075
17903080
16430602
16798173
19150944
17219935
17695557
17263656
20672517
19883965
20965794
16960276
20202269
19333984
18520663
17605786
19237476
19027089
15993674
16872786
20214779
16838676
17939006
15907979
18399387
16910949
19813486
19018515
16879549
19370630
16037723
18853708
17250466
20841642
17071417
20097932
17761230
21029281
20051159
16310323
16324899
18254830
18603536
15670006
16388150
16430343
18449834
15984561
16041234
16511612
16676677
17086470
15954015
17477482
16266638
16117265
16006416
20831287
17941770
18680571
19343903
16013344
21551929
20000254
17037475
17650984
20585211
20450999
17337364
16194179
20487490
15988669
19297830
19707164
20827931
21254161
21193164
16299573
15760930
18773762
18519116
17095426
20934364
17410748
17217133
20180975
17584338
21141265
17102494
18522522
17624053
19320354
17933163
19771647
20182970
16427761
21719625
20334748
18727336
20081635
19129293
19680310
15840075
16404082
21739885
19100960
20696808
18844560
18642620
15754510
18247179
19204614
17417769
18056562
15630059
16400271
19160881
21560456
18690085
18988409
16953850
17649861
19114780
17668162
16404823
16088115
17610020
16776489
15917002
16540279
17630942
17874086
18180167
20168017
19152057
19423623
21473210
18525139
20923287
20069825
17099591
18096587
15985441
17066967
15728419
16887392
18192127
16584013
18832289
21362757
19899258
16832675
20543356
17192525
16415627
16711623
21046170
16354240
20875252
17452605
16177581
19835604
17363872
19750387
19841482
21180300
21718834
17934943
20640516
19260369
21294497
17115513
18021169
19008737
18369582
20963612
18677689
21302595
17767689
17574192
19749653
17667931
18296928
20189152
18266573
21208412
17224605
19526324
16050857
21676572
21448042
15532791
19132235
21207009
19084893
19580536
18042019
17563422
19709795
21875843
20681392
16973446
20443290
17238454
16126602
19745628
18266164
17978115
15586121
21305423
18522667
16862198
20540393
20707670
15565974
18556081
19348410
19757870
19327210
19826998
16977441
19024665
18650639
16773859
17102716
20825516
20574104
16730784
20039822
21359256
17531766
20542366
21363906
20819304
18075965
17061473
18240881
21121847
18558263
17785010
19773144
18675179
15711812
17565929
17088223
15853778
16871101
19399527
19619376
17356093
17419778
18664738
17572924
17075366
21561516
18454689
21515870
17086800
20128887
21695383
19896185
18004189
20803401
16737139
18180492
16703440
17610440
18158513
18649808
17144222
16048857
18069917
16236868
15608940
18983652
17851721
20406531
16239938
16082295
21219821
15900432
16247355
20306274
21290960
16704351
16607351
18507582
17017584
19182457
20505606
18826068
19493144
15993374
20122033
17888805
19797499
15748057
21459270
18616858
18390020
17517205
16530117
20051191
20040563
17490922
20335919
17224839
16398166
18589343
15564361
15604154
19223909
18161452
18174196
17162877
15849485
17868762
19945081
20303029
20846278
18488426
19650244
18187246
20949798
19543120
16533128
16182675
21443827
18787484
16244203
20450020
19436687
19753390
17597350
20632189
18330626
17304570
16228169
19879473
19525085
20537764
15690592
21591406
19216487
17849918
15778133
19021613
17065946
21926498
19559290
19652679
15768652
18855169
19922024
20520216
19100667
17187535
21469512
16111067
17339823
20492070
19448790
20146000
17898929
16436857
17464656
19785363
18728507
19583645
20946209
15629979
16563919
17671782
17522986
15600231
16114647
16965249
19255100
19728660
17486194
19054958
17591134
18814197
18578681
16352980
21288120
18588396
17849679
20175361
17630864
16735200
19439707
18545069
15553800
17938060
20029006
21133807
16525523
19738217
19451599
18006131
19592188
15667359
18093117
19526887
20697233
17969663
21420665
19485724
18841343
17331800
16867302
15648517
18023958
17632445
16108294
15732427
17570877
20420728
18046139
18039617
21689042
17263632
17928964
17653917
16967108
20841882
17510001
17006855
16669556
17540530
21221958
18297317
19160887
17349147
17607865
20538823
18719058
17236327
16792045
20359145
20579192
21084047
18510414
18823431
20710110
16830008
21194262
17588303
19160608
19393482
20437937
16445221
19814889
20433117
16648094
16537303
17693266
16510023
17682743
19914470
15835338
21848019
17457121
18473088
16191140
17467406
18541643
20391148
17509737
18315829
17873249
19930887
18222479
20081728
20963673
18591306
17057593
18839647
18585838
18709831
19770748
19380958
21316540
20871510
19546724
18053001
19009802
17587085
21473368
20029008
15934353
16131278
16227562
19739452
19559223
19300080
19433704
17083753
17149428
18024087
17591414
17522789
16583663
20077750
18053497
16050887
21990386
17308220
17761619
17888181
18035261
19537147
20838131
18567475
17720107
16861720
17939237
19999040
17476142
21067255
16931976
17139578
22108268
19848030
19401360
20875168
18619767
17312091
15841026
17139206
18314839
19500789
19592857
20047740
19430410
18825567
21736171
17132593
21449227
16866824
16506212
18063444
17998411
17608890
17643713
18047252
19788102
15996965
21368545
16389158
19438083
18031947
19474578
17444172
20510287
16602514
17475123
17536221
20502161
20933365
17874543
20009695
20083916
19222652
17227356
18059463
17318752
18393739
17714237
19188133
19565887
16945865
16923183
18535255
20799934
19928709
17944701
18844250
17388819
18332812
19363884
17206551
21530172
20660898
17601213
18846974
19117827
20082898
21790094
21514484
20618606
15585706
18656842
17218647
15912052
20370860
21378689
16200001
17822460
19686269
20946495
19070205
20510700
18402705
19432872
15945363
20492058
18155398
18621778
21356601
16548747
17204810
21688468
18453903
20670780
21653495
17901823
16387900
20975324
18564949
16680633
19254196
15534306
19489805
20824347
16043087
18293872
17397374
15824941
19656019
16355710
21397103
21244255
18812619
18216618
18035763
19517763
17162373
17017842
21156351
17058411
19566991
22066277
19737125
16594944
18073583
18622999
20117687
19207049
16398889
16389010
19063808
18613299
17408159
18555159
19813132
19250092
21677532
20686322
18985910
17084843
17658965
18441628
17233143
20393503
16173854
20804878
17684164
19947817
18611255
19064387
15799485
20580606
16763515
20595720
19306562
15626161
17596063
20965077
15853087
17522346
16632078
17539882
17035660
19103915
16494663
20439051
21185749
21378658
20673244
16879537
19017370
20620088
16690691
19373185
20086221
17446829
19927849
17083558
20615918
20873068
15599695
15799015
16359598
17508658
15842203
20563939
18772211
19656149
17694882
19748041
16501268
16076788
20182988
19756423
18693140
18978694
18220677
19643945
15839524
21486337
19285173
21288311
15589911
21125755
15781177
16449741
19233689
16045659
21268381
19058073
17357001
18649699
20930915
16352961
18681106
21375203
18720560
20675736
19290975
18488864
17259050
15565976
15900803
18472065
18828167
18709694
18179534
19931954
20050465
15837028
19186226
20171827
21286905
17952712
19497912
19646176
21718082
19067315
20160538
15891691
15925079
20950124
20855386
18298835
19657497
16029976
20925540
16487421
21639660
18752659
17114129
20601725
17420649
16368096
18519997
20017115
17671802
20929651
20351376
21601776
20547645
17068427
16119863
20695047
16786660
18558248
16650198
16372238
19197588
17484705
17484794
15859963
19058149
16381351
21364214
20000010
18595587
21576596
17388770
19768660
17985960
16708980
21784328
17041799
16924180
20423214
19948387
21480490
20673256
18038186
15579609
20850836
20119630
21264451
18722933
18681105
16008020
18352918
17396681
17002082
18828703
20593644
17847574
19944273
19706163
19326611
19944376
16717084
19533894
15550090
20800458
21218739
16025636
17241187
20545223
18395145
20443411
15699853
15864162
17111282
17408064
15912070
19186410
16609080
17455515
19203485
20095186
20664379
16924184
21404781
17533928
15935019
21717720
20443318
17340547
16706261
18806520
16566316
18724601
19832893
19319553
19953863
17139815
20623165
20160552
17942499
18235162
18195414
19057484
19901142
19943192
19388370
18160861
15600037
20956023
17622882
15645323
19657251
18469606
15937400
15590221
18318974
16652063
16889318
15744904
20695330
17680755
20303575
17899995
15987226
16334076
19857216
19025022
17039985
20648582
18187111
21300647
19674860
19943991
18590881
19153322
16466119
15845958
20420475
19692541
21596879
19383062
17329504
18219251
21478683
20022857
16200515
19708793
16379113
19436231
18266204
18069066
20486619
19775309
16191141
16897569
19189748
17478471
18032197
21169819
17978612
16237987
19919172
20095182
21537787
19236287
19741333
21189742
17320676
19695010
18561824
18481465
21406478
16970657
21240082
20737231
19194251
18048482
18411858
17985101
19376793
15736824
15633341
16758049
19142365
15968801
15805437
18203554
21178749
18219238
17196902
16836763
21163726
16115301
20684413
18997358
18923870
16533954
21722991
17936550
20584341
15987405
19898698
18257492
17057164
21942003
20570462
20194608
19449613
18187011
18515809
21123234
21991894
20173270
18266225
16551152
16105850
20008830
17469164
18557433
18019522
19919300
18049253
21255498
17356973
18682014
16464452
20629768
21848359
15732622
16246515
20646817
18536546
17438985
19865579
20348199
17578068
17620205
15880977
19954537
21257655
19555968
21957803
20013757
16651897
16438774
17273633
19156945
17935243
17324176
16523603
21460344
19813081
16193599
16834874
16219623
19473064
16602548
17886426
18772663
20652210
19319000
17136932
17468606
20399093
20136648
19665860
18207046
19319772
16439351
21413534
20735503
19784911
20860978
16530115
17054311
17518878
20473457
18258807
15918864
19665625
19358991
18982964
17713866
19263485
15768647
19013404
21732724
18354066
19293069
16637941
19112872
16846868
20803852
21332775
20878670
17193764
16955864
17906596
16142573
21148160
17851360
20852515
17678514
17894246
17165205
17258054
18022524
18826901
15943655
19081406
17593643
17311791
16001753
16184721
20122065
19547799
18723258
16808584
17597675
16808695
19142627
21232162
15838965
20232049
17000481
21722164
19065370
21368544
17342789
16805186
20222404
17708328
17133293
15592955
18946243
16879096
16424714
16317178
17341248
21824231
21182444
21393574
17257601
19788775
18194594
18359418
19201059
19106729
21050443
16358114
17279528
17828326
17513549
16579251
18558183
21478277
18388715
19908647
18720108
18442677
19150094
21651366
17697913
18461517
19855258
17418071
20077576
21805888
18810662
20054158
17202516
17440782
19679422
17292764
20506878
17337517
17040146
16196513
16608467
18462280
15687895
17937971
17180555
20921496
16777385
21099676
17215598
15846604
17372185
17969665
21140758
17043948
16579216
19528344
18450821
17259922
20117674
16770368
17681469
18837986
15672062
15780324
16383057
16856896
21041160
17394619
19242654
19331722
21336024
21206292
16274463
21307118
17955895
16470155
19657496
15864364
19918731
18403573
18181013
21350271
19523057
16496662
20684124
19209469
20386241
16492843
17160236
15671707
17901274
16316437
17123438
18043220
19216339
15812293
16342351
17584392
17921937
16284050
21314920
20560990
20970046
19711286
21774636
15881934
20643327
16131931
21091702
16343083
18399750
19573777
21250405
20664048
18822558
20187344
16779953
17718726
19788791
15726544
20980769
18800356
18075142
17665062
20012253
19325480
18226313
16982298
17348381
21712210
17033234
19943831
18092916
15677529
19350322
18399087
20658353
19012761
20447006
16927479
17393568
15871865
20626830
21592477
21293980
16610065
16987445
17601843
20217048
15943622
20738432
18601725
17720351
19475830
20219077
19556035
16917911
16894924
16862605
18710678
17659062
19719075
21164415
20018588
20823391
19917849
18754706
15746595
21783092
19022071
19731446
21129007
19244770
19339323
19915441
21670616
18229987
17120922
18563022
18595536
20534276
19739484
19998684
17495557
18703384
16100332
15717707
16007454
20626939
21272821
20560967
21291018
18825572
21664737
16594461
21383270
18447890
16119655
20414559
18649347
18582145
17502445
20077786
16700689
15640659
20027967
21560896
21357642
15962874
20675953
15774077
19127438
15621478
19580195
16749222
15536388
19999661
20006644
16807773
19800257
17555656
15962057
15892722
16906322
15947903
19197680
15832885
17209154
17215746
15997354
21051257
17601183
16766784
15535336
17308443
17024766
17182418
17003701
20230177
18069516
18856125
15527604
21040261
17846089
20166651
15588267
18700871
16996857
16630194
20228634
20166520
16292336
21072010
21667055
15793271
19296355
19845551
18403078
16879542
17953295
21109807
19687528
20529495
16441393
21557168
18356715
20226557
15597498
18623172
16048650
17019362
21038178
17337155
20101059
18380299
15850429
16266956
18240655
18431892
15849528
21678683
16473292
20920077
21781183
17727404
19342260
17383236
19560304
16687147
19092481
18632507
16855802
15788081
19926644
17556899
16336556
18360207
16499792
20421086
18603377
18681977
17500618
21127093
16912577
15955292
16510695
21144403
17122589
15672566
16737082
17002481
18434900
19345609
16106333
19653047
17516009
21739899
15948354
15893212
21194663
21409418
18727765
21511883
16570029
15809816
16776955
19204222
16808715
20582472
16008133
18295846
18501835
19245091
18048222
21617261
15898822
16911175
21256570
17380812
18685372
15799305
18425603
15696568
18581690
15540672
21255001
15518120
15835213
17766668
17540180
17250771
20394770
16584674
16631294
16167446
15658734
17174516
21270639
19694550
15903277
17963493
19674171
21320943
19197178
19572921
17178737
18709840
17242600
15601654
19539533
17098513
21764242
17582316
21117379
18563023
15618105
21505224
16764157
19950317
20546095
18622980
16328394
20981638
19061176
16452557
16052127
18508231
17641078
21425244
20626794
17162109
17150430
18763657
16550938
15973343
20430489
17252603
16595002
15973518
17139889
15726867
17067241
18019766
17158277
16425810
16541932
18194099
17617333
15550362
20218162
21434510
16922252
16564170
21291509
21576036
21693697
21288511
17724240
21429528
15788807
20089307
18678817
16295991
20833704
19919796
19395700
21273573
17642393
16161297
19092478
17786863
15974137
18194358
21531934
17604978
20881157
19049724
17630555
20142607
17958972
16055616
15558987
21375410
17685912
17711587
16990091
20826840
19072193
17518797
21187262
21352225
21116147
17213049
15668270
16086547
20598825
19120576
17699357
16330721
16615744
17454286
15551613
20349421
16565277
19844758
20852015
17537082
17533913
16005258
16257625
17506869
19858395
16881995
20064805
18040747
16917439
20422792
20530646
20642413
19077807
15793023
17505371
18975476
18560062
16800395
20508675
16411347
20632648
17353842
16779065
16757403
19650034
19477574
20890145
18803547
19897696
20134316
21528170
20943343
16515987
20463359
16647644
17663793
15646524
21298940
15984223
19953730
16273007
18028832
16803741
20387296
18266572
17324690
19862494
18984375
18431289
19967948
15756880
15611491
15896261
19626946
16358088
17572055
15854176
18437030
16164509
21321414
17494454
19648845
21783044
16925241
16821510
18264835
18990043
18664778
15893213
17600867
17685830
17956527
19737850
20966783
21605295
15626522
16045078
16108414
19956825
18542022
15515306
19694850
15776774
21187265
20804947
16138488
19800711
15811107
15708101
18818529
20827451
21156297
20657338
17547270
20841317
17305958
19929185
20609661
15517301
19889379
17486947
16901700
19179322
19627685
21419258
16231569
15822708
16239239
20217293
19941730
20211644
20057328
18587713
16725021
21430578
18365197
21099425
19170303
18474760
15680611
16393438
16128655
18752660
20826377
16351538
19609179
19345553
18368318
21557102
19955389
21252831
16000102
18227830
20113915
16833049
17472511
21275120
18260726
16933637
21164109
20593693
15896603
15781598
17486196
16465090
20927752
17651503
19719547
18434916
17951072
16402231
21146342
16492233
16651301
17987539
17140012
17664526
20070067
17700299
18705180
18307853
18431285
19203299
18433963
19770733
17353805
17563322
20124019
17851379
21642931
17409214
18809814
21055578
21944342
15739059
17624678
20123172
17473537
17580003
17916308
16062166
16434935
19060818
16563995
19283247
17019276
21388099
19331036
21893651
19250128
17457099
20690303
16182528
18357954
17496700
17263180
16961103
20964157
16282571
16618589
18924459
18448710
19794321
15767197
21281841
15889867
17886525
20008210
19102225
19054648
21744518
19572761
20839549
15725203
17622492
18819045
19757018
21371983
20372677
20406315
16779287
20540834
16877622
17308535
21815451
18588662
17332570
18926715
20660904
15853091
17933059
17593384
19223339
17493446
17389540
17523273
18304886
16138950
17283960
17108509
20441119
20002422
15993673
18160245
16427361
16998856
20644207
19893842
16394787
16447328
16410111
16688659
19851135
20439049
18154624
18217864
18293243
18804235
18985427
18090516
16670213
20045990
16218031
18434156
21809286
17414332
19706829
18994651
20136037
16356316
18725831
19421085
18286982
17113406
21368525
16978939
16323256
18814778
21507076
19627506
20073551
16256291
20121936
19462185
20438199
19723861
21411822
20050471
17925585
19899198
18416378
19378610
20511267
17805222
16806220
16901260
17083765
20731597
20925288
15596158
18447973
18427398
17620665
17134596
17654156
18189178
18584260
16035414
18752459
18245063
18038294
17008942
19695425
16736703
16740232
17091058
19190009
19237043
20505508
16499462
20486500
18538999
15984917
20049092
20232030
17428187
17034903
18301949
15689645
20205012
19566693
19255127
17470919
15651946
19504737
15650632
17094645
21123196
17575749
21083683
15731637
17345755
16158337
18008106
17853842
16825849
15842658
20679039
15712507
17710834
17300634
17193941
16909729
21119150
20839143
17364221
19715800
20005484
20126819
20000016
18570807
15970375
16905990
16629574
15921985
20626120
16427245
21823138
16291479
21338292
21278322
17007155
20229212
17541315
19624068
17542719
19443521
21441795
16956155
21813369
17979951
16478839
16359677
16035634
17196716
15742908
21124264
19231679
19066137
19170287
21725777
19501941
16819630
18680925
17954873
16463453
19018642
19341547
15726615
19099037
20675362
19380366
18193593
16936614
17876250
17332456
19948297
21977879
17536949
20629945
20682914
17194678
21129343
19592836
15699999
15789379
16784155
19165548
15700873
17994254
16818841
16452284
20399353
21348546
19117497
17984647
17622602
18312641
17099116
19407054
16175728
21313940
17411640
19151859
19050996
19117537
17129326
19865019
16256046
15611803
16502760
15844801
18034811
21207723
20490675
16121653
17050750
17727589
16546768
19824260
21272278
20332686
16100192
20398133
19357964
19930016
16794886
21561517
15709850
19757865
18005198
18435085
17472517
20520118
20622762
16203852
15801350
20592548
16169801
17081940
17310676
17558956
16875276
16724375
17432372
20306935
19935520
18570638
18620106
20046119
21233884
18180134
21368527
15550360
19793720
18567402
20876396
18094791
17955625
20014541
17161127
21546742
19810308
18405469
19825474
18833880
18725848
21357804
17096369
19647132
20437330
20568324
17520351
20695259
16155809
17149560
20629279
16715902
15640535
20123876
18193482
16996767
18785884
15960707
18354333
20478508
16464205
19789389
15772507
17058722
18273581
17822426
15701107
21808163
19412673
20860319
20232252
19361040
18578802
17133142
15650523
20590026
16304223
18545132
16061444
17443455
22029120
16028831
18198964
19455607
15934975
17960669
18414335
17544614
17323873
17375806
16896861
19493177
18221541
16582855
21635284
16060579
20337725
19882317
16182124
19673713
16699339
19036140
21428254
15836534
20508682
17112138
18522525
15608767
15718578
15791785
16779794
17886262
20083537
20550590
15644652
17977500
21666467
17300413
21422100
19917945
17712914
18442579
17653077
19810627
19753952
21196807
18926047
21070639
18997557
16106330
21273358
20031887
16836472
18333558
18265436
17175872
15513801
19629691
17087404
19105666
20502345
17233408
17224226
17112015
19589668
17335528
16808144
16215523
18999164
18188161
20868470
19135910
20882803
18192863
17331094
15640652
16034319
16706328
16475579
21242390
16537580
21272220
20120851
19349267
20228640
19064979
17133898
16922114
17341326
19023522
19216985
19195189
19568215
20399352
19124813
15834838
18820522
21464420
16704391
19996471
16520526
17589550
18060500
16418606
19642434
15883463
20690964
15610381
16415735
16965255
16148491
18270924
18437943
20646387
17073194
16426696
16457272
19711266
18754767
17433113
15857724
17822571
17988822
18800283
15841528
19388866
16544076
20404777
19359079
16403214
19770109
21569613
16831787
19843621
20878743
21694570
17086940
19825711
18622885
21523263
17038104
15896697
20861737
17145737
19629536
20504233
21035300
16464934
17594213
18540889
19229064
21877578
18274298
18616633
16983850
18400685
15624549
18577922
16978687
21854234
17292025
19283256
19134486
20649500
18362259
18595303
19675320
15754566
17976825
18434893
15608864
18246886
17122761
17570604
16531947
16027582
17921106
15826479
16640275
17571783
17972297
17806034
16116922
18834545
17542721
17494279
17725614
21334930
20621274
20414613
21478725
21362582
20591803
15884501
21586220
18555001
20371029
15902607
20644182
20591015
17492988
17301509
19561501
15838090
18806318
15819265
19480376
17059156
19390341
15544685
17851016
20729231
16195185
17766519
16185114
16310196
18454986
17636573
19073783
17557934
16481897
18774001
19356323
16498200
19301983
21747644
19084890
17467202
21050450
16101858
15975955
17112174
17436074
19772214
17372550
17412031
16623043
17098160
16500868
18638011
17308556
20372890
20963271
15966887
19933540
19767272
20304547
16416386
19823972
18452639
21848600
19368507
19576544
22030513
18044411
15858686
18053231
18042573
18266885
18319292
19214275
17039988
17547752
21789980
19639848
20423363
19719367
17004188
20972949
20148462
18806649
16078182
16455726
19967217
16859869
19160631
21898325
17100219
17090805
21269668
16127571
16432830
17683304
16597578
15968915
16474249
17536922
17544248
20924426
21246171
19773029
17156447
15951453
19363882
20942327
17505563
18795509
15993960
17092777
16334394
20666955
20696951
17822526
21128818
18704750
21564392
16827197
15567905
15934386
15923409
19566517
19549623
20849520
20466229
18832499
18695975
19411013
16566177
19426427
17425151
17294063
19489708
16130561
15616751
20590506
21449510
19457969
15774344
15886547
16719422
16638252
17667001
17000480
19266973
16831514
16418823
16609323
21532478
20104395
21156291
21157240
20683772
21388015
17356436
20397542
18283966
19273863
19012769
21089995
20610314
21199548
21470607
20155792
20574269
19449746
19714302
15686081
19927932
20356662
18799514
15942857
21046383
16551208
21666960
19183146
19050028
17164639
17594301
21104506
17969833
18222382
19572068
20547646
19219920
18023032
20107339
21131165
21639747
20221341
18777217
19779052
16761662
17709166
18292485
16877190
20573333
18486415
15587000
19521335
20646238
18041235
17956605
17766562
19267028
20843425
16721708
16613127
17574437
15777363
19443292
16989993
15779616
15774332
17091657
20112771
21486126
16703525
15915606
18410781
18320628
17679224
19380504
15909169
18819206
17727772
15956826
17205835
17298255
21247672
16828344
19653547
17547266
15893959
16646986
17669281
21730240
16266421
16530121
19581787
19484605
17582866
17993276
16732004
17587559
18995854
19084971
19174059
16149703
16508472
17971465
18179373
16530113
21745385
17414331
17847975
15677916
16709021
16855002
21069119
20678610
18261541
17181758
17294777
15598066
20103004
18396504
19274623
18677781
17151898
20543325
20636152
17964856
16342912
16910028
19445341
19956197
16784523
18491690
18595456
15718187
20377091
17560165
17133923
21396302
19374682
16110926
16618023
16600982
17706756
19863767
17548447
19318673
15637522
16757376
19720706
20920067
16299640
16766968
17868507
20212368
16856090
15536971
20353663
18496976
17500264
18081997
21505573
17428295
16690264
15994709
15815802
17100157
15918428
18316826
21480157
16680051
21809787
16326263
21404142
17466213
18443550
17118075
17135227
21266284
20729045
16547786
19655667
15923147
18999288
15999352
18759805
20861105
21177696
18289494
15847865
17489499
17091005
18082068
18328961
20671567
19901905
19216759
16352970
16802263
18026022
17765496
20966373
15747756
21382079
15589079
19489988
19487739
16050856
18078261
17074822
21515748
19837825
15758704
17501881
18824135
16594418
20671454
16719548
21295755
16086729
18707565
19687180
17504276
15965035
20586952
17102321
18767475
20165520
20146022
21145491
16855483
20184637
18666878
20809194
21116945
21425070
17604761
20051615
19092350
16500578
17410509
17902455
17987348
17966250
19533586
16216793
20395354
16829776
16371123
16572406
19786882
16181570
17332176
15562219
20009750
20800334
20098878
20031870
18198316
20450246
20214847
19327224
16572026
19662923
16639203
20487072
17703795
18547435
18412839
19923526
16203057
17727583
16350482
16549241
16984535
21904101
16076897
19434700
17273022
16768736
20408887
17400084
15587715
19492151
20063584
19475910
19789928
19026897
20519004
15522468
17175657
17565524
18321269
19467147
18158387
15743602
21424965
20954167
21140754
17229029
20398156
16332466
17394615
19187167
18442552
16910067
21123407
18286973
17883713
17925412
20595246
16779501
16522346
21146876
20345206
20828071
18206583
16342920
16512582
17064202
16931482
15672028
21053696
15864918
17992703
18086764
20647248
20158137
20199484
16233998
16361596
17495553
16296927
15810750
19694845
16885556
20075718
18819066
17381377
18395928
19785304
18379720
18725038
15890046
20579640
18680809
16206396
17966292
21112243
17672899
17332807
17321850
16263854
18234680
16291385
19926199
18389029
19276220
16075907
16501745
16471289
18604755
21382214
19941195
19025503
19893849
18362066
16427965
19786884
20659199
20392644
15714932
16758516
21952572
21494148
21148579
19485881
17413487
18291720
17227877
21969479
19714512
19847381
16922983
19049479
17186221
15762907
19092474
16354844
20521572
16467061
20015747
17518161
19663240
16579326
16148335
15535539
20549419
20008737
15853233
15754100
18682011
19663271
18311438
21550217
18311086
20147822
18677136
20009825
16281977
21965009
19855360
21032961
20803405
18473086
15666263
20528290
18429912
20297901
16125030
17707499
20948271
16775795
17344254
21317104
18240628
17042020
18275405
17295055
21060121
18990046
20509248
15927521
16184215
15582642
15557569
17265661
18316754
16145719
17184372
20615920
19060796
19842863
20843903
15787899
19910195
20077792
21977771
20101551
16629565
17336875
21084575
19752038
17207751
19735497
17949569
15701148
15641236
16092779
19551619
20443396
16198571
17728585
20147344
19299162
18427782
21073773
16532479
15700156
18595423
18566078
19606792
16197596
19112077
19065431
17786036
21539028
18070789
16678696
16174232
16791668
16161717
20397525
21368514
16595344
16203280
19248426
18243707
19187170
18667867
16186637
19718995
18955599
16629356
21033406
16280090
15716810
16317399
20922921
16444925
20080305
20189748
15717240
19475826
20722810
18159047
17852926
19497746
17605569
18652695
17336866
15550363
16512746
19389014
18186827
19710248
15583907
17666224
20051430
17688481
18312731
20097641
18164466
15650625
19293307
15765642
17610611
19254969
16881503
16091895
16350596
16841812
20811234
16524352
20609251
17368174
17184419
17876174
20567847
17035672
19694856
18182305
20049773
16499789
18080338
21348562
17945277
20819267
18718111
15557918
15871791
17606591
20464593
21743091
20353733
22073695
16219606
18021045
21199150
16815489
21144472
15828597
19648012
21515541
16710574
21702400
18843139
18020196
17470706
18190370
16816541
16324161
21220973
20826878
17701117
16868240
20177285
17109114
16098117
19363941
15628650
19032015
21461208
20114124
21111980
18389047
16949288
17942229
16119649
19682847
19633883
21265393
17577002
19388901
20006316
20201342
16503046
19280251
17701384
17387062
17149165
19124317
17642451
16241168
20338814
21192136
16224984
20123174
16342837
21628011
20081666
19032012
20434292
19952545
15565901
18930913
16719132
17901176
15714097
15657688
16485588
16010142
19620146
17329277
17152029
17153660
18511769
21092885
20361458
18423644
16184946
16934378
18698396
17335519
17561212
17926605
19772558
15712681
18501031
15870117
18376498
20631585
17131640
19492212
16517029
20333596
21536216
18061394
17224699
19287104
16804636
17241251
15916260
17182454
15662490
18632997
21375908
17701393
19647506
15634822
19626443
20439631
19806816
21946881
15940881
16398251
18308499
20584119
20113917
17655996
17368692
18520668
19591363
21719626
18458961
18760577
18552084
20831465
17060222
20185612
16421619
15965395
21813409
18923216
21402457
16178347
21298382
20826598
15599146
15552378
21387976
20118708
19047490
19327070
19012146
16569722
17570875
19418982
19232483
21226439
19381055
16598356
19038900
20460560
18276048
17111941
18563015
17285234
21724791
20552855
18181318
18684359
15887792
17551421
20487062
20950073
16299432
16157943
19845942
20881755
21595813
18047457
18258650
16217214
16791667
19331126
17985969
20008824
18710376
18398530
21972662
16510373
16352944
16582046
21160294
17956373
19441880
16555757
19361312
18079239
19183236
19960128
19142066
21689864
17210426
19366499
18402301
17340711
18830810
16496203
20572539
16617637
16480561
16334509
20812584
21557016
19865028
21086668
22168641
21066929
17847665
19768331
18417233
16280699
16624316
16049209
16120502
16719752
16287826
18398757
20030693
15891317
16106689
16395066
19496363
15574033
20536803
20027655
15614663
19923945
18484601
18488837
17021286
17135069
17374802
16627372
20029712
20308351
16078965
17071841
16463647
17368290
18059345
21977773
21556269
15949068
18840903
17468685
20362246
19487945
21107270
20872146
20578470
15867778
19032132
17725119
17009802
19816153
20302210
18358116
18809151
17766740
17991928
16633711
19170862
21228661
16141775
16679331
19697594
17985063
18021145
19833000
19487788
16849386
18639409
20044335
21508627
21480005
15603685
19179790
21879669
21729111
15526491
19619372
17177028
17477224
16676671
17986499
20933146
21079484
21338233
16708453
16285321
16969164
17983544
21561512
20486445
16792939
17175676
17394668
19935593
16224238
15823381
16527476
16635646
18053680
18450887
18209667
20532649
19931150
19660205
17201099
20937199
17869968
21362766
21182343
18575420
16536814
17058818
16306294
15617635
15962427
17486787
20569255
18668482
16596081
19305340
19552182
18820307
16219516
17056854
18990915
17334166
18294035
20350912
20688252
16573020
20536517
20974059
21767378
19432612
18976845
16114587
19533597
19824279
21044437
18339730
18376524
15706181
19329101
19947324
17094305
17016942
20882210
21478693
16719746
19529055
21441308
16707584
21696320
19941237
18797571
16898907
18608064
17222961
21524448
20088156
21612640
21300228
20211406
20716389
19659843
17459128
19323611
18817960
18226315
19060821
19112264
21512849
15912809
18036125
18819212
18990095
21527768
16768979
21957764
17693437
18070262
20146042
19883414
15724881
17227606
17273485
17001937
18448753
21708967
15791765
17924271
20849670
20118886
15796285
16956427
17386309
19568721
16373178
17043950
21642799
16628180
18416812
20822270
15642851
19358074
17997264
20543652
18578763
18384789
17081644
18588253
21178537
16172441
17931326
16006914
19227647
19772168
15895331
19835240
15980419
17291204
18273872
15900805
17910543
21985048
17901783
19621441
20841530
19461068
16600820
16972543
16308682
19046086
18585886
17158048
20617280
16563626
16136829
20880816
16229314
21241984
18853737
18535074
21190464
17065788
21626999
19177431
18604617
16963677
20529188
18444866
20191948
21410900
15740960
18761842
16601510
19918217
17724680
19105812
17185650
21651363
18025908
15733808
18959614
16821349
17018196
16006859
15553361
19642759
15631258
17347190
16449684
19673992
17617501
15725979
20334002
16627411
17911861
15533524
16264906
18195309
20348365
20337796
19821543
19650950
16956071
19699445
16138795
18594243
19306147
20401505
18547349
16082793
15846012
17583067
19281288
19443523
20194107
15999942
18955844
21544791
18030686
19708930
16492009
19466754
16334970
17850665
21208829
17668835
16821464
18804796
20141794
17347875
19716063
20564415
16961000
19710340
19529045
16418987
17633968
21780720
20298301
20924818
18245212
17421088
15610339
16767588
16507619
19927850
18213506
18666907
17073192
17154112
19204419
19925747
17098101
19669071
20306848
15712292
19209053
17971601
15588259
19531558
19308831
16986355
16968429
20132370
19370285
19663713
16824983
18655322
18395657
15944495
16834875
19092532
16901874
21298939
16491921
20505424
15630932
21651371
15677576
15596703
17705836
16429949
18197590
18313923
20532135
21442345
19248431
15532251
16648349
20037974
20540408
21510871
15527223
17069230
18091633
15946823
19845963
19850481
15643250
19363010
16037718
15984399
18212174
21684413
17976287
18555165
17636820
15774441
19161085
21276199
19230935
21254468
17250948
17459820
20724330
21052731
16924994
17136752
19239593
21209578
21936435
19067982
16672069
18489686
16621142
19342715
18683041
16629846
17581485
15799295
17639837
20349649
21067473
20438015
19944465
17760519
15882366
18154191
19882416
15628651
16969785
16941128
20356790
20816104
16268072
16039809
18849364
17850523
20706099
20107917
16388426
20875486
20208049
21346037
16282082
18581822
21622774
21130202
18333722
21626612
16050386
17335535
19032711
16163682
15899324
20921487
19808372
21555284
19640282
21666454
16534084
21469986
18974690
19664190
17521255
16020009
20398294
20967840
18513354
18157913
20354927
17310664
20555261
20845676
21040013
18822492
18286995
21112677
18586816
17352397
20189682
21499887
16609279
19433998
18369306
15669016
16504481
16829361
21323063
18841519
18093788
16021559
15894461
19914484
15657115
17378297
19260614
16403190
20191888
16672681
21939802
19623054
20458987
17072569
19584211
15947643
19811883
20443402
19147394
19875269
15739735
17855485
17343661
21382252
21251780
15622672
16706319
21610353
18416396
17955794
20562564
17695138
20591005
16898103
19686401
20665353
15754786
17897152
19536026
19169903
18615295
21150411
17534463
19715493
18021504
18855228
20606482
21795301
19330348
20065900
15799889
17278924
17471995
16690352
17216143
18973896
17083557
16331429
15921753
15922885
18560281
19207173
17991978
16775650
16677177
17293181
16136844
19118293
15992201
16002963
19062603
17400674
15632503
21916319
19085226
20123825
15793019
20958849
20100110
20064882
18210983
19240613
15845822
17109748
21136226
17913498
21365160
19664414
19025307
21424296
17115134
17158834
17157128
17826312
18088524
20593237
17727340
15529194
21995093
19781838
18830860
16989330
16892780
16977987
17415219
20195554
16572671
21503462
21319423
21527623
16120891
18491831
16191139
17342824
18824621
17823840
16698507
20403196
20667285
18820523
15599649
16928410
19995134
19016926
19247839
20981480
21837876
20077773
19456086
17007484
15788917
16758714
21815471
16471298
19720766
18690788
18927141
17397465
20032760
18581017
16315651
19356286
18514825
19610499
17675667
16520677
15663015
16132271
16024480
21488564
19918153
18551570
18808300
16795980
17585519
19996463
18725821
16425680
16803754
15606321
18794025
21122084
19070396
15956169
16332470
17560066
16010902
19769207
18959570
20645461
19387272
15745441
19485138
18379895
17405360
19546455
16225970
20411646
17444462
19955243
17584341
21744584
16553911
19289216
20380496
21098180
20177830
18535317
19707118
18924017
17030839
18063543
20499485
19093418
17989116
17891632
15992203
21517883
16217119
18413181
16729475
15646750
16190009
19104968
19383116
19530124
18000128
19291075
16240065
18925919
18494203
20606057
18980712
17028624
16323132
20650007
19052779
21661613
19469051
17851298
16041519
20838315
20857671
21601725
16234334
21426525
17891048
20408274
16539321
16627244
17175566
16632765
20651199
20532530
19386949
21095014
17577173
18322744
18563026
21879649
16781501
15667759
21620476
16612826
15863800
21113075
15709093
20848187
19567626
21163619
18528621
19462279
19031842
18054818
15581305
17066972
18503016
15999919
16173835
16022238
16712491
21036284
19235253
18208604
19739307
21661137
17110813
22041954
16715033
16568813
19947781
17951229
16202887
21242563
22073745
17057568
18068011
16685542
18032997
17692767
19168948
19288649
17219508
16520265
16633276
19839531
20572859
17822890
20981687
21041537
16613389
16186054
17124908
18595420
16140699
19472693
18380679
17412079
17616315
18539875
20955481
21712255
15735434
20507597
20816555
19448210
18416794
21456994
17933955
16420907
21602631
17128655
16724314
19000959
21440305
18316450
18809647
18018957
21473663
17066971
19043339
15533538
21029998
15650500
15530750
18391340
16320144
16475891
17679625
19684373
19192089
17459150
17847597
16633764
16616643
15902758
16372713
18682013
16114151
19951084
21414978
16570730
17650574
16376522
21307389
17427172
16962407
16874440
17905061
20954055
17340706
17802985
19880319
16084178
20979605
20380710
19258838
18982308
20597710
17115974
15552455
17570677
20053542
19271457
19888959
19247883
21126675
17233189
15763717
16292626
16484694
19666161
16403718
19012060
21735952
19019520
17264112
21560952
16880177
20837950
18355593
21592416
17019343
21173510
18754521
18837657
17657327
20537501
17728652
17467117
18437070
16835557
19112628
17359902
18838491
21462458
19570647
18173043
17046986
21689040
15644541
16174818
17077800
20357082
15860031
18044781
17064964
17844984
21807274
16951838
17434280
18349430
21824389
21143359
16255338
19539813
18482550
16381366
15653253
19957105
16352959
17067753
16637961
17603983
15575117
19936994
21155468
17317292
20349639
16764400
16977272
20950195
18514824
15791370
18477723
15637868
17002249
18340991
16731876
16548397
20125211
21481259
15684026
17329313
16700230
15550092
15750493
21500738
16320641
15533478
18324983
18504244
17027072
21952066
18807396
21669385
16890708
19248326
15634639
16964732
20404625
18322044
17401770
17548908
20644491
17565402
20004396
16808754
16311500
17212859
21848165
16430759
20011758
17600453
20670318
20222245
15926762
20863245
16720486
17356958
15767225
21894104
15627022
16482393
16734648
21121764
15973272
15729159
18171493
15767217
17220384
18524057
19266991
21844435
21262007
16402155
19685532
19373053
17116149
19148340
21786715
15883235
17975457
17844727
20520264
19242841
16966670
17960348
16594285
15695349
21037270
20087969
19179486
17345650
18559870
21149751
20671744
16511737
21598810
19152898
19620142
21186090
19299368
17475724
17160397
20053236
19066980
21540688
21117877
16134471
17854736
16529850
19639904
19896314
15913074
20550597
18478270
19225272
17136290
16523736
17090744
15990913
20000268
18274245
20712666
17845656
19390111
18625090
17619323
16255103
16709492
15758593
15651055
17359569
17461706
17432772
21053693
19791519
19578581
17135800
20852566
19353347
20171307
19017603
17302097
16616171
15625642
19621462
16380575
16630971
20024732
20675017
20539149
15987407
16001751
19160179
17059980
17854730
19159909
19647207
19753950
20159863
20972581
17356351
17990156
15552539
18075770
19149063
16779384
19707978
19300234
18996980
17061966
18500136
18834019
18594028
18216633
15999855
18926453
19597688
16355555
19522949
18525346
17171563
18571213
21170659
18762647
15683961
20195948
20429125
15829387
18360205
19271449
19487937
19184200
16686824
16160192
15587605
17606544
19446840
17298147
19227592
19829099
18172381
16874640
18091594
17092375
21987954
17335523
15517746
18488242
17334253
20081100
20217046
19902696
18092495
19039055
15885866
16883734
21413594
16163438
20418163
19242482
19616156
21943293
17884713
18923098
22006146
15996361
18667654
20432118
16923932
20199959
19079727
18926163
19029123
20797376
20939021
16263572
15840156
21184987
21862812
20729729
17985732
20074300
17704678
16585114
21853069
18809589
20684197
17317078
16021555
19793947
18505619
19965568
16951004
15529485
16919135
18414128
17534085
20598860
19381730
17175678
15530763
18781251
18258936
16388948
16781973
20049258
20005860
18964105
16395067
16000106
18949617
15930218
18613851
17432306
18246904
20795874
17284474
21991860
16027647
19551607
17615222
18482146
19326551
16302863
17091750
18083238
20880414
20586268
17975718
19700054
16565030
15851389
21475053
16546006
20852467
18294161
17338952
21353132
17521258
20123945
18434872
17042399
15870615
16978958
18493090
18544976
19584122
16897379
19387125
18441679
17888097
20042262
19543101
21359548
18677078
20175678
21544033
21784286
17040635
18212585
20876048
19858354
17078237
15540498
16482752
19123871
19188879
18651130
15920105
17187348
17356030
17633581
21615347
15581440
20729512
18941918
21675479
20825871
19494681
19228509
16005834
16901253
15559598
21510151
15635790
20638738
18462477
20831004
17574193
16924786
21164055
16708137
19748641
20494356
16752193
17581460
20307283
16482478
15957590
18987086
17595921
20144523
18180181
17522193
19175248
15801523
17343091
17766905
15582782
20031809
18611318
17452733
19837356
20829005
16499465
21463817
18574366
20546976
20124254
18617706
20236400
18979706
17081930
19178172
20854602
18048550
15807796
16913993
17239073
17401779
17183058
20593678
20854596
15656472
16926365
15580110
21359258
18595582
19077024
17375753
17415099
18788960
19813386
17389717
15683019
20421021
18761849
20822692
16416155
17447603
19101804
16095478
19070470
19109572
17991363
16790039
20531197
20795588
17372787
18826994
17984297
19209566
15970783
17607906
17301645
20400133
20500305
16046892
20091463
16021929
17133897
21117327
17998715
18283135
17147799
19578801
15641946
17784901
16482951
15710589
22013777
16162561
18694607
20849686
19932475
20579121
20438034
20375351
18435018
19577419
19481991
17380366
21053264
15736516
21140319
19814850
21675172
19001841
17676967
15855177
15602144
16425730
16082794
21155123
15719426
16515712
16250527
20954492
16959927
16148497
17229777
16551153
16594219
18804936
21684417
18502155
18775401
16831512
15565597
20592048
19856109
19226655
19365991
15799588
15812103
16116768
16126311
17597523
19761666
19507098
15540680
18058117
16309069
17274171
19813345
17344270
17384873
20879611
20452874
17324184
17264863
15844721
19358065
20521904
17415228
18664235
16472477
17653493
18930337
16317429
17363856
15995499
19534368
21214618
18386949
15533351
18660767
19401093
19363329
15714109
17991366
16376145
16220769
18648892
18381020
19298976
21783090
21649621
19195050
17538268
16056113
18605061
20488653
16484910
17152326
16477819
19187168
21783041
17356354
15620036
16466277
19092649
17092453
16960490
20099529
15817908
17165490
20636670
17056916
21299758
20647804
16807571
21029496
15759071
17355306
21430003
16263369
18701971
22013818
20822733
17365375
20386462
19125654
16260484
20190722
20879134
17373528
16875006
15674831
19757187
16913612
19159506
17624015
16512439
19743910
19875529
17300544
17220761
20806865
16752962
17268141
15613829
17955884
16690981
16441278
16534788
19910716
19877163
18547867
16910140
18041500
21714925
19887655
17272798
19112328
18277849
19261205
16774668
19967284
18950298
21071584
16043983
16368095
15619508
20833382
17379992
16606425
16942702
17219360
18075455
15720533
18643803
17228210
17965396
17854726
19036551
19424920
18240989
20001544
20720084
20000070
20042885
17665207
15644700
20838112
17076800
19418937
15805812
17849466
17334721
15891488
19411188
21767254
19920747
17263929
21654602
19006594
16005235
15831885
18315681
19768236
19958520
17565796
18244995
19549993
17726903
18596630
19171334
17583284
18448047
20066735
19560693
18772658
17241192
18221469
18307685
19646790
18096038
19438889
17029119
16809654
18186374
21309404
20136397
15947361
18978601
17249312
19745325
20042146
15895548
19338185
20097036
16848676
19140174
20629933
19750836
21071505
19138389
21365974
18454762
17250963
17042235
17493307
16844417
16476133
16131443
16411487
21273251
15700480
17761570
17409924
21436338
15948479
15880155
16883119
16382647
20081134
20678203
19166437
18619798
16283339
17147856
18423611
18751608
15753483
16835566
19529926
17500491
17505366
20541064
18815843
18298037
19142323
15681882
20303450
18786059
19180636
16267145
16652013
21138894
16260998
16135724
16450619
17356989
18653392
21416687
21393081
21128984
16203960
20047627
15995086
16202778
20435611
17347503
16282005
17974595
17517540
19468759
21474280
17908755
16013908
19286334
19576714
17765163
20123831
15687140
18515437
16703229
21502347
19406735
16160191
16393828
20955563
18028838
15576704
19820535
17679605
16302860
21876014
19152945
19249637
19396710
21247433
16491461
18523565
21651372
17967588
17268208
20430683
20529469
18661855
15983280
16618324
15515614
20099252
21155399
15800825
18488774
16897018
17081744
19386388
19751379
17280928
17240561
16378254
16830247
17534469
20966789
18790102
21319427
17445641
17140758
17111727
19456057
17100867
16710911
21957552
18564996
20208974
18567130
20401600
21507260
18285590
20851279
20976655
21413898
20439204
16466356
20861288
19929118
19718916
15522496
16004836
20023498
20541443
21765263
16352948
16316442
16954004
18838931
17060178
17069957
17929744
18386454
16096140
19008615
17609929
15847735
21110882
17594915
18394030
18283069
17674224
20367694
19194304
16444399
21127449
19117232
19209569
17107567
17363850
18561586
21547754
19708098
19726207
20940586
21941720
16351527
18156880
19265735
16332190
17431690
17851351
15826580
16238513
19745209
18953193
20533145
21841631
15955295
16579145
18036930
18580738
15520701
16358623
18377447
16649271
18240702
18808636
16786829
18853738
17490764
19700091
21977769
20171775
17586350
20236522
20185413
15514170
15947329
20526983
16125898
16619734
17446023
18395660
16511579
18416359
16087007
18298989
16405386
16191145
18214069
17474344
17286721
19272784
16494664
17212575
19366389
17160566
20621221
17495576
16908229
21288681
18656320
19573123
15690145
21769757
15953669
15988947
18539544
17701161
20092616
21075319
21407045
17694233
16052051
17161318
18179997
17200399
18826466
18552086
20448224
20553349
17330984
20925292
18173315
17215607
20495596
16928246
17029628
19433841
19430233
20803925
18363482
16935191
18798897
18308632
19678460
21456490
15800770
19819191
21585591
16523796
18059392
16260792
19643827
15624872
20140355
19064226
16412831
20184114
20579232
17603828
18923133
19674454
18534688
17411757
20487528
17671078
19010732
18062636
17268039
17220391
20887572
15835372
21375573
16480405
16303690
21970271
18535426
18380645
16499531
20386504
20630399
21209304
20938273
19651265
17941589
18476661
18633570
21910375
15765823
20647920
17590488
18946251
21272822
16961111
16076895
19675116
18292481
17339036
20465743
20051787
16246653
20473648
19956658
17326544
19667919
20355264
15602142
16227544
17058415
19104262
19061746
19437904
20359951
17917940
19438425
20458105
15536366
21939117
19958936
21679453
19695973
21422955
17580774
19459862
20974057
15636653
20027876
21683213
15663350
19945194
17027880
21464456
17205853
20735273
18663540
21337176
17069595
17686712
18062571
16918738
16504619
16770370
15901418
19262570
21206350
17512100
16390640
20099220
16764219
20551430
21417056
20635280
21668384
19155811
20842612
15603695
17174436
21872497
19552677
17148634
17044631
21376433
15961912
20799486
15683056
18777511
19836628
19588080
20552915
19050082
18078556
20233916
16236108
17873250
17144841
18840327
17141123
18812147
17069973
19682124
18290410
17097202
17485752
16117721
17375766
16126316
18700102
21726445
16506233
16446871
19928616
21897403
15777473
18460906
15921988
20065543
15595585
19444088
22013829
22078679
19916012
16565276
21404720
19490296
16841273
18770873
21861979
16945784
19095860
18517175
17303385
20670699
16981799
19135732
15699653
17984780
16287056
19568731
20024774
17683580
21191196
17551420
19373050
17655638
17079617
18494392
17852989
18703444
19428093
16061596
21869658
19378577
20800415
16484903
16736818
21524930
20091507
16946119
15933964
19666961
21173438
19699822
18402680
16579282
20687357
20096489
20828910
17958128
17969938
19361322
17182195
16448450
20424868
19837351
19196596
16111072
17065869
20010728
16474252
17968039
16492209
21644434
21218704
20044690
17059611
15989442
21684463
18304337
20517608
18725845
20965458
19883146
16373520
20921918
16680206
19072013
17592105
16607066
17185082
19299969
16513583
18358119
17296669
19372126
17883617
21349007
17031728
15748678
20222223
16316869
19771934
17593450
16549390
20336984
16977900
19182305
16425819
16513055
18586692
21449182
18272638
17577555
18519933
17441824
21268518
20677692
21214907
19840152
19282562
19707124
17118197
17503161
15887749
16213236
20644186
16629007
21086841
19039438
20394268
20847074
17224822
18240611
15792061
21057971
19947843
16884888
16644400
20133957
16944144
21446301
16957636
21863029
18690905
20881156
16873049
18300277
17334171
16916058
21114716
18654778
17261820
21229930
18972091
21644886
19284810
17926770
19593032
15888394
19175680
15921983
15869553
17164029
21576012
19846246
21879652
18558019
19166399
16045048
20386231
15754194
16955119
21140065
17718641
17607818
21404158
19786527
17387710
17144913
21403050
16292130
21420535
19245645
17577420
18637176
22049807
17324466
15675061
19535946
19738386
20525463
16400368
20054081
16450742
19473377
16442430
16318057
17542045
16926561
18719849
16298284
18573777
21265631
17445834
15572502
17656406
18974174
20604910
16082798
16597533
19050330
20121717
18817973
19395703
17444316
21340716
17720434
20368172
20417783
19657622
20441394
19169588
16102145
20469767
20545979
17891081
20527597
19184127
16884944
18426467
16147725
17962875
17285832
21473669
15813804
20303232
21155703
19591512
16769716
20869652
17020117
21768584
16950738
21469492
17041814
17187548
18264897
17054752
20452166
19560760
19221986
19428869
19423391
19708839
19081413
15631929
18792598
17197840
20064971
15656427
15920209
19772000
16215367
19893381
17391574
19268886
20052731
19581027
19692201
19838909
18272615
18632877
20920322
19251549
21471881
18429749
16765870
17120948
19351301
20834035
16755394
18825440
17088920
17332956
20386055
20655643
17433183
17709169
16505428
21486437
15730508
20884700
17897153
15970886
16149978
18501044
20628655
20220670
18387225
20178429
16799183
16503952
17966203
18810621
16969015
21069116
15695473
17062549
18206736
19125514
21947111
20709581
16885251
17518141
21180834
15631404
15921098
17352796
20068461
18546983
19216238
16490558
20587744
16444341
16522226
17081180
17122526
18785194
19701782
20547028
19838654
15587455
18160862
18853911
18446107
18926180
21278690
18779735
21787063
21801562
17462039
15624706
18027532
20087548
15944499
17568280
20657980
20050884
18095795
20008315
16441693
20858037
21036534
15570515
16263648
16543791
16762052
19546722
18691802
16948990
16847672
21368684
19218310
18308409
16080128
18259816
19266713
18629732
15764960
20069962
16325408
18402202
17685995
15987328
16013648
17459630
17099253
15844634
19655676
17985966
17112374
16808124
20016312
15782581
15930917
19787380
20173438
21276552
18854258
21155406
20921249
19221080
21158900
20658541
20002421
18389874
18785916
16711333
19239590
15991592
17365897
17896725
18803577
15842444
17941245
15915060
16936519
19752684
20453190
16225338
20368484
16290917
17607539
16830252
19433847
21665473
18316237
19116958
18681338
17185207
16470717
18563012
18444044
16186080
15590242
19323709
17880661
16291438
15584143
17986073
19661792
16003060
21576638
19353475
20573643
19550423
21122753
20514960
17456540
21682106
18219247
17722793
18433028
15763710
20089491
20708866
17969826
17518122
21235040
16315810
15772468
15645894
15765635
20585272
19895933
17720359
20427307
16004105
18198362
15846195
19923948
15717518
18320453
18461495
16231609
16109300
21134555
19119734
21234746
20464884
19002308
20420267
17223004
18622591
18056324
19966558
17116348
19239662
16327299
16571423
18702777
20010420
17477472
20180482
16645462
16277742
15584489
16711287
19944367
15983929
16738986
18073677
17623260
15695134
21600367
19553705
18935701
15593059
16045413
21272221
20334576
21340639
17324194
21308217
21133302
19439205
17486478
18326127
18396599
16391309
17723988
17091445
16784064
19087770
21056164
19756491
18245216
20423380
20024709
20453701
21563541
17469493
16227511
18349435
20593676
20420999
19282824
16492008
17522829
