16711228
16710574
16719130
16716239
16714498
16714366
16713045
16712987
16752876
16752233
16751966
16751474
16750098
16741840
16737437
16736827
16736818
16735307
16733656
16733011
16732774
16732343
16732342
16730491
16730107
16724605
16723962
16722950
16719998
16714690
16161295
16786793
16782674
16779676
16777687
16775855
16774690
16773344
16770368
16769545
16768979
16768952
16765279
16764157
16764079
16761661
16761660
16759851
16757514
16756658
16756187
16756185
16756184
16836627
16836220
16834878
16834875
16834874
16834578
16832992
16827955
16827505
16827217
16823536
16821279
16821202
16819630
16816063
16813347
16809715
16809714
16809400
16808770
16808752
16808688
16805764
16803941
16802287
16801205
16796497
16796424
16796423
16796239
16793783
16793491
16791743
16791512
16788523
16894222
16893360
16890901
16890706
16884629
16884567
16882563
16880427
16879540
16875119
16875103
16875101
16871657
16871091
16870975
16870386
16863873
16861198
16858460
16858046
16857074
16856557
16855121
16855118
16850781
16849988
16848962
16845682
16844127
16841376
16838809
16838755
16838676
16961108
16961102
16961098
16960256
16959809
16956742
16956173
16955864
16954767
16954311
16951297
16950060
16949942
16945780
16945615
16944829
16944683
16938136
16933155
16932871
16931825
16931414
16930849
16930267
16929420
16926306
16925614
16922104
16919165
16918836
16918835
16918834
16915216
16911142
16909192
16905010
16904970
16904859
16904491
16901260
16900816
16900284
16900278
16900272
16900092
16899363
16899004
16899002
16898409
16897026
16670130
16669556
16652013
17057140
17053928
17052139
17051891
17051886
17050751
17050750
17046986
17046808
17043950
17042466
17042237
17041291
17040552
17040520
17040147
17039722
17039691
17039605
17038755
17038076
17036618
17034640
17032951
17032612
17032598
17029869
17029119
17028043
17024614
17019925
17017049
17013870
17012306
17011909
17011063
17007722
17007704
17007703
17007309
17006963
17004430
17000200
16997440
16995937
16987118
16985408
16985401
16978958
16978554
16978377
16977644
16970642
16968764
16968763
16968428
16967735
16967665
16967648
16967647
16966916
16966735
16965313
16963206
17146204
17144841
17141650
17140449
17140121
17139664
17137019
17132593
17132391
17132378
17132356
17131719
17128734
17126270
17125958
17125893
17123674
17122713
17121104
17120067
17118080
17118072
17116114
17114848
17114836
17112842
17112138
17112119
17107630
17107396
17106344
17105539
17102269
17100867
17099324
17099193
17099191
17097523
17095439
17093915
17089648
17083558
17083557
17083100
17079961
17079960
17076870
17075744
17071087
17069087
17069001
17065946
17065871
17065820
17065819
17061759
17060272
17059717
17059163
17058889
16614874
16583759
17245200
17244244
17243873
17243271
17242911
17242104
17241192
17239726
17233912
17233780
17227877
17225372
17224839
17224823
17224680
17220391
17219870
17219504
17216935
17215415
17215205
17214753
17201943
17199198
17199067
19361132
19195142
17194688
17194054
17193913
17188937
17186205
17184376
17182402
17181758
17181015
17178765
17175717
17169956
17167187
17165076
17163458
17162414
17162117
17161124
17160397
17158381
17158185
17156997
17152994
17149088
17149086
17149083
17147819
16550700
16080388
16075907
16075693
16060053
16045413
16038528
16037465
16037464
16034297
16024857
16022233
16021980
16021741
16004105
16004095
16003661
16003402
16001760
16001751
15992457
15986309
15985209
15983538
15983535
15978694
15976843
15974543
15970886
15969707
15965388
15965386
15951646
15951312
15949172
15948356
15939953
15922885
15920209
15916301
15902129
15901441
15893218
15889884
15889640
15884214
15880967
15875961
15871895
15857964
15834256
15832533
15819351
15811567
15810495
15799505
15794915
15786902
15785225
15779516
15779057
15778154
15776072
15768931
15768673
15747756
15745173
15742601
15739871
15731793
15729908
15729776
15725178
15724563
15714109
15714097
15709320
15704328
15703351
15699532
15693570
15687765
15686078
15682960
15680139
15672908
15668077
15667401
15666957
15662180
15659882
15651587
15645894
15645188
15643921
15636038
15634639
15632813
15631122
15630870
15625966
15625045
15624293
15616425
15612221
15604120
15603214
15601781
15597837
15590341
15589710
15589088
15574458
15570524
15570515
15566164
15563054
15562740
15559624
15557406
15557352
15552388
15552384
15551663
15542538
15540370
15536023
15535537
15533242
15532523
15523810
15523774
15520049
15518361
15517746
15514367
15514366
20329473
20297624
20196463
20123946
19507364
19507363
19475812
19472493
19468081
19441256
19356286
19354053
19345891
19327064
19326550
19324470
19293224
19293223
19274811
19237411
19236305
19209533
19171819
19171817
19155849
19084179
19056218
19043804
19042527
19042512
19041619
19037046
19028336
19026402
19024407
19020703
19020398
19020397
19005778
19000401
18998526
18998435
18991021
18990949
18988613
18982528
18956586
18955721
18953776
18936325
18930913
18929340
18928129
18856016
18844196
18840799
18822760
18817500
18817047
18816927
18816006
18814555
18806645
18801291
18796491
18795445
18793501
18788364
18788123
18788104
18786905
18786217
18786128
18785460
18783705
18780461
18780136
18773710
18725833
18761678
18758326
18751575
18727445
18727352
18724916
18724632
18718991
18718816
18717664
18714602
18713540
18709900
18709564
18702001
18700390
18700102
18695404
18693942
18693199
18688055
18683524
18681339
18680925
18677710
18677250
18672820
18671752
18667127
18665455
18664502
18656276
18655644
18653383
18651797
18647988
18634745
18634659
18632042
18630251
18630004
18629507
18619098
18618894
18618204
18615491
18614446
18609248
18608082
18602875
18596695
18593072
18592424
18580868
18562868
18561738
18549134
18501765
18464443
18456043
18437943
18437938
18435303
18430563
18422265
18412833
18403993
18399739
18399087
18386076
18386071
18380826
18380526
18372997
18362090
18361706
18361168
18337439
18328663
18320906
18271335
17497224
17495571
17493954
17493723
17490787
17489443
17488173
17486528
17484319
17482418
17480223
17479056
17479054
17478438
17477485
17477482
17477481
17477232
17475940
17475476
17475123
17474235
17471686
17468943
17468606
17467120
17466197
17464813
17462044
17459542
17458380
17455842
17454796
17452431
17451880
17448621
17447538
17447099
17446825
17445329
17445096
17442123
17438994
17437832
17435400
17433966
17433182
17432772
17432665
17431698
17431690
17428424
17428222
17424902
17420649
17420402
17419926
17419790
17419782
17418327
17416698
17415228
17413540
17412079
17412032
17412031
17411671
17411506
17407993
17407605
17406173
17405777
17404896
17402945
17402802
17397447
17397373
17396681
17396446
17395523
17394731
17394612
17393701
17392949
17391090
17390576
17387293
17387056
17387048
17384957
17384418
17384379
17382692
17373528
17372799
17371423
17370919
17370056
17366193
17366090
17365898
17364798
17362607
17362212
17361957
17361789
17361585
17360093
17359606
17356993
17356981
17355362
17354156
17353916
17353832
17353819
17353757
17353752
17353747
17353555
17353493
17353491
17352006
17352005
17351845
17347114
17346917
17344262
17343027
17342789
17342296
17340711
17340706
17339988
17339984
17339306
17337899
17337796
17337153
17336868
17335519
17333951
17333949
17333378
17330409
17329607
17329605
17329062
17328807
17328482
17326368
17324193
17320008
17317080
17316933
17314127
17313614
17309364
17309159
17307621
17306729
17306675
17305211
17304083
17304080
17303385
17302596
17298492
17295022
17294027
17289828
17288094
17288016
17286868
17286730
17286721
17285234
17283918
17279450
17279329
17279016
17278922
17278339
17277009
17276530
17275693
17272832
17264071
17263604
17258332
17258047
17256373
17256018
16636735
16635926
16633970
16624553
16623604
16622358
16620253
16608589
16601514
16579887
16573015
16565867
16564405
16553766
16551387
16550840
16548701
16547782
16545033
16544341
16541722
16541721
16541164
16538933
16538932
16534554
16533906
16533902
16533128
16532379
16531455
16531175
16529138
16523765
16522404
16520509
16519178
16517497
16516764
16516070
16514807
16509953
16509387
16509029
16508472
16504905
16503198
16501943
16498013
16496074
16491935
16487425
16480502
16474244
16471390
16470968
16462102
16461447
16456641
16456204
16455379
16450935
16442461
16439269
16438811
16433106
16431070
16429683
16428972
16425948
16424958
16416459
16410595
16410147
16404734
16402333
16401532
16392441
16388062
16375043
16356316
16338197
16336061
16335067
16334525
16334082
16328999
16328198
16326663
16322420
16319405
16316440
16316435
16316434
16315527
16304878
16292013
16287051
16279244
16277126
16272420
16269444
16260484
16260342
16257945
16257617
16255709
16255702
16253466
16253259
16242897
16239979
16229705
16229673
16229382
16228695
16227866
16225029
16220819
16218150
16214624
16212213
16208594
16206363
16203690
16201415
16198803
16198219
16198217
16187933
16185044
16178381
16177589
16177583
16175784
16174348
16173302
16171223
16171122
16163682
16163675
16161644
16161321
16157947
16156554
16149703
16144244
16134279
16131008
16121653
16117381
16116782
16116384
16116376
16108470
16101852
16101202
16100531
16097220
16096124
16092637
16082793
16022238
16022235
16020853
16001877
15995378
15993257
15988418
15983707
15965189
15960457
15954216
15934386
15924007
15912640
15891353
15841064
15828529
15812341
15810764
15779615
15776763
22096814
21957550
21938971
21938965
21936085
21916143
21902093
21837913
21834433
21830648
21712681
21710898
21661281
21654474
21650137
21648104
21639900
21637973
21610543
21608511
21591556
21521979
21518932
21473210
21417111
21413458
21305432
21285827
21268381
21265378
21194048
21189782
21078470
20940210
20923843
20806598
20672653
20654903
20635501
20578313
20574945
20552854
20552845
20550082
20546976
20543249
20529510
20425962
20391855
20337007
20094826
20057238
20053674
20047176
20041384
19920405
19911541
19911540
19911538
19806832
19723279
19722323
19715080
19711710
19711672
19708475
19705640
19703045
19701100
19694153
19691445
19669043
19668921
19659963
19655226
19647528
19638640
19625557
19621441
19610525
19607668
19593213
19592954
19588513
19588080
19587387
19584351
19584122
19582938
19582573
19575280
19574317
19567690
19566583
19566397
19565439
19564002
19560317
19558736
19554798
19554196
19553722
19546018
19544243
19543670
19542812
19536909
19535558
19521131
19531080
19531072
19530493
19526684
19525764
19525287
19525049
19513815
19500748
19500720
19499422
19495550
19492749
19491557
19486965
19477730
19466679
19463083
19460240
19456086
19455861
19454205
19454204
19445633
19445343
19445339
19445338
19438672
19438425
19425279
19423987
19421081
19420889
19415965
19414477
19414098
19413077
19410517
19403202
19403072
19375613
19372336
19368486
19364890
19361090
19360209
19358430
19354054
19353986
19353556
19350879
19350750
19345893
19339133
19335526
19327315
19326133
19325199
19323711
19308462
19306789
19304727
19299261
19293303
19287914
19286877
19286279
19281541
19278132
19278117
19274549
19271090
19267739
19266994
19266855
19266283
19262570
19260602
19260422
19258342
19255262
20690495
20669844
19244633
19239444
19236871
19230447
19227947
19225694
19216198
19211922
19208648
19204859
19204855
19197654
19196301
19192896
19189481
19183427
19181023
19179111
19174962
19167212
19165685
19157036
19155613
19153954
19148819
19146080
19145773
19142868
19139462
19133182
19130758
19125858
19124860
19118325
20351940
19114583
19104294
19101209
19093402
19092530
19092482
19092478
19092474
19088647
19087766
19084888
19084786
19074201
19065370
19064602
19060832
19060805
19060254
19055266
19051791
18085429
18082998
18082856
18081997
18081568
18078681
18077277
18077219
18076127
18073645
18072697
18072450
18070780
18068292
18067610
18066957
18066631
18066411
18065112
18063444
18062804
18056570
18055892
18055504
18053765
18053680
18053455
18053101
17973810
18046983
18046982
18046954
18041283
18036471
18036092
18035846
18034179
18034178
18033634
18032748
18032210
18031485
18030151
18026056
18026019
18007003
18001641
17998497
17997264
17995968
17995515
17993929
17992104
17991933
17991932
17991931
17991930
17991929
17991928
17991926
17991925
17991924
17991923
17991922
17991921
17991920
17991919
17990703
17988429
17986071
17986070
17985964
17985954
17985732
17983544
17983334
17978360
17977246
17977137
17976825
17975687
17975461
17974502
17973730
17972617
17972141
17971403
17971390
17971370
17970331
17970170
17969938
17969937
17969936
17969935
17969828
17960683
17960669
17959014
17959006
17958940
17958909
17956529
17956403
17955888
17955669
17955303
17943685
17943625
17941173
17937971
17937150
17936688
17934966
17934965
17933368
17932964
17932174
17929724
17926445
17925134
17925109
17925030
17924157
17923974
17922304
17922171
17918303
17916873
17910139
17908761
17908755
17906931
17906208
17905434
17904483
17903244
17903223
17901611
17901215
17900444
17899645
17899642
17899216
17898814
17897153
17896736
17896638
17894125
17894031
17893933
17892115
17892076
17890757
17888715
17888107
17886782
17885819
17879550
17877674
17877653
17877565
17877564
17877562
17877561
17875566
17873253
17872938
17872750
17855485
17852989
17852259
17852213
17851820
17851361
17850296
17847735
17847168
17846930
17846846
17845972
17845383
17827839
17825131
17824508
17824264
17824263
17824257
17822426
17803415
17785653
17768008
17767754
17766611
17766569
17764387
17764095
17761230
17761062
17761061
17727749
17727581
17727554
17727185
17726671
17725016
17723929
17722405
17719362
17717738
17717242
17716737
17715650
17714620
17712090
17711082
17709964
17709053
17707149
17706205
17703571
17699347
17703257
17703123
17702708
17702522
17701164
17701118
17699559
17699322
17697676
17697343
17696268
17695138
17695055
17690596
17689809
17688785
17688755
17688754
17686602
17685995
17685994
17685908
17684773
17682075
17679246
17673453
17666999
17666976
17666973
17666609
17664522
17661810
17659987
17659005
17657707
17657211
17656632
17655996
17655571
17651249
17650574
17650272
17647218
17646502
17645495
17641078
17639906
17637761
17635952
17635259
17634001
17632954
17632912
17631979
17628925
17627747
17627743
17627714
17626694
17626550
17626542
17624815
17624134
17623502
17623499
17622880
17620034
17619910
17619516
17619509
17615416
17613485
17612990
17612473
17611823
17610604
17608870
17608638
17606699
17605072
17602872
17601841
17601256
19343858
19263540
17600602
17600453
17595987
17593645
17592217
17592107
17588841
17587085
17585613
17579322
17578396
17578394
17578393
17578225
17578224
17573985
17568489
17568173
17565727
17564539
17563600
17563597
17562307
17559722
17559440
17557718
17551869
17551554
17549855
17549803
17548796
17547220
17546912
17545673
17545499
17545252
17544247
17542231
17541326
17539882
17538856
17538854
17537277
17537138
17537116
17534746
17534744
17534469
17530445
17525769
17524308
17524284
17524007
17524004
17523494
17523034
17521101
17520348
17518906
17518882
17518866
17518820
17518026
17518014
17517545
17517445
17515782
17514858
17512862
17510904
17510030
17509443
17505368
17502809
17500618
17500498
16440938
16423791
16410538
16386253
16357349
16350894
16336490
16333993
16320489
16304791
16295605
16286353
16285172
16284216
21715558
21708003
21702398
21689042
21684408
21692586
21692436
21673199
21667813
21665340
20978932
20976839
20976838
20974066
20970018
20966867
20964056
20961000
20957861
20947875
20946212
20943343
20936570
20935007
20929930
20924304
20920808
20920030
20889067
20883612
20880727
20880708
20877772
20877755
20876086
20875252
20845204
20870743
20870690
20870663
20869656
20859095
20858692
20858296
20854343
20849670
20842954
20837835
20833985
20831000
20825369
20822848
20816104
20813420
20812556
20811819
20811752
20803404
20803401
20803400
20800127
20799388
20795874
20713421
20706893
20706892
20698896
20695949
20693516
20692452
20687186
20686395
20677673
20675333
20675167
20674108
20666097
20665409
20662270
20657305
20650538
20649673
20649665
20646037
20643729
20630923
20629769
20628682
20626879
20622801
20619232
20617663
20613661
20602898
20597748
20595216
20581908
20578642
20576666
20574144
20572093
20570080
20557413
20557260
20547707
20546467
20546288
20545805
20545592
20542236
20537216
20536540
20533572
20531194
20528990
20518226
20516818
20511244
20506864
20466546
20464206
20464199
20456855
20453359
20453187
20446551
20446483
20446141
20446139
20443326
20441103
20439147
20434292
20432643
20432639
20429125
20427521
20427003
20427002
20427000
20426236
20424273
20423935
20420542
20420352
20419745
20391071
20390974
20384560
20372890
20359403
20357551
20348357
20339604
20337567
20336996
20335919
20335905
20308166
20306274
20235618
20232095
20228640
20227643
20227642
20226557
20222245
20220286
20217195
20206846
20201342
20193935
20193918
20187545
20185980
20185441
20184233
20176457
20170830
20169573
20166914
20166903
20166520
20164806
20150605
20148462
20146202
20137042
20135350
20131581
20129402
20129211
20125106
19152989
19152142
19152119
19149063
19148978
19146519
19144053
19142581
19140366
19139927
19137483
19136228
19135824
19135275
19128863
19127414
19126337
19122987
19119830
19117271
19116958
19110677
19108061
19107761
19105913
19105911
19105048
19103694
19103585
19100148
19096897
19096485
19093417
19093362
19092520
19086282
19085796
19084787
19084785
19084299
19074306
19074183
19072468
19072012
19070727
19070326
19070325
19068152
19068046
19065621
19065397
19064979
19056630
19055277
19055272
19055265
19054900
19054312
19049231
19047453
19047451
19046827
19046120
19042522
19041815
19040699
19040457
19040424
19039740
19038745
19037192
19036675
19034690
19031842
19029156
19029089
19028331
19024286
19024067
19021482
19020395
19018642
19017376
19016924
19016421
19008253
19006954
19006917
18806200
18806190
19001839
18996713
18990271
18990262
18985882
18985625
18984243
18981962
18977846
18972089
18955608
18953670
18953469
18953226
18952746
18945716
18940027
18939616
18937993
18930914
18927100
18922661
18850371
18849748
18848362
18845479
18844528
18843062
18842971
18842381
18833013
18830840
18827499
18826994
20467624
18821031
18819212
18817493
18816965
18813596
18807434
18806027
18801751
18801277
18799468
18793480
18792855
18788122
18787976
18785349
18780256
18773778
18773215
18769783
18769180
18768286
18763352
18763334
18758327
18757956
18755877
18755830
18754818
18752916
18752026
18751608
18728136
18727762
18727450
18722655
18715977
18715516
18714185
18711108
18708947
18707566
18705719
18705090
18703306
18702777
18702273
18699938
18695180
18691846
18691845
18688054
18681198
18672852
18670823
18663555
18663541
18661798
18657248
18656053
18649347
18649107
18647904
18647255
18647199
18646408
18643721
18639409
18638713
18638238
18635237
18629621
18628243
18622993
18622992
18622980
18622979
18615321
18612091
18611324
18611313
18611307
18609344
18608725
18605624
18604668
18603377
18601725
18600020
18599259
18596071
18593681
18593491
18592393
18591171
18590520
18587619
18586816
18584521
18584273
18580384
18579622
18579461
18578822
18578792
18578766
18578201
18577327
18573954
18573485
18573222
18570569
18570548
18569898
18569410
18567242
18566485
18565717
18564082
18563492
18562832
18561425
18560144
18556852
18416925
18416923
18551570
18550781
18550203
18548955
18546962
18543642
18543089
18543006
18542022
18542006
18541638
18540935
18540334
18538021
18534951
18534948
18522668
18519312
18514355
18513244
18512584
18512045
18510076
18508408
18507581
18507579
18507226
18506658
18505950
18505619
18503807
18503652
18500281
18499522
18498362
18496893
18495548
18494340
18492707
18490893
18490877
18488708
18487747
18486552
18486414
18486030
18482550
18482489
18482144
18480886
18480112
18480043
18479506
18473689
18472623
18465717
18465407
18462477
18460162
18457289
18455538
18455404
18454770
18447154
18445176
18444400
18444395
18440918
18440766
18437942
18437939
18437937
18437936
18437935
18437934
18434802
18431845
18427902
18427612
18418528
18418028
18416910
18415707
18414128
18412974
18411387
18410659
18401650
18397559
18395928
18395393
18394529
18393742
18388844
18388842
18387225
18382832
18382715
18380645
18379720
18378086
18376332
18373491
18372817
18372678
20078023
18371192
18369306
18367911
18364099
18361702
18361394
18361322
18361300
18360165
18357954
18354103
18352918
18350771
18349491
18347907
18347747
18346629
18344799
18339668
18337438
18337271
18332402
18329836
18327801
18327699
18326392
18324508
18324329
18323356
18322707
18322130
18321445
18318970
18315828
18314860
18313632
18309919
18307851
18307654
19697531
18306343
18298632
18297984
18294370
18293731
18292592
18290752
18286893
18285435
18285297
18284431
18283191
18281877
18279280
18279278
18278613
18277799
18277227
18276676
18275402
18274310
18274306
18274021
18263849
18262618
18262139
18261081
18260576
18258576
18257786
18255214
18254433
18252071
18251337
18248346
18245215
18244998
18241150
18241146
18239762
18239231
18239223
18238838
18234036
18232293
18232292
18232167
18230195
18229651
18229630
18226313
18225817
18225711
18222630
18222586
18222380
18221270
18220209
18220068
18219252
18217541
18216081
18214778
18214219
18213434
18213432
18211659
18211648
18206525
18205757
18205528
18204867
18204377
18202931
18201504
18201406
18200948
18199205
18199012
18198549
18198066
18197074
18196771
18196387
18195313
18194559
18194397
18194357
18192043
18190763
18190369
18186451
18186006
18182541
18181812
18180517
18180136
18179837
18177782
18175595
18175594
18175590
18175207
18174008
18171450
18165828
18165660
19968623
19579575
18163263
18163137
18162389
18161452
18160229
18159777
18158292
18157581
18157487
18157450
18155536
18096587
18093788
18093109
18087020
16708429
16276157
16266649
21899229
21870751
21812953
21791093
21771068
21768323
21733023
21600363
21596513
21590566
21574790
21570929
21550196
21541868
21503491
21503460
21526384
21519674
21513230
21510262
21507805
21506460
21505646
21504684
21504546
21501800
21497250
21493350
21491343
21491223
21490311
21485902
21473217
21471876
21471579
21465894
21460690
21460650
21460649
21459350
21457410
21456500
21456490
21456486
21455041
21448059
21445490
21432841
21432726
21415611
21411821
21411819
21406428
21404777
21404157
21384609
21382216
21380993
21378673
21378658
21375626
21370690
21367822
21362720
21353918
21349492
21346534
21343590
21343433
21333946
21331556
21327527
21318441
21311828
21307685
21298891
21296044
21294808
21288681
21287816
21285829
21272844
21268489
21266886
21262506
21244143
21243888
21240727
21236671
21235731
21229906
21229820
21217413
21216684
21209436
21207769
21192591
21192578
21186315
21182370
21171741
21163777
21160355
21160353
21157237
21147733
21141741
21141289
21140319
21139016
21138831
21137697
21135614
21131575
21129092
21129077
21123768
21120419
21114205
21110121
21109576
21099068
21099065
21084890
21070193
21066958
21053693
21051257
21050450
21047037
21044481
21041749
21040221
20619920
20617656
20613689
20609099
20605850
20602858
20601639
20598825
20597608
20595715
20592608
20584364
20579159
20579137
20579116
20577001
20575613
20562091
20553584
20552319
20550597
20550590
20547297
20545797
20543705
20543208
20543162
20542959
20539807
20539150
20538441
20536803
20535908
20535902
20529499
20526684
20519453
20517109
20512533
20507890
20503162
20497880
20497268
20496856
20496777
20496568
20493750
20476586
20469729
20466596
20466315
20465730
20465153
20464523
20459873
20445220
20442253
20441119
20441017
20438604
20434086
20434083
20433404
20433291
20431785
20429948
20427001
20423575
20423574
20423435
20423418
20414945
20406529
20401972
20401971
20395648
20390485
20384662
20374101
20362853
20347840
20346523
20345521
20337836
20337831
20306101
20305590
20304529
20299425
20234247
20231176
20230391
20228732
20227621
20224999
20223789
20222222
20220682
20214789
20211412
20210824
20210071
20207327
20207213
20206845
20204537
20202351
20200019
20198726
20196711
21618840
20179265
20177721
20177024
20172695
20171827
20171821
20166480
20156379
20155554
20150604
20144395
20142743
20142405
20141539
20140793
20137747
20136471
20134280
20133477
20131119
20129440
20121683
20121010
20117674
20117037
20116893
20116308
20110822
20108885
20106692
20105037
20104631
20100307
20100306
20100110
20099773
20097643
20097036
20095874
20094093
20093900
20092208
20092145
20089307
20088222
20087084
20083546
20083450
20082592
20082590
20078199
20077576
20072088
20069518
20069363
20068465
20067668
20067667
20066814
20064210
20059676
20057235
20056214
20055721
20055188
20055029
20053197
20049686
20049547
20047029
20044780
20044340
20043523
20042936
22049632
21488827
21388102
21388101
21388099
21388098
21388095
20039790
20033622
20032760
20032673
20031482
20030702
20028308
20027443
20025162
20024772
20020082
20018542
20018539
20015818
20015489
20013862
20013110
20009795
20006460
20004877
20003721
20003558
19999612
19996948
19996620
19996471
19996467
19967309
19966114
19961038
19960385
19959920
19959745
19958520
19958410
19958408
19957822
19957821
19957820
19957421
19957418
19950735
19949884
19943226
19943225
19942110
19942106
19941671
19941195
19938435
19938426
19935593
19930477
19930367
19928365
19926344
19925261
19924581
19918968
19917545
19915903
19914955
19914022
19913146
19911588
19910869
19902573
19901016
19900331
19899198
19896320
19893846
19889557
19888959
19888786
19887653
19880485
19879107
19877340
19876637
19875841
19874643
19874330
19862854
19861674
19861329
19859884
19858124
19857308
19857211
19853815
19852715
19841999
19826335
19826331
19851233
19851232
19850393
19849931
19849904
19847189
19842612
19842280
19835495
19833669
19833668
19832815
19830658
19828279
19827322
19826986
19826065
19822480
19821916
19821543
19820864
19817520
19813681
19813511
19813126
19812096
19811109
19809607
19807883
19805462
19799568
19796291
21122761
21122759
19787855
19786503
19786501
19785363
19785291
19783810
19783536
19783465
19780018
19777727
19750365
19775260
19773683
19773625
19773521
19772583
19771995
19771645
19771588
19769323
19767521
19762418
19762416
19761916
19761023
19757975
19752709
19751032
19750819
19748205
19747255
19744820
19744657
19743707
19738643
19738386
19736818
19734402
19732885
19730813
19730812
19729266
19728653
19728404
19726820
19725423
19725366
19723404
19721022
19719536
19719366
19718965
19718664
19715800
19715461
19713066
19711286
19711140
19709315
19708804
19708606
19706349
19706076
19703797
19703277
19699608
19697993
19694885
19694879
19694150
19692053
19691464
19690491
19688643
19688635
19686271
19685802
19685084
19683179
19682405
19679422
19675320
19674862
19674860
19674429
19669062
19667919
19667785
19665939
19664084
19662527
19659706
19659705
19653126
19648698
19648202
19647598
19647506
19646790
19646121
19646115
19645809
19644900
19643676
19642765
19639511
19637551
19635996
19635277
19634801
19634603
19634582
19633003
19632544
19632005
19629085
19623792
19621342
19620221
19620220
19619206
19617282
19605621
19605422
19603379
19602290
19597686
19597521
19592414
19592103
19589763
19587109
19585381
19584764
19584763
19581231
19581069
19580195
19578819
19570647
19568721
19566991
19566989
19566559
19565098
19564003
19560303
19558787
19558666
19554876
19553091
19553059
19552272
19551503
19551235
19549673
19544089
19543120
19538706
19538646
19537189
19537185
19536965
19536963
19535294
19534219
19534170
19523592
19522169
19520018
19519752
19514802
19507755
19492647
19490552
19490136
19489989
19489940
19489810
19485280
19482139
22010498
20854510
19473376
19472959
19471050
19470659
19468278
19467958
19465607
19465318
19463082
19459862
19457006
19446958
19446942
19427729
19426928
19426884
19419368
19413164
19410215
19410209
19409078
19401009
19398071
19397800
19393415
19392974
19388227
19386402
19385961
19382989
19381730
19378450
19375266
19371417
19367335
19366387
19365294
19357964
19357453
19352161
19349502
19344620
19343371
19342530
19341547
19338653
19336668
19335487
19335485
19335095
19333777
19331247
19328676
19327616
19326807
19323105
19321512
19320753
19319920
19318959
19309488
19299202
19298101
19297876
19288649
19284167
19283644
19278415
19273865
19272749
19270481
19267028
19266962
19266739
19264839
19263812
19260603
19259900
19254969
19254229
19253787
19253241
19251834
19251548
19250453
19250365
19250155
19250153
19250152
19248435
19247399
19246136
19237434
19236631
19224955
19224886
19218301
19218047
19210013
19202151
19200400
19196753
19196486
19192239
19191937
19191853
19190563
19188225
19187367
19187170
19185253
19184127
19182168
19177965
19176411
19174794
19174661
19172703
19171950
19169903
19168256
22071918
22069919
22043651
22013700
21991750
21969479
21958621
21944796
21943344
21942003
21941162
21938970
21938968
21938966
21936431
21936422
21916144
21916091
21905488
21888198
21882627
21882625
21878598
21877468
21870688
21866509
21865890
21839910
21857013
21847878
21843119
21838150
21837858
21834431
21834317
21824960
21821213
21806560
21801562
21798122
21796682
21789019
21787981
21774263
21762839
21749006
21749005
21745141
21742733
21737331
21736168
21733348
21724134
21724130
21726958
21725217
21714409
21709635
21705915
21692591
21688514
21680076
21680042
21678753
21676228
21675486
21667450
21661249
21644434
21644107
21636653
21631927
21631923
21624867
21620751
21619745
21618934
21614670
21612667
21612517
21605271
21604862
21599883
21596210
21592337
21591851
21585582
21569570
21558305
21554717
21554439
21553388
21551399
21545733
21545469
21542811
21539682
21532643
21531685
21528629
21524930
21515636
21510871
21503849
21500178
21497971
21494515
21492030
21489164
21485018
21480494
21478782
21477630
21476424
21470427
21469512
21469417
21459256
21457624
21457601
21456498
21456497
21456492
21456488
21456398
21439184
21439175
21439173
21432226
21426798
21425249
21425070
21418436
21414701
21411823
21410661
21409996
21403143
21403141
21368543
21395431
21393300
21367351
21367340
21364030
21359261
21357781
21356655
21317594
21351125
21349200
21330485
21329261
21326027
21324175
21321418
21321414
21320204
21317657
21316669
21314444
21310854
21307117
21285363
21276594
21276337
21275986
21273219
21272764
21272382
21257171
21256692
21254290
21237404
21235814
21235412
21226384
21209128
21192572
21188664
21186157
21181181
21178030
21177708
21168831
21162155
21162153
21161419
21153526
21144313
21140321
21139444
21137700
21136237
21136113
21131574
21127318
21127109
21127090
21126793
21122611
21119339
21118331
21116147
21114915
21111558
21109549
21107273
21085909
21084438
21079529
21078822
21078002
21074114
21063420
21060123
21059702
21059149
21057070
21055846
21054336
21051920
21050955
21050443
21046170
21039750
21037990
21037043
21033635
21032961
21030001
20979605
20979599
20976837
20976815
20973950
20963673
20960702
20957594
20952243
20951814
20947476
20942615
20881157
20881156
20940688
20940212
20939629
20939239
20934952
20931818
20931694
20925930
20923992
20922802
20920019
20920006
20884894
20883120
20881804
20878873
20876928
20876087
20874836
20864873
20854404
20854357
20850836
20850088
20850002
20848259
20846281
20846230
20837836
20832328
20831572
20829559
20829278
20824736
20815745
20814796
20813775
20809810
20803925
20803855
20803399
20798630
20738432
20734699
20728066
20723082
20722493
20713655
20712660
20706977
20702055
20700673
20698341
20697674
20690327
20689196
20688258
20682634
20640286
20677969
20677672
20675026
20673358
20671002
20666161
20665408
20662865
20660898
20657876
20654287
20654286
20654285
20654284
20653484
20653376
20649683
20642088
20638322
20635240
20626482
20625297
20623685
20602759
20593539
20573225
20530395
20525170
20513463
20511113
20453061
20450025
20449983
20402365
20391502
20202350
20188506
20177285
20171937
20159132
20147423
20078439
20033624
19995095
19936604
19811630
19689222
19678946
19662791
19656753
19632912
19621980
19591682
19562361
19520019
19477893
19270195
19431106
19426525
19401016
19375210
19351407
19348685
19324509
19281128
19257798
19250451
19237810
19173739
19173724
19172302
19167200
19092030
19083523
19064659
19055273
19047704
18840800
18804712
18797885
18785347
18722933
18715245
18705721
18652727
18588408
18588401
18571141
18570638
18494958
18491690
18482125
18423762
18378938
18350773
18331632
18320609
18292420
18273763
18196169
18053372
17963491
17622476
17603148
17470280
17454795
17300571
17058890
17042711
16860964
16859867
16856033
16796505
16730606
16706568
16705304
16704506
16703970
16703962
16702866
16699688
16698659
16698475
16698225
16697096
16696786
16690383
16688682
16688660
16685018
16684426
16679440
16678952
16677195
16677193
16677191
16677190
16676564
16670259
16670136
16650120
16650117
16649506
16648395
16647170
16643477
16643265
16643176
16641129
16638478
16637941
16635939
16635774
16635762
16629964
16629568
16627842
16623976
16623666
16623609
16622694
16615840
16614882
16613601
16611514
16607066
16603743
16600014
16597495
16586308
16583743
16582046
16573774
16567319
16563919
16555714
16551315
16548396
16547787
16546287
16539991
16538522
16537580
16537579
16532884
16529133
16520886
16519072
16515673
16512992
16505428
16502227
16502131
16501279
16500071
16492233
16489972
16489708
16476091
16468082
16468031
16466557
16464138
16459340
16452280
16448378
16443870
16441397
16440248
16438813
16438809
16438787
16434231
16433638
16433221
16430782
16430612
16426615
16426444
16423121
16423118
16422717
16418201
16411028
16401807
16400760
16390528
16390520
19606763
16380308
16378794
16378566
16377393
16375611
16372911
16365615
16351529
16342025
16341745
16340273
16338567
16336488
16336373
16336367
16335610
16334968
16333549
16330476
16327740
16326790
16322409
16322147
16322146
16320785
16318967
16316872
16316443
16316442
16316441
16316439
16316438
16316437
16316436
16307633
16307629
16304302
16301958
16300853
16296680
16295284
16288583
16287524
16278102
16277666
16277131
16274477
16273994
16272423
16272421
16268876
16266648
16266422
16266421
16266354
16264176
16259627
16256898
16255328
16248881
16242292
16240973
16240060
16239231
16238838
16238530
16236699
16230962
16228624
16226650
16224306
16220418
16219516
16218772
16215867
16212514
16208651
16205336
16200515
16197660
16195094
16194177
16192541
16191141
16182120
16176628
16173322
16167645
16164585
16157463
16157339
16153372
16149978
16148821
16146111
16144787
16142509
16131282
16129011
16128974
16126738
16121654
16113758
16113032
16109119
16108885
16108856
16106771
16104676
16101854
16100222
16098156
16094061
16093300
16092293
16087455
16083468
16054572
16053682
16050860
16049062
16048657
16047935
16046982
16046566
16046564
16043257
16033487
16032913
16027505
16025260
16024213
16023804
16014262
16013623
16010261
16009066
16005802
16005787
16004677
16002919
16001915
15997576
15996965
15995152
15995039
15993978
15989839
15988417
15987329
15987226
15986315
15984397
15983285
15975955
15974517
15970249
15969333
15967558
15964865
15954951
15951647
15948784
15948479
15942439
15933466
15933277
15933272
15924537
15919143
15915023
15912353
15904751
15904746
15897835
15896942
15891317
15889656
15887788
15885866
15882366
15872169
15872168
15871767
15871756
15869551
15869214
15861935
15860053
15860051
15855433
15853099
15849528
15847683
15846523
15842115
15841781
15841671
15840894
15838911
15838416
15832885
15826511
15824228
15823778
15819128
15817353
15812763
15812653
15811210
15811108
15811107
15804804
15802484
15800127
15800094
15799305
15798040
15797151
15788034
15788031
15787923
15780143
15774342
15766066
15760511
15759059
15757883
15756360
15754859
15754601
15754280
15751247
15744921
15741435
15741295
15735434
15735261
15729552
15725981
15725203
15725199
15723025
15722306
15719417
15713185
15707443
15706385
15698390
15690283
15689645
15677780
15673579
15673352
15671770
15666193
15660144
15658734
15657689
15652676
15640289
15640264
15635492
15634822
15626934
15625429
15619273
15617917
15615737
15615285
15598483
15597936
15588741
15587455
15578156
15576226
15572395
15566437
15566436
15566435
15561380
15557358
15557355
15557353
15555079
15553800
15550362
15550299
15546644
15542172
15540672
15536025
15533179
15532911
15532339
15528286
15528284
15520054
15516037
15514917
18379671
20492053
18812589
21899216
16424765
21243328
16902171
15710277
21382306
19450074
16969312
15924900
18438533
17083162
19382516
20622795
17822429
21247433
20092087
17727131
15997354
16610752
18625918
17229425
20433438
16740006
21311270
16144242
17404126
19669716
20159530
20675413
16972449
16957799
20699039
20153230
16875926
18489511
17933379
19631684
16910186
21183944
16281205
18690123
17500503
19024782
16039957
16076795
21560954
16032428
18956493
16145186
16979096
18676119
16650198
18515437
18727353
15747040
15566611
17665271
19483063
20220661
15997347
16826416
21524002
17470037
19886088
19472805
21615951
20890150
21329122
18307853
17971391
16925180
21323492
19910328
18316754
20102813
19454195
16370233
17345974
18371167
21882755
15798137
16386255
19322941
20220631
17724358
17664500
17713374
18036895
21647041
18998796
19001101
18972942
20212311
15957700
16450936
21033379
19235784
21289022
18162794
20027897
19952549
19150199
16738501
19825839
20584087
17619324
19373959
15916121
19317375
17105743
16130927
18574369
17289465
19507540
16171082
16222176
21276535
16673631
16996453
18690905
17477472
16767012
19525720
19634626
20113915
18476636
16411421
19838884
17108601
21568118
17939006
17803401
15891316
16018107
15825891
20963612
19369190
19448044
16418145
15731976
16584052
22026194
17413780
17338086
19092350
21462668
16313546
21214957
19962628
19576529
21576036
17516351
19269150
19861695
19029841
20037151
19738215
16238541
16901882
16566612
15807758
18156960
16910408
18560708
19170219
18355797
15741003
16963194
21342420
18670411
17099506
15786795
17078324
21620476
16553752
21569613
18547400
20843886
16639257
18186906
16799710
19420206
21776931
16222404
21605261
16300463
18163140
19912095
18978601
19822274
16826966
16219048
20235774
16526147
20363840
18942219
17045788
21577161
21692585
20660807
19670357
20800143
19944273
16618687
20302625
17468687
17658420
15717240
21174855
17851382
18272638
15776944
19673010
19395649
15813311
19414431
18758277
20860257
15750050
20336328
18022492
15948049
17111282
19181175
20160527
19179789
16841812
20851681
16832675
21569471
21879649
19243346
21224466
16972604
19125654
16585091
18028836
16786951
19882409
18812762
15909787
19706350
19768331
21263279
16704400
19629602
19793245
19745632
20712216
17966296
19577761
20442154
17704669
19153131
21160349
18311398
16434755
19763700
18828830
18556665
15869554
20338980
18243707
16313586
20536626
20072975
15909971
17907496
15906888
18834738
19730197
16270668
21476412
16594284
20940270
16318052
19874170
17258361
21409790
15597283
21631936
18752095
16301565
18826731
20201667
16749297
15945581
19278889
17211165
15718187
17983989
18351193
19364999
16352933
16906322
20532137
20703606
16521895
20434642
17999294
19387906
19255100
21291051
19462719
16475078
19255051
16317329
17452603
15522648
17357258
17623953
20050500
16021411
18990377
16950187
19140191
16827769
16010902
16579288
17462801
17507734
19569462
16396128
15709218
15711292
17665207
15864767
17650357
15617358
21514838
19194685
18788955
19633547
21630628
16321918
16473745
17969829
16583532
21199074
20469612
20177038
20183136
18755766
17235573
20029311
18597574
16462918
21401687
17288704
17418125
16272899
18321460
18032199
20546095
16698157
16282005
16330134
16092629
21819357
18652018
21599841
18972091
16965244
21368633
18711905
17355406
18043339
19213393
16427245
15716810
18720573
16817493
18368655
18482116
16116771
19380366
21478725
19409635
21462857
18978011
18556804
18297971
19371848
21467937
16164654
17671027
16305854
17985517
19449269
15947898
20227674
21530703
20611002
17114129
15818034
17533915
18520670
16499531
17215597
18536588
20536115
18302759
20104453
16512582
16835514
21786574
21738250
15642753
15789968
18268140
21199231
21155103
16622643
19659717
20853211
17161046
17283959
21524205
17577164
17518160
16242291
18806649
16898986
19735497
16011227
20162921
20067130
18051975
21041194
18096583
18071813
16715785
20208974
16234910
21166070
16328186
18165752
19247874
17279205
17461316
21819028
16707222
15544666
21381548
21209340
16623143
15766334
20724192
20026893
16033144
15656851
17290038
21068107
16227897
21150411
19001913
16532220
19434948
19452487
22010523
21108428
19396066
15736516
19320339
19656149
16638260
17074865
19006501
20099654
17333563
17194678
17933498
19359313
22033731
17133923
17935257
21402963
18828255
19152405
21205260
20194809
17953293
19761745
19586354
19219412
21475355
20970046
18036478
20225429
16490155
20110825
17240040
21878602
18935701
20419982
20598470
17676967
16985479
16912623
16890882
17270044
18332383
19157813
19300851
20879816
20222486
16392103
17536419
16689021
18856174
20512350
20141461
17078243
20682667
18041325
17403768
16871101
15859377
16324493
17069205
19422280
17665623
18946979
16620258
16966996
17432306
16900723
16583031
17394596
18414331
19410421
15912808
21823881
20562617
20469996
18942535
21477457
16777833
17723988
21404447
19403469
16826044
19232926
19295422
16150016
17468630
16788351
19702025
21586258
16099126
21447943
15750524
15692130
15915408
16220649
19075103
20047354
16285343
19860315
21692435
21337988
18062762
18638330
21129179
17689442
17883657
20027876
16967893
17649750
17468793
19998905
16810040
18507850
19465583
19455926
19606049
17090723
15900181
17470720
21122753
16572570
21323087
18397446
19263821
21278001
17725913
15839524
20443411
18402128
19930369
16094281
17535182
19158526
20166455
16336481
18325459
19037137
18294342
19059087
21368535
19095860
18164933
16633255
21506058
20471766
18846365
17520351
15731998
20816107
21108173
16430362
19387911
16447522
16616269
21960374
19585071
17266420
20852506
16899843
16972607
19813081
21403042
19806817
16224670
19416419
16207280
21133868
17070437
17924261
21521893
15859964
20331546
19692201
15920707
17579304
19112628
18469615
20629426
18504691
15966460
20695830
19919189
20091763
18512565
18273567
17390945
18408263
20306464
20620088
18580081
16573720
16682919
17136927
20393104
20507043
19041611
19418228
16344302
21198803
19164259
17341751
20347347
21141634
17957420
19370381
18725848
19412691
19060803
17445107
20081692
18693994
19534811
17899512
18492452
16097256
16585328
21127101
19866504
20092528
17766564
20642050
17584392
19777204
17068679
17139816
18293247
20113269
17205015
15737508
21242235
17573682
21348217
19880940
20825512
15801246
17096369
19135081
17593305
17570053
18570681
21118013
19325506
15960570
17933152
16874119
18663481
18832500
21727290
16972975
20736674
17015810
18335686
20683772
16842061
21719626
19573401
18429912
21416901
19112090
17260594
17334470
16965250
16138487
18506954
18922582
19128648
20066486
18784547
19591020
19637769
19093407
21505337
20980772
19389535
19884473
16937731
17009572
18799514
20220273
17133494
15862984
17944154
17019551
16249590
21287773
16249425
17283304
18848689
17043775
17298955
16399090
20367820
21248579
19879451
19999957
21456496
20923482
16827197
16884135
19451479
17244289
18414336
19582469
19517669
15992195
18817973
15674925
21053708
16382656
15587603
19189157
19594788
17185208
16636009
19072490
16511737
20081725
16617943
17096652
20487406
16255737
16604797
18076697
21241494
15699831
16323983
17095336
18164461
18385407
16928714
15566606
18715393
17600951
21485933
19661092
19667767
17587559
16544703
16513850
20307369
21797726
17214007
18184424
16515987
20333953
21378634
21888068
19291075
16181263
19097575
21887945
16482751
16480351
19593076
20175183
15863624
15707214
21700363
17249154
16494664
15998926
17106565
16052943
17470500
18279295
15723029
20080443
20718390
19536988
21491756
16106331
15615172
21273627
15644641
20581321
15576272
19650034
16436585
19005686
19492762
22008181
18361143
16516665
19930680
18039993
16387907
16359677
15965996
16166865
19294937
15788062
20689933
19262907
19910601
19760207
15667698
17563422
19136397
19081417
16216379
19026308
18367365
19184554
17126163
20410448
17591514
16309065
21123235
20112774
17269854
16339293
16442991
21126130
17712233
21298505
17671054
21123234
20435665
17000476
18310208
15720488
20963676
20426361
16141104
19002485
21667548
16781919
18090444
16766686
17908529
19250723
16719039
16548400
21095426
20031860
18822580
20138379
16186080
16122058
18510665
15838409
17037319
16122641
20034134
19378859
16678696
18219153
18395481
20107291
20890144
17942458
18927261
18245219
18189178
19297830
17697454
16624451
15835629
15884249
20202145
21480176
16466476
18486784
20850713
17714050
19484615
18979706
15545244
17825136
19445336
21692729
20500737
19364777
21466754
15918345
21266923
17554092
19282060
16513583
18356346
16719752
21396302
17573299
20719816
19709393
21534498
19940588
19026897
19288345
20417783
17973622
15651055
17666979
21299077
16330969
15748123
17597556
18577323
16636322
17017753
17058812
19048355
17518891
18648202
17083278
17211732
16786362
21955399
21818904
15815958
19941684
18032685
18524353
16512438
15821204
16650586
17417043
20883639
18621778
20088340
18797217
20306839
19239728
15924034
15826425
16438155
15639679
16945685
18236875
17939227
17874183
16022890
18548794
16170545
18194797
18086109
17284379
18693633
20003040
20655643
18020289
18544043
20422965
19208507
20946571
18216617
16008037
17058756
18467311
16719846
17828400
18607872
18159047
17901171
19395703
17580769
18999028
16572755
15826580
17505377
20356950
19570485
21162428
18226542
19957453
19893369
19546274
18450665
21181283
16728354
15668597
20591015
15686079
16541831
20701054
20229487
17110646
17658961
17059497
19285168
21554034
17907348
17117700
16205345
17683580
15800825
16398385
17088119
17505351
19811596
20405396
20030696
21901876
19126332
16184292
16165080
17725264
16407697
19301081
17804518
16440562
16716875
17683303
18172739
20387296
15589081
20722884
16604802
17219522
19956825
17166270
20447149
16759936
16219112
16041160
18720287
19492512
21482348
16850778
21207823
18416395
18298996
16161532
21070357
20970059
20848072
15761452
17699151
21691239
21276700
16700244
16121873
18217864
17911883
19721997
20465744
20500704
19522714
17583379
21092431
15652689
19754009
21336436
21946873
20102101
20964817
17851385
16624890
19657308
15612401
16411487
19656225
19568211
17524286
15657579
19567756
16931461
20018989
19624062
20037847
21744630
17464112
17133898
20478866
19644973
17035474
18257804
15788082
17000994
20532130
17146311
21434551
22111268
18333552
21058958
20953218
16973953
19471254
18198365
19673984
18819716
17147069
17899995
17651770
16225709
18552258
18618203
16138488
16266638
19834802
16466493
17128679
20218938
18926180
18563031
19418937
15582339
16289065
21683474
21848600
16294697
20038405
21126195
15700635
15911054
21977605
20022131
20004490
15820426
16083377
16720263
18641928
17306905
21457625
20333493
17263879
18784477
21086799
19088620
18090148
20816342
15557918
16088009
21240082
20712554
19486790
20117031
21341442
21944692
16139153
16609323
18622885
16847172
15615304
18477878
19660328
17907644
16501534
16884462
15896601
20381401
20131580
19820537
16045414
19911108
21446258
18942562
19373635
18020245
15737136
18640446
19061026
16430347
16825366
19293717
20715504
19449270
16638778
21058891
20821958
21163726
16226428
20112458
19254200
16120895
19438100
19887996
16850152
20552857
16719422
17828630
18214209
18312752
18573018
15750482
19017773
21940547
16893664
16696763
18493712
20425741
15969765
17332101
21439172
15977240
16686075
16353573
19937780
20409059
19422112
16722887
21095840
16439285
20486519
20155892
16846779
18972327
18677781
17518122
16926948
16047637
17551279
19066981
18546569
20931472
19159080
21674523
16095478
18161180
21338747
19674761
15788078
19672933
20578470
16010213
18789048
18423347
16783796
17901832
20018577
15571883
18813611
15924035
20008830
17187543
15568585
16642233
18180790
15693929
19452814
17064413
19757870
22128562
16440106
20605003
20435654
20946009
19174529
17619323
21557105
20026921
19120979
17494245
20713533
15802407
16183003
15830302
17462037
18069623
21767163
18826901
19133494
16633295
16497736
21599562
17919875
21127108
20552915
20236522
17294683
18281352
20100749
16029974
17604978
21116090
18779546
17954441
18217874
16308681
20438010
21424389
18995155
18768007
20879642
18575174
16776611
16827532
18073710
19120379
18558278
20222259
16488418
15690832
19560693
15644692
16651897
15951453
17640364
15868587
17261144
21345380
15938105
15629875
20562092
15602707
19394018
18370910
21284715
20669805
21291327
20697269
16897570
19826326
17676236
19811835
17926605
17464127
15986521
21242575
20827062
19251829
18087202
17425252
21477493
15802157
19008615
20386257
17476142
15933914
16473065
21888454
18519625
18617824
18372375
15899227
20888949
17620400
19084880
16997633
21971693
21507049
20644185
17584433
17982999
17595405
20103833
19331045
15663015
15602303
19213295
19033252
21302524
16116767
20106664
18633015
21941040
16520526
15744445
15745401
18399614
16623030
21730228
16423299
21742562
16719737
19552677
17696047
16968511
20942756
21646564
16324939
18243632
16148475
19681533
17149993
21799379
21218739
21321420
20559055
20654822
16446335
18273432
18298470
16766784
18595309
18624019
16122857
16607248
21302877
17272792
19899286
17091445
19135822
19010185
17313908
20362381
19411320
19648829
19800851
17139941
18057473
19969173
17183933
17256293
17266078
21495463
16879380
18337617
21743269
19023522
17065888
18075945
21175928
16317358
21572061
16552219
15565902
15646524
21906046
18588787
16869520
20146829
20627817
17079614
21862044
20403490
16447241
20710110
16531781
17219528
19686269
17260490
18299731
18950369
21740729
19208368
16105190
16477819
16464798
19798831
21358385
19797559
21199138
19737124
20880922
18316826
21534905
15877556
19360395
20010373
19590205
16309011
18642621
20053237
20190556
17347505
17985968
18992683
21444937
19318852
16183748
16289849
16140129
15597287
19288372
17624053
17996763
19801942
15915843
17337364
18386693
16142843
18501359
21557168
21262793
19588158
16416464
15534456
17324184
16136875
16078904
18520428
17394738
21624702
19946120
17636714
17322008
18234092
17515088
21805809
16570780
17152915
20590508
17874862
20626379
21073063
15632812
20684398
17302096
18669810
20854708
18460266
18853911
16263201
17766078
20953729
17848303
15911728
16262902
18160859
19588316
19463678
21214680
19809014
21957820
21879626
19925534
20564077
19016937
18728298
21976704
17762623
20690391
18018820
16203882
21067779
21590575
16773286
19397393
15543757
17853182
17168255
18523492
16955034
16121496
17523326
15708184
16918080
20949328
21343558
17347512
20825895
19073955
17336480
19271362
16983798
19713787
21035766
18075455
19591659
19467851
18090138
19385362
15683053
17205276
16308327
17935048
16517030
18794475
17977491
17391600
18678961
18078156
19023951
20569870
20039968
18754739
17915373
19812105
17537457
20492015
16684172
18710620
18005351
16525005
17394939
19260886
15878842
19490299
20172388
16824205
16528112
15574193
19502223
19237645
16595002
18386178
20351948
21424876
15682992
19064141
16782338
20025755
17443630
19876941
16324544
19386437
17040142
19183948
15850920
16862025
18081166
19736262
20956769
17470927
16680057
19717991
20002705
18552265
16860417
17618118
18163863
18589314
18953194
17933651
18980456
20551742
18843076
19204854
18072473
20100151
19411013
21160300
18365777
21251780
20595246
18662870
15968801
15769972
17129201
16478890
19947453
15653246
16680633
16190010
19378610
18226315
19626260
20837293
21781627
20643327
16318656
20214442
20371033
18580717
18649644
17397374
20465743
16148827
17165073
16393480
16670213
17563322
21664719
21362785
19318665
15852799
18716551
18570188
16542132
18070254
18687268
21240022
18715389
20494330
16425819
20160554
20221341
17249472
17059606
17441366
17729170
15894777
17165327
19701695
16310137
19276734
21667677
20723173
21768616
20934212
21785313
17137277
20923512
21088660
18843605
15890048
18612092
18684788
21209146
18375780
17475724
18216407
21047036
17925140
17146310
16004736
19269375
19180372
22071936
17159560
15800173
21053264
16963365
21173438
18644668
20395734
18050531
21111375
17219943
17053819
18545734
19751991
17262741
15973518
21519557
17645537
21185749
16004700
16112527
19788778
20816307
17241635
16788387
21843847
20441394
20679971
16322139
20659270
17927115
20193936
18578442
16756536
18046517
18213954
19173756
16128420
21530172
20046118
20946861
16977926
21346463
22041948
20183681
15515441
17035553
19380090
17582021
16190003
20795588
18448933
20014709
17904327
17436785
21138894
16527147
17920226
17075823
18538296
20357751
20334019
18083675
18959570
18611104
17728586
21109807
19339314
18236848
15992240
18787958
19579576
16689412
20370860
18163855
20796072
19624479
19924474
17539455
21563734
21946877
18777062
18617920
15810749
16888512
18227463
18760558
18309722
19564281
17941408
18823431
18002962
19492167
20061256
21148521
18772298
17823567
19260571
16181570
21105584
15871865
19726990
20925564
16136612
16582971
18179675
15780145
19116820
20298512
20580606
17009802
20215334
21524448
18042184
17994499
17592294
21479566
19740357
20942889
16760774
20479545
18984375
17874227
18518731
18020106
19814924
17244671
17265839
16162565
19776551
18301231
21127107
16988283
19522884
17257396
19037225
15799889
15608941
17476854
20623993
19166567
21059572
19657867
20594536
17125095
21123231
18761842
15848317
18806181
17354135
17618077
19939417
18355593
16344419
18448714
19608320
16167453
18063122
19343292
19254198
20370758
21383301
19491355
16926726
15705271
16546447
19060791
16350524
16764560
21391837
16442473
19899295
20437937
16185923
17142702
18008106
18815497
18670780
19014427
15804242
21751718
20384666
18332384
18416398
15835223
20924818
21439658
19665624
18413181
19118468
21362042
21444597
19538800
16365607
16912103
18977062
16854239
17097202
20170303
21255500
21057316
17298250
21659397
17395968
15624551
20219745
21158853
19592331
16236850
19192241
16409600
20510948
18087985
16236839
21291016
21573122
15939493
19878341
16187669
16430003
17544880
18669121
18036764
16792759
20572431
20940273
17053467
16813258
20882732
16622459
21332775
19866508
21134804
21446292
19489483
17042804
20869886
18728507
19525718
18701234
21447572
18311551
19793326
19777681
21109945
18051488
17967588
21462060
18240985
16184784
15969988
20601563
15839375
18350213
19952152
17268335
18230417
21322860
17240603
19934461
21089995
20811186
17270326
19723325
18618958
19112086
17641073
17924559
17713366
16684751
16219614
21385083
20843903
18370586
19855272
17409804
20132006
18517102
15862640
16501132
21283938
19560245
16809915
21719625
21532081
20191466
16102160
16548320
21737898
20564070
15785347
16242440
15861103
19042824
15908083
18703384
16388260
15995096
16400368
17421119
17941245
16048621
17018197
16487895
19700041
15639043
17718747
21507612
19369681
20196285
18220679
17664512
21423003
20390663
19838889
20452620
16983480
21916094
19952037
15764640
17378934
18447890
19533597
18984506
20448516
17339510
17181681
19012760
19020436
18234365
20729253
16907788
16189982
21766560
15890300
21972313
19961973
20223156
18942616
19440947
21330895
20456797
18647212
18558248
20662948
16873848
17686123
18821287
17888804
18721167
16598609
19618796
20638814
20118704
17256712
21163648
19685037
19933533
15946901
20595536
19629848
19785759
18427230
20119873
19586135
17889736
17964014
19466275
18537602
16541720
16916340
18468295
20711941
17264031
15868346
19960016
15618087
15660321
17542172
19407054
15946823
18289416
17010664
17161757
21870528
20472608
21053576
18241152
18804722
16768073
18375677
21688609
18334246
16843744
18020851
20579122
15544663
16828669
20889634
16720517
21113847
20362713
17448408
16225507
16215345
16684177
15893166
18171322
15792753
18828166
19248449
17600598
17684111
21337243
20439095
18277551
17880473
20164800
20048265
20520262
18705782
18540958
19665613
17522193
19165548
16184946
21193620
17005464
21038931
15833473
18385151
19490598
15771153
16675364
20864874
17197304
18589900
17372114
19623319
15644657
17654385
19074497
16489379
17684107
21959637
16687380
19766136
15629979
18422262
15718939
17494482
19340984
17447086
15575186
20488653
19909955
21214618
20373700
16964556
15934547
18517175
16134620
17654513
19467147
16054867
15842713
16553054
19390962
18374595
17040136
20057230
16959931
16215465
20362383
15714716
17046220
16970008
16849931
15552024
16871980
15918260
17133682
20647804
15608111
17846091
15626929
16409571
19436687
17379353
17822424
19955300
19735339
18293220
20411904
20873399
17148527
20191059
20050483
18842457
21733968
15933465
17531435
18848669
18998815
17828836
18595416
16832007
21820540
20537501
21659483
20299692
16823638
18772151
20186567
15789943
17601213
17844824
15913271
18003870
19068917
18427782
17494817
18030960
16076788
20672399
20486343
17318747
16104653
18301445
19719375
20160388
16464272
19437906
21043559
19235657
18468015
17263096
21560456
17701393
19597372
18160862
19726783
17462089
16302440
18398697
19534188
15956826
18926963
20038254
16027635
17490867
18815959
20510707
17622862
16523371
18791747
20122018
19955389
16507619
19423472
16884944
20427938
17091750
17094300
15576817
19294371
16802428
21139465
17427878
20920322
18993129
19040543
15953132
18238936
15993259
20704094
20636180
19958418
18164456
21239466
16203846
20362791
18494406
19271594
19240464
19663713
17633340
21450767
18630781
19966712
17066969
19785362
20349640
21410585
16218148
21038734
15984505
16116366
17419232
20180975
20833382
19904854
21951494
21626323
19542968
16980636
17472497
17681117
18186827
18724523
20170328
15572996
15799490
20953977
18272607
21952059
21323049
21676049
19120898
20811783
16836282
21957800
21149243
20965461
16029982
15579349
20568317
17500283
18650236
20801450
15707097
16676021
21462059
16557117
15799484
19806711
16177996
16801360
18580201
18489673
17116515
19660639
18220602
21825919
16765862
20078457
17873662
16898103
19252113
19558193
19432872
16824298
16311622
15537189
17084321
18021128
19910835
19444671
16447646
15896961
17105639
20399491
18513354
17159562
15717707
21368548
20137030
18849806
20824553
20718595
19208850
20529149
19106282
20837738
20639232
19057953
17727584
17400674
15720499
21572298
19231904
21419684
21209138
16371760
16050306
17305299
18265910
15532812
20624148
19944486
16860853
20854577
19927503
18605344
17531568
16798177
20035292
15864663
19686324
19025697
16895138
20526121
21486888
18277553
20713872
19711655
17353983
15748057
17387067
21186152
18251959
21722980
19382172
15957874
19674462
21165881
20009456
21666960
21901675
21266150
21841589
20942883
19227631
15946278
17953235
17440377
17486478
18059463
17144052
17521258
21469489
16925372
21129355
17622492
16753084
15631015
15913786
19528344
16567696
20452912
20715648
16130343
17318752
20072029
18272609
17194871
18477721
17042818
19959842
21824947
17469703
20705349
16689117
19768640
17210396
19850481
17892990
16827928
17263180
20808108
19669104
18814304
16034031
19416054
19935609
20143739
18206589
19768806
19065866
15817605
16409213
16169392
16337561
16586027
16464934
19648091
20091227
21485750
21675662
17020243
19773028
21443806
21059091
19351302
17786521
15913121
16366449
16280833
20371636
20083421
21902971
22073586
16161382
20655165
18474877
19726018
17355102
15968968
19357425
17413301
20085180
16413554
17170639
21424566
21119100
15844289
20000054
17641972
17524863
17088110
20023274
16284050
20695347
17954070
19351795
16699339
18515439
20332290
18395724
21053718
16459967
18999031
21659815
15746132
15770559
20955504
15683019
19727847
21279253
19745245
18662241
15559598
18273564
20663830
20678083
17397708
22001799
16509434
16258117
19821892
21718855
18005127
18557346
17468786
18412912
21766914
17575756
21136100
21108739
16915060
16891277
19306974
20846562
19944876
20722810
18372074
20201628
21296117
16490543
15976500
16573879
19448581
19112873
18801272
19044102
18055756
17425253
19275001
18376519
15667026
16305016
17911509
19358736
19591366
16249927
18663980
15657115
17564279
18439049
18535644
16055815
18424316
17081720
16717514
18086967
18182469
20146022
17505402
20309780
20378626
20851087
19036551
17381826
20131587
18607255
20636181
20596688
19437856
20390615
16933637
18081373
16450556
16303228
19944376
16287794
21214989
19088550
21128818
21362757
17099116
16808736
17342854
20870972
17665819
16724286
18155398
20497269
18820880
18427626
16021067
17020395
20305569
18538424
16184942
21036534
18609240
19482810
16422486
21301280
18715456
19714953
17240117
21429037
21110399
20335914
16905437
16532047
18251345
20472840
17620205
17511206
21140771
16369277
16629846
19023890
16969785
17120925
16910028
20340049
19434217
20306848
17786036
16879537
21574347
16931415
17924926
20938894
19467397
20220676
21393081
20876403
18232061
16336151
19899597
16128654
18301112
17918304
16225666
21565652
16389158
15817597
19606561
19125754
16699800
17877563
15889803
15573006
20402165
21995229
17385970
16511581
17054735
18001656
16980515
17347846
19294824
15994170
20123326
16979083
15931020
18657425
18274360
15691247
19948782
18448500
20191948
19959919
16009877
17002186
17126046
19017894
16585498
18585538
19875747
20373929
21990386
19068176
19842526
21178335
17412187
21419260
18625752
15822735
17376345
17986485
18431285
17937446
19358797
20214847
16276175
17462142
19948634
15654775
16511585
20105700
16311521
18974406
18272608
15604637
18273581
16010848
16425903
15992183
18714110
19038976
16216029
15588534
18077034
18064812
21676572
15827908
15923969
20662283
17533563
15821560
18714719
20217268
15794419
15756120
20630118
21669517
16096252
21294020
21776828
15696455
18035535
21340210
15619528
21074961
21411402
18815527
20172452
16844340
17233258
17926660
20736665
21306029
20137029
18187590
21035994
16175921
18923216
16156331
20602700
16308630
15992228
18065188
16485087
20550653
20473457
20215958
19675402
17899388
19707978
19298976
16700786
19936424
16019214
20569188
18842916
17367892
18221469
17992299
20804881
19182305
17695557
19538808
17217319
19680298
16332190
16041448
19426295
18702651
16884810
18550437
21862907
20080469
18072408
19752684
17705836
20144032
15841057
15902037
21044992
16322176
20406508
19457727
20442658
18798711
20633747
17233863
20586893
20123762
21689037
20128984
20818925
20499769
16268041
21444842
21335248
18473088
16631282
17329643
18030153
17443362
17331245
17954133
16288093
16865635
15622611
21419559
17690089
20088153
20940073
17869629
19264684
21301284
17188453
17264112
19720493
20890147
20707670
15616146
17493716
20074438
20690390
19686274
17258131
18158520
17577420
16141741
19850549
19719062
16615711
16298283
21730931
20545980
19284810
16996787
20484916
16983946
17574437
16700856
21435000
15677576
15952477
21991872
18592213
19247226
18698394
19272550
15877636
19189408
18563023
16846179
19969315
18808596
21768807
17710561
16104457
15804319
20457326
15560732
17518143
20602139
17175591
18316939
20853654
18284538
15960063
17724103
19756453
21584449
18307701
21057303
21084831
19675268
20507692
19817514
21530731
21504240
19283634
19250026
16212824
18068280
17611983
20002480
17284981
15971339
20712549
16253110
16268229
16184950
22029121
20937185
16461604
20081639
19931826
21214136
21150582
17343245
16448993
17366228
17712891
16518928
18777974
15946280
19657928
21419253
17020117
19027448
18308911
20663934
18992701
20448452
17418133
17219938
16534078
17662689
18326127
20631590
19927964
15653242
20499485
16889276
15587899
17055804
18721332
16927733
21215487
20628817
19281088
18348367
18051982
18360830
18478275
16015511
18708248
19739304
20185449
