16714366
16754829
16749222
15852692
15591933
16784799
16781118
16779443
16779304
16779066
16778993
16770171
16770034
16758421
16754831
16805192
16793836
16893848
16888670
16880458
16880222
16867972
16858460
16954123
16954053
16951011
16942416
16939369
16937873
16937872
16937871
16933450
16932085
16931482
16931476
16929457
16928987
16918755
16911736
16904971
16901253
16900715
17053853
17043050
17040358
17032638
17017842
17014408
17010664
17009588
17009189
17007885
16995892
16969723
17146488
17140022
17137938
17136920
17135059
17130195
17130139
17117194
17115513
17112429
17112400
17103078
17102517
17102514
17102494
17102438
17102396
17102298
17102284
17102242
17102240
17102215
17095814
17086940
17080447
17074868
17068348
17065946
17062903
17238763
17238707
17227358
17225631
17224695
17220156
17213049
17209154
17207314
17206210
17194047
17188564
17187540
17185915
17182513
17182421
17179476
17163497
17160594
17151163
16086983
16052178
16050874
16035990
16015224
16015220
15988950
15974154
15951518
15932068
15905484
15821386
15803088
15799588
15776799
15773598
15760930
15760811
15759772
15759663
15747916
15747901
15731893
15718578
15718575
15714100
15711101
15709311
15703506
15700599
15694903
15693934
15690930
15687721
15685816
15683019
15665630
15658177
15657415
15646121
15631276
15625048
15619198
15603620
15603089
15595476
15566217
15561794
15535005
15524036
20329473
19360982
19356286
19296356
19271362
19266756
19266123
19230502
19209533
19044111
20443302
20443298
18997226
18972778
18954274
18926978
18853857
18844092
18838135
18835685
18830833
18815959
18810937
18802162
18795505
18777461
18777217
18725493
18725354
18724884
18694250
18694227
18693980
18693963
18693913
18693872
18693795
18674473
18664774
18647776
18612880
18589343
18435303
18430276
18429473
18373147
18349757
17499954
17494875
17489506
17489501
17487068
17484163
17478652
17478412
17478282
17477038
17466825
17461754
17450708
17443254
17443250
17440129
17416479
17416366
17412717
17412171
17411787
17400674
17396271
17387965
17379353
17354580
17332210
17326377
17325297
17317292
17316099
17313680
17313614
17305449
17285894
17279327
17273492
17238626
16634377
16627397
16617943
16601622
16600954
16595018
16565867
16520915
16513856
16493975
16483271
16431833
16418552
16397993
16394212
16390834
16389072
16358953
16282819
16260822
16249564
16241168
16235813
16215520
16200746
16167631
16162559
16122539
16097128
16050894
15957301
15957293
15913105
15886743
15883892
15842706
22006146
21957803
21944158
21661281
21639661
21639656
21626462
20836944
20810410
20716974
20701230
20552868
20519008
20384506
20057238
19892293
19696764
19689636
19670004
19670002
19668067
19665341
19629910
19620146
19592952
19592950
19592914
19592899
19592873
19592857
19592838
19592832
19592825
19592813
19582767
19564267
19541256
19505868
19499321
19492214
19485881
19448133
19441250
19401108
19397096
19382863
19377800
19370811
19364896
19354060
19343560
19321289
19319079
19306604
19299789
19288565
19263718
19246177
19241896
19219083
19218311
19218310
19214259
20351903
20351868
19091933
19084288
19066980
19066119
19062357
18085971
18085960
18069917
18068397
18066411
18063275
18046201
17959509
18048309
18048259
18032303
18030944
18019116
18005562
18002962
17985783
17983028
17970904
17963769
17955680
17946759
17942385
17927067
17927056
17926601
17920226
17911887
17911868
17911864
17911863
17907987
17901611
17901599
17901513
17901442
17900436
17883754
17881285
17874086
17852982
17828400
17803403
17786743
17760524
17728203
17717570
17703115
17695938
17695825
17695744
17682122
17680842
17668293
17653810
17646121
17642349
17635088
17623499
17619325
17603828
17594849
17570960
17566622
17561800
17560916
17548276
17546531
17540139
17522009
17522003
17502264
16475447
16451535
16436151
16408330
16323521
21702957
21682586
21678364
21675274
21673987
20961000
20934726
20931890
20890688
20883881
20876045
20870690
20845606
20841758
20815742
20738185
20736726
20726079
20687438
20662399
20652466
20628924
20615273
20595302
20585420
20564704
20543383
20543380
20542857
20534807
20516814
20485725
20472495
20463446
20446980
20439026
20420542
20413409
20391071
20383096
20375351
20359403
20348365
20345206
20335647
20202779
20189006
20183032
20165519
20123337
19157813
19141433
19108061
19096357
19091932
19080034
19075034
19070939
19070934
19056140
19052143
19042316
19033871
19029142
19020403
19020178
19017773
19017188
18990095
18985514
18984559
18976246
18950076
18942235
18926979
18926463
18830552
18829009
18809294
18808593
18795905
18780847
18775625
18772446
18771392
18715526
18713531
18688054
18684784
18680419
18678731
18678557
18639410
18639409
18613797
18604760
18604755
18596843
18595821
18592213
18583449
18581822
18577730
18572721
18569368
18565788
18560100
18560098
18560091
18560062
18554819
18534075
18513280
18507919
18507258
18504691
18487856
18487718
18487708
18487138
18459596
18453099
18440767
18430153
18407926
18406002
18402128
18400826
18400529
18397554
18383913
18373401
18347482
18325458
18325102
18308911
18305336
18302971
18302159
18289829
18284670
18275359
18262002
18254527
18252068
18249041
18244894
18239445
18227830
18227679
18225710
18220679
18220678
18211213
18199300
18184597
18166526
18163408
19548599
18155112
16779313
16779206
16749296
21774643
21766911
21749772
21553503
21539278
21534109
21501057
21476388
21476166
21463291
21464456
21458038
21432840
21427419
21421991
21406352
21398238
21395918
21366204
21366167
21357882
21335736
21299969
21273025
21198333
21160351
21146342
21144121
21135792
21132601
21129832
21099675
21099540
21095610
21093840
21070196
21057144
21045576
21045225
20528709
20609251
20605260
20597036
20595280
20592521
20551726
20545873
20543369
20543344
20537124
20535905
20529332
20487072
20478650
20464523
20455122
20451763
20447839
20438384
20429974
20421226
20420728
20415672
20404229
20390224
20374986
20353371
20352312
20345827
20306332
20302437
20299481
20238371
20215047
20200830
20189748
20180691
20155682
20150530
20149573
20144366
20144283
20135082
20131153
20131152
20127127
20118017
20117562
20116964
20090663
20064056
20064055
20059776
20051615
20046656
20044162
21366115
20032275
20030843
20029750
20029008
20027018
20010176
20006460
20003704
19999948
19998099
19966558
19963888
19958936
19957422
19947840
19929235
19929221
19926571
19919300
19919191
19910474
19904618
19884355
19875204
19845821
19630863
19832783
19821186
19809607
19806416
19802647
19796753
19777533
19769145
19766440
19762200
19754633
19752471
19745325
19745317
19744820
19744817
19741112
19734128
19726990
19716090
19705205
19704390
19697698
19695776
19675958
19674003
19673992
19658254
19628933
19027448
19209053
19504806
17803576
21366932
16546345
18257786
21622488
20560832
18019522
17009342
15591914
19094437
17675247
17598141
20185446
20520118
18257492
17330984
19704289
16679426
18229773
16821202
17394639
19386565
15943142
20855129
19500886
17241853
17720107
15796943
19591308
21425244
20234287
18823431
15612399
18029511
15805359
16968759
20598470
16423103
16398162
17565147
18987069
17708181
17957502
21123958
21576715
22203544
18389216
16358969
21575883
21351840
18093085
17454287
15667371
18434774
16967014
16120501
15551998
17019462
18385992
15917361
17066970
21264521
20137027
19745343
17095988
19118771
15817605
21545021
20963673
18331535
17884602
15805358
18668476
20802908
21523500
17621446
15756921
15749720
19248376
21693715
21398153
19781420
19104246
17420944
17142247
19320339
20816339
18683041
16490558
15894461
19023953
20642219
17960683
20696808
17064747
18438201
21462852
15883469
18350941
15779513
18789425
16039180
17661149
16528112
16410430
21251533
16790451
16150775
17937252
20444061
21307157
18814810
16644323
19446942
18020063
18079239
20377771
20181318
18326139
21242563
16155808
19999862
19665620
17099116
19025697
21475089
19813488
22066277
16265962
19833425
16786925
17596762
16838801
21057143
20677969
19216993
16273797
16086714
16302551
19656110
18182537
21658151
16206396
21661489
18058184
15848496
18166883
19483522
19778923
17345650
20879611
15550361
19140357
17318982
16225270
20421033
18714905
19635302
16830847
19650610
20226917
15921985
16243357
21424304
19568131
20663801
15733808
15983929
16879539
17233692
18705739
16538848
15974047
16961103
15562219
16294474
20592048
19770735
18605253
16824170
17593642
16619895
16926310
19017590
18380940
17582028
18538296
17538077
21555746
20179530
17197293
17379992
17551420
15518610
15779247
19960932
19268393
20569255
18209000
16037723
20338940
16927579
19940587
15591608
20031823
17381826
19788369
20631577
16613410
21349135
17427794
20929625
17343037
15530753
18303937
17553402
17095422
16320470
16275521
18080622
19207552
19946185
20334556
17989116
15574622
19382866
21478378
16493981
20884163
15911195
15530752
15590340
16374192
18560678
17898245
17966293
16641821
21500008
17966773
20033227
17207004
18059463
19187170
20420304
20540168
15587831
17542789
15916259
19952652
21284562
18164459
17387062
16323712
19287913
19250365
17889734
18021504
15536388
17901784
17712092
20715305
18548412
19839782
17418071
19553634
19203391
20590508
18788339
16966043
18703384
21429717
16703440
20512449
16499116
17973622
19936604
17917948
19264195
17668835
18778553
17329299
21500178
17317434
21862044
19373635
20406315
19436207
15529235
16756521
19461392
20864275
15851050
16523589
18517171
19919189
17111431
15986521
18052559
17352584
15959710
18207046
21061928
20606653
15942857
19523058
18082671
18595987
17551877
19091313
20529780
21840519
17038300
15601463
21233663
19240948
21406672
19062430
17614071
17539556
15713915
19960481
18774001
17043775
17601835
18642737
16376598
17585613
19995296
20465762
20947721
21538039
16740006
15861919
21679419
18332745
18306916
17976292
16151563
20142168
21949180
18051982
19018908
18494391
15904880
17676216
15762907
16083530
17310308
19433530
20705931
16430349
17203294
16176899
17086162
18197941
17022914
16048856
17804467
17463337
21188513
19386826
20069824
20943606
21888099
16273784
18446931
19852799
19589767
20514949
18470844
16441396
15536023
15530197
17995557
16827399
20876086
19238819
16121874
20579296
20370762
19325506
16487421
19648386
16875103
18667868
19042817
15709547
19536010
21090991
16003573
17196847
21133058
18296844
19969173
18644005
20568379
17535294
16529030
20435787
17559021
16813512
16136358
19220382
17194883
16548396
16977441
17152126
21605272
19321037
21718506
19745313
17951229
15569894
20920105
15908561
19882490
16553757
17764076
17337517
19383048
18853711
19901672
21477457
17005464
19881212
19256742
17447604
21710873
16114804
19382539
18681338
17292025
16734271
17999405
17284474
21793460
19653047
16246224
16189987
20879497
18779462
19947049
18702806
20188453
17976352
16387251
18269302
17846091
18247013
20533965
18475222
16924560
16886552
19917849
16215795
19481043
15666676
19770368
17853657
15616425
20800800
20368654
18078260
16735667
16555929
18981790
17972783
20615612
17325834
19447305
17594994
15834838
15735593
19300433
20098721
20615181
18330396
19263821
19968011
19171091
17455140
21516067
17327740
21666960
19388410
19153413
17415619
19675529
17171723
16501534
20191724
18326343
18426466
15672029
18291720
18197015
17955886
18766417
19467736
21047039
18369593
16200006
18791551
17003292
18284834
16477819
16341680
21339402
21689040
15685408
15741585
16837805
18198365
16197596
17030492
17061778
18588646
16518928
17537457
19507555
16968428
18490663
19597222
20579192
21196804
17579305
15586183
17455037
21462581
17149460
20308084
17620394
21071504
17324182
16331429
20492684
16167409
19566617
17491498
18348307
16117454
20403305
20657609
22029123
20038254
18546066
15903002
17479546
18623172
18807434
21326027
21788285
18080485
18555154
18974406
17700331
20841513
21244256
18724537
16416763
16969616
18548410
19909636
20536540
18206281
17496444
17880469
20032673
17664522
15616404
19197815
17005073
20975553
17958940
18245578
16222646
18808644
16012548
20063516
20822270
21651661
20309560
19349430
16109292
17803420
17022797
19546274
19897514
20828851
21896439
19420403
20088062
16804636
20546287
18433476
16310569
18264897
19269405
17149088
17976825
18216600
19054959
15633832
17803837
17056043
17261117
19152142
18414309
16420107
15635918
17931328
20143441
16430612
19819660
15778631
17680755
19297115
20968214
18544718
20338426
20203459
21320204
21765035
21450662
16403149
16948621
17393922
20437114
20444075
20109000
17459542
20846278
16236868
20875207
19538808
18606935
17720289
17284552
18976234
18399392
15682546
19171059
19755973
20825369
21501725
19673731
18622591
19091091
18833458
19433951
16474244
18457803
20222259
16424714
20169210
18683883
18397446
21801399
17451088
21612437
19894010
16110926
20643846
19000401
21531989
15692135
20815908
21576609
20800780
17725947
17342851
16364708
15752893
19579066
19444408
16076895
18828973
18562861
21131669
19715514
20130160
15793025
19085668
18618195
16102943
19573969
20602848
16274587
21114909
16719606
21382202
17507840
15962835
22009086
18807099
15938407
20049773
21305352
21248579
20972689
19819041
21197884
19287264
16298132
19409867
18313923
19755882
16914632
18335829
17933163
17725128
18807244
20598829
21555674
19734383
19284262
16391311
17401779
18984378
18676960
16354240
18650645
20875258
18403403
22073586
15896412
19945320
19142461
17931255
21365160
20738435
18034179
15853131
19700963
16034260
18048550
19805653
18177356
21146991
19752152
19757735
17169232
17130096
21048468
20963676
16149253
19029841
20182162
20047740
19653615
18032687
17170668
19327963
16006027
18956224
18513354
17351825
19388383
18030686
20580362
17665062
20040632
19609188
19031483
16926987
18958985
18814391
20436064
17714051
17014447
19204614
18362818
19239728
21805787
16955431
15916380
19772152
15713926
18761770
20502180
16842298
20562607
21323080
20352545
19309414
16866692
16627128
21969476
17601181
18348350
18931348
20704094
21469369
20923281
19147394
17308470
19385331
15566606
17649861
15892475
18065294
16830268
19700054
20019509
16791534
18695848
18539766
19556412
20354924
20975539
18438533
17202084
21292055
19192986
21112685
19558734
17019898
16045650
19750558
16769943
16355559
17901274
16422057
21477429
18550782
20469612
21621942
16422714
20509500
21533288
21883873
17060217
19793326
17596598
15715897
16818165
18038299
16297782
20649500
16419462
20151346
18176179
19449614
15840163
16837681
17526315
21358395
17647218
16763332
18291394
18687815
17045718
17601244
17699295
20838362
15865495
19366499
20207663
19052704
20147798
16493301
21399850
21143347
20334016
20568976
17941520
17327188
19454871
21330098
17619911
15775746
21492345
20168268
18683674
20466596
16964732
21675167
15774368
17016990
19412965
16524997
18946979
20598984
19627506
20177943
19119095
18492452
18974987
16387415
20705412
19198131
19476248
16722122
20725782
19505976
20529039
19219367
18586993
16967153
21571178
21066839
17499961
18646653
17009141
16638831
16396688
20722880
17373396
16551501
19114574
20083913
16960535
17165487
17970856
19898785
16035336
16795980
16681123
21598809
16840484
20206787
21751755
18295540
18563492
19069711
19012496
20308644
20378184
16708509
17592972
16115583
16095149
16968373
20877772
16464275
19770174
19861699
18215263
18811613
19635339
20476517
18060203
16445662
19513956
17468681
19581110
17325272
20544471
18923133
21698915
21242390
17505406
19785564
16864638
16192286
16958818
21785313
21124036
19833671
19783766
20824338
17387076
19465583
19052779
18525432
17612376
15815971
20494690
15818096
15737222
16487425
16447328
17767093
17130383
18392393
19247874
17952712
21418288
18038104
18250248
21055578
21288311
19022071
17168042
19205660
18754739
18515610
16842059
19036038
17354232
15737861
17065879
20630889
21916145
16186004
19626808
17345603
19180636
19253241
18378349
18600107
18590091
18411951
17418963
16669565
20378210
20525465
21449130
20168175
19179486
21042194
15633432
20978932
21440523
19939223
17320785
19833331
16890438
20835283
16175025
18985289
16620315
20849989
18769315
18445850
18198804
19375521
19650511
20358731
21458212
21569172
18396225
21601725
19801016
19700582
19216236
18600113
18270772
20336314
19092350
18373049
19175822
18446175
18091628
21976585
19663578
20082061
18411858
21532043
17470188
16409421
21242160
17568285
21268489
19385424
17674597
20602280
20706184
17384954
18787486
19291271
16998856
18605061
19285265
19826325
19356561
17885971
20050336
15609477
18515034
15800558
17880415
16148573
17937446
18718111
17873662
21507232
16513850
17211120
19679690
20061229
18238839
17551698
21069272
15800255
19549725
20172190
16772071
15587899
16214882
16874603
15603246
17626523
18403078
20147344
18812614
17135904
17551869
21067080
17953334
17486679
15681882
17217479
20579332
16115114
20608484
19157185
16186080
21841589
16802428
21317661
17348282
21624867
17523576
21134842
20478554
19505174
17210996
17604557
20534872
17937371
18492377
17444080
18766413
15701783
15833465
19926199
19752082
17954864
19434948
17674222
19450099
19786677
18465381
17997265
20006458
19272549
20023563
18788960
18923216
17604173
17333494
15785225
15882512
21503462
17498426
15746594
16814220
17625078
15786795
17091909
16616643
19858959
21418235
18295458
19951223
15710725
15911726
20131584
20837607
17786088
16307637
19916890
16353495
21504637
17228432
20661211
19142593
19273394
15717898
17678684
21292210
16493933
19160924
16350432
17229270
19911728
21740655
15596630
15704591
20809276
15994387
18090167
19251831
17924242
16764199
19740044
19265735
15580015
20506122
19780850
16680909
19880086
16878191
19202467
17584352
20088161
17407605
16029982
15914375
16614844
16470717
17539455
18276125
16493298
15726622
20418352
20155554
19433835
21457410
17556921
18754982
19104476
20543325
18764787
20369156
17922304
15943406
16447620
17088221
15566452
19860041
19219358
19133849
20174908
21782996
18480675
17328824
17924190
16796448
17628193
19016937
19957348
19395287
19566988
21397102
18574393
19523594
17224774
17723929
18560068
16642247
21235609
17855718
16612826
18420693
18561857
16400218
19016025
19551619
16855483
18331694
16002947
16857051
15848317
18725828
20549122
17190317
16532220
20872146
20888947
16273024
19589709
15693981
17344670
16505131
20471628
21537324
19877326
16672005
16222176
21505224
16884615
20860787
18594905
17058818
17224605
17630555
16047995
16220649
20532131
19877163
17145489
15792264
21284518
18501752
20186664
16518949
16612921
18849508
20827451
21098628
21043321
16154311
21630563
19521648
19021488
18772151
19361124
17177907
16343083
18571013
16273007
17924271
16364107
18492707
16076894
19077024
17689366
21695383
16965468
15627022
21735952
18333558
19066847
18520670
16466405
19175286
17803409
21770326
19956978
20227674
19654222
20351911
19366775
17785974
16505428
16370922
19289000
18282633
16524868
19213393
16802535
19142317
19537147
15947903
20004924
18521649
21786715
20798083
18657975
16796483
21801539
16082798
20617786
16649640
20614707
21843845
19692857
18836326
17995565
19197092
16050891
20393224
17077780
16972604
20819781
20513463
20302649
18727353
17494279
16426952
18355736
20923482
17364250
19207736
20966631
17678607
20965691
18490685
21901675
16476641
21298841
19907393
20076899
20579168
16945057
19793277
16390528
18850371
21596210
17268040
21314574
19775771
16024480
19962622
16443994
21473663
19683407
15822366
16173957
16364573
20715504
16188842
15822662
16394838
16186450
21808960
17657857
19653141
15925287
19593312
20078437
16937891
18475239
17881194
17322095
21144637
16200512
16493307
17119491
19719536
19468090
21247924
17828852
16996124
19912124
17455607
19740690
19785387
15667684
20471782
19953863
17263632
19671645
17925140
22058396
20573434
19348818
19817111
17352796
21085909
20306740
19282701
21879665
16967393
18489892
19323715
16868233
15780145
16215350
20626939
17427369
17457775
20023470
19443292
16538290
20687291
17371742
20920654
19945817
15934173
16613801
16882002
19994758
17727340
15869553
19260366
21135610
21032961
17000613
20218450
16434231
18042102
18705742
16500071
19042266
18200948
18232242
15555383
17411745
17868965
18757590
19538555
19173756
15871901
20658430
19006625
18382171
17506899
20623970
16464452
16318034
20525649
16798756
16001821
21485750
20672683
17059892
17598626
17184312
17277009
20047365
18575344
16420844
20587758
16060579
20965077
20187349
19251834
18799237
19373053
21931095
17352780
20438610
19287914
16182094
20306615
16514330
18267994
16341623
20545805
21991860
17368206
17687209
15590221
17266405
20586992
19225316
17544181
19653152
19962124
18826873
18430621
16598960
15798422
20016435
15640632
21275976
19242482
18820880
21191437
19464745
16162404
15565974
21093297
16903586
19961629
18709273
15597006
17334470
19085796
20202269
21262007
20970062
20297901
19189601
16604888
18679758
16392441
20359397
20509805
21680042
16027421
19574317
20091379
21199150
16046566
20550562
16502760
17530136
19240494
21301667
16866824
16174926
16294937
19060609
17496709
20535907
16227520
18773248
20183366
16802685
19957353
15790268
18563008
17343091
17385732
16673222
17175415
20227648
18228571
21523998
21745141
19075333
19699977
15653250
17121508
17368409
19136330
19647967
17087612
18950440
16749369
17594828
18578795
18633875
20821958
17035433
21078002
16706573
15629979
19468259
15707259
19175188
17628387
16868266
15540496
17557215
19597776
18093591
21416787
19492178
16403132
19651926
15517727
16449395
15954048
20822644
18775259
18394106
17014636
21456440
18381020
16131931
15889813
15672425
20102069
20107351
19536019
16893727
21457625
18380826
18164468
15819127
21486483
18487210
15620830
19885649
15640361
20541074
20590507
18985081
20223626
19423033
16574303
15899324
20209088
17693680
21560952
19200465
18157958
19203485
19120591
16235285
21134125
21709131
21178218
20836418
19559315
16756536
19671641
17091005
21058891
19242320
16224500
17116149
20965103
19339430
19218017
17913461
21320942
19699822
18620106
16489240
18205683
21943076
19938397
21183152
21133213
19506274
20563369
21462466
17112174
17509285
19117271
21052731
20367820
18082068
19865021
15968915
15993676
15793022
16579831
17714235
16925180
19939301
17880978
21144018
18641496
16690560
17121761
16506212
19041225
20739708
21787162
17561212
18042019
21087406
16040412
17381377
17276065
20869024
18478819
20644182
16734272
17540639
19068917
20816103
17319202
19248439
16375025
18455538
19228305
18461235
16780297
17393648
19565108
16711623
16266960
19218484
18390504
17313516
21324099
16365615
18293811
20004297
16374198
19420413
19111105
16502003
19007689
17038104
18823177
17519031
20695035
17766519
21435571
17929748
16351522
21351221
19566994
20497991
19544075
18269550
16147819
17219489
16452707
19160882
15529283
17163394
16043345
16414936
20345835
15652439
16540822
18578358
19096735
19508899
19538799
22029121
20547286
16227544
17661258
19020397
19000464
16163682
15659250
18444857
21436706
15611486
21152711
19189748
18667127
16850912
16566336
20505606
16447024
15723908
19099570
20731597
16892766
18664802
17659724
21503506
18445825
21435417
20963670
20974071
17330993
17375341
15720481
21556269
18646587
21214618
20846193
18646408
17988048
16372656
20959728
21440305
15828514
20938307
19300070
15976799
20496518
21371646
16239869
21160341
18342821
19327295
16304302
18843062
16185590
19584211
19397389
20675297
18556639
18252015
18190580
18392384
17581793
20010411
17992346
21489721
16761660
16879542
18973056
18090516
19672696
18355593
15892507
21530731
18535893
20103081
18685369
21029495
20945719
18038831
16266035
17969826
17315489
18508231
20842755
15899229
17917943
20671209
17095336
15522054
15645771
19331045
21198233
18497214
17607559
17534469
18853659
19893845
16120502
20880051
20492070
16434415
17523753
20386241
15762102
15864767
18226676
15864162
18193593
20943615
16035724
16525230
20384510
18608368
17450022
19480076
16872487
17641077
20077147
21476315
16137369
19667919
18275360
18069066
15787899
15569130
16130925
16515692
20395648
15533992
19116958
16616398
20463359
20974025
19229067
17272798
22106464
18942535
21037958
19489989
16670743
20351376
18416388
18600037
18574371
16816990
17342855
15819165
17907712
18510723
19397800
18361952
20435665
19005688
19682847
19363568
15529716
15809816
19317314
16983480
16262969
19708325
21560896
19119701
17464602
17162118
20691557
15913083
18349574
19465317
16449394
17761062
21938970
18386178
20001195
21612477
21744675
15767001
17002082
21129618
16900287
19307895
16153300
15548410
21246866
19203823
18634745
20119710
20481198
16834648
20210665
21658825
21113566
18551517
16186876
15779648
17416702
15671318
16424983
18043950
17975462
19005190
17478072
22068179
21093369
21789289
20722884
15846672
17053179
18949763
18058440
15561156
16122857
17540574
17580003
18665187
20236860
17457779
16620171
19449603
20005484
16311134
18702787
17167376
20173270
18551856
16383057
16463647
17565481
21561510
21521566
16989348
19897697
18574156
18261701
18838489
20030498
19136335
16476748
17394537
20890143
20159217
20164800
18700390
17533913
20536803
19706072
15779616
17242314
21540684
20480752
16401158
20738028
16802312
20008040
17953232
16260707
21459183
17007708
21239422
16650657
18639263
16205649
15518120
17983989
16178134
19008975
16699800
17567672
17676236
19129052
15603635
19948605
19065434
17535178
19429768
15773236
18158508
18364612
21705154
18096918
19733460
20841981
16987792
17996399
18227889
20506883
16288390
16616171
19650070
19037472
21545358
16984678
15520160
19748202
21559751
21951499
20448516
21854249
15931440
20207990
17336025
18796048
16297568
18418104
18725038
16086507
17038965
15562740
16827769
20659203
21334805
19685037
21821967
19091089
19020436
21947653
20063250
17853842
16915975
15928559
18322028
17159560
18078733
18409256
21252889
17991908
20015357
19918088
21178152
19504767
17715454
20000014
20222232
17112015
16627325
17418464
17541315
19109572
16902078
17443115
19014588
17170547
21322884
21926511
15677596
19492659
18038525
16544011
15965386
19123879
21590636
17565727
17108841
20186982
15754507
21382072
19547957
18481737
18715393
18291328
18056675
19650517
19912619
20173588
15631258
21641361
19765116
16175728
17918500
17464538
19067315
21097769
17061152
17182516
21601776
17447290
20659270
15724562
20639709
20531264
18036015
19943192
15839183
21284765
18043339
18246014
15887808
17100157
20200655
16189057
20568317
21448039
18537481
21879999
18284317
21796682
20950201
16087898
21404777
15834260
19084892
15730455
17563322
17249283
17290065
17102442
17701393
19475792
19388445
18426465
20085116
18814778
15717675
19648091
16050878
16729624
18856076
19009141
20571733
15526664
18998904
19944357
16378255
20575232
17259922
20108501
19689634
17257977
16202839
18066353
20167450
15997354
17270088
21601708
18164350
17626961
15822460
17444407
21730241
19588661
15918426
16201605
19851233
19104968
21747315
21164071
18314403
21322860
18038520
20347328
21439176
16033497
17540090
18718165
21393392
15573072
18585513
17174516
17239060
19018550
17322006
19457727
19295974
21057232
19772556
19811855
21392965
18319382
16122641
18019209
16532479
18206373
15645189
19626739
19714953
19717483
20592707
20452620
15800153
15580055
16469132
16529849
20306091
19246247
21668382
15789311
16039388
19160886
16011504
19800537
21741007
19038422
16186087
20941464
18825851
15871370
20934834
20220525
16442912
19553064
18632507
20463515
19827581
20875540
18426456
20626479
16225029
21748988
17504586
18635372
17285832
20825871
15797227
19112090
16430347
16686100
18031843
20890144
21091400
21174860
20977391
19944324
21675383
18313675
18040889
21744732
19496363
19592081
15720502
17803179
17442619
16374187
16238838
17667052
19203464
16170061
20448224
20552857
16035510
20206424
18695814
17244288
20236433
20188318
17468940
16366372
19386949
18478484
20064132
21206293
21813409
15667358
20013862
17855728
17284297
21285468
21255708
17313089
20372677
17364221
20232270
19220889
16965250
16131306
20215334
16081574
18523144
19057953
17880314
18065075
18760247
19368756
19793235
16737170
16594944
18931903
18490877
15595510
17430450
16252381
19953755
19048642
21074961
16429686
19206034
19305447
19822307
18335901
20337725
17011088
17459386
15962640
18097167
16565282
21558112
16455417
18260726
17935242
16788351
17926660
19526413
19092468
15815886
17156416
17894246
18041361
17891047
19372540
15651587
17058754
17265784
15799253
16089203
19225067
17540530
16553673
16044791
17543654
21314756
19294371
19229836
17456175
20097036
15850153
21138207
17974292
15737508
16594433
19736742
16514937
15904887
21278672
17469426
18271675
17702141
20731978
16944994
19566998
15730173
17666306
17644917
18258936
21359507
16498926
16773863
21410372
20083916
19945814
15513801
18786217
19667032
16569722
18234324
15816424
21488034
16132271
16308682
16823653
17278924
20473793
16789983
17324308
15857730
19402357
17201905
16629547
17710485
18445176
20614429
18031485
18499522
20596900
17883657
17852926
15555785
17162119
20965942
16370545
18034817
19674428
17073194
18182629
19343292
19021302
16019865
19602682
15861611
17035574
16956155
20882732
19520228
16330624
17847665
21208474
20436049
17276540
21332838
16109113
16315549
15752321
21345380
21842250
21462877
16086411
20849291
17360084
15798410
19805769
19858354
19208054
20201665
16387467
16526145
17519264
20808199
19467430
19852419
15632801
19494681
15847905
18983365
21139501
20966783
20016381
18808693
20841983
15529892
19592155
21325796
17134641
16047500
17657658
20709554
15902607
19326807
15804320
17485762
17149527
17167187
19664414
19225315
18688048
17474344
21284498
20011821
16024556
18824835
18924462
19996471
17462044
19353979
21517836
15682263
16173006
16409337
17352705
17577159
17353752
20151163
16077285
20510842
17263612
16114587
16966264
15681211
20447006
20397323
15709093
16938672
20302995
21524315
18365349
18752527
20078215
19024832
19543572
16897379
16489897
20531194
18473088
17620528
17371741
18504549
19055075
19166399
16683641
20074300
19431106
21264451
17261965
20177830
16176494
16443154
19317164
19648705
16495493
16941911
18254830
18648893
19011230
16440938
20529149
18959285
20377498
18719161
19515476
21137701
16550072
21402307
17144841
18848413
21241983
20679968
20889273
20824312
18027000
17997260
19208283
17489898
16039809
20972712
19686274
18270931
21462458
17473537
19653536
16717381
17502445
15882366
19629748
20088220
16907686
17102643
19327081
21135296
17536922
16895242
19843964
20652210
18198964
18335685
15750527
20852469
16262902
16339250
20399352
18649716
16565792
19563729
19624440
19346274
20357082
21504548
18721221
21170786
20672517
20430653
17519302
19528436
17376688
15649108
17063614
17823815
20442609
18415919
18506339
20163757
16796497
16352966
19143692
17119752
19429770
17956527
21998983
21404289
19793236
16875116
16315651
20690370
18647254
16298283
19734191
20937185
16287524
19803561
18199862
19890086
16398383
16749539
18472537
18483456
20605808
15797159
17723982
20880819
16900278
20309780
21949275
17883660
21710086
18981789
19542812
15805811
20086221
16724314
15820382
20514909
16633711
15815960
21111952
15835213
17263047
16061768
17666999
21108014
20812549
19602641
15883235
21186152
17531434
16814628
17883460
17426424
15802414
21192256
18307685
16430362
16536870
20144218
17518797
19777727
16034337
17516887
16315770
19835535
20306843
17877868
20443264
18769104
19895933
19117501
18587257
18667357
21725416
17056770
16849711
16910034
17604304
17038840
17851297
15587606
16308040
17450422
16618235
21626612
15551663
19076668
20673244
21602164
18075408
20031841
15838411
18670259
17447099
16841813
19128310
20560218
17060295
15651950
20210825
20814276
18165752
19490598
21879663
18684414
17329313
17443554
20438007
17870011
18041073
19101777
16020853
18032318
16550127
18086109
19731166
16808711
16809064
16032567
15582830
19152154
17721833
18269549
17084321
16585087
21211010
16768736
16468080
18243449
19642744
16613291
16163227
19625582
19062110
20078017
19926387
18928132
20456797
17583067
19458511
18953751
18835969
20305845
16673631
21087224
15736997
18999028
18275539
16964896
15881710
18378000
20670746
15889783
16420660
15992332
16255336
17844710
17495553
18467262
21898454
17050229
15993137
17257805
18681201
16902338
17584341
19693019
20824361
17939624
20035196
15704596
18609242
16622643
19968144
18190478
19106278
15623167
18626699
16730290
16487898
17111757
19952549
20473187
17444316
18318971
21033379
15689727
17308556
15962427
17262741
19406456
18760889
15912080
16336620
16387520
17886591
21690434
19889711
17577164
17619594
17427172
19606792
20356662
19183115
16261668
16190010
15707807
18096388
17703823
19933533
22011868
21677532
17133897
18619767
16599038
21063420
21184628
16571840
17459820
21030543
17181679
20572627
21599844
20436027
15732211
19372121
18042470
15979627
17484411
18007210
19416796
16897018
19359313
15933681
16226428
19436289
17851299
20841749
21419258
19387128
16306279
18640406
19723268
19564323
20719567
19821916
15538063
16021411
20651476
19394524
17344264
18443713
20424920
17563598
18766354
21898325
18353007
19085998
19237100
20598494
17394683
15794199
21692584
17486464
16481639
19895595
16092394
18229630
16024021
19826024
19130783
16885678
17365898
18633020
21823409
16438761
21488563
16645854
21278690
21467077
19528102
16943731
17719361
19156589
19120382
17620533
15759073
19447306
19271694
17240603
15802000
20089421
21497636
17170671
18502175
18517166
16109192
16767851
20659400
17925915
16480405
18166728
19656372
18591571
20806611
16513920
17966203
19541547
18196694
19011318
21365168
15836551
21611924
17650357
21747644
15952477
17516350
21324024
21555673
20605530
21227936
16355045
17035876
18638238
19857211
17477219
17895631
16062166
16055340
21447943
16124136
17698684
21658255
19006586
16045663
18797747
17393568
21400967
18426463
20654895
16329225
19051170
19900257
15856169
20009903
19597806
16001612
18708279
19906442
16898907
19493144
15934547
19401499
21225172
20144028
16449393
18633015
17017312
15668312
20175280
21035029
18580717
20362381
15935421
17561016
15923006
20397535
19342536
17768282
22041957
21324606
15620384
17224822
18522667
19326638
16687696
21425360
19907425
19081406
21301237
15528587
16475385
16548400
16623624
15951704
15778076
20148769
20462417
15720314
18057810
18990377
21159772
17068940
20531197
17681395
15973343
19363882
18219251
19762582
16076234
15551613
16445483
17546760
19368755
17469362
17310337
19507540
18240001
16076793
20473648
18452864
17958056
20158980
17347826
21301280
15823992
16717026
19668921
20527597
17563326
16215395
20855760
20438199
17978274
16786362
16910809
16377365
21301962
17304983
15787231
19369143
18683524
17042811
20850031
15625798
20155664
18075638
16359677
20687038
18370563
19581533
16880177
18178698
15988418
18206309
20978249
19337187
19664410
18164146
20654986
16925344
19788791
20362791
16109046
17592993
18344781
19259858
17786803
15946280
20305444
18021780
21982517
17469354
20967869
21131265
19140351
20356950
17900907
21166761
21044992
15852052
16541164
18355257
20633939
17219527
17566553
20600516
18928960
19242841
21360697
21329619
19158447
15630932
16137269
18826994
18580081
16336556
19638979
15677916
17494443
16451411
19388372
18701764
21595812
17236856
18974688
18831016
15612421
21555652
16240973
16469470
18177782
17473956
15647238
20589446
16595567
17068440
19232919
19374671
20712866
17269854
21111957
16275522
16972449
19116800
18828193
15739637
16048621
21266889
19877105
17016942
17188221
17050299
17133685
16752988
16200695
16893807
18829772
20057235
16550800
19732169
16167446
21492030
19387125
18093253
15774077
16195574
15985053
21649621
18279993
16719605
18005781
16879540
20337793
15519899
16700500
20861835
17389412
20658592
18774879
18691272
17057641
18460906
20833820
16757281
19268327
19011877
16438068
17393898
15718184
18340991
21479566
15831609
20116122
19594341
18836390
19100145
15651946
20511104
20736832
19916808
19350838
17054631
19875529
15773824
18166406
16775904
20432216
20220622
21074115
17552954
19701782
17351196
20828071
22005604
20413383
18069623
19534170
18829184
21275312
16547786
15655132
16350596
19042059
17941410
17075823
21057139
21655786
21443806
17988593
21494813
19648847
18042184
16585114
15797358
17445133
20480394
17177903
15576526
20187949
16227511
18570552
19385387
17040534
20978428
18522604
15918239
19748369
20401497
17219938
17108742
21518751
20000253
18959302
20546976
17619405
15747703
17594546
18164249
17510820
20881755
16307629
19437903
16295282
18378729
17937508
18414358
20012702
17263180
17694489
19587108
17338833
17033438
19853399
19722298
19386325
17285381
20544477
19202531
20674068
19943577
18856094
17326877
15779615
20026721
21717794
20051400
18597695
20044414
16830214
20469561
17139200
18848689
20085025
21239954
16648722
16466611
21514554
19645153
17706426
20478866
16139638
19077804
20938894
18400568
15741954
19266944
15807760
18381994
18793423
17236480
19753837
19777681
17822424
16332607
20438946
16095071
17227356
20554364
18809811
18551151
21789953
15785288
18570745
16953850
16671980
17566541
19558936
20979599
18261413
20221341
19191941
21403043
18164791
19538715
17521460
19730982
19643244
16543791
17405392
19010578
19065621
17725614
17925677
22078679
16965708
16184721
18064812
20373630
18822553
17638030
15884310
18664961
17002177
19703797
16876234
16132885
20572375
18429710
20567033
20214442
19054953
16370189
18422207
19287262
17038085
16631460
18569898
19201147
15913169
16942418
19666206
19581180
19569462
19715493
21140321
20859113
16899840
18971403
16422485
15913408
17823734
19880940
16750079
21321420
19899669
17989984
16941919
20592658
21214139
21279253
18803845
15785347
21116191
19685532
18609800
16404800
16961111
21674523
20136958
18488966
17198753
17067241
16784155
18840124
15661463
15912843
17351321
16951780
15829452
21266290
18855228
18310377
21449227
18411872
21050340
19625827
17310058
18536884
21298950
17505380
16331362
20171448
17620912
16780619
21166869
16574536
15561157
20225779
18768086
16765863
17057138
17571468
20379908
21143359
15569959
20181412
19943928
16302483
15516535
16710911
18632877
21771129
19461220
21265918
21649699
20071719
19923526
19135910
15801999
20712421
21387689
17560248
20156862
15993675
19154298
17994270
17926280
17331691
17918303
18190775
21424566
20686399
18611311
20666848
16124075
17337155
19013047
18484440
21128576
17673114
21526684
16351532
15534456
21787029
17875621
19962500
21730240
21302524
15970024
17907011
21494694
18727450
19753504
18196289
21840545
20433438
15935019
16928578
18769981
18039993
17118307
16354866
21160353
16280946
15776991
17304570
15946460
16829180
17600951
18982839
20551027
18726814
20010044
15853873
17122761
18275402
20682496
18466617
19660617
15902951
15538641
19188467
19798047
16242298
17072512
17698344
16341295
21047589
16841812
19083561
19167212
17978607
20064882
17370138
21251722
18947120
16479362
21169745
21539028
16475408
15947643
20350889
20552281
20443318
16011137
18162891
16696879
20640779
17117446
21857326
19264684
21134804
18956282
20097641
19057437
21121500
18846216
21330895
17518884
18416790
15724782
19024782
16389157
21593012
17108509
17515311
18573483
19842004
15634639
20081637
16937731
15788917
17521767
18337438
18951397
15827908
21904104
17992508
17689916
15915068
19937919
16721708
18558170
20383858
17007618
16098411
20419324
17082973
15660041
16735082
17638181
21165881
16641129
21424311
19917035
20579126
16849783
18622192
16604801
17458027
18163855
16925614
16304497
16374668
20364762
16502131
21262793
17094367
18723862
18849399
20795588
16465090
19683664
16825668
19156392
19353313
20536755
19440785
20125211
20042780
21144472
18300059
20178573
17655514
16234631
17300571
17944588
21703010
21353679
21528629
17629664
16620181
16829361
19967336
19746251
19674744
16923480
16290917
15904849
20393431
15883465
18552258
15819838
16203852
17117247
19376385
17039325
20592066
15913786
20572859
18460169
16263613
20921496
20554140
18324935
18573018
21682969
19797496
21329506
16456568
20699739
20104481
16718297
21905489
16926728
19793720
19793245
15622523
19647970
17656203
17517285
16766683
18520654
19660639
19659717
16441887
16019771
17918613
19584343
19385348
16164503
17152028
18460201
15532176
20386034
19681533
17695084
18277222
16373094
20390485
20816344
17254903
20213068
20642211
18808596
18350859
17287229
18053497
18192635
16977926
19842526
18380050
16151865
15669220
16706568
18041421
21272382
16265928
19940457
17991363
18712798
20303665
16416401
20827931
20530646
18394447
17521459
19147238
17600453
15657160
15877552
18577762
15771652
19208816
17131277
16773862
17269610
19694842
16877178
19886105
19897193
17261454
18616539
20956038
16836542
17260559
17630864
17048184
19581624
19042914
19752055
20974057
16398601
18379720
18442305
19890683
17102253
18592319
20380228
16455463
16182821
20535669
19762137
18179373
19754498
19042887
20519101
21266284
18091633
21898329
18777972
21368532
19182216
21532643
16019768
19969444
18840131
21127101
16784043
21413488
20392642
16523603
16624553
17004660
17329643
18996771
19658281
18922342
17388770
17318747
15960398
20829114
16964771
19049231
16295285
18425602
19411320
18346405
19891814
20147836
16581257
15798871
15884265
21546643
20824736
16534044
16689756
19247226
16690562
15774332
15630062
16493302
17966237
19057497
16565271
16393557
19259865
16933155
19437392
16276216
17290640
16730728
17439066
15773964
20370644
19290975
18341751
20716804
18307461
18825367
19006917
19153954
16277741
16191134
21791093
20558463
20620615
16425947
19543014
17394596
20453825
17096776
16243085
18323555
17146022
19389535
18819066
16425810
20144398
19963336
20201666
19603321
19556552
19632550
20224530
18551881
19459404
15706832
20826598
17640382
19715623
16859866
16477415
18942616
20604652
20095098
17681611
17403912
16390534
19879782
16830252
21317594
16238770
18522525
18563012
16783842
16986577
17390981
16629567
21472715
21175971
16863005
17438635
17727586
15740960
16028803
16275365
18349768
15553181
19447074
17111941
18188761
18709041
18519997
21460344
21560897
20639791
18370882
15794297
19094408
20367647
18205680
19694532
21057839
19768236
15557353
19286334
15789481
19959745
16471298
19061281
20421057
16704285
16719039
19686271
15970422
19572447
19956081
20373918
16124686
21375574
18343000
16324960
21057411
16635160
17574864
15520103
19818250
17660859
18321835
21114073
21140074
19272585
18549134
21674913
19389671
18035233
16738981
16326213
15974371
18810928
17122589
20879910
18354103
16234910
21283008
16608721
20519729
15733702
20674430
15690865
21193785
16792517
20140833
16808704
20406498
19439708
15550802
17002245
19825894
18829658
21787434
20648856
19112873
19820484
18385589
15812095
19614876
20841642
17474812
15956871
19487615
15662171
19725210
16217567
20441398
21991750
20648257
21051886
17139889
20620809
17148526
18070788
17570877
21957764
19170955
18044379
16219516
15924035
15940977
16341117
16512439
19958408
16272215
16573879
15749591
15966629
17524007
21823527
15747886
17059494
17880473
19565098
19489805
17933955
18678689
18547435
17577552
15865114
20695347
21154092
16648728
16532164
17851384
19181041
20000306
21688468
17639635
19004659
17250466
15525848
17591508
21425639
20040605
19709430
20362779
18584260
19878341
21495557
18051488
21080006
15791784
16192779
18707566
18643803
18338267
15746595
17577533
18373578
20003038
20346702
17078346
20476511
17924373
18633680
21292050
17589980
15824657
16474223
19846270
15739634
20202278
20019345
16319035
17439753
20100110
20564070
17122484
20064224
16249425
19400486
19090376
17764430
16211180
15792061
21292049
18754190
19884474
17537084
17170595
18830718
19571638
16960030
19619369
17161511
19337714
18019118
20561851
15716822
16024213
19851140
17510453
15641401
20924426
18192156
21263318
18179363
17880310
19628624
19359085
19035900
21506058
19864445
18289187
17224350
15947334
17584267
17391601
16439499
17047201
18480649
21375410
17408021
21492279
21135789
15889656
18316940
16025695
17974094
20361458
17544614
19525769
17022891
17107567
16324070
17615076
18721358
18361322
19098508
15751628
19253265
16756519
19121052
16759963
18717274
16766590
17342971
16218772
20889517
20214769
16553689
18787491
18095816
16920649
15977132
20725708
17577658
15913121
16160192
20371035
17244012
16965637
21476885
20349353
18923870
21277070
19941237
18391248
20105274
19874523
16373908
19048966
17475123
19240784
19797495
16022616
16818834
17183058
20159863
17990156
15760804
20334748
17685994
18849089
20507679
19281541
17928964
18382191
16338569
18954930
16963660
18611317
21030729
16305292
17160738
18028848
20427298
18399869
18845477
17028978
16840761
17409924
17430403
19738217
16004105
19667775
19855271
16534078
16549070
17668340
18320629
21743091
15754079
18369299
17522972
19258555
17051886
18988729
19088647
19207173
20188320
20486821
16277929
20530305
16263619
17212065
21805947
17960433
16534765
21175928
19572761
16125016
20107294
17437383
18971811
17949275
18272613
20471766
19229399
16802502
19489757
20496315
19748205
21057395
16377191
20168139
18322130
21530706
20149724
18541641
19805707
18489446
18515743
20353319
20671612
21443779
21577059
19591021
16932230
15968228
21514641
18959280
19013121
17263096
21371373
20070504
16386739
20077804
16715033
20545492
19413583
19256406
16462981
17510001
20576399
15997715
16962406
19585177
16519178
20657624
18265822
17665623
15546431
20500281
16557069
16551327
21246379
19827966
19845551
19807808
17365203
16482951
20118035
19640169
20868887
16055241
16343237
19621493
19082637
19811883
17203511
16488688
18183697
18578883
16973462
18622339
20498101
16021555
21192167
16948440
19863228
16626950
18988409
18302556
16174145
19280201
21315289
21050443
21614955
19609666
16905424
18660902
20157139
16752967
16675364
18826905
16604800
21422361
20222234
15980080
20811334
19478578
17240040
19588792
17238391
17896638
16916340
20404623
17116010
20861737
21717470
18361466
19077807
20052891
16532718
20708866
16773318
18975287
16463601
20547645
20970059
18073248
20629463
18181670
16398385
18592618
19558736
15887923
15584185
17461316
20503678
18541852
19548177
17917470
20831000
17514396
19968909
20830947
17646058
21972662
17468728
17326598
19592188
21599730
16276157
19386058
21243007
20332744
20541284
17098155
20209715
18321620
19451084
17518245
15851372
17367892
18853887
21155406
19725398
17785010
16326783
16336151
15870091
16872790
19652231
19396490
20424822
21570527
18680886
19248345
19543807
15650523
20628656
17305959
16933821
16143751
15596691
19589663
17328662
20407961
21513840
19136167
15731637
21765330
15871640
20924007
16166871
20354926
17591112
19927860
18413876
17000231
21625661
21234746
17011217
18295373
16318057
17953292
20954828
20338980
16437270
20859155
20919464
17390706
16280973
16186438
20473081
17601470
21323006
16206095
19318470
20921483
15653241
18693194
16972913
19627685
17897650
15566437
18203534
19473526
17456285
17071704
20529322
16279895
15687449
21282277
17576245
19396708
17331800
15893061
19479688
16758041
17411640
19088658
18694913
18251572
18543527
15835062
15759205
20053674
16245304
21860933
21087832
16430343
20444770
18762505
15644682
17929740
16214476
19833669
19811835
17377917
16103381
19399006
20189267
17176303
17601738
19051672
16758527
16985399
16336015
21596217
18593228
19834802
21149871
20677692
19408882
19048505
16280397
21678217
21495194
17194987
17138496
18856083
17321199
17490867
18234042
19641843
20050483
18774193
18941036
17852904
20456789
18201030
15949171
17395673
18633570
20593987
17563332
15588358
17491538
15657688
17577192
15580415
16511585
19241779
20510948
17207214
18196842
18372997
18796049
18847103
15690830
21432701
17615420
18831870
15619737
17392258
15754187
17873208
18079246
18770873
20829004
17992507
17655996
16126311
19772582
21080297
18223094
20151212
17100721
15839524
16594192
19300155
18194925
21270920
18461854
17318277
17654513
19950317
17099365
21178537
19916355
21682106
16260823
19723279
19896254
16526148
18941918
21628643
21957800
21540689
17074872
21306029
17010557
18212587
20103375
17853584
20737231
16732343
18955430
21473763
17487658
17268208
18268002
15969706
16492635
21675014
17544044
19535558
18461232
20334875
18947095
18485738
15526622
20508678
16808088
17645065
17059028
17711808
21905476
16598862
19857216
19961973
19389014
19227691
15934559
16690393
15960018
21365982
19222661
19242321
21426600
18422266
18794714
20184233
20307372
18484689
17708742
15685405
20564060
19616156
18754521
16704400
16913521
19767272
19816828
17040546
16381351
15743694
18567651
21932720
19212247
20971336
20564077
15548098
17892990
19196462
20590516
20048542
19282824
16047482
16117209
16296671
15931644
19151800
18574368
19698140
18644204
16792010
19947843
16213236
18604934
21519399
19372344
16426614
16206812
20368660
16494290
18318098
20932464
20421049
18025908
18087202
17664055
19780692
20677915
18462854
15576514
17404677
17488520
21445493
19609094
20973201
21254487
15937267
18341072
16500578
18327061
19489086
16046887
16487892
16800216
22013829
16202793
20546560
16527786
17077254
17926605
17318031
15887819
16450556
20875178
16465660
18187283
18381518
19441880
18812762
20684345
15804332
16871057
17164639
17076859
17872874
17500349
15935099
16294804
21505573
21696286
17004188
16978958
16165080
18439163
15924011
19373959
21532086
20525473
15997975
20229456
21276199
19860067
15887616
19012146
21316908
17600996
19883965
18845413
20298540
20196712
20889852
17525838
17082871
19299969
17594219
21252349
20059311
20423212
16220730
21692436
18809125
21073502
20541072
19084891
21591851
15801049
16034855
19700973
15532517
16533418
19081417
17656406
17826210
20649437
18162746
18522259
19606660
16477276
18314234
17710043
21392804
16955435
20162341
15963168
17897148
21198332
20030693
19653388
17313517
19969315
15803325
21646997
17936142
18710456
16670509
16567821
18392637
18664821
16356205
20131119
19372128
21186954
18562872
16610485
15648517
15871536
16002197
19024666
19300218
16884462
16461957
17640243
21041539
16622818
19541254
20213432
21536492
15838419
19926243
15999295
16551381
16841376
20580605
17108599
17872907
17682030
20803925
20419988
21586990
17452605
18578802
20350619
17658419
18423167
17477005
17456000
17563049
16950060
21138697
16260054
15736824
17016994
19161085
19695031
18830138
17080329
16445855
20494965
15853088
18574373
15546644
16060311
20464071
15696835
20506090
16555020
19747652
19269241
18206737
20429725
17915628
17178737
16122361
17454239
16832007
18926447
16131277
18294035
19671642
17058415
19615730
21952059
20661053
21158998
18620101
18089871
17639097
20578086
19817652
17112987
16088115
15700635
16624450
21510891
18620650
17679641
15950831
17377328
16427361
18387016
19061787
21109125
20592552
15785293
16105850
19620221
19958520
17472510
20519373
19026897
17042399
18252078
15754429
17973716
20675834
19560760
15693417
17911330
19538106
19932548
20860250
19712124
15533143
20123876
17847735
17427985
19253201
20644185
21575257
20524827
21476860
17844723
19752680
18214334
19924526
16047074
21107849
17294777
16794438
17931309
16722902
18512099
19651928
19241511
16106331
18206382
20687974
17845952
19601451
21837858
15553425
16825229
16491935
17087707
16769244
20101417
17885965
18631915
16101850
18924459
20180482
17014467
19088620
18329460
21058896
18785460
18801512
18806181
20860776
17557316
17524864
17913338
15589081
15675662
16155809
18154854
16340622
17546355
16288159
20834202
17250941
21424331
17938143
19458091
18777974
20003040
20562564
21062383
21083894
17564561
19093407
17132416
20017788
17611658
19964428
16076965
20923843
18242323
16250826
18202986
20646817
15608042
16160657
17122679
17469376
19536988
19996643
20505612
17636151
16634710
15821676
16205829
20564714
20464519
18350143
18299497
16050857
20621533
17132383
16318105
17441456
16608467
15641074
16929420
15923409
20235342
16473734
19296179
20937613
21527060
18319281
21259276
17560957
20414114
17179871
19808471
21109782
20351333
21696481
16499459
20592004
19584638
18996787
16444104
16781890
16827928
16455323
18027047
19712783
21541017
16757794
18794703
15995503
21325098
20408341
17877563
16245559
16572746
21420214
17512100
17093983
20829005
16515009
20128754
16620945
21789291
17635952
21809292
21801562
19372123
19149063
21162380
17713323
16684090
16572536
18758277
16203280
20001630
21493298
16492794
19947105
20470955
18503360
17625081
20399949
18772306
19146362
18332746
16551817
20942881
17153565
21469291
18474054
20302210
16797811
17329277
19813554
21067114
15597007
17907666
15645770
17966259
20237210
19653153
18767386
17873563
16879418
17384514
17888990
17345754
16808715
18569959
19174637
15533100
19351312
21196137
18337617
21289022
16492008
17853369
16111067
15564731
17257978
21244493
19892383
17329607
21818014
16877150
18402238
16625890
19133108
20006413
20220287
17057634
19818581
20038405
19439205
17441441
19138389
16594402
18184342
18935780
18771643
17294683
20218770
19944273
18255069
21599682
17306956
15597287
16401055
21473320
16404326
20484996
18811573
17258926
18393739
17445135
18999009
20047543
20373700
21038931
16043003
19471072
16169727
20673342
18990271
19104899
19128650
16269900
19824989
20122474
19709106
17158015
20925556
20610490
16343906
15887356
19943226
20925290
21486361
15971875
20929944
21080146
16948379
20426815
17003585
17640843
19748748
21369633
17057600
17898931
18664778
20980772
20197456
19634588
19036140
19051982
19266749
17971372
18625616
18985370
15857521
17518381
15620077
19679422
18317851
19278889
17598627
18072402
19094227
19024183
16885556
21038178
20357661
16316872
18678729
16104615
15845689
17357258
15578400
15807755
16103670
21534383
17405360
15792019
18820523
19618792
16534404
20008424
16703745
18714747
19436778
21044354
21295064
16370401
16091191
15927521
17488153
21763127
15568269
20576072
20372899
21492285
20346486
18715185
21254161
21126291
19253149
20888787
17332173
15557569
16202888
16085466
15923147
18335696
20435211
21357208
19606235
18203568
19157281
19642431
17070341
19432872
18036478
19967949
20584809
15528285
19087464
16884034
17717750
19174529
20853654
21841061
18446181
20669596
18038531
16500251
15890057
21605435
16912338
17685076
17768187
17895859
16036812
21320944
19955904
20163758
17958932
20852538
18511592
19433836
16482478
19674021
18035763
17211568
15583504
15601273
19120746
19912967
17462039
19560245
21955399
16398251
20346534
18697337
21177696
21243605
19386388
20078245
16317178
15806322
21569613
17974595
20228360
20334753
15834361
16825133
17899453
17000098
15559043
16202837
19245156
21631943
16412445
19085296
17402572
21205724
17166255
16889318
17329504
21252214
19442971
16875475
17254924
21879664
17346316
16968571
18071762
15872121
21143363
18256844
17286738
18759805
16607332
20664048
15829458
21143564
19952624
17326019
16987118
16950187
18174867
17914896
20225429
19665860
19626254
21994319
18156960
16497736
21140861
20556512
19218955
19024225
19143233
17289538
18819045
15558987
19272762
21762837
15669016
20605754
20535621
18076127
15931800
20132576
17604936
16352344
21928599
16378566
16752168
21358407
20223789
15860051
17443093
17446825
18289238
15779211
20590511
19828365
18279449
19602539
19811860
21837913
16774291
15653252
15765642
16676112
16629008
18175246
17727050
16234741
16205352
17654190
16050861
15544665
20114124
16521901
21596757
18845070
15819265
18592393
20029343
16858001
19395264
17563331
18074752
19056614
19671650
16292205
17709760
18652942
16384803
20044340
20546364
19216482
21808158
19257798
19480793
16583952
21711071
17902385
21592280
18271651
17276512
19004438
19124176
16904367
18947967
15546535
17103033
21165716
17479324
18211529
15739059
19937955
17599469
18415031
19734397
20872193
15644692
20673255
19723730
17384313
19564256
17326727
20024732
17991930
17019550
15776944
20084872
18804727
19756451
17167022
19721022
20597608
16353322
21248573
16783255
19956197
16051661
16389158
20598831
20411613
19050937
16986584
21737331
15707441
18360139
18026002
20132370
19935520
18827611
20092452
17120409
21053708
17270044
16799710
17411001
15942397
21725247
17186221
21919417
16054572
16875079
19878783
18804796
17058721
15782878
19770549
19785363
18829260
21381274
15869231
18240702
19910155
16378147
17564864
16709021
18667874
19945204
16276205
15764350
20541811
19014424
19588658
17583321
21182438
18580221
19695425
18837657
20194809
18071613
20395733
18046866
16507506
16623030
15715277
17898243
16135471
15780018
17988769
20540625
20842954
18329157
19544719
19442915
16086547
20873397
16130927
21239947
17707251
17487704
15808145
18945360
20846245
19492762
18385264
17157094
15617358
21317508
19731127
20553541
21606108
16423771
16604867
16622263
19023890
15604637
17034679
19204855
20406508
16717005
20422903
18467068
18272608
19443525
16056113
20081728
20437252
16117032
20187344
19345298
20183387
17931468
17156424
21220896
17003138
21520678
21616582
20974322
15660144
19747270
15703347
16626100
16581641
17042235
17991367
15868673
18280847
17139206
18644323
15822055
17214919
15800351
20696953
20508558
17575439
15849619
17985056
17132376
20008398
15700873
19706163
15575423
17099134
20795432
16568625
18772208
21636616
16831791
18402680
21087372
18038297
17822705
16802682
18719004
15590227
20698096
19904854
16036825
17539695
16770116
20354244
19254200
21272303
16131801
18057473
20978730
20633038
17884591
20981687
20631531
21146667
18394764
16177996
15784059
16613601
15567739
18042484
18538973
19809431
15983083
18709684
20093994
18596678
20131582
20830621
19222449
18209780
17944769
15798453
15669932
18677873
19152992
15678928
17458819
20141026
20800770
21123231
18580222
17908233
15540710
17482418
21991894
19000337
17407632
20421242
21429885
19654100
16607127
16284050
19158526
16567752
19682848
16730578
20424256
16760696
20554500
19577704
20185612
20007818
21507193
19176797
16616695
18510832
16971829
17932653
18019971
21466575
19061026
18608613
17905104
21586721
17907734
15716811
15812763
17933651
16604297
21413588
16228106
17004212
21040182
21150502
18308924
19160356
21332777
21813621
19856246
20854577
18614912
16740337
21182379
18980456
16199454
20643629
17727185
20709240
20056214
21784282
21462094
16868472
19774970
15946924
18580868
18593826
19525361
20557397
20528703
20173271
19747383
21062578
18647988
20429036
17669309
16628176
17216143
21098180
18814304
21409418
17923974
17479329
19258560
15920383
16351539
16494664
18496893
16884079
16982103
20966842
19125119
21757083
21041044
20487528
19530633
18391804
18625927
16085952
18764853
20678681
17200243
19809009
19754941
17000480
20675734
16450926
20427867
15624349
17601213
17643713
17562307
21657805
19744955
17165366
20592542
20046117
17404131
20064197
18523492
21641222
18761749
18279295
19171727
20618777
18034967
21062549
17252076
16584466
16792000
18622999
20851294
20836636
17160215
19474647
21535275
19207559
20440869
17425278
19088243
21933478
18082004
16686815
21278032
21783090
18575174
17147593
17624053
18562862
16423121
20636192
22032570
16413434
17934591
16636322
18927100
16722112
19096897
17673094
19557400
20833622
20659202
15528288
19256051
20825856
17542989
18328663
18042573
19406528
19750566
19142066
15605747
18427230
18295440
21246414
18677078
22032021
20546564
16505421
21444251
18001148
16255327
17298284
16357657
16874640
18585593
15573451
15744200
19181674
19533597
16182126
19437906
15853841
16359014
18466383
16520518
18335842
16425009
17307086
21273106
21729112
18548418
17697014
17261112
20186132
18679147
18597574
19788406
17969290
19228506
17653891
16402447
19249104
17302096
21214376
18774882
17368174
19066162
16138454
18304886
17027623
17580773
21591375
16602442
15587455
20571093
17074871
15583712
17672058
18752459
18710620
20083311
18578681
21787063
20723173
21459865
21818904
16271121
17516378
19036364
18794474
19626959
17048360
17784867
17642393
20022198
19703383
18439169
16032428
20871804
18059345
21500608
17144955
21397885
16786824
21046170
21610619
16212217
17785024
20091618
18189045
16790162
17149165
20050500
16926760
16790223
17514708
15987393
16604926
17070742
18840222
20210527
18402382
18715966
18204844
18314837
18082005
21158744
17321850
16689059
20224516
19842586
17452926
15717240
21676333
15557918
17998111
17606818
16501132
19227592
20697269
20713746
17952404
19578326
16724375
18076919
19558787
20232030
18090138
18535644
20642169
19274817
19052156
16570778
20230418
16145642
21276075
18767475
15733657
17985959
17828010
20351948
16996901
17324636
16436544
21879653
20147807
17852241
21214615
15944497
15887949
18814424
21182037
18435321
21072007
20118708
20508688
16604921
20715299
19190999
21340639
21228438
19576265
16682392
17026412
19657936
17436178
21495431
21473342
18950369
16505989
16714982
16403595
18835701
20579640
15729776
19295970
16965255
18769802
15987328
17001260
18032685
18032748
17716737
16253066
16821050
20123879
19554798
19117497
19948040
20159119
16867302
19537628
17305958
16519091
18610926
18449833
16325407
18361954
17296669
19111783
16507096
17427368
17945013
15570144
15515441
18653445
18041413
17911575
19298305
20131106
16471214
16956337
16273817
18372380
21939002
16495203
15570485
16482751
15755262
17908755
17524799
17356443
21902122
19019520
18220631
19250024
21267949
20889518
21684412
17471052
19200391
20458817
21426615
19461593
18812795
18445762
18318001
19243526
20413052
17936459
19716267
15572502
18360830
18715970
20514880
16179813
18297167
19269915
16012558
18622219
15587605
16586308
18338990
15941078
18005198
20178588
19507299
18198973
18592950
17018834
19768331
18395657
21684388
18292422
17971308
16476133
19318460
18174780
20036168
17333312
17294780
15729844
16492209
20146000
18499604
15785914
16594461
21717720
20378073
16501135
19678468
17424791
17391090
16618916
18363491
17128395
21136114
21266923
16131645
17712692
15520701
16514807
19860059
21393039
17311239
17352783
16921337
20881157
17619323
18840803
19351919
19615535
15654612
20033786
21134155
17017409
16285131
17699357
19097736
19819501
18754234
21168247
16441395
18977111
20390486
18032204
16263537
19619377
18403816
16735204
16116922
21240022
21178217
20108885
19300082
17118197
16969164
20795611
17445096
19542423
16285334
17642124
20881817
20701195
17077433
17328807
19774354
16002028
21922121
18302851
20173693
19292020
21494113
17524602
19827322
16637581
17123214
18476853
20025426
18095044
20033624
19941779
19065965
15684781
17433888
16195096
19672933
21450207
20523150
15750529
20450999
16604910
20870990
19665624
16010213
15680527
19884225
18616858
17573682
15991756
16687385
18785463
15588359
16696539
19017601
18926715
20723836
15777478
20479043
19234100
17933617
18412912
21375430
21655408
17846090
18000133
20394519
15554356
15980419
17980798
16296260
15669927
15918427
17108641
19718056
19934421
15902873
18700236
21323231
15799432
21692258
17372789
20966373
17394012
16895249
21835282
20695669
20177859
16730089
21482347
19648849
17062818
17142611
20095185
19043632
21879654
17975687
19937340
16689075
20643327
17960348
16610608
19750836
15638445
21952571
21666454
20846231
17147081
20158554
21610620
16858046
19034836
16326743
17996512
18330386
15687140
18598388
19503766
20096993
19104294
17177028
16344419
18843635
21446929
20053236
16826869
16526162
21413594
18477272
17958972
21555086
16431262
15743296
21072230
17182454
17434280
16287816
17969660
21696079
15823889
17490918
17437826
21987993
19352263
19899295
16885251
17942458
16336490
15750704
15847965
19300071
16444126
18056570
15714788
15546482
16441966
16100130
19003797
19559290
17332119
15751631
17001437
19343891
18610923
15763910
19656019
20024774
21306391
19092597
19175637
19685032
17726172
