16710972
16753252
16751153
16737082
16728480
16723104
16720485
16777385
16774291
16767851
16762794
16759046
16835189
16825133
16824774
16815115
16813258
16799727
16796176
16793492
16892696
16890852
16889949
16883079
16880487
16872034
16858741
16856420
16845354
16959745
16957636
16953860
16946157
16945884
16939565
16938143
16933268
16930269
16930268
16926687
16911786
16902372
16898908
16898907
16896764
17054752
17047376
17045177
17044548
17042055
17038080
17032465
17022920
17020701
17015201
17002482
17000388
17000387
16996857
16982298
16982001
16977554
16967014
16966264
17147069
17144574
17142527
17139578
17137090
17132416
17124249
17122530
17122430
17109748
17092860
17083749
17079533
17076984
17076969
17076180
17071704
17070437
17065788
17063979
17061152
17059971
16619395
16614650
16614628
17249632
17227200
17224774
17222832
17221178
17217319
17198665
18089532
17191599
17190276
17185207
17176652
17173759
17170582
17163292
17157128
17153565
17149516
16570778
16092163
16083190
16041448
16032567
16021997
16005415
15985648
15971339
15952946
15946608
15941843
15939673
15930933
15917977
15870578
15846195
15794199
15773964
15747756
15734134
15718184
15710589
15709546
15698807
15659032
15658017
15608590
15598187
15548130
20235291
20159216
19416036
19385269
19382363
18990389
18838964
18812555
18799237
18786128
18767386
20031782
18756275
18755780
18683041
18654778
18608087
18501087
18363464
18354872
17496562
17495711
17494250
17491498
17489899
17489499
17486471
17484214
17479318
17472712
17470706
17464925
17461706
17453363
17446431
17436178
17435426
17430777
17409919
17404131
17394176
17387710
17347846
17346367
17344670
17341326
17334271
17331259
17329734
17320552
17320551
17318768
17313517
17306878
17301609
17301509
17300638
17298147
17298133
17296230
17295602
17288652
17272898
17263879
17261117
17261114
17261112
17260918
17260226
17257805
16600820
16575919
16544011
16532718
16524354
16521256
16499252
16495835
16493269
16473065
16448993
16445443
16439771
16438774
16424959
16404863
16393438
16388973
16333538
16324523
16294697
16272071
16259671
16214476
16211180
16193229
16161382
16132530
16120546
16105527
16095478
16094750
15916338
15908677
15841067
15822046
15801370
21936435
21898325
21724547
21629357
21618688
21604821
21601533
21473210
21282691
20811178
20806585
20658785
20543249
20527597
20419883
20398133
20392641
20357275
20093294
20048377
20026995
19719030
19717753
19709705
19708928
19695010
19687180
19685441
19660624
19651938
19646776
19632561
19590863
19590235
19582700
19582459
19578208
19572102
19536166
19536013
19536010
19533437
19525359
19491686
19482375
19449746
19423875
19398326
19393482
19390250
19385165
19381818
19357148
19331311
19328345
19318673
19291342
20667061
19236287
19229119
19215829
19154492
19144975
19130225
19119095
19092494
19066170
19062603
18086967
18083689
18077492
18075142
17992346
18066419
18064867
18060967
18057191
18052596
17551283
18044689
18043220
18042927
18041361
18035097
18028552
18019971
17971308
17965642
17963335
17960671
17874873
17945887
17938579
17934828
17919401
17918074
17914896
17912822
17912536
17911509
17907051
17890996
17884363
17879820
17873805
17873711
17851578
17851088
17822890
17803179
17766662
17764076
17728557
17722744
17719512
17713882
17690089
17712204
17712155
17687271
17685146
17675667
17671005
17669406
17667253
17667030
17665271
17661954
17657178
17653077
17651229
17640108
17616456
17613199
17605287
17604262
20671338
17599469
17595433
17594776
17591341
17590118
17583862
17581479
17577468
17572823
17567835
17565796
17555611
17548908
17545841
17531555
17530677
17514991
17514399
21717802
21715009
21711071
21684600
21658255
20965459
20957464
20956869
20953218
20929625
20925540
20890220
20873399
20830833
20830832
20830831
20825433
20810405
20799395
20799393
20726270
20717125
20716657
20706295
20697007
20695800
20657888
20650441
20649066
20647248
20644356
20644133
20586993
20586992
20595487
20595246
20545593
20530342
20515432
20510287
20478810
20452847
20446387
20424802
20402319
20401678
20357751
20392354
20382531
20378676
20376078
20352545
20237210
20306112
20228360
20222259
20188320
20186982
20182968
20177038
20177037
20163420
20144440
19139382
19139320
19118912
19117527
20527720
19112075
19097041
19094244
19090872
19088487
19067499
19058876
19042817
19041835
19033590
19004576
18989525
18963542
18951825
18946578
18850764
18810233
18800005
18796510
18794025
18780256
18777603
18774870
18771525
18761770
18752459
18696272
18683883
18650705
18648766
18647254
18638367
18637052
18609139
18606055
18604472
18446731
18589314
18584492
18561515
18541852
18524373
18522259
18518731
18515290
18510723
18358259
18484255
18472221
18466661
18466182
18461034
18454774
18452864
18449822
18448502
18445825
18441252
18438119
18434875
18426720
18426376
18417132
18412687
18387070
18386763
18384358
18380643
18380632
18370563
18366951
18365855
18363454
18359872
18355797
18349651
18343276
18343275
18343274
18342588
18342201
18329000
18317802
18310136
18299731
18297525
18295641
18295216
18295102
18287415
18285564
18280847
18280210
18274425
18269678
18260804
18259995
18258508
18254676
18246015
18246014
18245761
18240837
18238790
18215610
18215551
18215329
18213506
18208958
18201796
18197759
18195192
18192127
18095784
18186035
18186033
18186031
18166406
20370644
19450074
19281084
18161669
18157360
16704847
21839899
21780096
21805947
21775273
21576537
21561512
21561233
21558516
21558512
21551931
21525436
21518938
21514244
21513435
21504959
21481171
21480087
21478774
21478458
21463415
21446929
21439533
21409880
21406315
21397876
21387976
21384609
21375848
21351221
21325098
21306858
21292703
21291051
21287888
21282690
21276552
21265595
21257948
21243878
21239947
21239422
21211484
21211085
21183944
21178387
20943579
21160141
21121234
21114073
21083403
21039226
21037958
20598494
20579582
20568026
20556896
20553402
20551371
20546569
20546287
20541279
20538839
20536486
20530804
20524070
20507926
20493983
20469959
20446352
20441064
20441013
20439095
20430215
20426633
20421853
20421057
20421033
20421027
20402751
20399716
20394518
20392315
20388313
20375983
20369687
20367820
20338471
20297951
20237347
20224845
20219077
20074438
20205481
20202306
20196711
20184420
20180870
20172559
20163295
20159217
20159119
20158318
20148933
20146549
20141381
20129543
20121353
20113944
20108485
20102555
20101417
20099755
19822057
20097148
20096378
20070633
20057328
20056018
19967284
20050363
20049503
20048268
20048265
20047365
20044846
20038194
20033227
20031860
20031825
20031470
20029970
20008830
19996463
19956658
19955243
19952652
19951637
19949135
19945320
19945102
19944357
19933287
19917175
19910727
19909009
19908926
19905880
19905038
19898698
19895371
19879166
19858395
19836628
19851239
19845963
19827936
19819761
19814889
19793326
19788406
19782521
19782165
19781099
19772210
19768640
19768638
19755364
19753643
19751898
19751517
19739972
19734825
19728752
19719464
19714512
19714253
19711048
19706829
19705429
19699822
19687703
19675402
19675401
19669971
19667887
19666851
19665915
19664735
19663636
19661825
19649002
19648985
19634626
19603165
19597290
19597117
19594734
19581526
19566021
19558289
19556934
19555475
19551622
19543780
19536026
19536019
19536016
19536009
19535934
19526524
19524911
19523017
19521293
19507471
19495819
19487042
19485724
19480621
19473110
19467851
19457153
19436687
19430246
19425389
19422280
19419344
19419342
19409635
19380086
19373953
19362885
19236136
19351551
19343738
19300433
19284808
19273780
19273778
19247229
19247014
19247013
19223909
19220165
19210155
19207559
19207306
19205473
19200763
19174269
22030634
21971093
21970190
21954653
21952064
21910318
21905317
21898324
21890098
21884356
21862904
21839904
21839888
21839879
21857174
21824226
21823138
21820837
21811626
21795134
21756681
21740659
21748928
21741791
21731646
21721425
21705154
21689037
21684731
21684479
21682855
21678683
21668947
21667671
21667010
21655845
21654240
21629336
21617091
21612747
21612477
21596479
21596243
21592477
21584945
21577163
21577161
21561513
21557530
21554068
20947721
21530414
21519723
21504240
21500975
21499887
21489280
21486483
21479091
21477493
21460672
21456939
21449779
21430578
21404783
21404004
21393043
21393039
21365160
21362757
21359507
21351220
21341221
21321420
21311695
21300647
21285363
21271750
21252349
21247825
21241494
21241205
21211599
21211483
21211482
21211076
21182350
21182343
21180834
21176228
21165379
21138561
21134064
21132294
21123196
21118564
21091970
21072230
21067256
21067255
21062136
21047648
21040560
20965458
20964950
20964101
20957133
20950442
20932316
20922344
20922343
20922341
20883636
20871261
20869182
20860573
20843424
20838705
20829800
20825270
20804928
20823043
20818925
20803167
20799394
20738193
20736784
20709400
20708031
20700575
20697962
20678681
20666848
20666629
20665908
20655522
20650440
20649872
20632841
20625042
20550222
20509570
20496315
20495584
20495218
20405969
20387912
20352043
20144139
20136037
20098721
19818128
19643790
19640011
19588792
19581533
19558193
19444408
19422277
19351919
19346565
19307082
19248650
19231904
19173940
19120898
18774882
18774879
18808694
18803845
18597574
17874862
17577662
17523753
17417043
17249904
17154661
17007487
16982297
16707070
16706573
16706569
16706243
16696861
16675742
16652063
16651507
16630899
16605284
16602223
16597578
16584466
16565461
16551208
16515371
16503950
16492214
16489897
16476683
16469620
16464138
16446515
16441679
16430401
16426372
16420781
16409571
16404829
16393437
16387900
16371760
16368057
16365618
16364708
16361837
16358088
16338597
16317670
16303228
16299427
16295282
16291438
16281977
16280833
16278182
16269296
16263039
16235143
16226481
16219112
16217587
16215368
16166871
16161386
16155809
16138950
16131769
16128845
16123494
16117721
16099339
16094281
16091028
16088115
16061768
16050867
16015516
16007641
16003005
15987229
15966781
15962640
15954048
15953979
15953132
15936561
15935238
15928545
15919129
15910825
15897166
15883242
15877590
15869559
15864162
15844721
15834342
15804321
15804319
15804242
15802000
15801999
15801998
15801997
15800664
15798670
15798453
15784104
15776991
15760496
15750380
15749591
15748091
15748090
15748088
15745401
15742435
15740172
15728146
15720533
15713995
15711342
15709550
15709547
15696568
15694504
15693726
15687394
15672062
15647308
15632894
15613144
15608809
15608434
15602166
15602164
15602163
15593358
15591887
15580055
15574622
15573385
15542506
15528055
15522054
15520762
18402236
17427248
16441966
17416718
20360409
21469494
21204979
18980453
17524799
19697594
20589966
21029491
20804699
20403173
20520261
18713160
21860189
21418095
19201514
21038530
16186451
17284277
15819265
16049402
20421021
17400424
19171727
17449521
18369048
16035724
20740710
17728362
19435113
19558936
17666999
18288500
20306616
16617958
16013344
18399376
17094366
17042020
16633386
15792063
16466059
21727887
19212285
15515306
20508678
20227621
17657670
18333552
19945755
18668612
19650538
18083464
17233146
19472490
18542104
17179376
16024149
20609647
19216242
19287107
21078470
17076799
20042988
15527223
20220686
19120746
20026899
19851233
19820864
18097110
18350458
17329946
19324026
15530753
20882095
20885306
17539455
17486705
18534948
18804915
19939301
20403490
20056214
18216074
18397157
16965313
19073518
19130360
18570825
16764377
17279193
17500503
19817111
18281877
18709580
16430605
21076722
20306091
19389825
15800508
20946571
16083480
18155338
18650034
16817488
17219513
20846562
20048347
20176616
19350838
16075692
21570527
21375430
17591002
17704678
20922979
18288485
17544614
17712643
17974094
18521045
19898785
17872552
15533351
19080034
19670214
18688047
20038247
16276956
19196486
18715654
19237434
18549436
16816513
16884157
18241782
15641947
16938787
16901792
17584391
16898370
20976495
18067610
20634397
19174529
16551315
15980295
17561131
19239596
21160294
16965470
16456641
17875219
21426600
18999287
19492613
19811624
20584087
16838755
15850255
16499461
18160859
19565050
18779735
16426796
19333659
16103696
16680057
17716737
21682106
19659663
18533591
17868965
15788031
19424920
19222976
17926454
16436586
21545616
18241954
19207369
19551433
16546345
19644630
19793413
22000872
17636151
16415748
18951683
20143739
20718640
18638714
16734272
19376487
19061787
20875486
16050958
20674500
17356354
16775473
21057073
17987457
16850245
15804903
19117501
18810621
20713655
17654156
19592986
18388169
19239542
21744675
20539173
20846910
19094222
18806650
20023337
20718252
18780696
15890639
16463243
18042378
17162544
18964105
16234300
19303328
18558019
21528170
20227643
20648856
17265412
16507152
19878479
21698915
16135165
17512862
19793865
16262969
15876255
17368364
17579308
16753085
21385184
19181201
16044994
17121508
19666206
18423716
15999663
19063808
19563323
20531197
20672533
16464934
17182402
20355312
16207264
18762529
16933822
18410867
15791784
16287826
16440509
16374179
16045554
20728066
19361132
21091400
19054806
17108599
20959587
19531081
20180482
16009066
18461420
16482752
19779771
19390962
17598687
20642732
18164458
15742907
18078556
15517161
15750525
18295373
21323254
20467718
19874330
20480409
18760558
17397374
16680222
17608648
16622358
18842993
17240603
17473543
17880483
16551152
15780330
16941895
16625890
17392258
16689714
15552807
18725354
19114387
20030843
18629691
18362066
19078874
15889867
18778557
20173438
15560900
19244148
20703606
17883596
16491921
21383111
15622636
21078007
16637944
16549574
20887671
17070458
19785293
17676236
21219659
18573425
17709931
18649080
20919970
16448491
15608767
16437328
15715816
17587355
20654899
19233587
18570120
17222294
20179530
17177041
19715623
19705205
16548320
16485588
19591026
20334875
16710138
15580014
17978589
16641657
17337347
19638640
20349421
15545244
17182418
21570929
20373918
18073618
16683481
15952969
16241917
16108205
21513533
17067241
19207506
18602044
17477472
15925287
16086614
21134185
18182885
19433998
16604979
20302064
15741409
18077277
19133288
18979957
18610926
20393431
17711355
18399393
18563014
16043003
19915903
21244668
18266573
19328930
20080462
20144028
17009572
18396610
18974174
20484948
16430343
18830860
20578642
19304691
20029008
16932085
16901701
18819066
19565988
20694764
17103033
18775401
16800393
20929041
15754927
15553057
21610114
17898930
19828537
19747253
20832743
17905252
16116783
16110227
17387058
20598768
16097606
17980927
17656632
19884355
20177043
15632891
20437738
17563043
19165122
20004298
19476108
15863624
18004189
15579352
16887470
20537586
16315527
19395889
17129326
15929166
18403204
18044781
17620391
20089624
21089733
17668293
19715096
17143005
21972756
18845477
21401482
20152512
17685995
19293717
16594399
17660096
18558907
17939624
19080189
21952066
20835762
17029119
17626631
17935243
21389169
19899647
17345975
15781598
18328279
19192986
16488345
19898985
16764199
16766686
16844204
21368684
18201598
16446335
17985965
18544655
18374561
16249927
20155327
15989412
17848303
20735245
19662923
18849364
17932174
18580384
18163863
16594402
16680174
18076555
15850266
20218769
19250023
16866805
21047696
20164816
19189408
16231035
16464924
19348102
17128655
19338115
16806501
19879092
18320954
16246515
20852523
15750484
16411032
16163981
15870615
16456208
17608339
16281800
21120703
20436060
21858241
21477376
18030151
20607085
21147679
16264037
15880155
20157964
19536965
18048882
21495197
17611783
19004044
20658300
20950726
15530763
16489518
21073291
19664905
19833668
21083806
21730988
21882793
18171955
18971810
16301276
18682014
21143359
17267318
17976989
17083317
18752095
17499569
17855010
17122718
18925919
18222586
18160893
20225429
15656469
16941911
17284379
16006844
17253146
15739128
18474978
20406531
17876174
17585519
15835836
20102684
19365250
16018938
15692139
21305235
21668911
16875925
19570200
19146519
18245212
17594994
20331392
20848833
17666293
16033486
20102984
19897801
15666142
21661500
18061394
17597436
21042243
18825863
18684407
20077806
21361927
21108173
18399614
20336314
18095808
19207052
19247885
17294027
15870586
20089197
19571638
18379234
16970554
19549716
16209223
20134337
21178193
15865270
19819050
18435361
19228506
18426465
15992240
21332777
21112677
18041866
18344453
17099104
19919206
21590564
19167928
20855809
16740232
15962874
20540408
15934975
19088486
21656340
16206915
16291479
19827322
15900181
19761024
20510837
17880415
18520672
20883639
18644511
16137141
20713425
15712680
21129007
21417050
16276198
19484615
20966849
18296844
17603781
20597710
19960751
19222652
19581618
19657243
16892667
18386606
17263734
17193946
20598385
19602171
20825898
21140320
15598725
16082914
15876234
16871857
17342850
15619737
18980036
18062804
19091725
19333984
18812804
20118699
20857805
21322300
15686158
17927559
20069518
16020008
16399970
17075366
16112306
16116358
16937758
21140074
16449883
21240787
16110129
18549134
15599203
21424329
17679583
20855129
21505139
18477178
18384672
20446141
18477722
16216379
15923994
15612232
17985966
20841664
20373224
21301280
16202372
16035696
19803291
19259706
17411467
18715975
19380945
19160356
18848753
18059456
19202391
17848348
15685408
17367303
18776751
18057810
19050634
19387272
16630194
16425856
17088119
18403816
16698335
15639038
18796337
20507049
16203057
16508295
19024591
19656149
16931415
21404447
20178573
17118304
17413776
20649673
17327730
21387689
20636670
20099383
18612381
17636459
17606959
15682977
19339005
19338188
16374162
17464656
16003459
21845553
21384792
17683654
16466891
20684035
18561011
21361839
20579138
16924786
20642845
21351125
21576638
20546817
17570604
19568684
18791551
19886328
16620041
16783582
19891374
15690834
20048676
18469294
17976220
20173619
18959280
19331257
17953245
18091199
19023951
16832992
19804795
17655539
16119488
17343028
17280918
17427669
20362944
21218728
18335873
18272613
16708793
20956418
17058754
15602309
21412145
21763216
21035906
17207005
16460760
20184999
15784059
16489972
16317563
18414335
17425749
17763050
16997025
21647078
21692584
17913338
21550455
17198055
16408461
20484996
17175415
16231123
15993673
20807119
17917943
17057801
18460078
19725216
17636688
19946120
22033731
16490950
18792440
16117983
19531034
19552823
17564830
17154112
16503014
17534085
16960256
21649699
17785688
17464112
15520103
15818343
18314047
20689129
19388372
21206250
16911736
15614663
18996713
18694913
19753927
20193874
17682411
17286192
18336817
17630006
17530539
21411079
16923480
15535005
21667573
21631371
17301645
15947809
18651130
20069739
16050856
19838884
21059150
21362582
21708003
21587184
18452639
19378523
20801715
17099365
19018911
16169069
19044312
16202887
20386307
21135781
17603000
21087948
17318031
17205275
20836636
17457776
18705786
21192136
15520054
17577075
16451425
16492009
19837459
16988287
20465047
19432986
20533696
19907370
19261944
15522468
20072975
17187542
16448485
15862047
15696111
17959922
19027434
16680206
18839550
20465758
20183344
15577666
20550653
18268140
18668488
20931472
21402459
19461068
17455570
16765863
21357208
16792045
18377572
19433704
20878833
19365937
16834823
16939948
19029005
20043502
18266575
19077804
19507536
19780857
18496659
19683408
15811201
19717991
21265628
16790039
16235392
21139501
16140457
20492070
19480178
16490728
21137520
20403550
18284805
19298312
21038733
16469276
15637511
15633074
20876170
17102316
17996057
21767254
16114151
17341751
19140351
20800458
20424500
19212178
17448622
19348827
21045223
19161015
16948365
18220126
20500646
17200477
16340668
18670780
17084843
15690145
17074872
16053435
18454613
16189521
19567690
18550780
20642037
18399829
17047574
20224313
17394619
16697614
20687092
20224058
16148486
18618954
20500737
21411821
18596118
17077756
17495576
18773774
15983707
21511883
17118197
20015919
15616943
20889518
18464129
15635352
15969988
16966996
20636192
15578252
16298284
16452905
19216236
16567983
16123012
17602321
20347565
18639409
16164513
21208485
21710915
18453895
20579149
20552911
21366160
19486790
21071434
15531936
21745385
16541477
21336996
16170422
20520550
21479566
16010188
20511094
19266971
19112269
20107917
16455417
16036549
15566600
20141090
20023466
16312204
15560706
19882416
18251578
20214255
16468478
19643676
20194402
16637448
17594526
19366408
18041567
18384789
16307624
20091763
16619472
17083100
17224699
17504585
19652745
20699039
21093369
16174933
18997524
16471099
20963671
19947050
19501549
21309382
16044978
17963879
20078013
17001131
19135017
17178765
20194153
17236855
15892316
20566229
17393568
17311789
15760811
19479688
18414207
15546973
16422732
17414090
17639097
16186004
21211582
21366115
17564297
19674761
19788772
18450878
17486196
17655531
15875276
18033192
15714021
21530172
17693295
17386913
20738185
16596858
16135494
19760564
15722785
18095798
18043783
16875100
21642907
17185925
21298943
21383568
17688476
20077788
20925564
19247559
15641946
17941522
20195109
20022198
19757735
21843847
18339336
19433845
21590636
18578185
20095186
17469706
19551275
19785861
16583663
17563422
19774354
18460169
15889885
16473253
20427298
18774193
16204142
16474223
16262094
19564770
19224908
15829452
16673631
18801274
19017370
16927733
17464789
17962875
19473315
19502217
19938331
20355346
20437869
16699459
16053592
15743439
20840378
19525767
18947094
19821543
18953221
16770137
17312419
16567752
21162428
18346405
16238530
15743047
21378301
17523332
20677478
19282319
15711812
16508814
20883622
17416182
19899020
17892143
21938975
18992683
15810753
16249417
19332985
16879087
17060272
20632648
16796424
19926387
16894924
19093352
19118246
19448210
19013047
19343866
19396641
16926949
21684392
19287252
16287523
16050290
17096603
18578440
19062423
15841423
16351536
18005789
19661252
16913238
19549300
17581367
17088920
18785194
16749417
17556325
18328963
20029413
15991179
17086639
19448790
15826425
16469473
17561599
19222604
16335610
17855042
16758049
16522405
18547400
18555159
19584211
16612297
17016987
20884788
17004998
17051891
17644829
15689143
15684910
17140014
19775924
19826329
15749138
16094224
21208048
17533913
15823889
19484846
21645418
21770350
21282496
19750861
18411387
21457601
18361145
20465762
19525778
17608042
16686813
16488688
15845689
17412592
19038900
20801920
18989209
20352506
16102768
18434893
18668611
19916360
15814289
15797150
16941919
17650693
16236656
20496518
19186400
19005191
17620214
16315251
16019329
19652679
16507506
17924926
18626054
19128315
16927579
20656422
17694883
20564128
18299361
17210326
18384011
21505122
18828315
20228332
19029525
15717463
17637592
19462470
21600368
19785759
16434415
15933462
19537412
18667958
17553406
16450677
17485762
21774882
16670232
19104247
20350912
18842460
18237668
17241251
19120718
18611313
21312092
17059494
18756170
18657761
15677807
18779459
21841061
17527028
18947118
15917002
16873047
15984223
17166062
20852473
16627843
15798925
15603602
17622032
17542820
15923414
21278506
17384505
16920652
20042780
18198966
18774131
20669596
16984684
17882501
17542172
21919417
20659196
20042814
19748869
18427230
16045413
17070163
15973267
16005341
18603173
19170041
17298243
18284013
21817968
17653878
17323873
16361906
18064843
18187010
20105700
16517418
19856559
16723929
20675953
15965035
19150912
20711916
20096961
15852073
15867495
21292214
18372378
18525432
16545514
16594429
17610020
19852799
20148940
16823009
17426492
19186283
20571123
20828515
17206210
21131854
15704593
20594365
19595550
17455181
19641419
18653426
19847645
19911538
19645620
20174973
19591308
20078405
22001799
18089983
21503596
18056599
19212247
20064132
15615215
19935608
17320337
20098139
18050530
15584496
19021126
16292205
19239676
17666972
18036015
20699733
19910895
21556269
15785293
16860417
18353506
16024208
15805142
20887402
15818360
16048199
21742461
17975253
16327735
19784620
21702413
17080905
17626391
20921888
18502155
19247561
19772214
17728569
21309901
19573777
15824697
19358029
17416366
21678264
15997955
17708328
16684162
17674201
17510154
18178698
19422989
21363906
18260198
19292020
20089432
19890818
20010373
18240702
16128646
20142276
15661585
21180338
16114756
17102919
18381019
16430757
18543799
21738035
20123817
15754601
15673348
20154558
16502965
16352515
16641081
20298326
18691802
19779947
17901270
17625081
16316896
19127229
15946437
19388856
20693520
21443066
17235044
20688471
17109707
16945784
21785153
20105088
17510001
15675547
20044340
16316685
19755882
17182195
20478797
17978612
18165376
19558737
21415614
17256018
20061847
16100332
18725407
19244697
18595993
20825687
18315998
20380613
16988299
19665625
19535946
19592899
19757018
16015513
20590508
21764011
16157620
19710615
19449269
16443974
22164936
18386686
15842680
20822270
17059156
16248709
16826044
21617504
18437600
19842004
19734397
17241187
19028922
19181138
18414311
17183353
18580396
18845413
16250826
16020072
16061762
17087679
17719364
21311827
17515014
17953061
17935600
16698475
20307364
19445070
20132006
19104246
17883460
19917937
19175427
15996975
21644107
17214274
20858371
18072525
18419626
20369722
18247013
18321394
17298255
17265658
16050883
16682392
21135080
17091363
16334457
21757138
17377328
20426241
19856860
18544978
18040747
16789336
19836276
17559479
15770114
20160554
16958233
16913579
16513375
19913179
21799327
16162578
18087681
21558335
20728998
17108590
19114604
18540541
21383358
17443877
21724790
17019551
17392945
15606709
17583067
15533081
21411265
17077796
20000031
18701973
17584211
18678582
19223842
20590511
17132380
19770733
19882396
20890137
18723247
21105621
18518961
19085179
18807040
16440044
20039968
19932220
18438567
21365191
17941410
20508427
20299651
15635789
17878013
19858343
21478085
18273872
20217048
15750551
19293037
15990914
21765330
18520646
18569897
17728565
17164443
21397870
21365168
17725913
18069369
21337991
16027635
19414837
18022588
16271294
19843130
20040563
19918153
19785581
19933935
16165004
20684398
20380748
17258128
19016926
17619125
20477855
17624134
18789191
16422049
16635934
19320354
17415219
19012066
19623711
21938966
15756360
17054152
18194791
20401873
19734778
16884810
21126191
18397405
16456752
18711905
18278700
15656427
20433216
19525769
17559705
16972975
19009141
16432594
19401125
16960030
15747703
20890142
17551423
20352500
15562740
17443196
17693832
19227021
18388844
20520118
18952746
16388426
19893849
20382446
15644701
17254903
18601834
17326021
20940649
17724422
16190837
18806649
21605382
18272320
15785288
16113061
20377400
16627793
15532442
17844727
21368257
20387594
16132954
17124186
18993131
17001432
17094367
17119896
21314574
20719752
19192089
20089488
19891846
21539690
20434096
17541876
17325100
21302524
17476702
18678689
20853654
17108641
21469497
16003597
15604183
16604908
16688665
16374169
16469104
20500338
17536060
17220384
20052837
19436207
18192128
15773824
18616200
20562603
16876004
16260687
18839731
20183899
19213295
20132369
16370545
19963385
17013049
21039231
19842959
21455047
19513835
18524343
20920322
16415633
17439590
16454148
15609056
17074871
16643176
18596020
16579831
16253944
21402203
16393480
17392949
20400133
21348217
20546364
16756051
17131302
18700102
16902075
15576272
16299093
19061024
18608606
20564528
18991012
19239827
20574104
17108841
18815983
21651735
15590209
16340273
16575712
16585436
18038517
19204057
16268467
20442616
17054735
15715031
17629751
16350354
17283295
18804085
19593306
19797499
16926310
16471289
17400513
19930874
18475222
19852714
18489197
16422479
16533394
16796234
20608328
21176004
19583899
16869125
20502167
19618253
20697468
21285654
15552888
19824520
19562979
15886743
20719843
19513956
18194398
15713915
16456203
18209669
20080305
15887429
16833053
19862494
16439775
21140771
20841673
20719811
20586908
16309594
17335738
17975252
15701163
21668320
19447272
21781080
21190928
20030498
17148528
16230764
19017894
19291184
18580201
19560245
17514396
21322498
18978692
18090138
16137239
15993978
21776834
21834286
15990739
16487896
21747644
16719415
19632395
17601180
20552779
18275533
20078015
20712206
17428295
18446927
19201599
16222404
19359084
21169795
15996751
15992195
15939860
21310114
21403142
20467018
18561737
18080336
20232500
15963863
16737170
16709883
20520264
18641928
18852569
19920405
16014990
17548702
19660840
21088524
19530636
17006813
17289538
21243870
18816746
18077751
17334302
18312752
15756184
15855863
19152992
18787440
19414431
16599038
15647079
15566623
15854176
15827841
19567887
17130381
20566987
18648204
19171572
17621444
20576673
20673926
17092777
19241511
16645854
21523993
17947907
18556638
16872786
17403346
18032997
16609824
19685084
15568653
19543010
19433953
15940531
19418708
19047490
15618086
18803577
20163766
15788078
20067075
18705739
19650070
19637008
20830942
17165478
20102143
17263052
16119672
21460344
17897829
17274175
16120895
20975412
20132370
19999862
21717720
16125016
19116531
15862640
19125308
17234071
15802157
20223078
15605298
16019875
19958420
16862029
21842250
18670472
15788034
19443086
19253315
16300463
18160861
16483095
20835273
18032204
16871101
15742908
21103767
16440916
21353132
17239232
17045718
18681977
17190121
21666467
17768801
18358702
15596920
20799902
17595276
20922514
17056770
19218310
19214278
18312194
17416275
20396850
16323983
17672058
16517029
19115892
18346551
17083765
19875006
20019512
19034423
15521384
17208121
19402840
20843717
18708675
18000128
18259803
16145365
18302657
21585696
17290083
17589371
19354060
15689089
20738742
17929724
21528622
18448702
20427307
15601267
17931319
19287112
18496220
16436159
18779483
15618093
17272801
18694250
18457809
18055904
16821201
17167376
20010411
17108883
20560990
15565499
19889918
15812763
17432992
18928129
15528897
20672255
15789360
17140420
21524471
17584421
20541069
15700897
17914293
18796050
16991132
18923129
17911989
18564695
21125069
21786715
21499490
15685014
17573299
17701338
16594292
18206281
15653251
19820474
16344203
15606832
20148936
19812100
21473975
21074115
20074194
16229400
17479031
19272644
20092915
16151722
17850665
21521566
19910155
15816653
19049231
16926309
15587546
16533954
20218260
16512054
21696079
19851253
17941245
21071568
19386368
19394018
15796417
21074075
18057011
17962180
21916094
17622492
18478644
20172126
17897152
21429772
15860472
18190569
20853250
16688659
18424290
15901418
19444493
19896320
15948048
16216663
17174399
17176309
18269420
18072381
20439203
16313586
16466557
15999894
20180498
21211961
18937139
17536991
16773286
17641972
16083376
19476865
16802313
18571140
16487840
16878074
17535359
21301650
20232030
18773780
16191141
19095341
17828432
16618023
18580394
17662568
18588395
17080736
21676333
19016254
17492326
19471140
16799355
21351841
17974292
20121936
20737229
17477224
18565855
18251337
20614401
21744518
17546364
16129540
19254203
21879650
16249588
21181630
16181012
17509280
17133136
17658965
19338524
17008829
16733116
18363491
17221082
19638603
21419262
19013743
17329725
18052858
15520086
16498154
18432048
18562872
15808145
15683018
16972604
17685161
19660639
16423118
15971874
15815960
19492151
21790094
20211957
16430350
19202117
19967309
21378607
20954828
19573210
20394476
19771410
15992672
16541720
17851382
16330966
16583345
16484171
20630922
17544140
16125027
20824361
16572746
17661967
20797948
21351840
16720262
16730440
20445451
15655338
16569412
20683299
21154093
18533313
21725218
19572763
21178030
20368494
16824298
19592271
17852003
17140716
16324039
17127306
17162119
18570011
18164460
20092154
20521572
17310343
20081700
20532477
19996467
19018215
16706710
17042235
20456855
21693715
19665860
16863414
20027097
21457410
17784884
18610928
18378729
17509283
20427003
20009771
18299462
18430276
16483098
20925292
15789938
18360201
15724881
19112875
19339407
17215199
19160882
18552111
16374461
20801960
16231569
19491574
15671354
20543162
19537396
21678804
16942122
15577825
15650632
21485897
19432597
20095068
17062591
19032020
20204938
17122655
17420784
16022913
21409790
15770559
19731887
17365898
18294606
16263978
17149038
17124615
15600231
16954093
21404158
17945364
17070347
15622417
19772228
19549993
20186032
18054872
17055694
21397877
16699329
17377975
16039957
20682969
19023446
21644434
15741497
16623666
21226886
16018134
16799710
17356351
17276321
16288093
16013292
19842526
17018200
18409256
17454342
18481622
20031823
16755942
19227592
17917746
16358548
20044162
18023154
17458539
15533103
19798773
18980460
22030650
17620400
19309414
19231704
19530633
17073191
15662165
15799305
18810928
19648849
16313370
17444370
17598879
15575137
21429447
20823368
16764223
19131749
19156945
19101777
15619174
19575270
17388763
18638011
17219943
16327346
15754604
18310160
18461296
20616116
15992203
19723862
16986369
16134041
20706836
20443290
16250197
20029563
15985647
17131901
18310641
18644177
21086673
17095424
18252933
15976565
15862736
20712108
20064971
18075945
16255359
18330403
20381291
20120851
21094715
18374595
16266649
20164800
16773549
17654419
20397808
21326027
17999424
17464127
16036825
17955680
17077787
15960790
17727589
17212575
16464258
21817971
16618589
15612429
18220068
15705271
15555785
16318109
17683300
17335528
19913178
18187280
19787380
17672906
21723143
17258056
16285604
19134493
21311260
21692379
17000350
18605513
16438813
17484411
16464275
20044163
21761595
16434231
16518795
19296355
16163227
15715808
19155811
19661793
18558181
19731446
16826336
18512409
20068415
19516915
18989650
17692767
16050873
16617637
18649585
16005258
17705765
17505377
19656019
19060803
15999410
16840484
19656225
20055199
19827214
18090265
16637454
18784967
17320008
18066739
18353387
16102151
19750834
20419746
16530108
20443408
16192823
19080875
19033167
19395700
17060177
18166728
20194809
18641112
16585116
16763282
18837645
20510409
18606526
17484247
17111052
18719332
21067725
16798173
20640393
15521853
20929461
16827205
18548410
15865461
16862025
20513345
17570875
16238510
20873068
17294123
19471048
16250919
19624268
15677608
17254361
16376598
17515638
19014409
19731345
17078345
18929942
20162921
19821366
17708039
20688876
20044780
18977062
20117259
17506893
17182427
20692452
19208507
17605072
20205012
15968215
17393816
15620830
19382079
19750383
17214237
16340693
19697531
18036122
17626134
15997043
15871867
17148634
17823959
18820307
16393233
19956978
18609344
19795164
18820545
19235657
16205552
16187933
16825667
15635014
19528137
18951854
20546465
19813345
19592823
15897835
17298262
17366949
17902602
21035700
18050782
17092858
20413383
21258241
21531683
18762753
21638217
17435590
19904852
19153322
19888969
16245304
16968373
19752639
19891300
16104676
19694153
20202779
18388558
17988048
21359632
20470272
17098535
16164590
17540574
19944324
20068024
17363884
20585272
18654093
20308273
20638322
18275662
21277804
16967888
16954006
16547388
21058896
19081019
17129368
20055980
17535613
17906167
16472481
16764150
21749555
20196713
19666950
19374478
17260598
20500964
16715210
18199725
20056722
17695138
21444186
19471072
15647734
19918690
20630923
18577170
21862079
17487254
19260354
17238363
18271675
16164511
18346629
16366372
20850002
18438200
16516977
17727584
18329157
19259865
19189614
20152215
17596762
19101804
15623251
20920902
15683056
20579137
19916075
21294002
20503033
18030959
18787331
21435737
16707289
17065869
20979973
17260233
19012768
18299778
16541932
19351302
16334509
16557124
17627836
18684020
17110813
18856018
20167910
15928530
21458038
15602279
15884254
17111639
16937143
16353288
18294351
17906208
19282506
20082898
20215888
18544726
20869545
20632259
17519604
16488418
17006392
16440106
15933354
20204421
17142247
18924529
18340506
15566277
17575750
16829361
19653389
19037137
16318233
15934559
21990415
15856333
15818718
19661195
16770368
19152777
16529207
20720083
19183496
15871873
19056614
20218771
16608946
17385361
16533416
17918303
19238717
20159423
19150944
15778631
21095426
17447684
17469479
16642691
20593673
18391108
15797158
20462742
16697609
17494279
20935008
17880351
17488254
19964428
18362259
19940588
17165205
20097036
18095075
20559406
15572014
15717707
18274298
16340925
17931495
17219504
17048754
16100629
16818165
20869024
21044437
19111866
19256770
19190009
21151417
18482627
19370377
15739735
21800656
19429734
19191937
17542525
16916058
18519105
19448484
17335519
21739885
21314756
16870055
17699357
21599883
21122731
15601654
17417974
17368692
19339314
17430371
16826759
21601299
16490633
17146009
15550802
18821287
19652590
16441401
20825533
16882343
19222636
18439163
21654482
17351196
18403661
18545734
19910716
20670318
16432345
17126784
16466405
21288750
21146876
19156389
18304246
18309919
18767472
18053910
18354050
17189117
17472499
16425879
20690303
17963973
16898939
16846539
18354333
20340063
19425876
16334710
19892383
15918435
15650146
20560831
19237963
19032711
20232017
18803742
17953292
16128424
20146552
21711124
17949275
18302874
18254457
17973810
17361501
18064982
18472623
19508967
20476519
21455041
20684124
18051975
17402953
19055076
20112444
20160544
16633276
19627049
18400529
17803799
17028978
18226317
16328186
19663714
21134555
17515025
21322500
18789413
17441929
16395067
20083421
21078463
15682016
16098703
21653910
17539210
18290938
19182464
17170778
20429197
20579232
20405398
21954793
21317601
20382963
18243896
15640534
15910010
18412586
15739059
18399750
18579928
21995093
19391468
19880956
18556081
21951510
20672653
19281289
15812994
21471765
21297458
19052511
21298898
17518910
19662791
18596678
16283902
18175192
18632780
17689372
16157434
20122607
20558789
16822995
18063444
19965037
17427794
21141263
17007330
19947049
21610572
20736716
17444460
18661459
21418288
20685686
15789885
16450230
19588158
17931255
19077024
18727597
20555354
15558987
18812619
15962722
19909516
17219360
16860522
21440523
17802733
16953946
15530751
21566441
21874660
15571137
19999315
18385992
17175033
17175872
18831440
17283304
15772510
18515034
17028632
16410101
16686959
16966670
20299537
22009086
17996108
17279239
20803577
19339446
15515991
16797312
21879654
17824870
15625658
15857961
21785313
19380504
16368095
19534188
17764095
19726783
20067944
18649818
17586056
17046986
17349646
15918469
15717896
16188036
18047593
20720611
18623200
21615346
16875797
18083167
16858114
21605427
17951224
20403556
15568581
20122065
15980081
21480005
15758704
16573731
21959637
21736077
20010203
19661792
18773710
17879550
19121194
20697676
19530124
16728902
19552182
20502864
17852989
20429656
18353750
20970363
17201042
16485590
16550072
20930915
17458102
16689021
18520653
19051982
20686987
17257985
15915702
17075010
18990256
18535476
18971800
17911092
20175794
20590506
20502179
20627524
20437114
19809876
21818013
17950116
16706773
17161318
20178436
15976556
20509248
15904886
16439930
18164450
20222486
20019348
18849366
20933365
18491685
16877620
16627545
21273251
15606728
17573296
17058750
16629917
20617716
17700952
17274754
15870663
17570967
17917411
18563995
20963612
17708742
21280548
18370899
20562254
21292444
15696899
18729028
17139036
17684171
15659925
16182095
17475127
17623260
17598261
20557389
21435000
20613695
19678469
21464264
19445614
16987416
20610314
19013121
20675362
17908530
20029341
18065037
18095044
17786070
20640330
19704289
17131534
16159066
19819773
16677715
19346160
18179997
17504847
21495851
19846861
17006810
19414298
17243022
15823383
19591021
16533673
21782541
21398370
20131584
18344890
16393440
19545659
16396922
21382252
19718542
19920743
20561851
20215047
16087824
17666296
17203451
17178074
16034036
18431892
16752988
17027880
21459238
21259276
21334928
18562861
20961281
18710376
15966629
20830623
18316450
16926761
20048542
18256859
21545635
19104321
16802263
21844108
22013777
20926175
17064819
17558762
19201059
19209533
16553506
20662272
15582644
16885678
17397447
18000133
21811572
18349435
17412032
16174232
16082616
18307685
17085762
16565276
17462207
17629242
15654612
17301199
15774368
19672610
16624189
17108601
21120767
19553067
21996469
18405397
15829838
17694224
21084575
20102130
16119650
19577418
20473214
19682143
20023561
18477878
21223462
20602585
21972309
16184680
21519226
18485268
16439351
20018588
19806607
18373955
16388772
20132621
18638329
18701851
20039996
15692135
18344834
20553541
16388150
17718727
16704400
17081921
16570730
18176137
21617267
16573021
17541693
19525361
19294747
20850650
20690995
15936406
19286581
20545295
16312256
20927774
20040087
19348410
19507755
18255214
16544703
19446779
19684045
21231882
20155792
18978011
18283996
19380090
17239061
15799490
17908755
18776749
16233998
16222646
18461232
20227793
21682969
20676776
19041254
18343624
17655571
19703639
21801542
18376741
17494826
17645791
18728512
16291314
15658136
19370563
15924577
19238086
21218574
19455926
15797751
16431256
19683090
18437030
17518122
16520526
19765427
17945320
18630780
19683664
17577165
21214907
17715444
20033624
17472495
19204102
16672676
17489954
17493954
17956496
18808636
19734128
20852467
16061929
15655433
19243519
21110121
17421088
18693980
18207046
18586692
21288681
21610053
21182438
16862019
18232550
21123236
21116191
17892990
21311252
19320403
18379226
15619531
17879602
16213787
15528583
17366916
15640659
20852513
15686078
21471876
17613485
18376519
19723373
18972942
16398589
17629994
16454978
16728866
19420036
19811630
17363856
15993374
16419452
16225029
20646901
16966667
18056515
18063543
15656240
17373353
16623624
20134316
19916822
20940582
16108880
19961588
17414332
15950834
20578075
17189747
19047492
20185612
17269541
21739899
18218082
20628305
20309895
20935011
16401158
17360151
21433013
19966692
18158437
16849917
15662180
15792061
19682828
17088223
16022610
19169903
21273206
18844250
20352266
16627372
20795611
17094064
20673619
17298264
15917361
16895823
20050427
21928599
19890254
16793044
16887012
17917844
15533098
17674615
16636040
17561212
19240464
15838981
17298955
21378554
21435277
18281295
20575470
21299276
19851264
16907686
19853967
15573451
21287773
17520351
18202431
15667684
19933067
16445662
18324329
15550361
16029982
20543369
18189334
15924027
17167014
17906083
18085429
20108885
17419788
17922369
21041348
16543740
20932436
22168641
16034507
16419405
21157240
20623993
19018650
17556220
19715080
21703675
15571854
17656742
19551273
18322044
21683474
16477286
19850437
18594028
19930477
17278922
20081127
19942702
17257782
19865577
19155288
17187718
21140738
19864968
18041355
20305845
19958254
18474760
19270470
18044755
18000441
17145513
19669707
18953193
19948566
19689239
20478650
17403768
21722164
17365346
21255500
19403556
20636676
21651656
20459356
19397136
18594243
17333116
18180989
17653940
16808770
16434755
17575652
15644692
18251445
16835517
20535503
21306060
17482192
15668597
16370189
20605754
18388840
20456261
21879667
18501836
18682013
17786863
17035471
16869522
16539697
22039681
16259198
18705737
21161873
19004171
20007796
20433438
16151563
20176916
16024021
16411027
19207053
16378254
16594230
19222490
16879378
15830766
21469492
16736352
16708669
16789675
21075319
18828293
17574187
19825494
15517302
18702620
15674950
20027876
17336866
18019268
15610340
16764502
20502345
18856075
21729112
19629778
19000464
16019261
19262907
19260886
19920746
16843468
19179217
15644685
15626072
19615623
20507569
18710456
17591508
17057593
16876922
16238513
16255103
17592972
16773859
17518885
20005618
18005351
15976500
21875843
19669680
18333733
19060640
16843817
18694194
17559971
17915373
19240682
17035672
20103026
17194314
19394523
21493699
17478309
21608508
18248699
16326206
16970053
20546292
22022741
15792019
19546272
15904503
17082973
21413953
19619375
18178923
19329089
19824096
16189328
15833469
16402673
16524997
20654985
19540803
21848019
19861106
19838742
19883347
15966628
16905437
19343891
15557354
18035535
21047589
16200511
18190683
21413577
15540574
17397367
20925613
20367725
19065866
18828703
21314594
16153049
17907550
18039617
17583379
21439172
17036421
16965885
22111268
19917650
18773762
17619324
18672852
16285120
19131756
20636586
18574978
19440785
17978624
16532244
21801517
19474372
21421648
17283846
20053207
19002308
19258560
18402238
18810506
20097641
17509101
19141180
17522829
17933651
19588512
20628787
21387576
15580023
16215208
17355362
20598470
20059792
18578765
17102327
17714460
20492016
19164613
16623608
18603221
15546535
15819165
21325099
16032533
19552272
15723731
19719367
16061930
16649318
20684760
18534951
15921753
16870534
19697662
16788117
20838889
16145719
17122656
19000404
16613047
18675107
17092453
16466085
18574366
16040412
15802479
18553252
15531969
17233257
17714995
18640406
17491445
19403574
21191254
15744445
21176232
20163700
16464272
18093117
16490543
15699314
19835287
16425812
21448042
16131801
18640407
20875512
21393292
20150732
20583104
17100384
16950738
20572538
20932658
19241979
18272092
18200896
17477316
20424920
18072989
17972241
17043003
19689222
20709601
18842616
17587533
16174925
20337847
21449182
21294941
15778132
21444840
20935561
17970331
18196718
21484020
20626120
16147819
16176116
17950504
19026477
17324196
17207007
18503652
20090227
20367292
15785991
17572055
19166437
17968767
17414580
19709106
19081413
20620811
17482878
16842793
18422823
16775757
17934591
16509450
16478535
20427002
16711291
17548400
15641635
15757520
19434700
17666306
15564279
21727832
17854726
21740729
20371033
19736720
19034836
18094342
20663762
16447024
19133191
20573333
20444063
21346534
15835624
20043709
16499462
19567495
21692595
16539992
15777141
18687488
17068940
20091991
20390617
15536222
16030369
20626578
17714051
17945010
17659422
17972783
21134297
19860304
20025454
16005631
19278184
19140366
15571882
18256911
16766590
18042946
21801539
18261541
15831885
21278650
21805744
20554423
17456285
16574634
16271129
21224258
17662156
16868427
16324185
20039840
19343434
17905442
16162290
16550700
16280397
16166920
15646122
15810747
21462059
20516766
16513149
20436027
15713860
18246886
17124874
19114784
20104400
19204300
15611423
20389315
17063090
18684127
21240022
15714932
16721695
17349769
19423963
16431830
20334770
16872121
21131636
19820225
21317095
21047036
16509174
17185208
18600113
16999371
20459674
20469729
18385570
18250248
18041416
20485694
18290410
15950830
16649271
19115710
19819097
18025449
19263952
19962124
20049773
17402601
16361395
17537116
15540498
21292050
16461246
20371034
17908529
17664522
21437754
15800351
16259627
17969662
16148468
18999223
16464348
20125065
19771995
18929340
21375892
18362090
19735394
18715969
15726615
18665060
20302385
16228106
17521855
19159977
20962121
15668600
20191888
17700331
17280928
15993137
15586302
21563540
17479546
18664907
17888181
20594068
16494663
16059543
18385407
20349850
17385735
17539281
18270931
20387500
17666900
17048753
16004096
16507286
18182629
19568225
20097932
21111952
17217611
16180953
18076926
18849510
16861720
19000348
18752071
18316754
19543101
19026199
18928964
21320347
17214862
15865623
19700973
21625660
16649826
21475356
17105539
21736169
17024613
15934353
20630197
17984649
16099200
17694419
19387128
17500169
21841286
15685004
17375240
19416041
15890071
16010896
18260576
16941820
15636397
18924004
18205528
16827769
16644323
20695949
16455463
17515088
19452814
17065540
21665046
16331229
19972656
21936339
20071219
20220598
21853824
15782581
20129271
15709218
18405351
17156997
21627881
19418788
15985441
17882498
16103670
18840903
15768653
20708255
19853399
19300217
19339264
16315391
20348364
19166398
18568872
21378634
19408494
17060295
15557355
16052943
21072017
18698243
20974025
18660768
15699874
16088832
21961358
18352996
21897404
20334015
19739511
19527449
19107768
18535316
20349626
15622815
17449410
17355763
17181681
16381348
18030963
17380843
20557417
19324327
16115710
17005244
16249625
20382901
21757084
17385492
19154304
20846281
18638330
17518166
17069466
16147725
19667775
21457825
19818037
17415619
15552802
15523942
17002249
18788660
20675736
17509285
15969230
15662054
19066143
18654957
19060791
19366980
18048816
18655730
21675090
15525848
19454203
18662261
21824389
21159772
16827534
17016480
16977926
16394838
20453183
20371779
16199935
19775042
17361930
17375685
16922987
16316877
18845478
19736652
17202153
17040142
20003533
17317363
21517787
20047173
16844340
19745260
17555150
16248861
20494453
19813165
18752659
19326309
18649963
22030933
18621942
17633982
15862043
18441971
21117549
18849816
17681117
20826590
20860246
15887949
19562237
15946924
17444462
17655530
16104457
15687449
19528344
21894865
16126738
15689645
19226477
21288945
18600107
16779794
17309015
21170576
17724101
19021302
18853846
20499485
21261474
15797227
17430832
20676573
16979082
19904618
16513352
19661809
15566437
17518161
20126958
20647800
16008133
19327625
20336355
18462407
19055266
17311642
18269433
15573505
20606482
22046673
18034817
15990428
19023164
18630064
21587148
16637384
17273633
21626479
16808695
17315408
17400518
16369431
17650973
16360700
17901513
19899258
16474252
16111765
16650031
20051070
16487421
19704390
16678696
18605061
21254304
18492707
20501561
20438014
17052558
15729063
19686224
17477884
18757313
16048621
17393814
16447533
21207737
21167110
19332581
21212420
18086965
15997045
17006873
15767197
17581185
18988001
17597262
21407115
21323087
20571093
19560692
18972091
19068042
20813336
19378396
15883349
16335552
17098155
20107916
19024665
19057428
15824228
16525904
20536624
17139019
19896893
17668598
15682721
17064202
17627200
18429371
16092629
18036092
15860031
20064198
19213516
19424693
20141259
21070646
18684181
17256717
17236508
19623816
20863521
17182449
20970059
15861913
17420944
19345442
15677614
16717005
19678460
20437937
18022025
15945229
21693742
17298454
19074929
21784764
18032318
21467894
19416419
17233303
19095834
20182268
17703113
18573485
21295485
19131884
21702204
16779356
16600433
16782514
15976799
18844560
20159456
21144121
17213479
15526491
18039993
20172454
20681485
15692292
17614882
19921222
20704136
18021145
17900485
19674454
16676296
20042562
18537602
17426499
17990424
20371073
18577133
17852233
18443004
19694621
18851887
19072012
21641361
17537457
18214436
16330821
18473696
18082068
16447646
19826328
16447620
20409122
15876883
17294778
17336868
17919875
16259838
15683956
21263348
15566599
16430335
15675174
19112628
17084059
20298668
20053197
16260998
20069918
16276220
18635587
21106660
21213044
18649821
17139941
19921545
21414024
18982781
18999031
17474593
16756731
20684426
18751593
18314233
15550953
15947903
17686390
19785564
16448378
17898401
17117446
20096993
17198174
18787958
19280201
20698021
20415672
20434252
20601640
19840578
21257655
15628649
17033527
18998815
20303600
21695383
21272820
20087034
17470927
15692130
20858055
16632992
19889379
18308276
17064964
20815880
16398864
20543388
15942366
17766759
21448039
19588703
17848395
21469493
18608725
17976298
19517167
16219589
18242941
20877755
16371732
20871495
21194660
18401676
17057138
19752038
16422034
17194412
19837356
17596063
20390985
20659202
18849399
17456202
16612771
19097516
18183750
16520999
19926978
20174947
16190838
19349900
17039753
15639043
20695356
17680013
20402374
19350079
17151898
16302938
19684936
15995086
20572553
19195050
20338599
15625220
16506212
19664414
19476786
17445135
17330297
16808088
20209718
17376345
20569188
15683013
18080044
15792339
17715731
16868233
19423391
19298101
15680834
17314586
17679224
19915873
15895917
20522291
17090790
20306010
15588534
20546288
20172388
17719746
19841548
16135471
16304497
19898925
18974598
20665409
16420660
16021803
21142837
20122505
16172453
19343845
19118927
19898097
15526486
19865571
17707718
20036168
21788585
16250385
19697568
18584908
17472506
15909168
15720167
19695286
17389412
18574368
16248257
16075907
19558937
21342041
19142461
15620127
21500607
20581734
17893380
19373053
15785225
18457633
17314725
18715965
21206350
15659922
21475355
19346031
15991592
15546482
19807236
18299497
19817878
17724291
16689411
16698508
19582822
21108192
18810662
19961630
18828170
18316929
19205735
21190025
16823536
17907650
19711633
15543896
18335901
19411358
16688101
19763699
17904483
19570485
19670963
19124983
16208533
17872818
18626847
18725833
15720995
17577173
19896664
21265631
15653246
18157353
18777696
17310058
16368908
15615342
19278185
20713796
16998400
21323461
19884234
15597290
15728953
18019902
19382488
16875101
17622882
17216792
19427579
16827456
15904880
18856128
16758331
19774357
15883465
20486519
18599172
16931482
16725021
16860987
19349445
18341244
16441395
16295284
19253148
20812497
19397162
16417695
16846179
20619199
21977773
16873922
20873061
21068488
16572755
16774177
21332106
18787443
15829396
21124264
15597832
17367901
18705566
20885331
18684585
18717278
21910386
18492452
17897147
15808129
16050861
18271769
16092782
17668786
17170691
17721844
20694757
19912121
16903529
15686336
20920105
16784473
20053602
16215350
19014132
15562948
16988951
18387225
19860895
17598039
19635400
21129179
18089961
21857859
15630823
20193998
18768518
18065034
19219362
20861105
17136936
16734501
16329131
16533128
15935081
18196853
19674462
17196247
16301454
19075085
17571336
18788956
21187262
20975928
17664512
17872553
21260936
20795597
19911108
20061834
20065277
18522701
15824704
16613404
16548747
19441659
16351532
17955625
15544295
16150010
16262902
17300413
22010498
17537084
19203823
18557993
21314572
18955918
15896238
17508502
21442345
16010471
21712372
17228437
15527042
16467061
15575126
17981374
19378630
19328742
19000601
20009094
16088435
17916873
20064056
16564170
19225694
15814395
17559614
18332745
16489959
18588800
21417558
17379058
15815961
16547944
16893332
16963677
18638395
21555655
15788032
20056190
16111064
21255708
18401650
20617280
17334734
16305292
16740565
18227851
20469571
21471428
17099415
17116767
20438010
20920079
20800542
15597928
21307157
15590037
16773862
16415735
17998715
17932992
16584674
18700357
19001611
19433836
17219502
19100960
19907012
21879671
18070256
18312059
20429234
17546367
16989993
20144283
16838801
15884501
16907789
15692898
15603685
19650511
15949176
19934964
17000583
18323049
16403225
19947306
21460351
15937267
17037446
18186151
16190008
20433130
16294146
19899597
21419309
16461443
19449711
21402458
19758738
19117798
21507527
15586075
19254201
15990043
19835197
18190481
16183003
17125050
21741117
15829025
19317164
21511370
16846826
19460244
19198129
17174652
18723258
20470294
21590566
21863651
16815489
16082798
17625004
17522925
19077011
20298540
17855718
16628312
19893465
21791099
20695950
18842971
19175680
17855822
17431697
20920654
15963168
16254537
16720517
19101926
19751375
17375232
16886791
16128420
19480748
16722112
19443292
16060581
18591640
18240694
16518737
21030114
16633300
19254309
15932487
15940920
15914375
20442253
16023822
21391837
18183749
15574646
20480394
17557623
21591431
16543518
17681611
19597776
18680886
16928246
18557964
16410430
16923932
21515894
20178571
18072401
17577175
16342457
18592270
21540250
16295991
17035882
17211204
16006829
15877684
18613991
16819563
21378689
18472303
17108723
17768187
19795533
17592978
18179258
20690339
21086713
15915843
19118468
19709393
20736832
21170771
16344014
20565328
15589088
17942958
16398007
19293223
20939021
19428869
18547384
18336519
16511737
15668312
19765126
17188453
17823567
19080933
19916012
17853172
15682724
21413664
19149276
21193332
20923287
21376443
16628180
16423441
17224226
19308831
18360149
18655683
16101855
19679028
18264925
18381994
16522511
18662421
21556263
21576609
17520877
20674362
20523217
21853633
15567678
18204846
17091597
19877094
21167362
16603060
21665161
18504549
20014541
17406111
21462490
17227877
21406700
21419248
21300228
17335522
18513354
16480240
16369411
18308499
16048856
16135721
17828852
20873431
18768086
16719746
17582874
18340076
18709831
20978730
16357705
16757460
16642588
16126376
20127610
17461369
17892586
15733702
20210824
18379671
18946369
16573310
17453993
15730598
17356991
19280454
16959809
17319382
19114900
19390111
20540612
21417056
18550360
21999065
16516560
16955034
16278532
20551868
20017225
16268766
21482348
18959285
15552222
20531080
21210354
16793330
15770561
21125968
17826652
17274171
18580221
19220235
16877150
17397708
16398297
19208054
17318662
21105584
20673255
20713746
20064890
19728434
21671526
20848116
20498416
21501900
17360995
19489483
18982783
17328662
16245756
18777217
19219367
17344981
19628933
21228661
17138955
18825440
19822480
17761570
16869520
16354124
18809617
17066971
20299410
19772017
16340636
17503752
17720434
17932653
19947783
21105897
17506231
19731129
17601834
19352161
17361388
17093912
19832996
19355999
20828726
19317375
16432830
17165482
18275359
17762817
19201147
17987458
19739312
16537856
16097220
20437252
16652282
15603333
18577531
18519131
16594289
16580492
17913461
18487421
17442662
21282279
17919163
19366300
16027593
20447197
19628236
18954641
19268165
19492167
21572855
18358344
20439044
16338800
19655282
21158258
18039550
16866801
17128680
21145628
16108943
16447328
18657248
20645666
17287371
19605620
20029309
21109125
16102145
21162621
16055870
20065310
16182528
21631943
21560480
17296688
18179989
15963865
16116844
19142066
20215627
21605272
21701346
15966461
16948624
16934140
19581196
18775625
18778556
16426426
17432306
17645955
21893577
19022074
19202851
18720287
17375806
20144523
20395648
19753508
18203243
20814276
16566531
17224573
19455932
16252793
17535182
17584422
20447510
19949887
17443115
15775004
16164509
20434950
18160864
20565496
16685051
19910601
16092572
19260602
20423471
19227022
18042020
17205015
16825669
21558774
18675766
21207189
17987818
17937508
16094133
15869231
17149400
19559290
17208924
19769145
19940457
18183053
17727050
18792656
16024857
18382174
17089287
16834883
17599583
20003975
16096154
18026943
18261064
21510132
15729796
18215447
19068917
17671080
17853168
18369305
17187032
18197453
17252963
21155402
20231238
19919731
19242482
15817804
19392639
21545572
17907734
21334930
20531440
21305713
15673481
21175971
16724882
17329464
18186451
17456167
17446023
17956605
16728354
20104001
19244561
19455365
17985679
18808614
21521429
16749222
18942616
19287262
18845347
16175812
19705981
17496444
18505603
20608240
15749322
19703383
18240626
19446942
18027000
18434900
17897650
19095334
17646603
16943717
16620046
19273474
17932435
16842344
20535893
21913573
21375199
16761659
20639825
16521712
16101850
19226655
19663573
20450018
20850843
16781555
20545802
16634727
16875276
18154492
19901582
16823646
17590488
21786526
15519919
15787229
18096587
21530706
21251722
16689756
19842862
16531954
19811139
19514692
18804999
18951383
16110047
20736674
21486160
16620197
21197884
19074306
21135606
16944381
17135069
19401499
19271594
20166520
17009793
15590034
18987069
16452704
17111757
16095149
19097470
15802408
19958418
21111389
19542968
21353126
21192569
18242613
20663701
20652759
17969576
17416698
16763271
18377145
20185054
17356958
16492098
16212666
18380679
15622338
17695155
19545661
20188629
19412673
16779953
16528610
17000475
18194578
16626950
20183357
17518825
18588415
22013818
19653126
16754815
15970921
19015826
21254711
18721332
17462038
16870815
15913169
21586721
16911265
20621274
18822756
17582019
16629547
17760571
17169959
16945446
15630127
19882490
17955303
20678203
21415766
15683202
19732169
21480489
19774909
15680611
19832893
16962406
19786681
18065294
20453351
16542606
21496804
19265046
17894246
15949254
21262506
18090775
17927102
19564327
20620615
21074218
17710787
17704676
17641078
17064413
17824409
20208472
19155996
17910032
16872487
17381876
17886525
19351407
21189717
18372954
20662343
17682684
16471296
21450779
16164654
16014173
19264748
20218136
16223081
19480799
16708752
17654158
15620074
17932359
17374802
18615917
21551929
21813621
19193548
17437656
21209353
20543720
15967838
19247883
21426376
20711941
19830496
18357435
15528284
17287039
18217541
16641079
18650534
16179813
20739360
16293538
19957348
18296928
19956979
16553927
20610465
20398156
20827259
19643945
19070326
18286990
18626030
17418133
15947381
18445760
16517008
16245559
19411585
16097503
20857125
21410090
18082108
19430233
20025426
19467753
17845502
18049170
19061552
21483003
21059702
16477410
15933918
20334019
16682037
18269441
17549829
17122589
18637637
18837644
18279275
15742601
21220468
17477088
18349491
21744722
20308451
16490550
18437069
18414309
17077433
16608721
16509063
17565809
19397148
20931819
19462185
16012153
16423771
20086261
19740139
21500511
19783837
19805707
16487423
15816698
17457778
19266475
17152454
18044411
16926364
17324182
15565902
18317851
15750527
16439321
19467434
16648723
20134038
19700269
17416702
17665071
18724112
15974112
21298946
15960052
17592782
20924007
18454762
18312729
21089403
17061071
16964556
19797281
17626961
17223770
19757865
16908470
16892935
17544139
18337271
19335478
16430762
20335914
21894840
17584265
19233502
17138485
20511685
18679636
19263774
20731597
21636927
18508231
18372820
16830247
16271652
19884410
19251548
20925301
15912808
19419546
19806821
16342912
18443144
16148335
20460001
20441033
17984217
19338653
19621342
19942108
19573661
17496828
17556743
21402460
20351555
19947784
19343033
19543843
16237987
16323132
19718056
18942567
19719383
17100219
21853698
18082836
16429683
18332355
17049151
16920649
16193322
18555155
18161468
21805931
17296669
16996514
20085963
16634398
21087301
16195562
20156667
18183758
19208283
15829458
16118105
19672933
16030411
15658244
20539922
15531988
20005178
16893307
18609341
18260370
20108713
16808752
18705724
19374701
15672029
16223168
19489507
16615735
20307439
17142605
20331914
16165079
19167968
18294161
17456540
20699722
17213048
16368497
20397503
20216168
18444043
15639032
16826869
15957293
17182416
20299633
18545764
19763006
18295458
16153768
21086835
17851317
16098705
18928960
20379915
16752582
18076919
15756120
16536397
21809517
17006107
16331828
21411839
20026688
18039065
19172302
21655407
16483860
15672850
21803278
15893216
17428187
20562249
17694888
19715087
20923447
18705181
16548283
15530163
18567651
19300155
20169818
16417412
21167022
19055137
21214615
17536978
16679961
19721997
17880473
16533418
17994404
16482375
15861103
17059699
19228233
20701054
17644917
18378147
18196711
19708805
20728318
15690867
18648768
18380372
19139928
19400938
18431302
20816339
21241160
15997996
15743647
19952146
18973674
18354747
21418436
15713859
21658628
18978694
20542793
16594277
18989542
17908118
16019260
17489898
19436778
17625785
19366472
17619594
21723025
21404497
16954053
20831287
19460833
18021504
20413053
18069003
20645668
16971286
16602516
18538065
19378450
17586352
15992696
20461605
18182632
16979311
15643044
21298382
15758594
19323697
17273957
19605604
18095795
20602687
17118496
16279964
19842578
16690562
18577148
17884490
20163757
16046569
18801291
21665166
18378831
21129355
18439244
18382191
17582830
17548894
15542872
16267706
18678148
15931020
15836551
19551962
21436708
21258663
18551601
20230173
16886245
17373528
19694337
17577185
17895495
18789626
20562371
18538424
15830271
18266885
21789908
17002786
19234423
16174816
18053289
16945065
17015522
16416459
21532281
19306021
20564070
18709041
21418092
20888544
16387251
16476040
19840152
15645894
21376797
15768647
21324243
17486016
17472514
16719737
19371935
20464737
17574191
15575815
20123428
19831158
19898787
15930218
19169382
20220687
18816011
18404061
15622910
18325459
17140007
18476648
17070032
19817598
16266956
20208067
20511179
19250152
19767272
21659317
15738547
21053708
20817564
16496660
17047227
15638448
21536611
17468928
17726405
17306729
15987611
19104171
17323334
