16716875
16752972
16736842
16722957
16207267
15635789
16788117
16782251
16781555
16781501
16770842
16764223
16762127
16760104
16823010
16818841
16808691
16889318
16875116
16872786
16870996
16868473
16846826
16846818
16939851
16939847
16933670
16921477
16909729
16900452
17047201
17037708
17037475
17037446
17019551
17019550
17008707
17007714
17002249
17000994
17146138
17145910
17144222
17129206
17116952
17094359
17091005
17078236
17076799
17066968
17066967
17065869
17060300
17060299
17060295
17060294
17060293
17060291
17060287
17060286
17060279
17060269
17060268
17060267
17060263
16613409
16594405
16594227
17234572
17219522
17219497
17214422
17211007
17211000
17210996
17205275
17205001
17184419
17182474
17176942
17169959
17153563
17150325
16572755
16082914
16060328
16050628
16050306
16050226
16045592
16043009
16018134
16015513
16010221
16009877
15997895
15994340
15987058
15984507
15984364
15943158
15943155
15940024
15918423
15915070
15895546
15887817
15871827
15868029
15862050
15857737
15795803
15771661
15769972
15762406
15747886
15736601
15732427
15681882
15666676
15662184
15646122
15643044
15633074
15632320
15625950
15625921
15624638
15612239
15612229
15610343
15609748
15600065
15590340
15588367
15588366
15580109
15575117
15573671
15573667
15573451
15567216
15545244
15532251
15523422
20169649
20131588
19413197
19405342
19388383
19359313
19318458
19259870
19157185
19042266
18998761
18980927
18980460
18980451
18959285
18959280
18953730
18953729
18949956
18946949
18946244
18946242
18942562
18931891
18924291
18825851
18816280
18777654
18767475
18767470
18728250
18718991
18715965
18715165
18713199
18712234
18683450
18662200
18657425
18653000
18612035
18512998
18227880
18375626
18372379
18363496
18339337
18336706
18333720
18320988
17495557
17494525
17486679
17485762
17484247
17479699
17478415
17472511
17470927
17470919
17469367
17461372
17461371
17461369
17454507
17453552
17452604
17447086
17446614
17444460
17436863
17435817
17430711
17427369
17403912
17394619
17387067
17381818
17372789
17372788
17363802
17359623
17353752
17347190
17329313
17317078
17298284
17298264
17298263
17298262
17284476
17284474
17283295
17274566
17274556
17265666
17265660
17264698
17263062
17263051
17072507
16621784
16607408
16595344
16594429
16594418
16594402
16594293
16594252
16594246
16581631
16572746
16518300
16483091
16464768
16450660
16443137
16437328
16435465
16407601
16376739
16376736
16323712
16317867
16309069
16299059
16257620
16231569
16225338
16220613
16218236
16217973
16215518
16198772
16192178
16192177
16192176
16187477
16185588
16184617
16163438
16138793
16136927
16134664
16134659
16123466
16116147
16114809
16112306
16111072
16110001
16109300
16108205
16086507
16082909
16035510
16028831
16025893
16025636
16002850
15993257
15974047
15935081
15908676
15898686
15868673
15853873
15850255
15847757
15835012
15810764
15800825
22045942
22039681
22030934
21999065
21999064
21744564
21678746
21661481
21610597
21586451
21526526
21523985
21513050
21513049
21324847
21229785
21197829
21139046
21047035
20718390
20699313
20670780
20572537
20552920
20552914
20552911
20527446
20446410
20426298
20379915
20368483
21375117
20016955
19719376
19655667
19568215
19525758
19497899
19491750
19479283
19463678
19445343
19445339
19445336
19440900
19379638
19363329
19354150
19349457
19349456
19348102
19335530
19328930
19326315
19320339
19251831
19247883
19222636
19208822
19197690
19183115
19182265
19153954
19144993
20361726
20354953
19114604
19112875
19112873
19112872
19106285
19106282
19070826
19060795
19060792
19057428
18081997
18072606
18069516
18069494
18065029
18055904
18051979
18051978
18051975
18051972
18051971
18051970
18051015
18044414
18044411
18038517
18035375
18027000
18026998
17992703
17986020
17985968
17985967
17978624
17976298
17972533
17971465
17939528
17906058
17901105
17896725
17896695
17894246
17892052
17872874
17872834
17853842
17848468
17847574
17828630
17727340
17766905
17714050
17707080
17695155
17684107
17660496
17645955
17629664
17621617
17603377
17601154
17591532
17581242
17580769
17575444
17575440
17551420
17543009
17531435
17531434
17527028
17500618
16478890
16468253
16468249
16468248
16450665
16425897
16371123
16350432
16331229
16320641
16302552
16302551
16301565
21702413
20961981
20940586
20890152
20880414
20875213
20875211
20875182
20873534
20871497
20870972
20847024
20847020
20843982
20837681
20834034
20827893
20804887
20801918
20722312
20722310
20696808
20693520
20676776
20665117
20618596
20617786
20587758
20573434
20544041
20541896
20520995
20520126
20507692
20492062
20453825
20439330
20414822
20377024
20332284
20306935
20229456
20205012
20194255
20169648
20167838
20142027
20132712
19136329
19115892
20222234
19047490
19036805
19034836
19023953
19021486
19018650
19018641
19017370
19007689
19006595
19006591
18982930
18974406
18959570
18946243
18942568
18843178
18843135
20077996
18819691
18767477
18765706
18755830
18728298
18718993
18715182
18711031
18704267
18688051
18676960
18676119
18648891
18644916
18642609
18633680
18633037
18612028
18608613
18591571
18585838
18580081
18564789
18563014
18556665
18544043
18541642
18539766
18538977
18538973
18521969
18507328
18505636
18504095
18501055
18501044
18499518
18478489
18477721
18469294
18467287
18459593
18459592
18440766
18428001
18387225
18227889
18372378
18369593
18364475
18363491
18360885
18358685
18357435
18346988
18320994
18304060
18302651
18274394
18217474
18216081
18216075
18214069
18213954
18209158
18198362
18198359
18165378
18165376
18182878
18095037
18165651
19435180
19294827
18160544
18159047
18158212
18157484
18096585
18078156
16688971
21717720
21561546
21561507
21553575
21500003
21488564
21488562
21488559
21462877
21413644
21404732
21378619
21352432
21343276
21335244
21311271
21266889
18544978
15890639
17935047
16034297
16848897
19012761
18247013
20870685
20017788
20194643
19115893
19124816
20128543
20397508
18552410
15579477
15684841
16442422
16164654
18284670
17356359
19460680
19046244
20636582
19879093
19442539
17402352
18563006
15630818
19903757
17760529
18997599
17109707
15713915
18558181
16781919
16326224
17660736
19039051
21682911
17901826
18430153
20302257
19023840
18754234
19709171
19037137
19374965
19728434
20201667
21080297
19752055
21507076
15876881
20715304
20484996
17075364
17706205
16119672
19605620
17040358
20675734
15515442
20978249
15944166
19734825
17556151
18029543
16716871
15661265
17433182
21075319
20869656
19253116
21178335
19546733
17984481
22002644
17470093
16873049
17308311
20009052
19683407
17103033
20442353
20689936
16047995
16248259
17088063
16291300
18552686
15644692
17428295
19516915
16464258
17571336
19905918
17674531
21952571
19378610
19012555
19390870
20437133
21883873
21210354
18982964
15651587
15865581
15889874
21177745
17414332
16485588
18157958
21334541
19453917
16185553
17919875
20685063
20734699
19363751
17180845
16336555
17440306
19841416
16438667
16797268
16445483
18083167
20529078
17697913
17641077
19895933
18487796
16629917
18693944
17595715
15833008
17924270
17963879
15857442
19489507
15959746
20558463
18071076
18626699
18182785
16332185
18856125
18998896
18080170
16167717
16406785
15526736
16636958
17714536
15834838
21517787
17068679
19143586
17356436
19272291
20552538
16772777
21777720
18592319
17016990
16420214
16536870
20949328
17177076
17217611
19014739
18032199
16138950
15877551
18488774
19400363
21330485
20531080
17183621
19426929
17489960
19476229
20806579
20334002
19889472
19127235
18809814
18187135
17411894
19179217
20652210
19471139
17907007
19052707
19580220
18544154
18517171
16719737
16440509
19680588
16419462
20858108
17549855
20507890
15834256
17546313
17535613
19057466
16388772
17693906
17666224
20825433
18225675
19014116
20816103
19323716
21382047
18411581
17604936
20064134
16251161
18164456
19485424
21160141
18225845
18312785
20452847
21742654
19277873
20424802
17219935
21130967
18846216
17133206
18219153
16970647
16966667
17880663
17152028
15644831
16567752
16081757
16285228
20389315
19447305
19204854
18038294
19619095
17305269
18606526
15690867
18164944
16531781
17985679
16046569
22106759
17142702
18560145
16092319
21351840
19787466
19246134
20860254
19442325
21904101
19933891
17200399
20866016
16184680
19395649
17491445
19460091
18465379
18815950
16216095
21364547
18829260
15841887
21839909
15735597
19064862
16211440
15754924
20135903
21091400
19899020
19128315
15995388
15540670
21196804
20120851
18982989
17896880
18637140
20568322
18812806
19900742
16613400
16219959
20852513
15994028
19374682
21771129
21164389
20064197
19596322
17565096
15887923
21284562
19170041
19632550
21300228
15704328
18680925
21191167
18693996
21321466
15511325
20876087
17847597
17922171
15613144
19372337
18032162
18724884
17053928
22024309
19389014
18401054
15530683
18361028
19836628
20822694
17007161
18187111
18655687
19328439
17425147
16435158
15920650
20515883
17334609
20561840
17345974
17180555
19402568
17768578
17402209
18090367
20363454
19117499
17297331
19744291
17066970
15890300
15514186
20728004
15746480
21079223
17164685
20496777
17157094
21261474
17327187
16841376
15887946
18312731
20302995
21050955
21234819
17059030
17457295
17198228
18985810
20443253
18459068
16253466
20979599
20354057
18252068
17502804
19923007
20224516
20827068
20420003
15721497
15789379
21250556
18654960
20658353
21639897
20662865
21043321
15754527
16813539
15558403
16638256
18032682
19467430
21278670
20142264
21278650
19926387
21241193
19182274
21882755
16421185
21361119
20841981
17458411
16100531
15787068
18975476
17291832
17701163
15937755
17985963
18559018
15674138
17152044
16129380
19119774
15775808
18478683
21817972
16892657
20822270
16951780
19203485
18431302
17430455
19028141
18021169
15993675
19531558
17063105
15947335
16615711
18792706
17470706
17004425
19767781
20095297
21615911
19560317
17727387
17558067
19762367
16997634
21045579
18754818
17945010
17332456
18358296
20524976
18998822
21246967
19552247
18048503
18540687
20336984
18796049
15569904
19366541
21292712
18481622
20476517
19434948
16718578
15715120
17876966
21820637
16902289
16209375
19425876
19680792
19648983
19127537
20362944
16850706
19572457
15983707
16467285
20108146
15562219
15599658
15798595
18329157
17505242
21595813
17658420
21092431
18779884
19861904
21144199
20065013
16913240
20087122
21572858
16098383
17574188
18796510
20131442
18370966
18661855
19674935
17548401
18023958
17598894
18053268
20564090
19413074
18259995
16782514
19361124
21248579
19120855
15952478
17054207
18992167
17464153
19785564
18765177
16094224
20123945
17263052
16427131
21462659
19931826
21570018
20978428
18256976
17318031
17645537
18606325
18338454
18564996
18982881
17061473
17650719
16989417
17353491
18622118
18284317
20019505
20655633
17937508
17584352
17472497
18570223
16996137
18639263
20807441
21879666
21307391
21444841
20101940
18843950
19067893
19719075
19910195
21844108
16544011
20005501
21696077
18361322
22030513
16981970
19711266
19665915
21612477
21906397
20187099
19501307
17541876
19690816
18573675
17017312
16358084
20632122
21385082
19437091
16882000
17951224
17985682
21575530
16584309
16028434
20194402
16876802
20425741
18055892
20001872
18721358
17564542
20360287
18838730
18670472
19614880
18297317
17987457
20359655
21724782
19433953
19817520
17088920
15717079
19409867
17439374
15562345
15797150
20837612
20160538
17567229
16509963
17349439
19150265
20825809
19716598
16020009
20843882
19883881
17217131
16579282
19365937
17559479
15685965
17585613
20536490
19594682
20142607
16261850
15985441
18843605
19885069
20610133
21610479
20141467
19482459
20148769
17027072
17355362
20853355
22129251
16259897
17238363
18449574
20920232
18057033
19958936
16321733
21717621
17181683
17257516
16302938
15801998
15789509
17531555
17102240
18258697
19204646
19959048
21557168
20216504
16035980
15871932
19030843
20033786
18788104
20378204
18053501
17479546
20369442
20582753
21751718
21460710
18564949
16002028
17056771
20889518
17372793
17615073
15800811
20073551
18856147
17539571
20195785
17713366
19508132
18974701
18707565
20029053
17197304
19805708
18842916
17038111
21784713
20439044
15884410
18282633
20698194
15794297
17600602
16547452
21473969
16429949
17991367
20530396
18931547
20951873
20503672
16879417
19765123
15748071
20498011
21208412
21765263
21798470
18506658
16792045
19655602
20931101
15904552
15747916
20458055
16055815
16224646
17952627
18425603
16793492
19395287
15630681
20520261
15640301
16332470
18564887
18376081
19296179
18539544
15611423
15686809
19670018
18998806
17095499
19933243
20227639
17962172
18155575
17305958
17349824
16711076
20869660
17542785
18420693
18373574
17524969
16640744
20980769
16267176
18817024
19116700
15595402
17197061
15597001
18450676
20347839
18416790
19682355
17467117
19538796
16100661
16877039
16299573
18448858
17207278
18418291
19934858
16911017
17557933
15644644
19679028
18090144
15537585
18038518
16794886
16877178
18359418
16616269
17536651
19006625
21129077
15793551
18807675
16865635
15612844
20478866
16819564
18821287
17270279
15970921
21382217
17591998
20494284
16182120
15802157
18028832
20729729
20226943
15597832
19811109
15835203
20660530
16117008
19255264
18974174
20973851
19668123
15813439
18616052
16572537
20437869
19381055
20055199
15765814
15602707
18972235
17265838
16985479
16581638
20050447
17828325
19374313
15764941
16376146
20122774
17618032
17051886
17536991
19922930
16509434
17572924
19171057
21244247
17605949
16403149
16340686
18046517
21631936
16528610
16649832
15688837
19364896
20720611
19593032
19775850
18034982
16096596
20505610
17875566
21420535
16609818
16045420
16941128
21288681
20095098
17727585
20416998
17261205
20201248
19066137
17098155
15921098
17394683
17569465
16637961
16676671
19128863
18255214
16203852
15800302
20336674
15565597
19180404
17673114
20630118
16318056
21497320
17413403
19224908
20657624
18286995
17051292
16730578
19093681
19416567
19583899
16752193
19762106
20807992
18194405
15785288
15959428
18309865
21276337
20501510
15819641
16945199
17646998
21339402
20860289
17934042
17389414
17642349
16567855
17502434
15986788
16352933
16648728
21665011
16055775
21131574
16864132
21034884
19638142
19121927
17135800
19534368
17242600
18235160
19090375
19152929
20888787
17661804
17824870
18195310
17546355
16045663
18762530
19486796
17664515
17573272
17892241
20469573
17192116
17884363
20579160
21776834
16597533
17354156
19054954
19298681
16416759
16541823
19559223
17190756
16270739
19996586
18070256
21536611
21624865
16039957
21532758
17904327
18953670
21646895
16797440
19021492
16973953
20057158
19708422
19886328
17042709
18457798
17509048
20450020
17803576
21893628
15813155
17551491
18626054
17872907
20491383
19846861
16297579
19144053
21241983
19017394
15830766
19784620
21498782
19901005
16091028
20858372
18154103
19959919
18286973
18360202
21314594
20049773
21053264
18666719
17409919
17138178
20450025
17985101
19244475
21693742
20626482
16630413
17276800
17685829
19688998
19231928
21675642
16878218
20428969
18301109
19372127
15528285
16169794
15975757
20056214
16752881
17152326
15896696
21358395
16006462
21417056
17349147
18507893
21842015
17340706
20975928
20719233
20476523
16987445
15631276
19590818
17102289
16499252
21418365
17715167
19437854
20480409
20230171
18754190
20144366
20924007
16750297
16357710
16602515
19898925
16612288
18375674
18803577
16638773
19213516
16439771
19042824
18226759
20015919
20097641
20091964
17217474
20686422
18252078
18318001
16738988
18754767
17489898
17204509
16330134
15573006
19741333
20865480
20841983
20388863
21610053
21103848
17361586
19928714
18408963
16471110
16282334
18201504
15892511
18808693
21676333
18216414
20486522
15651946
19889408
19851233
18370910
17346025
18277553
16083490
20970062
20187428
17127156
19432915
17929709
17400424
17502229
17310739
17902455
18086399
21742733
21144191
17443553
19644900
20180482
17803415
16926369
18716530
16841659
19657252
21044926
17591410
16425949
19684045
21626999
18073702
17018197
18237315
15808145
20500964
16604921
17490764
17606335
19769206
16626361
17569295
18482121
17316160
20886631
19837259
17305036
16242331
17204738
15930237
17680101
16569249
20543208
19208850
20106933
17653493
18375632
21822074
20586911
16872504
16548283
19382172
20807445
16870055
19005123
17544863
21176258
17666979
20557413
18373100
19430389
16775473
18090868
19536019
19005956
21351221
21448826
21541017
20858037
16376025
17469426
19507357
17349950
19343033
16157339
15520701
17958128
16217214
19706673
20358496
17014447
21798119
19765427
17826094
20356429
20511243
18468938
18700871
17115134
21673219
17238946
21385448
20364781
18762647
17411559
17725614
18344890
17558762
18600119
17000483
19188529
17914647
21194484
18609739
21205046
16372888
18538219
17236993
16777687
16965467
17901183
16047500
15671188
18815843
15907850
21790094
16012448
16186080
20048248
17099195
17174516
19632805
16783533
17928606
21244255
20016421
15759663
18427032
18336687
20469571
17220761
16464264
20009496
20073146
15964371
17432564
18520653
18379839
16534044
16773256
20883883
16970653
17874086
19887996
19789389
19129293
16730089
16550895
15984223
21469986
21222328
19125891
15685966
20019350
21323007
21305312
20044335
20445716
17167709
17522829
18707566
20975520
18209148
21121113
20882721
20391855
21251274
16728866
17219944
17590366
19960751
19266944
16955589
20506507
22049637
21204697
15606709
20598825
20044669
19271694
20667285
16000105
21180319
18194624
16236662
16714461
16968424
15639032
18945716
17073191
20417824
17036695
18245737
16461448
21371646
19167585
17538077
20699739
17437383
18668611
16645516
16795980
17394439
16297568
19847684
16398604
16911752
16253066
17428187
18476853
21336136
19583782
18595303
18555143
17102217
20220273
20001871
18175415
20473187
19276220
20629426
19061024
17276791
19771934
20386962
19738472
17120130
21085475
19858354
19258094
19338185
18823358
20456771
16282272
19545399
16609323
20024747
19104293
15961913
15727286
16286431
15990963
16394838
19800205
20649437
17049694
21042411
15537137
16963366
19769566
16106331
16623666
17664534
17981445
20693569
19900939
15647734
20717172
19507369
20660807
18005911
21173438
17017842
18096586
20356353
18849089
21133868
19773697
21058958
21506058
16174815
19142317
20485694
16212824
21462490
17201722
19025484
20922540
17500502
19436289
16398385
21524448
15671318
19004438
16464798
15789968
19719547
15652439
19021302
17427985
18158437
19306021
20488575
16336151
18273872
15750551
15748072
17356033
18830860
17338202
17573299
18314811
16515673
16724375
18331694
19627894
17564102
21279938
19225027
17387060
15628658
16895242
17513549
16140699
20953729
18522667
17967220
18519625
18220067
20542366
21143564
16413555
17828836
20088320
17651229
17971554
19081417
18433476
20566604
16105850
20191888
18951397
21228095
17083319
19033833
20171822
17905234
19674454
18923133
15965213
15590227
19484840
20824785
17274499
21122753
16897270
16130359
20458105
19452737
20227793
18354823
18375522
18320954
18588727
15637949
21304096
17469698
18044379
16969724
19076663
18363490
21401482
19151800
19552150
19491751
21676572
16562800
19227631
16899987
20033227
18642620
19892446
19120733
19716267
20414114
18772181
18774131
20665409
17161934
19422938
17259659
16537303
21375430
15746587
19948297
16020821
16259538
17151898
17220677
20486411
19244697
16876728
21408060
21411823
17331259
18688058
16041236
15918790
20478508
20667055
15603685
19150541
21536963
17086940
19117717
20833622
17069230
21167110
20487470
21376485
15961914
20950875
16350354
19646716
15954015
20452620
17406167
18990025
17006107
20429974
19041611
21536815
19972656
18724436
16531858
19255979
18835969
20190556
18772208
17310338
17594294
15662054
17283959
18409256
19669104
21294020
18496022
19139444
21168247
16873812
17140014
17310748
16217567
19327962
18078261
19275835
17059699
19843964
18405009
15871756
19399008
16989129
21548943
17908528
19294747
21882518
20861590
18809120
18057844
15813589
17605624
19343891
17712643
16324493
19967948
20693890
16870080
18387229
17934058
16863041
20469729
16803741
17338833
21224329
17628193
21696241
17669849
18333732
17888785
21612747
16048432
15995152
18773215
15646524
17991363
20933109
16112527
17717804
19405300
20722815
21409418
19248426
21276594
19170955
17078237
21122730
19608320
18826905
18027047
18588787
19411013
19638984
21134196
18362090
15892423
19756479
17978387
17041167
18225970
15876987
18763552
20671442
17951982
20673358
21741007
18064867
15819165
18664806
19904852
17562731
21087301
16150875
20637393
16764219
21290908
19439707
15967625
20050791
21278666
20113704
16739812
17522972
17394176
17726636
18842223
15588358
18769104
15675566
18205964
15602142
21777396
18450615
19947453
18725833
15948479
18621955
19733460
21547754
18315681
21626479
16296927
20039157
17022797
20646901
19107723
18681339
18070223
15890040
16341680
19785363
16630997
18067659
20657023
21029496
16230764
20222404
21306423
21605381
21462581
18291328
21361237
19883346
20487054
20000030
20531081
20516766
17351843
21734208
18310624
18219695
17070347
17010555
19155195
20169013
19711135
18981190
18830810
16798179
21404720
18812589
18070789
17592973
16982297
21191202
19429768
20347565
19939813
16624451
19234424
20654986
17260531
15933866
15774778
18267996
18516757
21111952
19263354
15659085
18725002
20112771
15602279
21320942
20850031
17764038
18402316
17400145
18847652
16652282
21605427
20558366
19694521
17557464
20155605
19664527
18337199
20875204
21436666
18601725
19717826
19016254
20582722
20051159
19582469
19437396
16235813
18397559
19490136
18347365
19060821
18603033
19060727
17559670
15576226
20233676
15875749
17112147
18497214
20850709
15611316
15934264
19184756
17334470
17156997
20738745
18477272
21332106
20100854
19333659
16884034
17683656
20354243
17331094
20728325
17060272
18657041
15700480
21444251
20852467
16194647
18094791
21166869
15924563
19330972
17523990
21440305
16879378
19017373
19506274
17883235
17665819
20569255
19811855
16440429
18216600
19055137
17354512
20804888
16215464
16582707
18418528
16823890
19913183
16886888
19126332
20798264
21354820
15632809
16697601
19350436
18787451
21299290
21126816
20507899
20545592
16671975
16626950
17720351
21683491
20464541
19004139
16763271
20536590
17683100
16289065
16197495
15852052
20843886
17459132
19396708
20104453
20103070
17939464
17822779
18495548
20207663
16249590
19711657
17181681
17906310
17419057
18817960
21166070
16987113
19752703
21164408
20174944
18189334
15678929
15675902
15753505
17142584
15589081
17509286
17006810
16733004
19463080
17187696
17698343
20232270
15904527
21798736
19917175
20610465
21145150
20514949
20566394
16024421
15720709
20609647
16285420
20012158
16318057
20669596
15605326
19788406
18202987
19629691
17136375
17883596
19738146
17375545
18090186
21462758
18550360
16240145
19187165
18522561
15788078
16131801
17368692
19948302
17703821
16601514
19826547
18271360
17577175
16918782
18724601
17561599
19104246
19445070
18054818
17050292
19383011
19927850
15826792
17142610
21862750
16523034
21804485
21990415
19187169
15999958
16594419
18216080
17922369
16869522
19671642
18649644
15630932
18439320
19968614
19775774
18184869
18429739
15947381
15536113
18438277
20371073
20560853
19502852
18242936
20796072
20530172
21040560
21186152
15915060
16130307
16175716
17128542
19154304
17546367
17904500
21965779
15520086
15678221
17336865
17719746
19675253
21068644
21486129
16255338
15546647
20546168
19350050
18688048
18794474
21174891
21987954
15563054
19729266
19317191
20477855
20069918
17300614
19775042
18551885
20554626
18398757
20379919
16202313
18514930
19554988
17278934
19561555
17301056
19449606
16361395
21888198
19715087
19077024
17956527
16143267
20839582
17326727
15834258
20089573
20121010
17345558
20225728
15706158
19142799
21312083
19369190
20038405
18371250
18005515
17640844
15574713
17359615
15779615
17547752
20602139
17414331
16024978
16698510
16149976
17592106
18614445
20614373
17349490
16189755
18241954
18928960
19304803
15852584
17405807
18952746
19060814
22032021
18026029
17724535
18701973
21561512
19830850
18560099
18572480
17495563
20674334
19643409
21949183
18272320
20619034
17547270
16191139
19605604
16428972
15818096
15983282
19719908
16173835
20075558
21164402
16511612
17706426
16483096
21533865
17929744
20543249
19048572
17901596
16954004
19875529
19117827
19773646
20387594
18214033
17764095
20387500
17601235
17269947
16688660
17534085
17965396
15658244
19701730
17844723
15823992
16015516
17682443
19492613
19416045
18714110
20201665
18494430
16277706
17313066
16342648
18684103
17443539
19821916
20955186
19524494
20660533
15900805
20007654
16567985
21306064
20435665
19745343
20146202
19231935
16925344
16790451
16220769
19123072
16846830
20628189
15668597
19364890
17445099
19068049
18669114
16118102
16967665
20153457
17319398
17902526
16563316
18514825
16523990
19119734
16181185
17052558
20211406
19136335
16670213
20177047
19653388
20308220
20378073
20970042
20150771
20551430
21548351
19387930
17473538
17947752
17000388
17497309
18316256
18698529
17985962
20696498
16426614
15541128
21146658
17524864
21536492
21401941
16220059
17197795
19916821
17058750
17286678
21385083
18548418
16107452
21294769
18830770
18640446
17214891
21242245
17261396
18929435
20168014
17583402
20571180
20683302
18350510
18515442
19116958
17003701
19490299
21749554
18757992
17594915
17032489
16817296
21143087
19810627
18029956
19227688
18369306
19841004
20541279
17577658
17279528
20169210
17646128
21218703
18724786
21067114
18826901
17298955
18496376
18850534
16027582
15819525
20812027
16946157
16125999
20367716
17391574
16879798
15802479
19187163
17546364
20502176
21050450
20362381
15590209
19001918
18808053
19924581
21102295
18833890
18925919
18583303
16135494
17785974
17976292
21994319
18714791
18822558
18949641
20492053
17477038
19038900
17877872
16489958
18390258
15952477
19422338
21261998
16584674
18849364
16469472
20142568
21226784
21667677
17381482
19464561
19550215
18629732
15630059
16365242
21575155
17872608
17708128
20551371
18375258
20124020
18381020
20487419
18216637
20632191
16933822
20736665
21439170
15630981
16620164
15920691
16172437
15947898
16477276
16598520
21073503
20651302
16238512
20546564
18197437
20822733
19026477
20557260
18580428
16945884
21079484
16867122
16622263
21139455
21564464
15891722
19753952
18030958
17551446
17175415
20337804
16477958
16954093
20367868
17005051
20951090
19064387
18327343
16483098
19076460
21898328
16044791
16680222
17626592
16226371
20940584
19656019
17005073
19919257
20609033
19820204
20372677
15588030
21171792
21164393
16489962
20551695
17541554
18583447
21500514
16769716
15537470
18316940
16623609
18671752
18553064
16777612
16729530
18648946
16271654
16035413
16458250
18562834
15673655
19035076
16638478
17903047
17918080
20108142
20579149
19251834
17898243
17478122
16383053
17444370
17061311
17328824
16240973
17380812
18998874
17711974
15950834
18438260
17186528
19491151
17311361
18580384
18346629
18841254
19968450
21099086
21281293
18554650
17636714
18188910
20848187
19892890
17574193
17711934
17027302
20153537
20860575
15871640
16594860
19358736
15557354
17845880
19889474
17163227
19264195
17091104
21767163
19706667
18513106
15559624
17126459
20804882
17907712
21717635
21205059
21787162
18786217
16116357
15564731
18542022
20541903
17978322
19450074
17319557
18997595
18712489
21478085
16006027
16004095
17356351
20884700
15629730
17289461
16333558
21349374
20339604
17474799
21312092
21171844
17162118
19550170
18618579
18080044
15625023
17342854
20043502
19997077
16798145
17160432
17269854
16887319
15911198
20502345
21480788
18496090
15724847
21157187
20617664
16936529
20925710
18205251
17827082
16970561
20305532
16768331
19327210
19264684
19656110
20810257
20456797
16698344
17099466
21628032
18702787
17705852
16690264
18494958
17324308
17601832
17469479
19446840
19416050
20581001
16595543
19839947
18158525
17902163
17069973
20877950
20572093
18005428
19835742
20117259
21456497
15993676
17075366
15633311
17397374
17932723
19816624
19968454
21848452
19239542
19996464
17549829
16914696
17102716
20536517
18837749
15968542
19645620
17518888
21262506
20232049
21287859
21430002
18330192
19492734
19816828
18087681
16396140
20865975
15658736
19638023
18802808
17684169
15644659
17353753
19415965
18439049
20044415
20973999
20038717
19095330
15887792
15680527
18403715
19156057
20111916
18599172
19793235
16475891
16698621
19835535
16360700
17194909
16767024
15640639
18070262
18042131
17889736
16557152
20557397
15788294
20822037
18020289
21902115
17687192
18603221
20557417
17249632
20968214
21113847
17097648
16978923
18322412
16213645
18683524
20805023
21183759
16737170
16082793
21414688
17478645
19841923
19142461
18512659
16094750
17889102
21778801
17766564
15520107
20663751
17524196
18813142
19240613
17386311
18343274
17041607
21453911
17448408
22071936
16027505
16849306
20695035
21322860
17083278
21332838
20386059
17996763
19248376
21150517
15695833
19896029
18710377
15999092
20654823
20602848
16529145
15805455
21667674
18756487
16802306
19727041
16190003
18371553
17544449
18456983
21990151
17916588
15715756
16422039
20963668
17323816
19405421
18227851
19709798
18196690
16244203
19820484
21532086
16792517
20517725
18534948
20627817
18804707
18578463
17584389
19150197
19619068
19107835
16315391
21555652
20141026
19366499
17905252
19823972
20467018
15994607
15682016
19223909
19836605
20045208
16092629
20173619
21991750
19937614
19800257
20587062
20871510
17212864
16544674
15531936
17222413
19823968
17372803
17616432
19192004
15526053
21887975
21362785
16944381
21696240
19394018
20716657
17161809
21426286
17937252
20568317
21884609
20827777
16630428
16938672
20673155
21332777
15571902
18073583
20716901
21314579
22124875
16879549
20026893
17081930
19778705
19422582
19353347
15577710
17033234
18785460
19442915
19353407
15655922
18229731
17944588
19634592
18700088
20861737
19010578
17311239
20005317
19608827
17975393
19351009
16329222
21075729
20090658
15937632
17336480
17883635
17346386
18826994
16804364
18778909
16720750
18179503
18047450
15761452
19888021
16755664
20077790
19300218
17408858
18404061
21195944
19383199
20609099
20146803
15707807
19610499
18480112
17725128
20557383
16316685
16618324
20211957
21422955
17205835
17224699
21651372
16422713
18856094
16086547
21762837
19582523
21524471
18271651
17652646
17617014
19723866
19019733
18567130
19707124
15917008
18936266
17375232
17568328
19317204
16930267
20654869
17187348
18223578
20363189
15672029
17899044
18236875
16029977
16319257
17523576
19704289
21342041
20495594
16950738
21471081
16370506
19427776
17205125
19912095
16638946
16594289
19786671
16696861
21478662
19473211
17444851
21818013
18941918
19826326
17615718
19388505
17042399
18809811
21247825
18363510
20654882
20170324
17873208
16883975
20192817
21214376
15789291
15934573
15889867
18248406
20359693
19934461
19095834
16594433
20857189
19188546
21462754
15786386
17766519
17934144
20014712
21111678
16425810
16173302
17691520
19572921
19890086
17688377
20873675
20653352
17960433
17410509
17042816
15969765
17175676
19886088
20074907
18291722
17092375
19602646
21943294
19912132
19807235
20825903
19114574
19637528
16680061
16096148
17063614
19158646
17098393
15632754
20480775
20462417
20836635
17520998
21207825
18602875
17571402
16130925
17331245
16310599
19853789
19643951
19033337
20815752
16133644
18005373
21409670
16292072
17664502
19447845
21424311
16641129
15574526
16102767
21480489
16671364
16737503
21488749
20943615
21502256
21721874
17260560
18687268
18830841
20200830
18180903
17015506
17630451
20429036
20202269
20690276
18269678
19437904
15609214
20937590
16466350
20603048
17326557
20152088
21447047
21039750
15805555
19523057
20378307
19941779
19748765
18666451
18164302
21320230
17650090
18512376
16516552
17084766
19366395
16317333
20057330
16689110
19514130
19667686
15582339
19197178
20049547
17926605
20163700
16553673
19171821
18839647
18752527
17978610
19119031
15656150
17600599
19259269
17440423
17385492
17454796
19643560
19328417
16634121
16980683
16598862
20173438
17083753
17287371
18304285
17279205
16595201
21657867
19085003
20105588
18792439
19860315
20552929
21344984
15935421
21308645
21418581
16892667
20926167
19551962
16894924
16996187
19194456
20303156
19259073
17239061
17263180
19813165
18411951
19395934
19839515
20159531
18972100
19227022
19962609
18172797
20049603
18326343
16287523
21140738
16443392
18941437
16427965
18678149
18492377
18269541
17214251
20107291
19049697
17367440
21447221
18041421
15653250
20981480
18779459
17599469
18074416
19091932
15544693
19657880
19840086
19282060
16519072
18394447
17258332
20719008
21125031
17591606
16871857
15597141
20724873
19001919
16802653
16679892
19167629
19860304
18597730
20572429
17612998
16859869
17142408
18443303
15711342
15575189
16878675
16336025
21596210
17472761
18042102
17059494
16255327
18517166
17391577
18328244
20071868
16179169
16977713
19675323
20122779
20508678
17942958
19207552
16719746
16083530
18438158
15611432
21282277
15940920
18000675
20149724
19864994
17986073
18280847
17182416
20486528
16502828
18157487
18348367
20393350
16449995
18799004
21952066
19712845
19327081
20375351
19743495
17685995
19957822
21782168
20633727
21570648
16807169
15777026
16332469
17426490
19820278
15797155
18261063
17361918
18603536
20173631
17491567
20972712
18215499
21343937
17083318
21532478
17716787
18558884
20941464
17206232
21714418
19359085
16280926
20884161
19151986
20812556
16266649
22096814
16830847
18441273
19901567
21898325
20803405
16256291
18029511
21072007
17096051
16293161
15660707
16169069
17717485
21073773
16700693
21158339
16455183
17058756
20403093
18279521
15712680
17592345
19105561
16002963
16308068
18538195
20163234
16177996
20807119
21244256
15590221
16276216
16315770
20429487
21254487
17682122
18345369
15532179
18405345
19788756
18647977
19020144
15625966
18472244
18222219
19950037
18234042
18776749
21352629
16242291
18092495
17915066
16132895
19958471
18363064
19397148
17895516
19250092
18799496
17689916
20718818
19963148
17371147
21292049
20979574
20354115
15616404
17467351
15799305
16518180
18035097
19655282
17474588
16276131
17608648
21386081
15792339
19207506
16610497
16024021
19335478
16388192
16875103
19372121
20409062
18449833
19385387
20184233
16789336
16411360
21301699
19069137
20860610
20333953
19915902
19002485
19938426
16336373
18380316
17667645
17474128
17766759
18221541
20836418
18394860
16759046
20572431
16097606
20682570
18206144
16012548
20964149
18513280
21667573
18163137
17224226
16752582
18295216
17518797
19104247
17324175
16034507
15779513
20011821
17068348
16332465
19265607
19320132
16602548
20209715
18431894
15644701
16249927
19060794
18768012
18240881
16163954
19080875
21486352
16467061
20547596
16967734
19451479
16030369
21419262
16371822
15657688
15836534
18751654
19141403
19650287
19142780
16258930
17954873
16565277
18846365
18791406
21429772
19811630
17568871
20940568
16142573
21684412
18698236
17980834
19438672
19752082
21982520
19250362
21160349
19410102
21311711
19486762
20733276
20552915
18848669
20088190
18242941
21684416
19325403
21060121
17536221
16076895
19887191
16632189
18488426
18808282
16471296
19279436
19793720
18426467
16703229
17103108
20429125
15741716
18350940
20132576
16901701
21497248
17853370
20093280
15896625
20923512
18667869
18593836
21125755
16605228
17020643
16723929
16239819
15740815
20188318
16092572
16700241
17661967
20550019
17594219
17850291
17942272
20660471
16940346
17004173
20700769
18723729
16489576
17689372
16188036
16719998
21368514
17693675
18700086
20642050
16457031
18565816
17908126
16500251
21626462
20697269
22164909
19065505
16481639
15591887
15849485
20603732
16418201
16178340
20308885
20697468
18992627
20592548
16511380
17643574
19574751
17931309
21159391
19892094
17133305
16310679
19581526
17957917
15838965
16336549
18438134
18957455
15916231
16915297
20512743
17244514
16739214
16131645
16123260
18362259
16093967
18636539
16062166
16268752
21413664
16807570
19653615
19711462
18684359
19124977
18681246
18539977
21128694
16608722
16736818
18768026
20861105
18842158
19918153
15597007
18450873
19839531
16907794
16651304
18370359
21519399
17287841
17425749
17905084
19018126
20564063
21252831
17991908
17461316
15714932
16621563
17183058
17053853
17474361
20671209
17456169
17698979
17626961
16827928
19448495
20453061
16936519
16147819
21109915
18402680
17578455
16323488
17679660
20605266
17257444
16949288
17018170
17390706
18773321
20077796
21799327
17826210
19247096
16698507
16773286
20159456
21546742
18558934
17111639
20383490
20224999
16141104
17947893
21087948
19013047
16285343
16240882
17482301
16322679
20393753
21514839
16615659
17652683
15980925
19725210
17126457
20663592
16916400
20179464
17478471
17676236
16299885
15776072
15530846
17283960
18493127
19243729
16640135
18725354
16961098
15622815
19271362
21813731
16131281
19133494
19806287
19087770
20227903
21555673
16454978
17060222
19032074
20188629
16864638
21456496
15562948
17764606
19359016
16055870
16222349
15934559
19925463
21120767
19573771
16519091
20159129
16368178
18162451
19591021
19805769
16450511
18322044
18086453
19483114
19124861
20935582
20005618
19405310
17039986
19581237
17228210
19560693
17197793
17124908
21456398
17375685
17845883
21119100
19197686
17914293
19783081
17509285
21144637
18384011
17879354
15596927
20308644
17427669
16129006
19188133
20403513
21141263
16875198
20525473
19403202
16227866
20846225
21483008
20426633
17373097
15638354
21305481
19737125
19480376
20824450
19208816
16575088
18061797
17643979
16431186
15870587
16953356
16606431
20737229
19065866
16032428
19383620
17204769
20191170
21039231
20183899
15896928
21182343
17164639
16411877
21862067
19653332
17131574
18258975
20464519
18469734
17102477
17310658
19891814
18196490
20799486
16633764
15644685
19965568
16034337
16260792
17802732
15519899
20028284
21324859
19760154
18298777
15891317
16646218
16185370
19286344
21641222
19782915
18770101
15612142
21088736
17873570
16409600
15647079
17992134
15798852
21481114
19245091
17565929
15912291
20049075
19687374
16630039
21402459
17207006
16006859
15833226
19591512
20393971
18260804
21176305
17624015
20177037
19937780
17329643
19256770
16798221
20615918
17621972
19093352
18524338
18094296
21568969
20940649
19947782
19896314
19619376
19207525
18378805
17298133
15934547
19327572
17133898
17298604
20922343
21488763
18605513
21057800
18277222
18997524
16582517
19757735
19300088
18294351
16250385
18629691
17239232
16762800
19930570
17464538
19650541
16759963
16263639
16174816
18489065
16808724
21456500
15646867
18804085
20397808
17872553
19863288
21784764
22039729
19818128
17258670
17390192
20552306
15934550
20722243
15976565
15848317
16254657
18709808
17099573
17701384
15544580
16187933
21419250
20965610
20584809
19430233
17356352
16520999
16995478
19693662
18396367
18574368
15992472
19735394
17096457
17681763
20713796
20586348
17714907
17404896
19195050
19055408
16616171
21029281
15950830
21329123
19204855
21237363
20214707
21276536
20364411
20691142
18533313
21634146
19728246
16102142
18232612
18774048
19335672
19394523
19247081
18034817
17654380
16502760
20411889
17265411
16670259
18546569
19623470
21553513
16740464
16225683
20220631
15754194
19543407
17585519
16520265
19271660
18031482
15945574
18257047
17300919
21471578
16259627
17146311
16538848
16181155
20362756
16483724
20648099
17289465
19522312
20484948
18029393
17435991
21263348
17044433
17727406
22111268
18605344
20659976
21316564
18570847
17714237
17522193
19042482
19305226
16926716
21531683
21494781
17042817
19736262
16354222
18619084
20526117
20950726
16539622
16923659
21108661
19689494
17724240
19695843
19227014
16981076
16834875
19327312
15800153
21547859
19485856
18669810
21776931
20029413
16125029
19458511
18702806
21053754
19397163
18074870
20136958
16968429
17604069
21216080
19725299
17537280
20214847
17920226
17224350
19773563
16783553
19595570
16607599
19469068
15625661
21107514
20219433
20453758
17709172
19659407
17138486
16714366
18837645
18839742
16286904
16523587
18269433
18998904
19183236
15940881
20628830
18550782
18989209
20092226
17901270
17298454
21938971
18032364
20857671
17955077
17214919
20077809
15552378
17455809
18524380
21514641
20481075
15892507
17891047
18179674
21489268
16978958
17111052
20105608
21739886
18326458
17224839
19536965
18079085
19723268
20585212
17939006
21094053
20673256
16249136
17162544
19573958
16148249
18612531
18681106
16484714
17319202
16808129
16912338
19358074
19948605
21462458
16502384
18792440
19046558
16166409
20015124
21361819
20331546
18519116
20219315
18770934
17958989
15566584
15582346
19620220
18414327
16152877
18639660
16597495
17958932
15567739
22096875
17846366
21654240
16974179
17117194
20564632
15537404
20083918
20402374
19476597
19131469
18610926
20445451
17518884
18342588
17884592
17540639
21265631
15573349
19860301
21474201
15551663
18254457
18579928
16951513
18693795
20409115
19550262
18845046
17603834
20029430
19051976
18587619
17977491
17094360
17043948
20210265
21725233
18837986
19813360
20116308
17052089
20522076
20204420
19307120
15633057
18279993
15940892
18638330
16719180
19387125
20222486
21109549
18610923
21521456
15838441
16807773
16608371
16415627
19938442
16573879
21136032
15850870
18210161
17337347
19588661
18524373
16676288
18018957
17452926
21346444
20502170
18558183
17092777
17929507
21060123
20191516
20813332
17620162
21316540
20024732
20031877
17515684
19354155
17266420
18042470
21689042
18978325
19194641
15728071
20397323
15814395
15574714
21341930
19962600
16411421
19267369
18241751
18394856
16642247
18569197
16415633
20650440
17410403
20974057
20583316
16444125
18026022
16899840
21129159
20630000
16861012
18998431
18520668
15724563
17062536
17426499
20516818
21125968
17592961
21098322
19118912
17640283
20804947
17562270
17394596
19362841
19935109
18436909
16702204
16430401
19014424
17469387
17728595
16232104
21207737
15912412
20441108
18998972
19522378
16331364
18972089
17936142
18188161
19098617
17669639
17633836
20706191
19838840
16760179
18312990
19904854
20628656
19369508
16719016
15966919
19227013
17273957
16960490
18951383
19451866
15912603
20606482
15774399
21944620
17701633
20489383
15770561
18788984
15920209
21033379
19375786
20351023
17923784
20142390
19254200
20841642
19221080
16804697
20623685
21470276
20100749
15789885
18678960
21218702
19191819
17415099
22069920
17233432
17310663
17994508
17005817
21184362
20487528
19077807
20359145
19354054
21522019
16951616
16972604
21500016
16719186
18697967
16297577
15991591
19166399
18217874
19225908
16332190
15584687
20963676
20371031
19223800
16713013
19712124
18829213
17673060
18979955
19239078
19744955
16874119
17538757
17581244
17525086
20961414
19115883
17118054
21931027
19183094
20563730
17604978
21146672
18440918
16604801
18811573
18684181
15964445
17140121
21362042
17575764
17436792
19602171
15882364
21469474
20367724
17150257
17560165
19462279
19027618
16422715
16010186
16281697
19220235
18334689
17685912
18234699
16028803
17245547
20493768
19820574
19492167
15564786
21910307
19756491
18176852
16010188
19945081
21146167
18381184
17003763
20064269
17941522
18582145
19795533
20672736
17440782
21615572
17464573
17678514
20531197
21669951
18563008
19577704
18253800
16633970
18996769
18269550
16731071
15726544
17971391
19542198
18580222
19146069
16813966
18431292
17678607
18300739
17443076
18226488
18047501
21888046
21044137
16212849
17695561
20409138
18535644
17092453
17096652
21941706
19855360
16326213
17520881
16754815
20644498
17454342
17083557
15717336
17033601
17999405
19240784
20186874
20538110
17566476
19900131
21910368
21165716
16708576
17089287
19260366
21246379
16103670
19019809
20005248
20949806
20403641
21326027
17468510
19874496
17175678
21192569
21307111
18197449
16403225
17133682
20047130
17400862
19018905
17345598
17653447
16544059
17165478
17295995
20308660
16296911
20336979
20058534
19028331
16266960
15531959
20510699
19668280
19596352
18561848
16301469
18581690
16430334
21886036
18090383
16208592
16924994
16646758
18480606
21403042
18000079
20579640
22058396
16131769
21788585
18366380
15884222
19856075
21879998
20435435
20041613
17279193
19006500
17359569
21211076
17329060
21287921
21164394
19860093
21371373
18688054
19948609
16323619
20202395
16247636
17541326
17135854
16995560
18466649
18201796
21528170
19482375
19842526
19489086
16422748
17996639
20821832
18221465
19623042
21050340
15573668
19484951
17240252
21403050
15682529
17518164
21409708
17557506
16449393
15913210
15759205
16024212
20003350
15650513
19486965
20022857
17907756
19689757
19702814
20411613
21480087
20933365
20502146
19101774
18672852
16176494
17439678
15787075
16150775
16676811
19234987
15822366
17975398
15600037
16261779
18488837
16601526
19467147
20142743
19032711
18294032
16438097
21476166
21457410
15513801
15745282
20338377
17063090
20981638
16773482
18449834
21684395
19966703
21447572
21155699
16678905
19865006
17298258
20621751
21111557
19948026
16153378
18292422
19297101
15624293
18452048
21714189
17474573
19021090
18595587
16848354
15870791
15853783
18519466
16549028
21761614
17071936
21465926
17476142
18380266
19345629
20088340
20360427
16104490
19401125
19629150
20505612
17996108
18563031
16841084
20415078
20078323
18280735
16927733
17905052
15656240
15940891
20605087
19006956
16889320
17618630
18261697
16084800
15914746
19539455
15628049
17249312
19373148
16871911
20431857
18777972
18340988
15683143
16681123
15891350
18320906
16512033
15628169
18562985
19156945
15572502
15528578
20655660
17667931
15917504
20639745
17503119
18987511
18515435
18771637
16184696
16253259
15912690
15534158
16908470
18500280
20368223
15965189
17698684
16730101
16755817
17960430
16776387
17942229
15571880
21682968
20690303
18951399
15715179
17983989
16862020
17610611
15668270
18458853
17290030
15785330
20479349
16968433
18777789
15909434
19517668
21309430
16955453
18254433
20354244
20450122
18064944
15579609
20625573
16932085
16022616
18723450
19721022
18709831
21524002
21057139
16938458
17674610
16584553
17254924
20687037
16108943
19739511
19252113
18533591
21378689
19120718
20122509
17727586
17955741
19944367
21116142
18830138
17267389
21419559
20174908
16391984
16426952
20222397
17583103
20116145
18787443
17990424
16986355
17785686
20158550
19276225
17079612
18083675
17639635
19059568
19517579
19660208
19880918
16218153
19107304
16273817
16086729
18990207
18387070
20116791
16294765
18616438
17307621
16190938
20213432
15857323
15894461
17506893
21674430
20638866
15942390
16381348
17872670
16114804
15586550
21591404
21473663
19489805
19682775
15569900
19494680
15526628
20502467
17391600
20227648
16517778
17287229
18973896
16618235
15834361
21129007
18669455
18798712
18539874
15936427
16557124
15930214
20678890
15807759
20003967
17194412
15605916
18658242
19866538
19648844
16472495
17695825
20540390
21757138
21910370
19385362
20842612
16527004
17393898
20509784
18828169
17224856
15801523
15532206
18195312
20706825
19950735
20932190
19253199
20848833
19132574
16964771
15815963
20132369
19685084
15991107
20876086
16728290
17905104
16393440
20196310
15616425
19949764
19648091
19393482
15520160
18785349
17330709
16897379
19585071
20499710
19734778
21555502
16389157
18630018
18679147
16208533
17412171
21504260
16126738
16721137
19745417
19304785
19056024
16047987
17370138
18515436
21966720
18839723
15622910
21572061
19683093
21032972
15612398
18445925
19058074
17193836
17641318
19900323
20081127
18293872
18367776
20183366
18836687
17484705
20004396
18246862
19623054
19830851
20813491
18320903
19907370
21051886
20505425
20117563
15687897
20580142
18472623
18708220
17065540
18515034
19694153
22164907
17624678
18021504
17896245
16285419
18752660
16874440
19669680
19553067
21085909
21388011
17537010
21870751
17133136
18216608
17720359
19296031
18380609
19018888
21457695
19549300
21295755
19177733
20032766
16996767
18812804
16330385
21949275
21665340
21038530
17679585
19112086
18365512
19437910
17655537
19187554
19179322
21584945
20541069
18448727
19763699
16972449
17318982
16093369
16024417
18283063
15942343
19005434
17454280
15740172
21848600
20499769
19811835
18402705
16442476
21419258
18283770
17874323
16984535
18320628
19217498
17233189
17926776
16466343
17468786
18232582
19723274
19531034
16910823
16184721
16879087
18367910
17555150
21718834
18280827
15884205
21099083
16464275
20373929
18702651
18612053
17518864
21186157
18607555
21164109
19413269
18422265
20152221
20625025
20966859
16636025
16805192
17353493
20350886
19301983
18390044
20593693
17276329
19546455
19925399
21291051
18990007
15564279
21335930
21488034
19104261
17598687
16202146
15750050
21560954
18426465
21206288
19105821
17027880
17400253
16484910
18839886
17224695
20002715
15667389
17971696
19194132
16136875
16463240
17081188
19183307
21694729
21062548
21438677
16618916
16001877
21133299
19866508
19845736
18042596
19350874
19328676
16324070
19381051
20706892
20587755
17884602
18697337
17551431
18824833
16265962
19500720
18190558
21388015
15957293
20593652
20701237
20461946
16955638
17265661
17241853
17342849
18045480
18931273
19967284
19448466
19688635
16313373
17303385
18926036
18087682
19152681
15887749
19438100
19464755
21557016
16582855
19279488
17969829
19587027
19250024
18423716
18648766
15690831
16324541
17414277
21193088
21534900
15802414
16462446
20077795
15761629
21709523
18443391
16573310
19247696
21170816
19811604
20405396
16119180
16568232
18573018
19344195
19686271
19343845
19551656
18655644
19952652
16988299
18407380
19838851
19067982
19135081
22073589
21243328
18979996
18560296
19665619
17601738
18577148
17163095
21661529
20702891
20401600
19509210
17458102
15707259
18437938
17324097
18096228
20807969
20678681
17803578
17718731
16294182
17443556
20604649
15839236
16455323
20077803
15835624
19189601
20442008
15737277
19271589
18385570
18361951
20229043
18556643
17901832
17233147
15923969
21133215
21073777
15734138
19842953
20369722
17973810
18759983
18613786
20663077
18672820
18311086
20560955
21434551
21244252
20200284
16749539
21115294
17094064
21219087
15984399
16933576
17543431
19587582
16201415
19067933
19675529
21841286
16054544
17210426
18053101
17662156
16907788
18085601
20735503
16708980
19829099
15787103
16638142
18575289
19623510
16436084
19536988
20170325
15646092
21393392
16507096
16547434
19656372
19293351
19534181
20042244
18265802
16106686
17095336
15983886
17070458
17087418
19134063
19620146
17941415
16709021
18312641
17077631
15867120
19300433
17135646
17220744
17997265
18442305
17404126
16379462
19237924
16823646
19655523
21246451
20238152
20226557
16477415
16440044
18787958
16108414
16847298
18552321
19447319
20171557
20185980
21496804
17401771
21291326
15797153
16594292
16235285
18028021
18423067
18184203
18807396
21057070
19216749
21299760
18444857
19269405
20464718
21693089
18275399
16318109
19193548
20357082
16420546
20639791
21801562
17852998
19554798
16648083
21890093
20592707
17692494
18096388
19671646
17990156
17901828
19416419
20507049
17133142
20215334
18395142
16960030
19024418
21207009
20559055
18160861
16765535
17449215
19956197
17889000
19745325
17560961
18981814
15581305
21902899
16530121
20674430
17874873
15842183
20636192
17909431
17711615
17713374
17265821
21488764
15865552
17419778
18406987
18994651
18788122
18240655
19392974
20864347
16563626
15944496
16014990
22106464
17498166
21590566
18298470
17560957
19765806
15799988
20801921
16752111
18394032
15608112
20841722
20853654
16424717
19996471
20025162
20202779
15625660
16481838
17081941
17892143
17444429
17279204
19049726
18202986
17299869
17341751
21288120
17712233
20003975
19423391
15892316
17221178
17187718
17986499
22031346
20362492
16053415
20369642
17581793
19239664
17615464
17131719
15804337
20797948
18190369
17672819
17077409
15937400
19261197
19817274
19874100
16688662
18210983
15976877
19694105
17441441
19507359
16640275
16547786
20081732
20841749
17954441
17418656
18371168
16567983
17516489
21446923
18393080
18275405
20369755
18186494
15718626
21450679
21684391
17973700
21411402
16228169
19433704
19745637
18454689
17461706
19402840
21323461
18942486
17945364
19505748
19405301
16123894
19826024
19784911
17390981
19538106
20235082
16865349
15694498
15515856
18188761
15567653
17017049
19625548
21564396
15549016
20134316
21411822
21185221
16708453
17376345
19627048
18430276
18322741
19577331
15631643
16788086
21689004
17249394
16101709
20629461
17524962
17689809
20351550
20089625
16629007
19805653
20005484
18212186
16034260
20229072
18234678
18847430
17564403
19324327
18482118
18953195
22049636
20179250
18550089
16450722
16366372
17146139
15833477
15714072
19020397
16678599
20420548
17283821
17849823
20044327
18669704
19927860
20407030
17519264
16331465
17047227
20160554
19573774
16330606
17244012
18209847
17142527
18668176
15775746
20538959
17689442
22029120
16490550
19018885
17494453
19130383
16609309
18450675
16170525
19142279
15999921
16937841
17929734
17017584
21364129
16650120
19859000
20333415
20513695
17273485
21030490
16916414
19270632
16149981
21612463
18050051
18596118
17188854
16764400
17148527
18557433
18946578
18202934
19309488
20198835
19237501
18772298
16005415
15890224
15521337
15921798
16225336
17408822
21835282
20025804
19807959
18617706
16728939
20473214
17535182
19609188
20384560
19757187
16506212
18705261
16833053
16888512
20943606
19331058
20836340
19073518
21941040
18551570
20004439
15655338
20149236
17445096
18086958
16142017
20965458
16338916
20214789
16719429
21606108
17149086
21128576
21209304
17178737
18823688
18976234
19488789
21093373
22078678
21710873
19011741
18021149
16379512
21915586
21651366
21510151
20374986
18414329
17028632
15737160
20202778
19880830
18349006
17341747
17136936
16595018
16480405
18389029
20141090
19346160
21555674
21126675
19197608
21051920
21254812
16483099
18578767
20929944
19035060
20848981
16823009
17000476
20845194
16130843
21673285
19360209
20923990
17522465
18399869
18261155
18520654
16872121
15741409
20495104
17055634
19073656
18686910
19403469
21467002
18834738
16752053
20189267
16322414
19767049
20731283
17130096
15633316
16134677
17099994
16398889
20083413
18822492
16781374
17877871
15859962
16423299
16684705
18725035
21226847
18047449
16452896
17010557
16524967
21406671
19875747
20655522
20509306
20955603
18689581
21263318
19024665
17011257
18050243
17102442
19661793
18460266
16749297
21916106
20451936
16508295
18826783
21388907
18043275
15956826
20690890
20189748
16485366
20229190
16027349
18178923
20109772
18709593
18330403
21053516
16410101
16821462
20598493
17453984
20186647
17576245
19690106
17655530
21053704
16006914
16681228
18386076
18048482
18785459
21167040
18803997
21424965
20349624
19575721
15630077
17400513
19721026
17479528
16965558
16358088
19092494
20227643
19335154
17499670
19469048
18566204
18523492
18179534
21571237
19051612
19260581
19064226
16529849
16827205
20158980
16370545
16285172
21193332
16985398
16420107
16892774
16034476
16144244
20451661
15614663
19608123
17266765
20091379
20415291
20010234
19285666
20334010
19264748
20418007
20667584
21630628
21368536
16485800
16477862
16814217
19436690
17667253
15756880
20830836
18379288
19820852
19929185
15630127
19103915
17315489
17532231
15967039
17611983
17981088
16018301
17074871
21761595
17135872
15992204
17149400
21664719
15730508
21721495
19140357
15754429
21515541
20633738
16921480
21299991
15800007
21449779
17700952
17518166
16860965
18705786
18507891
15760511
17897148
15994126
17000350
17475988
17120919
18832500
18579144
18521990
21135606
18420323
19635302
20220670
18649244
20508688
20582472
17063419
18596708
16754831
20092117
19788092
18043220
17766498
21762307
19215309
17824940
20688252
20063616
18373955
16947045
19591366
18489775
19338653
16351518
20380748
17848041
19659846
20337205
18258576
16097930
15967558
20003039
20354409
19086705
21719626
17995557
19612973
18035070
20961281
21717149
18588670
20530127
19489988
20168196
17709688
21459494
15631265
17228826
20834035
20675413
20125211
15558987
20013572
19663240
18229651
16171072
19249411
19951223
15644641
16985405
17597556
19408554
20485134
19590468
21673530
18287181
16078408
16252084
18350755
19423279
16824170
20442658
19194144
15759161
19893381
16534404
15869559
19035033
17597675
19005339
18494406
19700280
17851351
19655471
16962407
19387906
20175356
18342653
18989681
20836948
15973518
18369582
19095860
15962057
18277849
17214007
20205952
18468693
16409213
21386747
15940125
20078457
16036012
17598141
15987329
18451080
20712668
18997534
16798655
16353659
16004094
16394454
19901541
18768518
19117497
20673280
16850929
20685686
16537301
18284826
16688666
15677916
21357208
19878036
17567302
18804249
20141461
22129219
20040124
16027635
19880843
16358114
19917035
20560990
17512880
18550921
18373030
21268419
16741850
19287269
16956715
20490571
20442347
16294612
21531934
17470215
20633307
17505366
21812227
16681199
17590320
18822553
18801481
18618606
20550590
16800216
17553652
16931461
18662421
18442318
20882803
19729568
16095803
16769529
18080485
20230418
16236700
17786743
20728393
16827046
18574259
21685762
17196990
20858055
16913612
21149556
20236522
21040025
21404004
19381078
16268750
20123251
21476412
19541214
21471910
21471071
16164396
18491831
17903780
20626486
15557421
21911632
20838134
17192219
17880432
20862219
18511592
19047665
21116191
20803673
17901784
18430337
18811781
17853182
17435426
16870386
17605056
18586692
21368511
15890038
19426932
16834578
18704750
19017866
17499961
19361312
16369431
17091438
19773145
21191034
19822227
16376788
17684171
17592980
20925192
15606321
17310741
17581485
21332373
16480351
16023823
18199725
16536968
17556921
16475048
16556885
16826442
19565441
19131757
21358385
19250023
16427926
17937446
17283846
20131443
20679971
19891397
17502809
15789386
19480793
16214882
16371760
20882210
15668838
21703897
21455047
18539879
16805075
20955878
18158440
16670133
20183681
17438994
18208739
21266290
18973994
17194678
20083373
15529716
17324304
20405680
20419746
17050086
17131620
19307455
20812549
19931708
20738390
19619092
16860242
19042887
21462059
19650511
19576661
20407961
17720107
18609242
19406563
16860524
17234418
16434415
20520118
20173256
16227520
19179837
18496976
20430552
19159873
18347750
18557314
17276540
20657338
21375384
15615342
19573773
16934378
18408263
18715969
20925289
17522788
17328816
20881159
18838491
21457180
16121874
19001839
19719030
18793856
16938645
16565867
17269541
20597713
18644005
15548098
17448916
16898370
16451311
18096353
20693726
19751500
19388569
16466831
20660633
15678693
20828851
20618947
19062079
16398065
17001071
19461569
17760801
16909963
17969576
19744715
17602317
19018916
15619178
20571224
17935242
21482838
21129010
15588267
16415412
21176232
15836531
16317670
15715808
19606049
17917844
17211224
20182968
15893213
17511206
20590511
18626060
18198364
19761173
17354504
19541141
17352703
15552501
20846884
18412311
17167523
17617501
19297363
16200695
16257618
17324636
18287415
18400529
15518257
18372833
16241917
21683625
18679141
19380301
19743713
16924560
20050478
17274424
16304302
17572196
16116366
19185265
17667052
18956282
17136290
16572981
17622862
17132376
20091668
18681201
21725247
20125094
15889782
20678886
18609344
20738435
19299261
17601465
16528112
21943344
19343903
17477793
20620810
18661887
20666035
19005191
15998620
21218641
18809299
15618092
17892574
16298132
20840709
19647330
17666298
18801188
20509500
20926175
18796016
20632841
20547775
19083561
18474877
18319281
17979619
15832233
17655850
17108742
17170646
16987792
17179235
21600367
19860067
16192823
21805803
16403718
16400271
16688659
15950116
20546471
18580396
17506233
18462285
16344014
18368873
16829828
17659005
19528134
19752260
16178312
18447935
16034316
15951453
21380993
19740444
19161015
15683266
16629279
17167953
16690981
19374478
16327346
18232061
15599649
16534788
18548793
17458539
16165004
19378450
20048676
16331371
16260823
17108509
19282690
21959637
20934213
17728586
20185612
17352384
19232926
19771528
17973806
18924544
18809589
20578046
19592813
17921937
19597272
15730455
21314868
21097075
19862696
15747939
17668598
20871804
20030843
20510839
17760300
21283938
21111388
21353132
17957502
18520315
21083366
17522003
20046177
15602166
15839762
16563769
16374192
15807758
16138487
16525525
18797237
20576292
20542237
19572102
21402460
15988666
21322439
21599883
16898939
21813409
21553968
18725033
20831465
15656463
15977132
18618855
19384935
19567494
20080808
21560953
17718647
18300737
18350471
17413678
16085105
15776599
18166697
17184372
18496659
17533960
21398238
20723771
16050236
16430612
19323161
17279450
16273993
16605094
18477124
19032073
18382244
21503596
18776987
15641253
16110227
20421033
18820307
18445730
16838090
15659032
17111495
20199943
21140345
21462857
16211180
21381274
20865605
20423363
16520677
18588662
16926948
17363856
17174063
21483387
19482810
18295440
21211602
17071570
16728873
18235162
22030933
15663534
21476161
15536388
20545802
19289002
17134740
20964477
21444937
19059553
16850912
17329107
18443004
17165327
20534872
15525861
15733702
17542719
18990095
17313912
21617570
20010176
18385402
19955454
17352336
21700562
20368654
15598248
18771897
18787976
19632969
20931917
17082973
17174652
21488558
15743602
15669434
21667803
17173659
20572617
16781973
15590035
18578798
19797281
18290947
18522522
17446244
21495336
18721167
21980022
19368790
21644886
16024412
17411640
21314778
20963670
17562720
18678199
17397975
15532174
20110516
16513352
18312729
16584673
20101551
16875100
20480597
19930887
18796050
19949884
16856093
15798871
18822707
20889237
21787981
16735260
18022065
18157568
20813997
20442612
19072468
15835274
18373108
20712463
20099654
20846369
20165520
15739636
20149164
20706759
18702081
19446122
20562092
18302556
21042253
20800719
19216985
16278571
18672634
20533248
18087985
18412079
19253858
15574458
18036122
17076859
18999235
19522341
17057568
16800327
17903718
19017590
16825667
19418275
18418016
16928714
17619594
18692978
21033406
17687657
18320629
19412965
15733808
20364693
16879183
20833382
15774332
17563425
20175280
21060118
21333923
21916091
19634528
19764839
16132885
19174280
19140193
21069268
21789908
17855231
20846541
19902696
18690610
20675297
20979973
16754811
18923330
16162637
17872817
17386313
20492070
16821701
20642845
17020719
19914483
19156472
18973674
21443827
18669121
20423409
17066971
21473975
20601645
17729128
18819716
18280252
16939994
21272197
19646176
21457825
19428093
21617267
16431070
18476647
20197457
20020082
15567905
20732664
16698659
21216890
19865577
19717991
21292055
20182988
15764960
16636735
16553506
19809350
19193915
19280438
19456057
18005789
15735261
17694612
21430003
15550360
17944607
21424942
21133213
21178537
18072402
18716841
17126458
17605458
15904750
17241251
16924643
20646708
15713859
18172381
17763050
20511104
16082295
20967528
21664135
16892675
21250405
15640296
17003545
16162578
18827760
20799894
20001544
21188866
21246171
16920526
17414393
20940175
20817494
21361830
15971555
20922344
19029841
19526524
19936554
20937185
17913777
17764387
16781890
15887616
20541443
17767093
17007324
19860059
16373178
19689636
21218696
17117446
16608617
18534284
16021555
20795432
17596063
21252349
19194251
18856018
18376743
17401252
16398251
15566217
18271769
21058097
17543696
16131278
15641664
16320964
21483492
17205853
19625210
19014132
16706328
