16718297
16737983
16734091
16729477
16729475
16787475
16769457
16756051
16826863
16826456
16796483
16789984
16786339
16894004
16893858
16888381
16879741
16878820
16876550
16867083
16866655
16864642
16860417
16860192
16843871
16956154
16949288
16939994
16928575
16926987
16918999
16652413
17053179
17046794
17040143
17035446
17022827
17013821
17010823
17006993
17006107
16985390
16973361
16970808
16968571
16965244
16963668
16963660
16636025
17145489
17143970
17143814
17139466
17136599
17122618
17117489
17110874
17095377
17088221
17086615
17083765
17083763
17080518
17079961
17077716
17069957
17059720
17058754
17244852
17233780
17233386
17229790
17211204
17210998
17207682
17197784
17188221
17187548
17169827
17166868
16061905
16060311
15964002
15918825
15878842
15878474
15844713
15813711
15800305
15798726
15761629
15733808
15720995
15683054
15680579
15665260
15640651
15622338
15613564
15609763
15600110
15599168
15589083
15568423
20162794
19297119
19286888
19040779
18992683
18991510
18981549
18954930
18825472
18809120
18786079
18786014
18776987
18774048
18757347
18756161
18723367
18693867
18683425
18663064
18650767
18617706
18604078
18562862
18399869
18399387
18339152
18335899
17490762
17475635
17460994
17453263
17450022
17449410
17448916
17437970
17421106
17413612
17408889
17404704
17389726
17385152
17375341
17355488
17351220
17344672
17329107
17328822
17318662
17312335
17310344
17310343
17310342
17310340
17310339
17310337
17310336
17309128
17274754
17269359
17264449
17264354
17260130
16633255
16550266
16549574
16539181
16493298
16455417
16442912
16387948
16379129
16374461
16372704
16331773
16324564
16323132
16311180
16275522
16275521
16273797
16205352
16168345
16116771
16028751
21685744
20846194
20591015
20520264
20101545
20085690
19820223
19718056
19662460
19657890
19648790
19631411
19625548
19597271
19592869
19586569
19577123
19546272
19541452
19504614
19484951
19471852
19463080
19448581
19395838
19356201
19339323
19333984
19328417
19293037
19287107
19282147
19279481
19268886
19263354
19240948
19239754
19235632
19221004
19219328
19208559
19204646
19147989
19114605
19106490
19077809
19065054
18086109
18083464
18079228
18076429
18073389
18067659
18062443
18061421
18053765
18044390
18042596
18035778
18007252
18006423
17996004
17982871
17980637
17976989
17958295
17953334
17952010
17933804
17924888
17918017
17914020
17909428
17900487
17899990
17895844
17890349
17889736
17881925
17875067
17869138
17853845
17849722
17766569
17764643
17764642
17728045
17724863
17717308
17712842
17681832
17681256
17679674
17679587
17646128
17629751
17625081
17625078
17617186
17616454
17616024
17601343
17601244
17595370
17581433
17577372
17573983
17570193
17565036
17563109
17556899
17552066
17545362
17537775
17524737
17524736
17522991
17505246
17505026
16378770
21700363
20967480
20959765
20948474
20921917
20887904
20861288
20853521
20849009
20833382
20827777
20825436
20810938
20810513
20810418
20796234
20720414
20688252
20686467
20659409
20630197
20606482
20587722
20571123
20569255
20510232
20493707
20463086
20442008
20437280
20435435
20428698
20420475
20378307
20363134
20355264
20334002
20233574
20228359
20211588
20156947
20141090
20130828
19141524
19137481
19136368
19127227
19127163
19088482
19085998
19054472
19039051
19033176
19021487
19004044
19000423
18995183
18989542
18939411
18927450
18832500
18827700
18827610
18811613
18808596
18807371
18793006
18779186
18774001
18771942
18769983
18727336
18720688
18720561
18709672
18705781
18669708
18666719
18653975
18619794
18616633
18602791
18583871
18578883
18573425
18570133
18570120
18563011
18563000
18561586
18558884
18551334
18549900
18549889
18543525
18535445
18535255
18519120
18518885
18513247
18512819
18493711
18492551
18484689
18482294
18480606
18446107
18443803
18437382
18416215
18415920
18414329
18412311
18410819
18403661
18395174
18395142
18394871
18394450
18388715
18382047
18322993
18302806
18298508
18293783
18293243
18274852
18267231
18265465
18252933
18250266
18247269
18216884
18211951
18211646
18206372
18203575
18197741
18193302
18182885
18181072
18179935
18177522
18173018
18165753
19450099
18160543
18154928
18095805
18093085
21807684
21760915
21546787
21516003
21513000
21497790
21496830
21492718
21488808
21443827
21437935
21409811
21367430
21337176
21284715
21278059
21272172
21266285
21255001
21225172
21206744
21189820
21150799
21148160
21120406
21104285
21067725
21050516
21044778
20615918
20614212
20595536
20539163
20537586
20535797
20533576
20510841
20498614
20497978
20439605
20409605
20407030
20403513
20403093
20395944
20381670
20363075
20360292
20348199
20333355
20308222
20298512
20232046
20220534
20216534
20207785
20191516
20190666
20180870
20170325
20169392
20167615
20151803
20151250
20149724
20141095
20112379
20110524
20104481
20104395
20097700
20087969
20083537
20082954
20080913
20057158
20056048
20055985
20051847
20051787
20050478
20049377
20044860
20040611
20037151
20035130
20033888
20033300
20023491
20017073
20015354
20008828
20008824
20005783
20004049
20003975
19995263
19965954
19965953
19963385
19963303
19962621
19962615
19951842
19941704
19941657
19940558
19940253
19920222
19920097
19919731
19906216
19863510
19861102
19860754
19860111
19857416
19845736
19845551
19844102
19842971
19837823
19836605
19836601
19827581
19821699
19820225
19820224
19819041
19811559
19809782
19808471
19800334
19788827
19786423
19783810
19772784
19761538
19755617
19751375
19748041
19747383
19740139
19737634
19734646
19730252
19724287
19723907
19714597
19708094
19703639
19690787
19689987
19684147
19678924
19671126
19656213
19646887
19646716
19644009
19627888
19604450
19603567
19564740
19560103
19551433
19546391
19538046
19531946
19528995
19509086
18774663
17035672
19788406
17590488
19001839
21229930
21459254
18399371
20541279
16050226
19552272
17300919
17094819
21789289
20640330
17256293
19921996
17727181
20082054
18597409
16799364
18642620
16203937
16930787
19423472
17652683
19760582
20889637
20727191
19815899
20445716
17144574
15618092
19880528
16138488
16580262
19383062
17352662
21418365
21382948
16927646
18787976
17879549
19689494
20229072
18209771
21450767
17623953
17137141
17521767
16923927
20431466
18976246
15555721
16173957
18048482
15931492
20042769
17140014
15949254
16669410
19468089
19414477
16356561
21219549
16627843
17962494
20969617
18514585
20536755
19105558
18388841
17680514
15565976
19029142
21784282
16640130
17902163
19793865
19180577
19253265
21863697
20924304
20077804
15532206
18472303
15578156
20828333
18157830
21749006
17058415
15832609
19850436
17727744
15810190
17400253
20804878
16365242
15815971
17960683
16278571
18471674
18552269
15960246
18519095
16580370
15844634
20845194
19442479
18509146
17038076
19411789
17895234
19294323
18308499
15894602
20606593
16431328
21189819
15562219
16531954
16508814
16364553
19621201
17760976
17851374
21042930
16770168
20824760
19672610
18027532
21592062
17664443
17945160
18633680
19299475
15832666
20219315
15586093
17181682
20951270
20055199
16999714
19565441
19414298
19669062
17694419
21599883
19476232
19192601
17400030
21411402
21223592
15717079
18057810
19623816
19328676
18304896
18726695
16972162
15994340
15561022
20543375
17432333
16523587
16472708
16767855
21860189
21680042
20026651
17683689
15916380
18551849
19945107
16043005
17259922
17440782
15569904
21378658
21094792
20620810
17411001
18482291
15842658
19365929
17464569
18394447
16507290
17486947
20443396
19005191
16630317
15853841
16956071
19085201
15543896
17298147
20870419
18832287
21077929
19749641
18165422
16724286
21382867
16282334
17165379
17060291
15612844
16889326
15836532
15954200
19266739
16019261
18636026
18158526
16635052
20846045
19116800
17020701
17042149
17994508
19325480
21610345
19107304
18324313
19104220
15564731
18992630
17934058
15970780
16719429
18082998
20189061
19273780
16579827
20861620
17442027
16323256
16927733
17004400
15853241
16471165
17325560
17087679
17944137
19744657
16120501
20889628
16339250
16358174
19969315
19747652
21624702
20494279
19112269
15968968
15605326
20156411
20978249
20870972
16033446
18349430
19353407
17135227
15934173
19356323
20369638
18380826
21367822
19653387
19901016
18822580
20669872
15550362
16289739
16398868
18461538
18580533
15852076
20686987
18538195
19959919
17073073
16282934
16172843
15861361
18614907
16828344
21678217
16125016
20706178
18703922
19103613
18194099
16076893
18538262
20372899
18981190
15917504
18190478
20966866
19376278
21436708
20029970
19786769
18386693
21568695
18593228
18366380
17611823
20629334
19941195
15689089
16675364
16257882
19086282
21221958
21764005
21263348
16523802
22030644
16679331
20046116
20496305
18322028
16790223
20841749
16687336
17699001
16174812
17653878
18347927
17883459
19253116
20358493
17726405
17359562
17227745
15527591
19817618
20187531
19853967
18548794
17593643
21402370
18964105
20000253
21136114
17038298
21337054
17988824
15631276
17978148
18837657
20696951
19405310
21527303
18552084
18825511
17563332
16515712
15523255
19589270
16719746
19016632
19234423
15860054
15714788
17846090
15913083
21302524
19842953
21244671
18784477
21796682
17492122
15626812
20506883
17955929
18849363
18759805
16983102
18056515
20964014
17053467
20958849
16808088
20888535
16553927
19745348
18335685
20186032
16413800
18271836
21628032
18078190
17594776
18581017
18697975
19070205
18446175
18347906
20559160
16232104
17410926
21071360
19682011
21170771
17954872
20077792
16835566
18036478
18420526
20539807
16344631
20890190
21742461
20713424
15957698
20816344
19535791
15853090
17335519
20532657
18569199
16012933
21882793
16352515
19879462
20603048
19263122
18176217
16192533
20736156
15834342
18190479
18188761
17621672
16530113
17612808
15559886
18407002
19094155
17265662
19828645
17283846
19128728
15856925
19149053
16085210
18560099
18525139
18321506
17064407
17472514
17513535
17984649
21535274
17645065
16443958
21070435
17036884
15678026
16632078
16594230
17567835
17610611
19416041
20112771
20427312
16212214
17679411
21242390
18454710
19524432
15677915
21404886
15651985
16315390
19445341
20500967
18805668
16445251
19473627
16450794
16622089
16882843
20735246
20118699
18514825
16514807
19199183
16737170
15598248
18426451
17180745
17011909
18209695
19331311
19629150
21469512
18628532
19398823
20121353
20023465
20236430
16492659
16802685
19352570
17142610
21625662
17919875
19522312
17198229
19233503
19154472
15675379
17921106
15693928
20119630
17696047
18545069
21058896
15651440
17561014
20298668
17697913
21112849
15558987
17325298
17068940
16865084
20205481
21239135
19091333
20547285
16480561
16442431
17102360
19261144
19396071
16729851
17151565
21484068
19692163
20659214
16652069
16488418
17342853
17260600
15932385
20064210
20564070
16544674
15839234
18580738
16252468
17346340
19559512
22132540
18477487
15674163
19227589
19942671
16326663
18197916
19151964
17575092
19382079
19678598
17365159
17969826
17719512
20839143
16873047
17698331
18510723
18298686
20359648
17524602
19365164
16311135
17694489
17543431
16686824
19786249
17318768
19515476
20833285
15654469
20883230
16884944
16924786
15719848
18522667
21257948
15986722
18690149
20536803
19291075
19761574
21524205
16578955
17760913
17658564
21214076
21285363
18976341
17059494
19878479
21138831
15840892
20927738
16287826
19700966
18198359
17966313
20092226
18591571
17885384
19745417
15877552
16860261
20875178
17494443
19332990
17620528
16644400
17664508
16320470
17874086
16332484
18985810
19959166
16036406
18653445
16783796
16690426
19715404
17440291
17714237
16405983
17923426
17299901
19615536
18329222
19772017
16425756
16944144
19736652
19120576
15824704
16122477
15572094
21085886
17495553
16189057
17339984
15896625
15766349
16337320
15893061
20560832
19092590
19915873
15719904
18856123
19648012
15707263
18086399
16162413
18086763
15660148
20167838
19343871
21403487
17303267
20964265
15583244
20100854
20434634
17946369
21246400
18992167
21510126
17383590
19930570
15924016
15640361
17118496
21620311
19351551
17061966
20593676
15584186
19803665
16186087
18807041
21315993
16872121
17515004
15732427
20728998
19902696
18508408
19247488
15960406
18922360
16431186
18379671
19813040
19256209
21296482
20925540
15947366
19602539
21537787
20804890
18218082
16472356
20665409
17456463
15597141
18725824
18621955
16215795
18648014
18040747
20236433
20102895
19918153
21524329
15895917
16335335
18591365
16509963
18342201
18075276
16926989
16446269
17462137
20810409
17525427
18044379
16677177
16221800
21112455
17491169
17711974
16550800
19103690
21299757
19906059
18335903
16600820
15667759
16318967
19738215
17903080
18797747
16306755
18775381
17923835
18674762
16824205
15942950
17474361
19674744
21219659
16491935
15918426
20946566
20145963
16186080
19165583
19862494
18650645
19060609
16539622
21327528
18060326
15992696
15871929
18320988
16604908
15947334
18561924
16808082
18503807
15717904
21165374
15876881
18760577
21551221
16868427
19092351
18580507
19171331
17099193
17310058
20807893
20841981
18461235
20194254
17729128
19300217
16948999
19500700
16632478
15945581
19503665
16585328
15603094
17379228
17182402
17378836
17655547
19921223
16257526
20922343
18390030
18684127
17635627
15540887
19120591
20829335
16546776
21212621
18549134
21113847
17502432
16822090
18614905
16704285
17623824
19651395
21762307
19521131
17086470
15816424
15938407
17276065
21884846
21250405
21278670
19812242
21426582
17157363
21279938
17685995
17336373
16918744
15799485
16324541
16138487
16451425
20946212
18653427
17080905
17109246
17149529
16506870
21654602
15761285
19826026
17446738
21708522
16050363
16609323
21248644
19196486
16086547
16996514
16456208
21276536
21803279
19527558
19913187
15551638
17573297
19673984
17917943
20724330
17339510
15787774
16688667
20584626
19930729
16952402
18453903
20684195
16680222
18947120
17040146
18512565
19455544
21747644
19853789
16555714
18663481
16807106
15565596
16390518
19389671
16361938
17197788
17295055
19106278
17078883
20446387
16258096
19728524
16955119
20394514
19204222
19584763
20536762
18206309
15529283
21435000
18484601
16050874
17122484
18024087
19467147
19296031
21819028
16784062
19665919
19411662
15546482
18195311
21801399
21483025
17672899
19639691
17539882
20054464
19201322
18663465
20116205
19487180
21247924
18387225
21404732
15603620
20716152
19072191
19817606
17503161
21050955
17368290
18337533
19283635
15797227
16452697
16329225
18313923
18498345
20437330
17335524
18200895
19482544
20415270
18060216
16253788
17547265
16186454
18268140
19192897
19237903
21592433
16311232
20124019
16497265
20436171
19032209
19745343
16809742
19679701
21121845
19441635
20492435
21945011
16894877
19896664
21093376
20335497
21080146
20088177
16585806
18184164
20572428
19833007
20670699
17175829
15822460
20836948
16594246
15583255
16047482
17097202
17664055
19372127
16164506
19715532
17502204
21111375
17845888
15586831
16372888
21960374
20473081
20070013
19340411
17261112
19207049
19165634
19359079
20183681
16077286
18310208
20414128
20061529
18705782
18158508
17596255
20667285
17512471
18338445
17124874
19022037
17342824
17671005
17699139
19923945
19397163
16635774
16858449
17722793
16753085
19664848
19926740
18093121
18586140
20964266
17598355
16002947
15851050
20235421
20804882
17917822
21421991
15840068
21402963
20374981
16222646
17351023
21069118
16803806
17706426
16045554
15987328
16351536
19261362
17120922
16856084
20543249
21457901
20533965
20091507
19509212
17805954
20218770
21771129
20646708
16999652
19154304
17213005
16885475
16710574
19064862
20636159
16582046
21442324
19197571
18186827
17518890
18359378
16897569
19012820
20018539
18372252
21504959
18041361
19635343
20120639
19484615
17901640
20077786
15774368
18068939
19001352
22118332
20015124
15661463
15574727
18660716
16096143
21807292
15911950
15692292
21382047
16807169
17624645
19062079
17013073
19467430
15589911
20441394
20437114
19800711
18332812
15990914
17479550
16830256
20692658
20687974
15683202
17847597
17700331
19856109
18065075
19436289
18929340
16109515
15739634
16391318
21817972
20609689
16335067
21411821
20966842
17679241
18380318
17974595
18030958
19817520
21047648
20005369
17942364
19384206
17352334
17679585
19358065
18496368
18171306
15793982
15831546
16095149
19812488
21391944
17269854
19824275
17583379
20177688
15590340
19709016
18496374
16323463
17724946
17432306
16757281
17314743
15992472
15608097
18396367
21355762
17324094
20226943
19307455
16728301
16285172
16823646
21298951
21545663
15650500
19152929
17713866
17649861
18714747
21610114
21388246
17478663
18610901
21831025
17351196
20104634
18989681
20554500
17343534
15694103
19657243
19425342
15770561
18360201
18570638
15596920
20551695
21155756
15674879
15789360
16681708
19542812
15723731
15787034
17708488
17355644
17170328
19251167
18000948
20534276
18036120
17604464
18300325
17893931
21362711
20040087
19508137
16418201
18992671
20453351
18058184
20690266
18783001
19592950
20167591
16925546
16983457
16422735
15575189
17438994
19537388
17571468
18512099
16549028
18805686
17125956
17577002
17614882
16714366
18259897
18468693
18717450
18386455
21121508
18998806
17986338
17645954
17443196
17131534
19553634
15717336
19883881
16051927
18996713
18444857
20925707
15987329
21523500
19805795
18666911
16934378
20102813
17334508
20684415
18197759
19732243
20825807
20203634
20875171
19473110
15934975
16635120
16430602
19626443
16482478
21439173
18691301
18648204
19041619
19409867
21106993
20824785
20854708
21244477
17341751
16649318
19406045
16921859
17998405
20360543
15957453
19294824
22049637
21301284
18501836
20525109
19530026
15883143
16900903
17547983
19097516
19728660
18083689
19582520
16844795
16608466
21972388
21794116
18210735
19705205
15890046
16392268
20336354
17630006
18580518
18626847
21459686
17823567
16514258
17561212
21403453
19430414
17439753
20462742
20132621
17330297
17170639
19537412
16911172
18845046
19255106
20148365
19743707
21418288
16627793
18705737
18459697
21689040
15615172
16275704
18777972
20812549
21446929
20116158
16244534
21586721
20357701
17898411
16376598
20636669
19103329
16752551
20153555
17550092
15532173
20494357
17978377
20799296
19969443
16900452
18487210
17283959
17464813
16137241
16308503
18275360
21199129
20493590
16167615
18292979
15973941
20397535
16684705
17888097
19032074
15772484
19705315
16309011
21767163
17822779
15690283
18245211
16632069
15609073
19757735
19170287
20152512
17823158
16635646
16094039
18414713
20363709
16690762
17694882
19022169
19755882
16723104
19930887
20338377
19808151
21882627
18037602
19366395
17412079
15997894
19715494
19807964
21048468
20137845
21386747
16303690
20362792
18377550
21086841
21137455
16027505
17400424
16358483
19385269
16100531
17954864
15625966
21221001
19732512
17526470
20335913
19571638
15531959
16394818
19745593
17258047
15589438
20354115
17459630
16520571
15597815
21910386
21299276
20955603
19419271
19667032
17252963
21317601
18082665
20305590
21514839
19142317
19541057
17332101
19273866
21693002
16048199
18806520
20695800
16422378
17335518
16295282
20478810
20083413
17565431
20617664
17518910
18560066
19927932
19460607
16715902
17892052
17653903
18998972
18777963
18300619
18289385
17767689
18638330
15632812
19541256
19072456
17102289
21571178
19472493
18478270
19194251
20386257
16351436
15993675
21396508
17365346
19447272
16883670
17400152
19281443
16153333
16961000
18039253
16056112
21667674
16255162
21139047
21530443
15995499
17993929
17135067
21539690
17272798
20014709
15626072
16420781
19689636
16574303
21665340
17661198
17089287
20122627
20732787
20852466
16094791
15955403
19630996
21877570
21505337
17877872
16103035
21140345
21178553
18506954
16467061
19212250
17905234
20823043
18756166
21824960
17477316
17429884
19817948
20739708
19934838
16139162
19154861
21448018
20540386
15795335
19380509
16398601
20635252
17973717
20179250
16503046
20932658
15801349
18540687
19429734
16793491
18044985
15773824
15849619
19342527
18196842
20125065
17148634
19101926
15840894
18573661
18316939
16607332
15835369
19162420
20209088
15559340
17207014
16229934
20225102
20457326
19216339
16219931
18330386
16482394
19476900
17473044
18461254
17472511
20405768
17675724
15831194
17628839
19271457
21127093
17310664
21787029
17160541
15920939
15738547
17703257
21893712
19115998
18235395
20011956
18182636
20656695
21497636
16035475
19366389
19839679
17594546
18836390
17438705
19826116
16324899
20950726
21228661
16018507
18539875
18097110
21298276
19031842
20580415
20822362
18592944
15602166
19046086
17972617
16184721
19840278
20413052
20087548
15603245
17284233
18792706
19372540
19692201
19283634
19917650
20089310
18399750
20355312
16199454
20552612
20112444
16487814
15920105
18757590
21059417
19154905
15590035
20948245
18220068
20812124
17160215
17265562
17922171
18370910
19256770
18378768
17011088
21080105
21798470
18562224
16925375
16228106
21246451
20158320
21095690
21675383
17329725
21857859
20564077
16917439
16504481
15543435
16143267
20845197
19579398
20489767
17458368
17571608
17257964
16493319
17634001
17953235
17108631
17182417
17907688
18753715
16334394
15839372
18937591
20810257
20520118
15931045
20530403
19698022
21495194
18093777
18574259
16893727
16036272
17418848
15774047
18488866
19216238
20927752
17254361
17534463
19885649
16875198
20029822
20846231
16378817
18363482
20628787
21800655
18577761
16134471
16779140
18507891
19999040
20735496
18038526
18630217
17201042
18459477
20185059
15750525
15580108
15955762
20236431
17903257
15994471
20508241
16182528
20956000
16944994
17342855
20824736
16120502
21557530
16629965
17520881
20499748
16817494
16706568
16581636
20212259
17407993
18041457
15521897
15729427
21545936
18304147
19087465
21214136
16792939
16512438
16615735
18073645
16202146
18216633
18666873
17565147
16963167
21536216
17601844
18588787
20065194
16617943
17704670
20129215
19300284
15960018
16422983
20159191
17094305
20018588
20433546
21500178
16460760
21906046
15932455
20067356
19449083
17824869
15643028
21171126
21267949
21820837
15614280
18727715
16788298
17303018
16827205
16781890
20642034
16002922
21361830
21343845
15625922
18786851
15833411
21560952
19932220
15712681
20007654
17892635
19900131
15526822
18708533
17414277
20059351
15700600
20159217
16550700
15529197
18848669
19690816
17255058
15818343
16649725
20966121
21672292
16272425
18786214
20232187
20346894
16140457
16495871
17533936
15837667
18197428
21299290
20074194
17645956
20107763
20232049
17717952
21102177
20038405
19500789
16395637
20030772
21275312
16279895
21188664
19485138
18489511
16469620
20713796
16164387
20402374
16984678
18494203
16620164
20218030
20098139
17998410
15630930
20564632
16844888
17504584
21870681
19817529
17000476
21768584
20924893
20871944
16082909
17540639
20332406
15707103
20363840
18549063
18767476
15792264
18798875
21605371
19304727
19232603
18181419
15865461
16861132
17034396
20230576
20642050
18570011
21925397
20715504
19719367
15533081
19460597
16288159
15597936
20413053
19181175
15633074
15860071
18328963
19201332
15717707
20947577
22005243
19073518
17712891
21450086
15546147
18816313
16855126
16281697
19019462
20673970
16840484
21642927
17035435
16466831
17655530
19643409
16493307
18165591
17100864
18316826
18577762
17531905
18756163
20672255
20188318
19306021
17468640
21108175
17455607
16543743
15578252
18051978
18848753
21241984
18604668
20378630
20384975
20602848
16688970
16350596
17443368
16629279
15665264
21910375
20803395
19667840
16330875
17716417
19762549
15808145
16239820
17603832
19650945
17081644
17294020
16102767
19190999
21189742
21171494
17590320
19469607
21157249
16927904
20541884
18254002
17220677
20690914
17221079
18275359
15548410
17039986
19270470
21798119
19573774
20358731
19084893
17540835
19782165
16206915
20626833
20520261
16195820
19712215
16259634
19879473
17182975
20603648
20967528
19886088
15650523
17705218
17583103
19185977
16445158
19085666
16464924
15671188
17006810
20431793
17140758
19592331
19365937
21241160
17352993
17221041
20502177
20964469
19227594
18089871
18084967
19144279
18298037
21076308
19634654
18655855
18402316
15584311
17596246
20552306
20651302
16768073
20414114
16531849
16836542
17727585
21774636
20610465
21684391
20148936
17419034
18988620
19380123
17504545
18695085
17142653
20471731
20095179
18380266
18656195
16642233
21300192
17081921
15714932
16192524
20595720
20633081
20350886
20480752
20421226
15883349
21389060
18463938
18661855
21119152
17007484
15731906
19996948
17167014
16317358
15511325
17851820
21719756
18632672
20118017
15768647
18069623
19747200
18512659
20025041
19525051
17066965
17499961
19460091
20119873
19943225
15789943
21348556
18507601
19077024
16903586
16271117
20093994
17518166
19288372
19958936
17200062
18184424
20634397
16865631
18520673
18400685
18777217
19187418
19535939
19317857
16434916
15892852
18252015
21787063
17149165
20693209
19668037
19562237
15579351
15785347
15633832
18640951
21267533
19567690
19164259
18076127
21651371
15555490
20006196
19671641
15542003
18095797
18759755
20940249
21383360
18928190
19371935
19087915
18573431
17456702
16651353
19017601
21301237
17727589
20615739
16164897
18270308
15823204
20850843
17697197
17588851
15849518
20523150
19767781
21314594
19805462
16971816
21144191
17971308
22011868
17141638
18277849
18669121
15718179
20687824
16162387
20358517
20026995
15812092
21565374
20616734
16399090
17201099
20178573
17378189
16442453
16855039
17077433
21172921
17577173
19816624
19573771
20623554
19756453
21187190
17525086
15693417
15557354
21714895
19892217
20442748
18444044
17617757
16416763
19700889
17571783
20371779
21541806
17253146
15952946
20075126
19094198
18279067
16036251
17045177
17874488
16970660
17559612
21718982
16858894
19381078
19777681
17591806
18063444
19948040
16421854
16494284
18023172
16856093
21471578
20220657
20828851
16163227
18935702
22005604
18772658
15971943
19623042
20446045
19011486
18459661
16191142
17629994
19543010
16903305
15557911
16620046
19266991
18245426
17042811
17109104
18293872
21165716
20084872
18668187
20686399
16684759
21041006
17286868
19124670
18641520
15706181
19192241
17588894
21278690
21482389
21384646
17519992
18656320
16028831
19459404
16117747
19880843
20380962
19018905
19285666
17117247
19678460
19926988
17487289
20505606
19397816
19579843
16649321
17261144
18256911
16119650
21336996
19150912
20522453
18715182
15753505
19146205
16462918
15605132
20085963
17273485
17880432
21121234
16045420
16967155
19519752
21218211
19054983
17382213
17760651
15654775
15910825
18063540
18764854
19588158
19897540
21730988
20362492
19778422
18226542
16938225
18928822
21051386
16919162
21957820
15867495
15912353
17054152
16878191
19147646
17723957
17081913
18488242
17933379
19915441
17372550
16061930
18050051
17851385
19307390
19962600
18719507
15721968
16750098
20117971
21335244
17101077
20097932
19161172
16034758
21109915
20221349
16341295
16799354
15877560
15888394
20359693
19655554
18812804
17964856
18291394
16119501
17459132
19538807
18058681
20440564
18197456
20204938
20657888
19960751
20420549
15966461
19007710
18798229
20056785
22068179
18061797
15797156
18021512
16717065
16353495
21658020
15646757
17095439
20049081
16512054
16870387
21559751
18768025
17320996
18703306
16686584
16167409
20929461
21572298
16436586
21843118
17574187
17217611
20336355
19049231
16215360
20070716
17378356
16048856
19024427
21615951
18384011
17923968
16849941
17494444
16704183
21789291
19364033
21272221
17390949
20065168
17261454
15867700
17992703
21044481
21087224
18521045
20942726
19587619
16317330
18324582
21294061
17899999
17144222
18387070
16197319
18083268
16299190
19068687
19572761
20739577
16829197
18335901
21086713
16488809
19125754
16957523
18926979
16034319
21806560
16887247
21781183
16526149
20840378
19747254
16893334
20452620
19436687
16463468
20617291
21078002
16333006
20676776
17385970
15566611
15870587
21322904
19566991
20590509
17335738
19090387
16681300
21444186
17343027
22128521
17664054
21837886
16681199
21526559
17610158
16521712
18998431
19248648
21638874
17911330
15606709
16779384
15815210
18612091
19408882
22039681
19719366
17139909
17609024
18707620
16310666
19026308
21047036
16425901
18727765
17598627
19474588
21029491
18272613
20034134
19903186
17557190
21162153
20381395
19124095
17263632
17022920
17075690
21194458
17314741
20002507
18998796
20550562
21211482
20836636
15969765
18981790
17308445
20214245
19391468
21164402
17581244
17056206
18603173
16806501
18972903
17973711
18756170
15544693
18923249
17444172
15769975
20345827
19835604
18696409
20644182
17426196
20382906
17276649
17478643
16026659
20920079
21667677
17725614
18404061
16651507
18558894
19064601
20554475
16728290
21841704
15675780
20975399
17084337
20011806
16553752
21159904
19673057
18341198
15997604
18660737
20297576
21911632
17006813
16894222
16988951
19874938
16210096
21511883
17276540
18350262
16414936
16915297
15834838
16686100
17148538
16215867
16834773
18496021
16850152
21879650
19875841
17888181
19205735
19451489
16826470
18572343
19571324
17726711
20819049
20502142
20222635
19212865
21188866
16482375
19319772
21060123
18796510
20888947
16219516
19263959
16245917
19223909
17668598
19817163
19574762
19651265
21709027
18700086
19160881
19052511
17828630
16350390
19780514
16206396
16913342
18686910
17268940
22098841
19859851
19827966
19752069
16392432
17533927
18335696
21557829
19588448
18585500
16310721
19066847
21218728
17939880
20480597
21481116
20841445
20604924
20550690
15720030
19715514
21316785
16340925
21587184
17988593
15726240
16273817
17642124
19345912
15982979
16680049
16752540
16139153
17592980
20064056
16723163
15624551
20418580
19095834
17853584
21749555
21419684
21083366
19037137
16141782
17156416
16704017
19594606
17997828
19648091
18261411
15641664
18947967
18477272
19125308
20500033
16444399
20305010
15688920
18724793
18678961
21145522
16430351
19025590
16336025
17391090
20083421
21248525
21333923
15816653
19266354
16114732
18664927
16259798
17617014
19501034
17194678
16869086
17966296
20472461
17567871
17331259
20806579
20654287
21922121
20854577
21767254
18558392
17098513
17923890
17351321
17515782
15985441
19968393
18051982
18338335
17140795
20511685
17328990
20552915
18662256
19332575
21696481
20811783
21233867
21459183
20122026
17146138
21528081
17710049
16050958
21625663
18784496
17518906
19910155
17000478
16973415
17577164
17956915
19609542
19506434
15748678
19219661
16980636
16041519
15784348
18825367
17140539
16869179
19013404
15515856
17467202
18560085
20841664
16754831
16777771
18810901
16469223
15711101
20237761
20595307
16267920
16115175
17556991
16572117
18586692
15631643
20811178
18828429
20538959
18823177
19850435
19339407
21926561
20439590
21661649
18631968
21073291
18816011
15527578
20630284
17951213
16119644
20299651
19207062
18578798
16209695
16909729
17033277
16324960
15770881
19493177
16110001
19700054
17884602
18845413
20466750
17456202
20872772
18688052
19293717
17287230
17851308
21605514
20354924
15752835
20434086
17971552
17394537
21183152
16700230
15923414
20224459
18248406
16475463
19331120
19674935
18282346
15530750
19761589
16404802
20513345
17679583
18301445
20427002
17569442
15526494
18998815
19060794
17438929
21133868
17269436
15707102
19465583
20921918
20973851
17566553
21879654
20067684
21089989
21381579
18826611
21944692
19861695
15630981
17462042
16511579
21504260
20853581
21807832
18689134
19487354
15700156
16501127
16616643
16846695
20536490
16504893
17331095
17016888
19939813
17603834
19187169
16321733
16262969
16227417
16775650
19170219
19757348
18269549
15716799
18094791
21398370
19272549
19462352
19193242
19482459
21630563
16091574
16512270
19788756
19564278
21169868
19940596
17985063
15519899
17094360
21426286
19367335
17935835
20479132
21853824
19251831
20512743
18574052
19247561
20633738
18350859
16861012
21495336
20823391
20142133
15963168
15566208
17362188
17972138
20801918
17890348
18504244
16002021
16163981
20947721
18336519
21744575
18477124
16673222
16227770
16202887
16565619
21500605
19490004
16573020
20728318
19259839
19372126
15722399
17594994
19353975
17352778
21145197
18388558
19669680
19551673
21916319
19860315
18630213
20829237
20188623
17601235
17397690
15718187
20717172
15800302
15684901
19730813
21486128
16451424
19371991
17043948
16492923
20800800
19443240
19477972
18271288
15644689
16299885
16570749
18505800
19074757
18159966
19741432
19382989
19267033
21564464
20552854
20453187
17207007
20559828
16242899
18027518
17208924
21118321
19961630
19242654
18056562
16394231
21808158
20858692
20719843
21115629
16355045
20356662
20939158
16840363
15646115
16670575
17458539
15852727
20825667
19909009
17823815
16789336
20056904
20492053
18649585
20882803
20159563
16808704
20084316
18831016
15916231
18380632
15862985
20443419
17139206
16257623
21987993
15756120
20392805
19572233
15840070
18924272
20712463
16426696
17083561
16289065
20970632
20965943
17154706
16901700
16106335
15891316
19142055
20553366
20113263
21043559
20017225
15955292
21639966
20487072
19006500
19415400
18008106
19720493
16566612
15857196
15865495
20633747
16272071
17084301
19463678
15895765
19717483
17283703
18953729
19438888
18294534
16500868
18215447
19906442
21095560
16449684
15527814
17064202
19204854
17722681
21447221
17149038
18842993
20956707
16060581
20510287
17689082
17477226
17717442
16876802
19522554
20461676
17297331
22049809
17437826
20431501
17855485
20684398
16529138
18759756
20121577
15861756
17328807
16148809
18264897
15693988
15940977
18203565
21572061
15688334
15946280
16265798
18826976
16493981
20597713
16761659
16102160
21273251
21042862
18320903
17467351
17334124
19893465
16523100
19944273
20974322
17036265
20118704
19952037
19184780
19327070
20715648
19694849
15704593
20972581
21119150
18980927
16125030
17607137
18185124
19233353
16683218
16448864
19013047
15904880
21278672
21744630
17433113
17931495
18334055
19771410
16427132
19008145
18997358
19419589
15908677
16966892
15966919
16549390
21789980
17462801
19835534
18777505
18595309
20306848
21402456
20866016
17716787
18390630
16594969
15766335
17584392
19400339
21952383
18005127
19715623
17284506
19374691
20675297
19119701
19437952
17941410
15668849
16292681
17145224
16313546
15662189
20829005
15523942
18036011
19123072
20674768
16025151
19765427
18697655
20825891
20712800
21682911
17889000
18982783
21823368
21127318
20554423
19226886
18945220
17470220
19825894
17988599
19318659
17019450
20449969
21492345
18302302
20488607
21326245
19746850
17217131
15819265
18510414
20003922
17591169
17620400
18346001
19064659
19146557
18539517
17335523
17145513
18334678
21123237
19286341
15931644
16490561
21368658
18024715
18727450
18073657
15940891
18482550
19666851
17592217
17176303
16179813
16989295
20122774
20436033
20730061
16651296
20961000
17951939
19066143
16260342
20082061
16571992
17606178
16021555
19460244
21176131
15883463
15800558
20421027
18670411
20843883
15818264
19183330
16670509
19559223
19638640
19567753
17700952
15777026
18387226
21661658
21635795
19351312
18382164
21248579
21292720
21531670
19394018
18817973
19635339
16384803
20966841
19910864
16568462
19770117
16172844
16368362
18290580
16109300
18266204
19382172
19543092
16443983
15602309
20227648
19773562
19276768
18554077
19274811
18187916
17041167
17760519
19306980
20695949
17664534
19242320
20661211
20597453
16319704
16877190
19832996
17355102
18698236
17509808
16282005
21162325
21338292
20221862
16879087
17969938
16995560
21545947
19894359
15730610
16919135
18558907
17657327
18519625
15931018
15999942
16920649
19884474
21446301
18384672
19958254
18548793
20217046
16298283
21194660
17086781
21729274
20535677
16454003
20713655
18450676
16263865
19104292
21349200
15994981
15924011
18813142
21942003
18556185
16557122
20111916
21919294
20681485
17851379
19239590
20088318
21326961
15668597
16788355
18196289
16304250
19760154
17692402
18655683
17919211
21303460
17074863
21322498
20804887
18786712
20515432
15819641
20166455
15983280
16603283
19155195
15577290
15520054
16317670
17445641
16878034
20541069
21130516
18344890
19616800
16359735
21420665
16250527
20854523
15946831
19260602
19399312
20477765
19712845
21991779
20927678
19019520
17177958
17091005
16338800
18165374
20401873
21174173
18541752
21322194
16996372
21537199
19374671
16581637
18649816
19708928
18664738
20833455
19018218
18560296
18754706
17374279
16268766
18727283
16116831
15537137
21413577
20147805
16173835
20491591
19538798
19281541
16290129
20444075
17412717
16506641
16088832
16562385
17727771
15582830
17045129
17443877
17560921
19055663
15574526
17987458
17361691
17552345
15913786
18348367
19754498
16736371
17549855
17608050
20542366
19140193
16818165
16978554
18393740
17625785
20860260
15813804
20574104
20634622
16570558
21499008
19142781
17563426
15589666
18032687
16732017
17356093
19216983
18612029
20598860
20063616
15653242
16997634
16605228
21473975
17946759
20354878
20506122
19212285
19004659
19784493
19380090
17767791
19204231
16436569
21769757
15653253
19566998
20862893
21323231
16162578
16249592
18182945
16322862
18618203
19092481
21717149
17826210
15522054
17361957
16585497
15792061
20032760
16355575
18979996
16496660
17214223
21529729
17344196
17294372
15959428
19418242
21058163
19692674
21612517
16461448
17382848
17294775
18310641
17202518
16801360
17551421
20598829
19621441
21155468
16340636
21813621
20495474
17512475
21585138
17061594
18424862
17653493
16434919
21265595
19619228
20220687
21254812
17592908
16903403
16186465
19126337
18720108
18332403
18184342
21140074
20545805
21860933
15662490
19017597
16855121
20181431
16502384
16989234
17021867
20681392
16047529
17142592
19966692
16304762
18340975
19645153
20088150
18956282
18401676
18422265
17601154
15547486
18296844
20361444
16292626
21569978
16327299
15868984
15602303
17667289
17504847
19485868
21450779
20871804
18290880
17601838
20564166
18050531
20653421
21862044
16276341
19087464
20234248
20436094
17427666
21584945
16758049
19196301
17324178
20510700
17331245
18928065
18191295
19273863
16619472
18569779
15696111
17240603
19728752
18447935
21155402
17846089
19853936
18838722
19490772
18308982
18976204
18587362
15696887
21460672
20075558
19568684
15983155
15647238
16603060
19736330
16764224
17215469
17998355
20618313
17077170
19207552
21669385
18038299
15927652
17317434
21935800
16873922
16529186
15849528
17936542
19507311
16920242
17010034
18648892
19419546
18988582
18073677
17668162
21308857
20714196
20178571
16320982
21194663
17688480
16423118
21537238
21344984
20081685
19466268
17088587
17222294
16417700
19319001
17515265
21088838
19067063
20848072
19085003
19390341
19248345
20007003
20044765
16953162
15672336
16304302
16835552
16426796
16925454
15604644
17563043
20345206
21358407
20697077
17568491
19578801
18035763
20364415
16262094
16023841
21366204
20227639
17926262
20624559
19534368
16735082
16276660
17766662
16034260
19068556
18760675
20178029
19945320
21487344
16409571
18206144
19096357
17949448
19620163
21332777
21182442
17692636
21119153
17705866
16108294
16794548
20465078
17872818
19999254
15660532
20854355
18819046
20526121
19695730
20146908
18644511
20157139
21308217
16774291
21042253
17224939
21747417
15578235
15704769
17017584
19115880
18839731
20940212
15861918
20860575
15779699
17257985
16857051
15780330
18990271
21194262
18578198
17265411
20031893
15882366
20347565
16805937
15937755
19143692
16637944
17133187
21401941
19694851
19700091
17487021
15799988
19501941
21196807
15570333
16023888
16856090
19084891
18575419
15625023
19627894
19634588
21788746
16271294
18482653
18778558
18086965
20394886
17577192
18653000
15803333
19282245
16427245
15799673
18800284
19819050
18222586
17160869
16841659
17883790
15739735
20155554
15532179
16448341
17458411
21169964
18473086
17698343
15763120
18993134
21225535
19748030
19926646
17582316
17072512
16542132
18838182
20399093
17650693
16175784
19295419
21710873
17454280
17629906
15747077
19892293
16021258
17906083
18389874
16276956
20216168
19059872
21741791
19866504
21514554
16137578
17989116
17088223
16792517
18202732
18541401
18398082
21437754
20579138
20094109
17899995
15804323
20872774
18073251
19773563
20095068
16134041
18332745
20404625
17540553
17052558
19879451
19734393
17962841
18710456
20299633
20799934
19687307
15900170
21727758
17042055
20665341
19944558
19212248
16522545
16436161
18025861
17562727
16507619
21427366
20840686
19754686
17673094
19282149
16942954
15568269
21550543
15739740
19387125
16919759
16287768
16870385
19489797
18496022
16610485
16801655
17219488
16006697
18361948
19220607
19237475
18762647
16115832
18426783
21507232
19495779
18182878
18947099
19635764
17505331
20976815
16739441
15924900
17413776
20870663
19782928
15659085
15634822
16939948
16786362
18726814
15800153
20132365
20427521
17944801
20031902
19155098
19128650
16003597
19297446
17030842
17626023
20500338
21197836
18286928
17942584
18697337
19281345
18538065
18378400
18164193
20597714
18517102
16113141
21450048
20622795
16623294
19254203
18290408
19372340
17994499
15822055
18692395
17202153
20697233
17103000
16149663
21393039
21977821
19309414
21356062
21767378
19480376
19097575
21298943
20709279
15713790
21330383
17076180
16756766
17544449
18852569
20022198
19780853
17901831
20443406
19087006
17212893
18722942
17641075
19456057
20217979
18053001
20050445
16630413
16628312
19534222
18042470
17308443
16139467
18386451
15580441
17211224
20886197
16043257
20136037
17447603
19749653
18391108
20726381
17075366
21149871
19538561
15630975
17136936
21057839
16557124
20980129
18829202
18378730
17522003
20088186
20463448
15611803
19161016
15933466
17133883
18503346
20932433
20648856
18787907
20430944
21066958
16328394
18806318
20631577
17980798
21888198
21185850
20822733
17560916
19889474
20550019
19209469
20010176
19060825
19458459
16355934
16352973
21467894
18354333
19671645
16320641
20712109
21329281
16490155
15644692
20818469
19041210
18186824
19583665
17599583
16535903
17525838
16464871
17693906
15740487
21351840
19278320
18241954
16318056
16544011
21710915
20065277
21524315
15599658
18596708
18539880
17077718
20937185
16119649
16491032
17375806
20228332
17486478
19455932
16330969
18086764
16138821
20201628
16125027
16524355
16514937
20700774
16108205
18286854
16450722
16094550
21592337
21139455
15705638
17433462
18694194
16213693
16023433
15567874
20048680
16276471
19296355
19175188
20942319
18410781
17327715
20946497
19047492
20804928
21105584
16391960
18724958
19100943
20841673
16650032
20063250
16581638
21332034
21675316
21218742
19194132
15915749
21600377
19490598
16050856
19386366
16455221
17628387
17343118
15593323
21301677
20682499
21316239
18386100
17007695
15544176
17546784
21282794
16116778
15552806
19719463
15538269
21248530
21214957
17411787
19463681
19233689
16116371
16447609
20657275
20010984
16210944
19266971
16041234
17378463
15656857
16719605
17152044
18160245
21086668
16046040
18309919
19892383
15591759
15822622
21855907
20931101
21044437
15817367
20077803
22053663
16677998
20497731
17823912
20380613
20597745
16520263
20662343
20514884
20660555
19190009
15737277
16294182
20702891
19659690
16255338
16764198
20633727
21291509
17674615
18607872
17007155
15690834
19032015
16412445
18792656
16403225
16004105
17269542
16696542
16768979
17332215
17164029
19152282
21359258
20439044
17199451
19444288
21030490
15595989
17701828
18687815
20666035
19255336
18548412
20870181
16780297
21232162
19160631
15515156
21299570
18066718
22030665
19189408
18033634
16000092
19419442
16244125
18328244
18440681
17284981
17379682
20799590
16790946
17982999
19167928
17108506
17352336
16218148
19057953
16810718
18166728
18025394
15964735
16128652
20384527
16487840
16111083
16730728
19539813
18385570
21365160
17364397
19553064
15644676
20825536
19923148
18189045
16921324
21497250
16640210
20948485
19568215
19327081
15656240
20306616
18519522
17072358
21419250
15644699
21123236
19752152
15800346
21305235
17233147
20362246
20442658
19661792
17591344
20677426
16501373
18695975
17022856
20441064
21376519
19000337
20230942
20594365
17621444
17919355
18578811
20439199
18587082
16340273
21905489
18021149
20095098
18397559
20000268
16547944
16124420
19525484
15617215
16613410
17510850
15853778
16010471
16082241
15888901
17157243
19387911
18705146
20541065
17504585
18325122
20666939
15892429
20508148
17764780
20883636
17954381
19033337
18061312
16870534
19964428
20491193
19477755
21893736
18430563
19835465
18534688
20426298
19492151
19661825
18758335
18545842
17249394
19024067
20647783
21590564
17726671
19461551
20846245
17236327
20508427
20578086
17283937
20693890
17259469
18667870
17181758
17619405
21635182
21884356
18677136
17653891
15935081
21037958
15867778
16299431
19287104
20505425
19917443
20047174
17910532
16515856
16845814
19320675
19608827
17627742
19543682
15810757
18274901
19075451
16158203
16630428
16336618
21035700
18372824
19772210
19142111
16810084
17405777
18000242
16271910
19760984
20456340
17541554
21154090
21545733
20680534
18268853
17210502
17378297
20105161
17183013
19455861
17538757
20586992
20568324
21388095
20491165
20018960
18445730
20642413
16899843
19714253
17638595
17384514
20031841
20128984
18003681
19566989
21039589
16231569
18026052
16903582
18209218
15835336
20346534
15530197
16439269
19694872
20442338
16332602
19476108
16287816
16843468
17899216
18828315
16456209
18779461
17278337
17855821
16526334
16405207
17289539
19157280
18597730
17601738
20732664
17091047
15940585
18095208
17149086
18568872
16858457
17349500
19468037
19828530
18329157
20169818
16837805
19373148
16674784
20402751
17785644
18818536
20495488
18988729
15722841
18804727
15704379
15832233
16223629
20459674
17573304
15980733
16494663
17384570
17139941
19223813
17403759
16594252
16416386
19331253
17559722
18780905
17334545
19552247
22073589
18997534
21393574
15629979
17182427
18036917
16548283
16123468
17901171
19502171
17558490
19211295
18164350
16131931
15603695
20305592
18665060
20369442
21478458
15944497
17672411
18926453
18923986
19797754
16157434
21495237
19654222
19153394
20409138
21489164
17881092
21426353
18715969
19357374
18279449
19162364
17114129
20674651
15889304
21246379
19577702
15714933
21180310
21971093
15960112
18047501
19023571
18160862
17416366
17705873
15568654
20360287
20539139
16122058
19397078
20078437
19038523
19091725
21228042
16097503
15704639
18924462
19184554
15884244
18047958
16145719
20550222
18506339
16525005
16475408
20092528
17381377
16398297
19686269
21155638
17851353
16133644
19003797
20974334
15691240
21446971
15671191
21346708
20630118
19444731
21068178
17726922
17917470
20879815
17394619
16945199
19186604
20424802
21826674
15991780
21425360
19448582
16137814
21264758
17002245
15947992
15960570
17199055
17334302
18637856
18842455
19610499
18460066
21320941
19235252
21329857
16323488
17147081
18622567
19909636
17163458
19136335
21174860
16544059
18808053
20675361
21807676
20364693
18677873
21177426
17542785
15698807
19632805
16613404
17983723
21083403
20438946
16877905
19552677
19162408
21039226
19181649
15687721
21513445
21667803
17518884
19589767
18019971
18300609
16150875
19772170
15988947
19437914
17695557
17636790
17173716
18777026
21144952
16477200
19577419
20123762
19467998
17500169
17235044
20630159
21853848
16510373
19015926
17653393
19522911
21059091
21057800
15915843
17059030
16999613
15604527
17018834
17535839
15853292
20025178
18330057
18701971
17660859
20403550
18208604
15920691
19624267
18400529
20832921
20504261
20677672
18272777
18710057
20690513
17411745
17725024
19801374
18478683
21447047
18441192
19457727
20965794
20508952
21639659
21524661
16926365
21941045
19093418
21109126
18346988
16024208
19857414
16848352
21552127
21663463
15907668
17037342
20103375
20580142
16280699
20942327
15998511
19248440
20421049
20202350
20189342
16106155
19050194
18095075
18446110
18000269
21545635
19387871
15745441
17035574
15692871
20080443
16299191
20039840
20110605
17888917
16315251
16055870
18022065
19152992
17985101
15865824
16105460
20937936
18972235
20376994
15791873
16469149
20464593
21298891
16260054
17914896
16630997
20632122
17854736
17244012
17320008
20702057
17671080
17020485
18411387
18942244
21601708
15813628
18997054
16011820
16246653
17126784
19926199
17702483
18928132
17244388
19592804
17040575
20009903
19994755
17656287
16719130
18277552
15677596
15550799
17727542
18662200
19720766
17182454
19564281
18478819
18353608
18988007
18814476
20385460
16499678
19416429
19362753
19354150
16987120
19619206
17147069
15517741
16953850
18676528
18194559
17027221
15743296
18681349
17260233
15763910
15548103
18674500
20636586
18271332
18612028
21090217
16437328
19664527
16788274
21894784
15793271
18429579
20458677
17496700
18582304
19675510
17210494
21473965
17324193
19704215
16926369
19256322
18074870
15561556
17364403
20487075
17164933
16269444
18342653
16175025
18065029
15889813
18928082
15635558
22043493
19134493
16610298
15651587
16442424
17034285
15535539
16160657
15920711
17844804
18065365
16965558
16257620
15932438
18798714
16046566
21033406
20210665
16690991
15619528
18498567
16466404
17695981
16457327
19236288
17380834
19568131
16951004
21186954
17852888
20132713
18515439
16050236
19537628
18250240
17202551
20336328
17377975
17018170
16706573
17828675
17883460
19482542
17604262
21198461
20403904
17600599
15633403
21040012
21590572
21488564
20921037
16519178
17193836
21144403
19945634
20056190
16921337
19704293
15936130
19327295
15687722
16755664
20202395
18830841
19587371
17363865
18300739
20712716
21306064
20578508
21074075
16529030
18714719
20695330
21162358
18402202
17905107
17911722
20606057
21301962
17495711
15647118
19327333
16629547
20025749
19851141
20225911
19637555
17719295
17923289
18715393
19546733
21951510
21540695
16389158
19506537
17414352
17249904
18597971
17220387
21267565
15717518
16791743
19306565
19376355
21419254
17300493
17369044
15573331
16403718
20181412
21159278
20178697
18246448
15566599
16620354
21726319
21388982
18219153
18535317
21261998
20227922
20572093
17166255
20800770
18436568
21409670
17950115
20337734
21191211
21865222
17142611
15890509
21346534
20368660
17087708
20589609
20860248
18569897
16389010
20860250
16505392
19556910
16879539
15903222
18682013
18200894
17095419
16174996
18429739
15520090
20579582
18416388
20924426
20141092
18694250
18093591
19141996
19259706
20824612
21263318
20507679
20031470
18699762
18670780
21563739
19438672
19567494
16137802
20049773
16648725
16816348
21842015
18399393
15526488
18592393
18980453
18022039
19335479
17610440
17131247
21857338
17560953
17608243
19366837
21381954
16635696
15644831
17384356
20397508
15552888
20220525
20810585
21440870
19041212
16481639
21999065
19351218
15552805
20921487
19921997
17577010
18537987
16629543
16870972
15747040
17162119
15731987
16720750
16911175
16238530
21154093
16867965
15946171
19394105
21136100
20008210
21054176
21496289
16235583
17188854
16794104
15667389
19737125
18676960
16955638
18350993
21718506
19120741
17205001
16688662
17695002
17190317
16739359
20798619
19902573
15682529
19042888
19619375
17280928
20484996
16015516
19765123
21500008
19808156
17690523
17075365
18242130
20434292
18381881
18354066
21471491
20421853
18715970
16308129
19453917
19036140
18700089
18508820
18815843
16041553
16916400
16500449
21649768
15997354
16649832
15612401
18380050
15836524
20231189
18845477
20727058
20672653
17128655
17650354
16476641
21675167
21053516
17671027
17966250
16623624
19835601
17356933
20378204
18041413
18066631
19261197
17929740
17391577
20099529
16078356
16755127
20036397
18315829
16490550
20709647
16202125
16791670
19051953
20173056
19583066
17925587
20608484
18610695
21108173
19962697
19553067
15678740
17481458
21503452
18085429
16845682
19144993
19495863
18416794
19238647
17419057
18182537
20572539
20678887
17483999
18085339
17136752
19865014
18062033
18625090
18021332
15712624
17551698
19335811
15788949
17411860
18557314
19783837
15756486
19348685
16449883
18723247
20095083
16689413
17160733
19119730
18069314
20299537
17935651
18522372
18258975
18603221
18273872
21411839
16638158
16991132
17828140
18398757
16850778
17680330
21456496
19026477
21619644
16019260
16737139
19357243
19768236
17305106
19088243
21768819
19238086
20105608
15830766
16466574
17443664
19965903
17659765
18040889
21789908
20974057
17588841
21173614
17336025
19504812
18833458
18800285
19143235
17518143
16799355
20659198
16183359
19801932
20868254
16466406
17003703
15774441
19542059
16938672
20482950
15685966
19114838
17490938
20708866
16960661
15555079
19023446
15582346
18202984
16310679
20215333
16714982
15780324
19134499
20857671
21306060
17475331
20420267
17041248
21376680
15990428
17764076
16022608
15993260
19645620
19212925
17126078
17880481
17910543
16478412
17249154
20472840
15819834
19999373
16473357
20860978
19420279
17924190
21665156
19054953
21906721
16131555
20976486
16150678
19807234
18590978
16396679
21069268
19240187
19150541
16239231
20654285
17240117
17588303
20536115
16911049
15959746
18598388
17089452
17327187
18405012
19583007
19250723
19259924
17970363
16526061
19962624
19707139
20091463
21492277
21858241
20970061
18777603
16893332
21862745
15551613
18638713
18206737
16477922
20449988
19208816
17822526
17628462
16111603
20713422
18254830
17994404
17462044
19729322
21661267
17256717
17432772
20377778
16197495
17727584
16836620
16906322
19507367
16243661
16990883
20355346
19889411
17352706
18717278
18619798
16227544
17786803
16308098
20039822
15854176
19328439
20158137
18537481
20495334
19633593
20602139
16427361
19010639
15641236
19150220
17234071
19278132
16039809
16499789
16696861
20388313
15685965
17853657
18488966
21609422
16951021
19777385
17565929
20003350
16973462
16342920
17569933
21601010
18194594
16229695
20433438
18604144
17664526
16704351
21057139
17766796
16622817
18357845
18929942
19323846
15824941
18994651
19527449
15849485
20238129
21995093
15805437
19486444
17544181
16930268
20719102
21478378
17018742
17014447
18251445
19376676
16575842
18325947
20095185
21810722
17941245
20076899
19048697
19430233
19517200
20391795
15682546
16182095
19550170
16234299
16174814
17536419
15589710
21225585
15552024
21170786
21165379
19780018
18280827
21084087
18228571
19166979
18241139
21863029
18266572
17175678
20012702
16620041
15719585
15624638
18694992
17380491
17034716
21199548
19457513
16551208
17482418
17131301
22004635
19060279
17002010
20121338
20971519
21110882
21555667
20845676
20887671
18688051
16004736
16456203
16476842
18401223
15846710
18805749
18523492
18677877
21156305
21702262
20205012
20853586
21368551
21253839
16118102
17060272
16330476
18562834
18805754
16969245
20371485
21174855
18595709
15765815
19433835
16401766
17604522
15766334
17389542
17240867
16875926
17337517
16871857
17060300
16108777
17111052
17935844
16823022
16740232
16122538
16544671
16814217
19300082
17724422
21473763
17330996
19060805
19239728
18188104
17556401
17632126
20860782
19919300
20066735
17992064
19605964
17662809
20456797
20824361
20142264
16267966
17076799
16800327
18097853
20662865
19054996
18330396
18227889
18718887
18836687
15893208
16512436
16096152
19734976
19195441
16961098
17091597
15733657
17512879
20128760
21554711
19663271
19306789
17684107
18189334
19365826
15890071
17170668
18028021
17211000
18398650
21419258
18810621
19463083
21780720
20505610
19054458
18190953
16843239
16786824
18488864
19608123
20509800
17578579
16826966
17098101
18242613
18272092
19645537
16422486
16507152
20529039
15794297
21917221
20356707
16933670
18179495
16456568
20484915
17540180
18622960
17552337
21840898
20183360
21270070
20649665
19877094
16430605
15577647
20885301
15730598
16711175
15634637
16700692
17404126
19368507
17385057
19397431
19919651
20709554
17036695
18759730
19114844
15626522
18188749
18431292
16295991
19775919
19797698
21957826
19450992
18195274
18552683
20418007
15788034
17661076
20605754
16237354
18065188
21610702
17522465
19088667
16641157
16619958
19945102
17263051
17674111
21449779
17960433
16124847
17897115
16776317
17214862
21462059
18808693
15956862
16688968
16440861
17440290
16034031
17112142
17310658
20465974
18564949
17980834
19752680
21636616
16422996
16339336
19906285
16531781
16551817
19091091
20006413
20456149
19731886
16520520
19167554
16630335
17500283
21524006
15857533
17305269
18609344
17719746
17957524
18849894
15534269
21667813
19480076
16758041
17979951
15886176
16388532
17927056
18050748
19061201
20593675
21503177
20726270
20214847
19300039
18604425
15741712
17449521
21368513
20860246
16117265
20715299
17923470
21075729
17613157
20067138
21357642
18054818
16440978
20041613
19475806
21575883
16542166
17279528
18468856
17311239
20857639
21214714
17710834
19670361
19785564
18194523
15860472
15862043
18768243
18458620
20854510
17353493
16505701
18723249
19326547
20049092
21977773
20579122
19827377
18379226
18777511
18958984
19833000
19948297
18279447
17339093
18503652
21332774
16647834
19583668
19118972
16676339
16143751
15537586
20182364
20404628
19431054
17118239
15632388
17470188
15778140
20337847
21690602
18278637
18023334
20104515
16532478
20660530
18245212
18492640
18649717
16100413
17296230
19563729
20739360
17350378
18234699
18080170
18364016
17472761
16404863
17546531
15570524
18716737
18307497
21176661
20688777
16892512
15674138
20546470
17262005
20306150
21392789
15890048
21972461
18481613
20656725
17150072
16855862
20087034
18205528
19592952
17655538
17095336
20869182
19443521
20931098
18522522
20972842
17597556
17035877
17571606
15645762
19774913
17580773
22058392
19278385
20347705
16104676
17556151
18394900
18390466
16284050
21624867
15573834
20616295
21290960
16447784
22003206
19961626
17169234
17318031
19678469
18511768
20738432
20531224
19009935
18523144
15807755
18176228
19159080
17577004
21536367
18592986
20088190
16755314
19247884
17682686
19378218
21531580
15789481
16862019
20674430
18203568
17068427
17330993
20043565
19634612
17133136
19864184
16024147
17436460
17702516
18180658
18495548
15576756
16301958
15801387
21429958
17216964
15999538
17687209
18364252
15918427
16135490
20024702
21790099
16767851
19619061
16133696
21598892
15571882
16982254
16459905
19189153
15649687
19729437
17096776
21416871
20597336
21455041
16723959
20736665
18979955
20546463
18673155
21924437
16681228
18166697
19383958
17421095
17180653
15948356
19671164
16449865
16123471
17004019
17595408
16779065
18226272
17058722
18461360
17244246
21169819
16703873
21252831
20142168
16273992
18379288
15897499
20800564
20053197
16294146
19030843
21148579
19269915
21477981
18209847
16449394
17257396
20861835
18580384
17299869
18507575
17105743
22164936
16817331
17364783
20722312
16866692
17884713
16736311
20698360
19187836
20858055
20163420
20087084
16513352
21843128
16174813
19186410
15544580
20399376
16573015
16830214
18477721
18355257
16594418
19307523
18587295
18829260
19252113
17294319
19591363
17804339
15540680
19400486
18377447
18057190
15825667
20155605
18563031
18208739
20846278
16597053
19181041
21265354
15723024
20552906
20843882
16532220
16116366
18194352
17242389
20177950
21239101
19318963
20510948
21073566
17327740
16273441
17425278
21099063
15686073
18411908
17932359
20349624
18055669
17453552
16736630
19228305
21912023
18493127
16813545
16717514
20725782
19819115
18234042
16524352
16153378
20230173
17876250
21254487
16569406
19647967
20434085
21840519
20357652
21095426
16117032
17689955
16827611
15951704
18228643
19880918
19012496
16117721
20214702
21798499
16157462
21507187
18603536
20480409
21247433
16595542
19629534
17016942
15942397
17551279
16295284
17933498
19575719
16297578
16111072
20648582
16185526
19353986
16802287
17931539
18856076
18980038
18942486
16751635
17207278
16315815
17234418
15574193
16441278
20465076
19996463
16357669
20079761
19345553
16567855
18648946
15635790
18241152
15574726
16236952
20581321
20530127
17983544
17430825
19171291
17067375
17626256
20306010
19397389
18294351
19592271
16581077
17879550
20512079
16224032
21229601
20209007
15869214
21999064
16059836
20502170
20168196
19361124
15759161
18236904
17005073
18757992
18758849
19227691
18799642
18347365
19968144
17997260
18564422
21378634
16986146
19552141
16464327
15618105
16322176
20946037
18951344
19275841
18700102
18839742
16229053
21067080
21170659
15566559
15763848
16926761
18573483
21548789
16416155
16523603
17040142
20393104
19058074
20086261
19890896
17643979
16778998
21675172
17329946
17956529
16255329
20382715
19673054
20510824
21560957
21531683
16836763
19220619
18675030
16401532
18807396
21721874
19738218
19945194
17883735
19039740
17220380
20831004
21299599
17007486
16711287
16174145
17004190
17000345
19794269
20966373
19860041
20638814
19495946
16362709
17635055
18275405
18755423
16523570
18333742
16357705
21805949
16544083
15565357
20496315
21240105
15679893
16272971
15748090
16436159
16669589
16399970
15632403
17721844
20490970
20453611
18606526
20043502
17592345
19012779
17882498
19657252
16760696
16371823
16438717
17057593
19477885
19043632
18419987
15581305
16350482
18924544
20510840
16452557
19520451
17898250
17116010
17521101
17561162
19694850
21245766
19728767
16087823
20880366
19233704
17337872
16824222
16354866
15630818
18481465
18806595
16909192
17540805
21546643
15683056
15734138
16026904
18256844
20174944
18564587
20671567
21738035
15830302
19366398
18075432
20481075
19886592
21815184
20517975
16186863
15583712
19293316
18542006
18372887
16624481
18188973
21287145
19648096
18426103
17290963
17470093
18245419
19378577
15815960
17257963
19500701
21241193
17695580
15881905
21156351
18560100
17413755
17850296
18724112
19211100
18431892
20580606
18497006
18439244
20550841
18693944
20980769
18710895
17391510
20078323
16900281
17116767
18234365
17963493
19538703
15609749
15757883
16628162
21538039
17424969
17381826
15899730
18842459
17243516
18611253
17999300
17531766
20662286
16119655
18789425
21150411
17327248
18977994
16930000
17443115
17828142
19711657
18171394
17298611
18025362
16137393
18400568
21675258
19560693
17212894
17622603
17302137
19286279
15871756
16601947
19401093
16550099
19492212
18670198
20716978
19856593
16144146
19842526
17598932
18661614
17057925
19283563
21777720
16217587
18171971
20439293
16150131
16649833
21600363
16422430
19465344
17874862
17218867
17020241
19772968
16829180
21284498
15641523
17464135
21665473
21631943
21462635
19104246
16358531
19144159
15839235
21143362
20875176
17708328
16471291
21192569
20514712
17855818
17112174
20369142
16735523
19056017
18639410
20308885
17316160
16089094
16405711
16396140
17461752
21726445
15612398
19411582
21199550
20699039
20448487
19797957
15693981
16948379
15662173
17965642
17020719
18251207
15994057
18752095
16290975
20864873
17480142
19551490
19925747
19475826
16425109
16631716
16977900
16289849
19476891
20338980
16529207
20087554
19156389
19534188
20420548
16376480
18175190
18036016
19323715
20171937
20528667
20722310
19438083
17656499
20236923
17060178
15822366
18402738
18773762
17708039
19125936
18577171
17546350
21322500
21519557
20023274
18632034
18377569
19033590
17147856
17457779
15886362
15658904
19421735
17908126
16295986
15724562
17584389
19092474
21123504
16314384
21266202
18708889
17518878
15515312
16175972
19542038
19558737
15644644
19941577
16217779
19023840
19967217
15896261
17667001
16675647
21074115
17283622
20049503
17475127
20538363
16410101
20516298
15924027
21384781
19363751
19406456
18853532
15656388
17066836
17406015
15893207
17973698
16722902
15539986
17973694
18977551
20949870
20083929
