16711076
16718989
16717381
16709883
16739445
16738468
16734648
16723960
16723929
16723423
16720263
15638445
16784886
16777792
16776611
16776274
16772628
16771288
16767012
16764560
16759963
16759961
16758714
16835551
16830254
16817296
16808691
16802262
16798492
16798068
16892766
16884570
16882000
16869921
16838808
16951021
16951016
16949825
16948445
16931922
16927589
16925622
16918860
16918835
16918782
16911547
16905492
16905489
16903307
16903300
16902079
16855483
16646506
17050340
17042811
17040525
17021286
17019462
17019325
17009802
17000484
17000483
17000482
17000481
17000480
17000478
17000477
17000476
17000475
17000474
17000473
17000472
16997025
16986758
16980791
16969249
16967110
16964775
16635161
16633275
17144921
17139074
17136936
17136200
17136186
17135871
17133293
17131620
17126465
17118116
17118076
17117700
17116452
17111876
17110299
17099466
17095440
17095439
17094366
17087418
17081921
17081919
17081913
17072157
17069394
17069393
17061473
17058694
16583345
16581641
17227875
17225366
17225335
17210511
17210503
17209709
17191258
17176309
17165487
17158185
17153132
17140007
16572570
16565277
16092572
16076596
16045593
16043983
16035724
16029977
16029975
16029974
16029972
16011504
15999857
15997613
15991628
15986935
15984731
15984286
15966404
15949254
15937267
15933964
15931043
15920939
15915702
15909434
15906896
15889874
15865581
15862736
15853292
15839298
15794419
15793979
15774397
15769972
15765823
15727363
15720482
15704379
15693685
15658244
15648520
15636270
15636005
15619508
15618370
15603685
15600048
15591920
15542814
15537470
15518867
20203635
20147836
19474578
19432915
19384700
19366949
19339450
19339442
19294946
19263952
19248326
19172364
19158646
19020401
18994651
18990114
18982881
18976610
18976237
18946369
18928964
18853737
18849744
18815504
18800284
18800283
18790295
18763662
18754246
18709829
18705364
18700086
18697353
18681371
18678720
18678074
18678071
18660723
18655683
18649709
18642736
18604930
18503838
18501747
18433658
18401223
18393329
18387481
18385407
18377105
18373955
18359463
18335867
18320455
17498845
17498168
17494482
17494298
17487707
17487704
17483923
17473789
17473537
17457079
17456167
17450710
17441625
17438995
17431605
17427605
17427479
17418677
17416702
17413678
17413677
17413400
17412049
17411763
17411671
17396706
17394514
17390949
17385657
17385057
17380602
17367254
17365378
17365376
17365370
17356436
17350559
17338398
17333656
17332807
17327754
17324625
17322006
17308470
17308443
17294063
17292764
17289460
17288714
17284943
17273030
17273028
17263054
17260599
17257297
16628180
16620259
16608722
16607351
16585806
16581636
16569722
16568625
16551020
16535910
16488102
16473734
16463644
16451529
16447530
16447529
16433131
16425106
16405711
16405705
16398003
16396223
19226720
16335335
16308171
16301940
16295346
16295340
16283902
16255473
16249583
16241168
16230730
16218125
16210740
16199464
16190005
16187669
16164509
16123894
16114603
16106689
16101091
16096155
16096148
16085927
16045054
16044727
15999855
15999639
15937379
15934574
15934279
15894793
15892316
15852799
15801523
15776123
22096815
22030650
21977618
21957803
21957538
21842830
21732724
21642740
21635184
21486126
21486125
21448054
21364379
21246866
21155468
21140721
20850031
20689129
20677522
20515880
20476514
20441398
20426308
20410418
20402254
20368662
20368660
20368659
20368658
20368657
20368654
20055331
20050483
20008765
20006316
19928362
19695425
19664410
19659690
19657496
19642475
19641419
19634644
19606660
19605620
19588741
19548492
19543010
19507378
19506747
19481043
19474415
19460662
19441192
19434948
19374616
19370467
19300070
19297968
19253148
19243519
19237043
19225316
19192897
19161959
19160921
19153824
19142063
19139474
19130695
20602585
20602584
19093298
19072186
19067315
19065971
19062423
18085600
18080966
18073710
18073251
18070256
18063550
18062789
18062033
18060841
18056515
17917948
17917946
17917945
17917943
17917941
17917940
17896246
17896245
18038299
18038297
18038295
18038294
18038293
18035261
18032687
18018955
18006510
17983360
17978607
17972784
17971370
17968767
17955884
17955732
17954864
17941552
17941522
17941408
17933613
17926605
17919163
17909136
17908346
17908118
17907646
17901456
17897152
17893931
17893415
17892116
17885972
17885971
17881316
17874610
17873667
17872817
17849931
17849918
17823912
17760237
17711937
17711073
17710834
17708314
17703113
17696982
17688571
17675114
17669056
17669054
17668835
17668831
17667779
17666301
17666298
17666293
17661804
17656412
17654158
17654156
17651489
17618118
17610109
17605444
19160887
17598355
17593654
17592105
17590488
17583079
17580815
17579304
17577148
17573272
17569191
17566541
17559973
17557464
17551698
17536995
17536922
17530539
17524802
17522184
17521053
17518144
17514005
17512423
17503700
17499628
16443811
16440978
16308175
16295991
20979161
20968214
20952105
20951958
20949872
20946504
20942756
20925291
20880616
20879082
20863034
20846045
20846004
20841696
20795835
20795834
20795833
20701195
20690992
20687438
20686399
20675017
20657980
20642413
20630804
20629297
20601640
20594365
20570520
20564704
20546463
20540612
20536755
20514510
20513789
20508241
20499485
20478554
20469996
20450999
20446521
20434085
20425283
20415270
20397478
20386055
20377400
20377396
20369441
20369142
20363709
20363454
20350897
20345512
20305461
20305458
20225429
20224459
20196650
20183136
20150771
20129227
19160048
19142784
19142781
19124176
20602594
20602586
19112244
19109855
19106281
19104262
19104261
19101774
19088667
19077811
19076740
19074716
19074690
19058243
19055075
19047453
19038479
19024666
19024048
19018911
19018888
19012144
19012138
19007713
18990112
18982395
18974598
18849368
18847073
18845365
18834545
18825567
18820523
18820522
18819206
18810421
18800278
18796426
18796190
18764851
18707661
18700524
18698604
18662657
18638714
18627798
18594028
18588646
18578440
18573764
18382166
18382164
18571140
18569412
18569411
18558934
18557553
18557061
18556692
18552318
18544726
18541401
18517175
18515554
18501748
18491831
18490877
18476636
18475239
18475235
18469619
18459920
18452367
18450410
18448888
18427073
18423644
18420693
18416359
18412912
18411892
18405264
18400568
18387229
18387226
18386455
18386454
18386449
18378725
18372659
18371967
18360207
18353515
18338990
18325150
18320453
18308281
18302602
18293805
18290580
18283210
18279275
18278648
18272613
18265802
18262759
18257761
18254831
18246862
18240839
18232550
18226758
18209148
18208956
18208614
18203554
18202988
18202987
18202203
18195298
18193356
18189089
18186914
18182945
18171322
17917949
18160862
18160861
18155398
18091298
18094656
16722289
21872117
21872113
21872112
21872108
21830643
21787029
21763127
21605274
21591406
21571708
21542725
21536216
21486128
21482012
21470088
21462676
21456508
21454852
21429089
21425916
21407002
21366160
21351191
21351190
21348930
21333914
21316239
21311267
21298951
21298947
21298946
21298943
21298941
21298940
21298939
21298904
21290924
21285194
21284562
21258241
21257997
21250406
21224811
21219529
21210611
21207723
21193084
21193083
21183152
21182438
21182434
21155308
21142678
21140874
21135708
21134125
21110399
21103771
21093376
21084411
21073577
21073566
21045614
21043559
21043556
21041006
21039099
20618606
20609507
20594068
20590038
20579441
20554577
20551027
20546560
20546466
20546465
20546464
20542238
20540614
20505507
20502974
20491165
20482884
20479349
20444075
20442152
20436336
20430564
20377497
20373726
20369442
20362383
20360579
20308019
20235400
20212304
20164627
20142285
20142140
20137845
20137024
20133291
20102813
20102812
20102267
20098878
20082176
20081666
20079686
20064055
20063616
20063594
20056661
20051400
20050492
20043845
22049637
21639027
21639026
21534439
21461149
20034853
20029008
20026686
20011821
20010373
20008604
20008585
20001544
19969388
19960081
19956081
19955966
19953770
19950458
19947286
19947285
19945813
19945107
19944486
19935349
19910864
19908670
19875837
19875537
19860968
19853819
19826328
19846246
19842957
19826078
19825895
19822227
19807006
19800711
19797499
21753452
19786152
19769206
19769205
19757739
19756499
19753889
19753417
19752260
19751935
19748869
19745636
19740140
19739307
19735917
19734535
19715492
19709016
19706072
19695422
19694858
19670010
19668065
19657936
19657497
19657495
19657491
19651928
19651926
19648599
19639848
19637076
19608320
19589766
19573192
19567803
19509603
19509210
19482544
19476900
19474593
19448890
19444045
19430415
19416429
19399684
19387912
19387907
19387906
19357603
19356880
19280378
19275835
19263122
19243729
19242853
19240100
19234866
19209053
19204130
19194334
19193615
22043493
22029120
21957820
21939134
21939133
21887954
21887949
21887948
21887945
21887934
21873843
21869658
21857338
21848722
21841663
21834289
21826876
21823881
21799351
21815515
21780094
21799364
21785486
21761610
21736169
21732723
21719800
21707004
21688952
21670639
21661581
21654486
21654482
21635182
21635181
21617508
21615196
21420535
21555284
21554063
21554061
21540696
21521213
21519399
21497248
21486321
21456496
21429447
21425919
21414024
21391360
21372646
21368257
21322197
21317027
21305537
21298950
21298944
21293040
21281487
21276535
21273358
21261696
21235656
21228438
21220994
21211078
21208829
21199549
21182444
21182442
21182439
21158900
21139465
21136100
21134183
21133299
21115471
21113075
21111389
21111388
21105948
21099063
21090203
21085068
21075316
21073561
21069119
21069118
21034169
21033632
20959274
20954509
20889246
20874836
20868951
20850919
20846046
20799902
20797359
20795830
20795829
20736723
20722323
20718597
20718595
20698194
20674116
20671454
20660471
20659204
20655633
20487470
19896893
19855264
19781827
19588316
19577033
19120949
18803881
18803442
18386100
18254002
17383655
17207278
16968430
16704383
16689059
16648723
16638142
16635120
16620315
16608719
16595534
16581640
16581639
16581638
16581637
16555757
16555756
16550888
16545263
16529591
16520122
16501268
16473253
16441275
16422723
16415659
16398072
19655502
16351705
16308172
16306279
16261850
16226956
16212666
16206918
16205851
16181404
16147797
16145023
16131931
16101855
16096157
16096146
16096143
16096142
16094791
16076600
16033703
16033595
16029979
16029978
16029976
15997974
15990914
15917259
15892730
15887946
15871932
15871929
15865624
15855904
15842679
15841895
15819837
15793023
15763849
15699089
15666264
15660707
15645998
15609214
15576526
15566584
15533098
21419559
17332215
16991049
16280833
17238494
16848352
15534341
21362582
16231095
18533313
18942486
18535476
18805668
18696266
18715969
17158015
15805555
16487899
21272221
21682172
19226881
20178029
20004298
16791743
15804333
17152914
21464061
20423428
17077768
19396490
17362517
20134316
16318233
18325102
18090868
20920800
17478122
21819365
21675023
20706180
17695581
19403469
18559018
19204531
19274623
21557104
19961973
21679547
16703832
16234631
19712787
20837322
20164614
15904537
16466119
15600231
18725849
16947045
15976500
15664089
17573860
18064843
19575718
21361119
19086484
20180056
21500700
16173909
21263077
19454205
16579827
18436909
21655804
18544112
16894924
16824170
16167446
16523034
16422488
18787458
17660736
18407002
20438399
21495197
18278566
19424811
17470666
15912087
20434634
17406111
19112004
18987086
21164415
20738185
20576734
17019446
16835552
16472356
20826494
20501560
17421119
19538798
16749879
20029413
18019114
18443260
21045946
16188842
16430350
16639736
17461706
21540860
21982520
21811160
18234092
16555640
20044767
16270812
16911175
18337534
20427807
20541811
21140754
21211926
15764361
18058184
17984404
20206424
15586302
16752988
16873049
20517975
16032533
15913679
20576829
18307703
15909236
20525777
16881246
15723727
16401179
16900272
19550196
19789455
17936148
16915542
20823348
21061873
17941770
17058889
20464718
20536954
15522496
18482146
20496518
15826432
19877340
18179365
17336480
21527153
15912816
16337565
16672681
18757347
19491848
21244659
21272821
16168344
20393753
19809876
20436171
16817916
20795597
17057593
16270409
18584521
21378619
16294835
17711808
19621532
19095330
16866238
21237366
16415757
18220068
16022019
17577028
18467804
18072525
16308682
20706836
21592063
21179666
15817597
15835217
20952558
21109945
18294534
18603536
17363884
16462443
15735434
20602139
21591431
20843758
17515018
16135724
18005630
20626833
17364420
16520566
21936431
16416580
19670219
15787899
16822995
18449046
20236433
17560861
19388898
16989129
20486085
16280895
17375240
21525436
17094063
19122982
20077804
19250023
20108142
20879014
17165482
18308911
17042466
15663613
19407916
20657609
18786285
16719130
20476519
16425947
16344014
21791261
20405303
16689412
17036884
19773705
21507529
20433438
21317133
20447578
21893736
18988001
16393828
18610714
16737741
20471766
21507187
19263156
20638813
16368908
18313675
19222652
18018667
21463803
17337364
17412592
19443521
20367647
19775774
17694281
20375814
16102625
18725828
21674430
20178185
16137241
19500706
18395660
18049253
20113263
21655408
16112249
20452243
17397690
19625552
17533563
15735596
21565446
19454204
21108856
18032318
15789383
15558082
20110107
16815573
19553722
16614628
21240171
18665056
19032074
17333497
16021741
21218742
19249637
21134155
21146658
15745213
19008743
16977713
18051978
16338814
18558184
19223842
20853211
21287844
15688920
19248345
18805686
21893651
17058818
19027449
18030958
17193836
16895249
19463082
16236868
18711031
15672425
20473456
21060016
17240875
19755364
21465718
18640446
18214782
21072017
16883975
17515088
20577274
21952571
16716868
19576265
16298283
20379908
16572755
18298996
16620164
18477487
17024766
18261501
18853708
18397144
16903407
20817453
15521930
20712668
16756185
18241782
16821202
16627318
15891350
15596927
20948485
17558824
15849619
18720287
19811169
21795301
20939229
19227722
16009743
19797339
16988283
16749222
17061311
17430746
17161318
21823567
16131555
18337183
19911252
15842183
19444288
20182970
20210658
20042814
17905442
18628763
19786241
21237363
20970755
17596246
18444866
20102143
16777829
20695259
21196567
18399829
18316869
20883622
21295755
19958416
16095478
21982517
21714372
18999275
17909433
21709298
19305340
17324180
21061867
21242528
17427669
15553057
16505131
17181498
16262902
20830621
21214379
18024715
16378582
15657579
16145237
20225409
19439708
19049724
19240494
17102442
19631684
16250390
21460349
17901611
19222976
17251796
15947537
21612747
15812092
17038840
18822756
16717026
17899216
16050867
21446195
21789289
18308220
17934591
18564956
17157124
17958932
16649075
19729964
19682405
19006589
17445135
18361702
19253199
15721972
15739636
16784062
19852799
19647330
16983270
18830138
18155536
16122058
19000464
15779247
20711891
15973272
15782836
18690370
21210354
17478471
18030104
16969015
18588400
19186285
20690890
19698038
15543896
21996387
15817353
17728586
17980668
19444671
21154091
21436595
19033150
19917578
20973201
16374221
18999235
16288390
19400397
20946212
16827505
18622192
17102327
16491935
20157964
15623120
16462446
16836542
20833706
18477393
18922403
15589438
15561156
16292205
17765496
20698232
19205735
20152574
18856123
19820231
21134916
20044232
16620253
18809299
21367604
16144229
15951311
15608112
16302938
20526684
19656019
19699134
19437247
18083268
20192888
16679426
15797159
15701779
15536379
18053289
21658648
17243271
20332744
19583666
19146557
18182801
18539880
21471881
15635789
17900057
20579232
21663463
20000151
17109578
17803578
16773316
18945360
17916873
15779250
17011217
19460680
19708325
18989209
17686390
20440564
20077346
16476372
19843492
15877636
21574845
18041866
18616633
21521886
21624536
18459277
16884567
20184637
21057316
15620049
20180156
17551596
21037270
16416464
15822662
16082881
20647896
16808742
20865605
21309381
18482118
21807689
21471081
18777976
20547596
15707568
19191815
18947120
17984641
20401971
20089493
21329619
19387270
17433615
16860195
15841708
20466108
16757403
18072357
17969665
18648204
20350886
16551583
19528137
21160349
20558789
17019543
16629279
20041384
17416718
20302995
20394460
16469474
17060109
17389717
19756511
17931309
18715975
18837415
19320696
20688893
15692871
17470927
19200276
15623271
18206736
18595494
17019898
16398097
15687449
15657665
16722861
16004105
16355575
17952712
16164590
17848000
20884894
20403641
20337831
19731892
16398601
16619895
15535321
17382032
17664512
16516127
15596703
19673622
19606659
16144146
20881153
18356768
19120741
17638947
20411889
16579831
19376676
16909724
16338509
16711494
15717035
19470719
17347505
20402540
17766796
19032015
19838997
16207662
18028552
18951399
20736665
19077648
16925372
16167849
17124615
19748314
17486947
19184200
17450591
20353527
16971707
16111064
16532235
16908470
18590466
20974418
15965766
20432115
20414822
18561924
21444842
19723730
19734020
16182120
19582469
16420206
20170460
21211961
16706550
18717278
19743532
16101858
16526149
17241635
17974595
18608824
18504691
19058079
19661252
19811215
18589900
21062548
21140624
16181574
16953857
17079618
18682963
19006501
21194458
17128756
19522037
21943076
20380710
15841893
16405707
19572921
16714993
19410417
19930219
16115114
19710248
19305314
19221763
15526186
15523242
15962835
21846255
16752414
18434916
21322300
19755822
19566988
16730440
19345629
16052178
21913573
16563626
20112445
17067241
15784483
15530172
21269670
19378523
16188036
17086470
16138487
21242451
18186494
17270062
18513469
16247636
16809104
18251424
18486784
20803673
21462490
16948365
17076799
17356350
19866538
21226385
18626847
15631418
16632765
15895269
20234248
20345618
18823311
17170671
21061928
17605068
16099784
20506090
16728939
17728595
16374162
19731446
15685097
17420402
19253201
18050982
18093117
20430683
19728502
17546912
17316933
16539318
18622219
20626490
18158440
16162404
18778553
20423368
21144472
19562292
16131443
19668921
17987827
16294146
19876856
20625573
17824452
20981480
20507043
21135610
17219513
20864402
16630194
15929362
18063122
17228785
18836326
16970561
21276337
18558909
18222586
17693836
18506658
16218548
17512879
18074490
17315602
16923041
18548955
20564849
22106759
21600368
17906083
19021613
15747196
16296911
19300221
16149663
17127115
18271675
17299807
21382216
20889067
19180370
15612403
17853182
16159977
19383173
16225270
19194118
19562979
15962493
21350271
15974225
20446410
18459594
19552150
17157754
18806197
17901784
16579326
18057032
19495942
21279938
21044137
15869231
19152992
19770295
15672850
16563919
19463681
16407601
15586183
16203960
19521131
15869553
16091895
19433843
15697046
17036265
17679585
20682499
19188456
19489944
19826332
20087969
15707102
16148497
17352706
17517081
20083311
20105274
19481983
20007654
20426257
20042988
19467430
21530706
16263854
20854355
18194526
17326021
21098046
18020845
20420352
19017602
15865824
19091084
21791099
19268902
16835667
15618092
15860031
20601372
15788034
19210153
18393965
18478819
15736997
18694250
20451936
17300614
18804722
19930874
17262839
21143359
19125936
19657252
21605267
17500283
20416493
18073258
21332574
16134620
18856016
18441679
21497505
17502809
21306017
17387304
18371208
16088854
20463544
18785347
21409708
20025454
19901746
19653555
19838868
20554364
19410406
19473315
19132344
19381427
18374116
20180870
19945101
16271910
15716890
21188869
16823953
21540681
18157732
17916302
20215333
16180481
18788104
19930680
19642482
21782996
15904503
15600065
16161321
16477857
18097898
17447309
19549300
21240098
19664877
18567475
16361395
17477184
18260198
17600243
15861915
16689413
21029353
17146022
19947016
19147323
20306112
19666206
19576819
20800415
17473045
19535934
19070934
16050290
17304428
18427778
18655730
16732789
15524127
16465660
16553120
18395023
19093352
18329827
18777963
17900444
16480240
17091363
17000583
18245801
16542838
21321824
17259897
17458412
16277929
19351793
17580774
16014582
16750098
21527303
19333659
17215199
21285393
21487345
19770109
21070646
19959745
20458105
17601838
19302422
16767024
16423441
17474128
20221817
19046552
16295992
17629242
15798852
16702587
19202753
18341751
17610020
21340716
19820671
18561857
17955625
18662261
19584122
21112677
20688541
19437952
17519376
16210944
17490787
18176179
21378301
18027047
20097932
21090520
19386388
20121006
16184784
20329671
19735607
18313501
15653940
21075729
18399057
19284188
17934943
15602279
17384380
20119828
16481778
16502384
16231609
15889783
15798501
17931539
21456108
17689462
21592433
16014173
18597172
18245213
16438810
16739755
17108610
20113535
18266596
19785291
16334457
18237347
20472840
19522378
19649002
17163227
20214245
18481922
19800037
15923969
21516665
18755565
17206552
16767014
17314576
19217497
16166868
20063282
18381830
16521003
17647218
20226917
15554540
21690605
20679556
19901140
18447759
15633057
17116556
21129355
16816541
19678853
21042253
19930570
21294666
16893835
16285199
18682473
18772626
15886931
19773028
20590514
17978387
19207559
20923843
20676583
18760247
17927067
18194358
16964773
17763706
15895765
18048482
19263774
16048650
18265820
17904500
20923990
16938787
18564695
18970983
20156934
17205125
20451772
18191295
19210156
20837681
19530026
18197883
19582520
16773286
18834023
16047074
20131587
21211031
21063182
20443321
18773762
21175971
17703122
21350870
20413409
18308632
15896696
16594399
17680901
19395973
19583665
16902289
20494356
17058755
15605746
21278672
21536611
16477958
19808267
18713473
17485221
18992630
17530136
20868642
19283868
20675297
17021867
20659214
19883886
17081188
20506507
15778076
16164398
20659201
20024741
17430742
18600113
16759631
18924017
17969662
20037847
17723982
15656427
18434459
18482653
20464523
16316869
17852241
19287269
20603048
16372599
22005604
21174891
19438672
20421033
17569375
18595871
21047648
18341180
18669455
16508472
17438705
19321901
20218270
16075907
19221070
17690086
16238867
20220643
21877622
16636096
17050229
18631312
19055248
15739634
20379915
19665617
17292025
21117379
15759772
20124774
16245478
21464063
17315489
21173365
18438200
16955453
21473312
20066693
21299759
15680559
15761646
20222234
17127156
20535896
16381161
20693726
20636192
18539879
20923897
20376608
18500138
17409804
16597053
17291832
21504599
18578219
15730045
16604979
21293980
19689767
17608302
19606792
16228632
19912306
20825369
21859274
16584309
17290095
17987818
18946251
20722840
18180517
17642451
17594219
16718977
16985398
21292214
17892115
19323611
19415400
18304886
17014725
20592004
20967869
16809742
16259464
15866395
19656213
19064387
20381916
17823100
16977926
21631943
18294511
17903223
16604295
17968220
16821682
15630981
18519311
20512079
17478663
21462581
17502229
18279449
21740729
18656276
21537150
21611924
20222223
20498011
20851681
20923447
19195050
21287145
19966728
21462098
16114810
16468255
17475498
16236700
20206405
20871498
19077835
20167450
18557346
15770505
20184233
16922113
19287264
19960016
21524192
16489445
17273081
15845689
17711812
19378630
17333494
20880153
17321932
16354844
18935839
16285419
16809654
17922923
18717450
17402209
20443320
19602539
20117674
21429780
17183940
18240702
16163418
21726445
18695814
19167212
21894126
16154311
16910802
20077801
20019350
19282060
16942122
19202151
20303230
21426600
21231884
20187719
20889279
16330875
17649861
17588161
17351023
19512875
19207049
18507328
21156657
15675780
15956826
18089870
21419261
19723373
17943436
18942567
21736099
17265784
19704293
21411402
16157339
16967784
15780018
16093369
21494694
19670357
17802985
16685542
16545033
18431881
16617243
18328683
21273184
19553705
19629748
20094000
17883630
17482192
21352270
19124808
20363445
15701193
19925271
17132481
16000098
17594251
19995095
18620503
16344203
19341996
16765862
19786421
17786521
16061139
15648127
18184869
16823650
17657384
20536277
16686100
16523100
16986584
19401093
22046673
17505368
21419258
16221800
16343637
20967840
15898701
21870731
19297363
18361028
19397183
21214132
15884222
20419748
19187422
15832639
16802484
21079223
18251572
18402557
15949176
16413431
21863606
17207004
17233189
19948387
18676599
17512471
15811210
18976845
17530134
16357657
16215465
15810764
18625918
21879998
16205345
16419405
17655538
17359902
17321361
17635088
21519289
21121508
21118013
20158550
17394226
16613047
17510030
21233867
18536216
19839515
20432118
17402945
20088190
19018751
21367379
20958178
21090991
19000401
16219623
17929400
18034333
20074194
17444118
17966296
18667869
17444851
16302440
18395145
17058757
21524448
16514777
17881194
17700902
19919765
15912412
16463453
18165889
19077838
15517302
18048628
18055892
21385313
20630922
16875925
15883465
17198620
16094550
20972949
17001437
15635014
19651575
20159525
19454193
16776847
15769969
18484440
19753869
17959577
17153131
20864873
15800768
17683594
20204383
21561573
16422743
20428969
16712491
17927102
16738501
18074870
17099365
21708000
18179997
17258128
17345974
15613552
17584358
15607249
15970752
19107130
20500740
15774047
17575666
19477884
21229785
19156589
15957698
19548177
21854247
21489721
20539153
17957980
20003275
21352629
19659846
20229845
18953730
18207643
16095803
20155642
17019550
21879671
20137838
18277788
20357707
17584822
19587108
16951004
18417745
19378610
17914542
15620384
17936543
19259865
17563889
16321533
21038931
15967838
16921334
21484068
17359611
19775481
21766898
18542022
18452594
15801999
18176228
16516461
18848689
16260823
21214974
16780297
19263635
17491169
19668292
18454586
17598141
17073196
17349646
19820574
16581630
17163314
18826783
17336819
17041167
21240088
17443368
17535121
16626950
20659199
21141408
17120409
17116010
16922114
19301486
20978932
19011318
15736894
17037319
16617893
15864162
18953776
17978624
19786671
16627397
18845413
20155989
18483030
17163222
21326961
17131247
15800558
16421619
18843529
18670837
16910804
20102895
17767689
20719721
19407674
17141123
15778555
16684638
15576694
19476865
15754509
20128984
15559624
17203130
21086835
16635222
18177782
17486915
16564170
15706158
17332101
18853662
15706006
18581822
15997964
20579122
19191251
17625004
15791370
20717894
21130440
18459155
21824959
19476775
19361312
16272071
18768411
15528284
15603246
18481622
17313912
15912391
15887817
21180319
18599172
20535893
20640516
19372128
19725216
21957800
17441397
17715454
16009664
19287262
17653003
19157281
16390518
17560066
20529322
17413549
18809119
17316426
20159210
15752835
21641653
20048676
20452874
18063549
16789983
16543038
15625660
20237006
16228146
21576613
20648856
19962600
17518381
18227880
20638218
21111926
20090658
17065869
20936570
18724915
16534034
17667052
20434100
17922326
16388192
16508486
18275360
18021128
16972543
17092288
21275285
19824989
16217009
20422304
18302556
20377024
16022890
19365651
15975955
16292626
20501561
16148318
19082886
18642609
21155399
20443308
16535903
19250812
18394856
20185413
21480005
16648083
16048663
17955741
17597556
17287143
16406133
17565524
19208283
20442353
21926560
19438113
19674454
18569419
16448964
15761454
18772181
18702651
19939813
18802717
21165881
19506585
20215627
16522545
21404781
20693732
18825511
21156291
20502161
19682134
18047451
18376743
21999063
18308276
18267994
19390111
16683218
17998405
18558248
15665265
19574751
20520118
15763713
17128678
15991589
21610619
20436062
19068904
19861674
20204421
17641120
19491355
18982930
18388684
16910113
19657880
15998606
17133187
17220380
15710728
16905630
19492211
17284476
18668482
19582465
21626482
20359693
17342454
16141782
15839234
16175823
21518751
17495557
19290712
18618606
20822270
21044036
17718377
17407993
18447935
21114073
17556991
21176251
17214251
17723968
21469515
19627913
16802677
19788774
18928079
20654823
20709647
20495334
17571402
16158036
15566437
16501132
19466268
20118035
21353126
20888737
17101036
21668384
18563026
21935800
18326990
18194797
16024208
18351193
20812495
18644323
19151734
21094792
20103070
15565974
15553892
20122509
18568455
20606611
19129293
15915606
15668597
20464884
20147798
19338401
17853369
18402738
17375032
17476900
21278322
18664821
16282000
17443554
19084888
17438886
18504549
18183758
16443974
18416387
21218739
15653251
16996898
19814850
17509284
16227665
16355916
19552036
19366980
16024978
19445343
15942376
15575137
15747939
16076795
15968968
20720611
19143233
20564060
21682968
21624702
17361955
17719361
16506233
16173006
19060804
18194405
20432770
19597222
20194153
18207353
18535459
16489480
15780342
16757514
17962841
16148510
17269541
17380387
21131115
17091058
20824785
15966628
20534167
17997494
17620395
16035562
16466059
17884363
19627385
20348199
16092319
20889852
19554891
17540828
19652590
15534882
19246134
17182516
18050529
21191212
18951660
19340778
16961111
18814778
15887788
18204844
16607066
17496717
20398358
20946209
15949068
19708930
18036930
16925180
18219247
16121596
21057228
17027302
16351536
19715058
16334495
18200894
21739886
17280918
18209158
21434742
16515107
19141180
15599649
20822386
17375232
17108883
16879793
18186824
15964175
19326309
17261820
15660144
20497268
20447510
18409322
16737437
18849894
20220286
16818834
17082170
20562564
15999295
17478415
15518257
19921079
18246904
17070163
16020414
18279521
18580280
16613127
16259538
17879032
15802340
15589911
19967217
18710057
18299942
19537154
20195554
19278117
20049503
16302860
16114761
19817274
20466596
17661258
20598831
18649588
16388791
17242441
19336753
17366250
18785917
18946947
21599845
19650610
15592990
21367822
15597290
16427131
16336015
17194398
20480597
21531580
20110333
20347705
20209830
16277742
19781816
18032748
19581110
19260571
18677078
16451411
17015201
17482792
21435146
16343026
20435611
17152126
19768288
20863329
21440219
18322028
18612865
17546355
15624409
20112144
17643574
20168175
16740232
18405017
17504586
16904432
19801016
15719848
19522884
20847193
18190483
20846278
19342845
17845502
21094437
17823459
18355736
15962057
21718625
17883713
15578235
17963769
21244255
18578358
19551673
20423917
20442347
16101857
18825367
18204377
20144366
18031482
15976044
18709900
19681528
15568585
16775795
20502170
21135788
21396615
17355488
16110122
19386058
20687291
17185923
18514930
16834875
15955295
19436778
19952146
19650541
17607816
19468965
18690005
16749539
20799894
20712206
20718640
20031168
21178335
19087915
21177399
16749417
17484247
17550750
15886362
20443419
20618313
18318971
17140012
15860051
19674452
17890042
19179313
19200384
20843882
19966749
20237219
17558578
19617303
20629461
15641635
17411860
17454239
17901823
16186087
21857174
15532791
19702979
15637955
20531262
16140699
19204615
19394791
19428869
20081097
20163762
18780905
17068804
17901832
17719364
17324692
19754030
18414280
16957904
18807396
21409790
15517746
18715382
21283008
20812584
16181047
17822429
19004576
16358531
15911195
21502466
20334767
20192078
20426356
16612296
20873399
17873570
17907688
18201316
21717149
18369591
18516679
16829180
15604637
16309073
20164816
17218872
18156246
15701763
18785916
16553752
21175121
19860274
18196291
15923793
17168043
19012555
16738983
17653493
17364514
17389541
20712108
17449252
20071868
16273007
20494453
16161964
21149395
17967220
19379514
20929651
19771934
19828365
18178132
18990895
21135616
17450121
16035423
19719376
16618235
20806579
16736703
18364475
21046968
19484846
19461329
20228360
21610702
21910386
17457776
17272832
20069940
18068292
19259870
21788005
18341244
17117247
21419250
20413752
15515306
21671528
17056206
20461349
16609309
19667686
15557419
21561513
20605266
15994709
19736574
16005341
19591346
20980129
16240860
20813491
21294833
21242160
21084575
18953199
20512743
18444395
15550953
15798410
16403763
19033833
16945446
16263572
16734272
21350889
17387788
20092616
16411648
19577331
15983239
16050827
16166617
19416045
19411789
20197456
21355823
16203852
16968589
17188939
16429958
17235044
21303457
18669704
19695929
17306729
20541064
17457775
18240924
20238371
17102217
17305269
15964672
21638874
21380993
19069462
18649644
17522829
16984678
15633384
15789386
16632078
18663532
18373314
17235473
21155704
21799379
19745417
16474364
18840131
18290898
21939802
18638672
19826952
20224504
19167200
15690867
17328824
16999371
19826095
20334006
18425860
20091668
18558170
21689425
18309585
20825687
17388760
16381348
18610923
20222964
20716477
15833474
15904750
17785643
20561885
21063420
15571851
21336010
17678833
20920048
19168948
18999065
17137166
21359690
18672575
18380632
17194883
16024147
20716478
18536588
17368174
16698340
17577174
21066929
16836283
20541284
18021557
21999064
16173895
16259701
18663540
16050236
17724424
19112075
19857982
20123762
17364783
19080760
16797811
16928714
21084047
18198362
20387332
20812497
20011758
19695776
21488763
19826325
21164408
16767588
19296179
16376788
15647308
20608328
20738855
19228893
17911575
15537718
19068687
20852468
17968197
20589602
19179790
21263348
19380956
18352971
15884249
19065866
19541214
16266421
17577658
19960645
21471595
18058681
16124420
15859377
21270920
21117533
20541832
16315569
18788123
15826532
20306844
17664093
16945884
21041842
15813587
19455882
15908854
16894927
18554164
15660137
16583664
17415219
18594905
20842895
15840074
18091213
15612239
20454480
16804496
19423987
17140795
20601727
21120703
18727765
19216339
17851382
18728143
20836633
17351690
15969707
19890896
17007330
17991366
18580221
16189987
18708279
20382366
21971887
16509963
20632841
19883352
17828318
15522468
16808129
17200636
19588856
18248693
16953020
18835124
19422112
20159216
15942343
17565797
15937394
17462983
19202247
21367682
19020144
20654286
20919464
20088397
19261205
15667359
16632189
20214516
19011486
16728301
19879730
18072381
21527060
18423067
17641078
17475363
18283135
20543325
17851351
15644541
20552920
21938975
18278840
21334928
19956979
19010578
19001101
17184312
16227662
16214476
18051917
16274372
19953730
15846710
16475048
16979082
17452431
16270404
16335067
16510743
18563863
18271792
20585272
20004798
16640136
17542391
16501133
18412588
17263656
18649812
19760388
16111067
20002705
17345761
17240636
15892511
20950774
17062536
21333177
19566867
17705841
18372975
18054818
17925915
17615420
16517805
17365346
19440928
17973810
15569959
20564632
17353711
15559598
18199301
19893846
17189117
19910328
15622906
21817969
17217133
16525525
18625755
19879093
19730104
21470276
15671707
16729886
19489032
21209295
19199071
20871510
21247924
19143586
19278098
16826058
17975490
18996771
21138129
17347503
18160245
17326016
16610485
19473204
18785884
21595359
16029982
19018908
15603380
18361322
19818547
21724547
18563012
18831671
20837284
20890253
20697132
19558943
17545841
16579251
20722310
20309780
18405397
20443645
18271836
20494503
20852015
20004924
19737124
17419577
21087406
21653495
20636676
21109915
19447319
20232270
20975324
16575842
18595456
16627411
16300463
21111558
17339823
21377679
18307654
17184413
21137455
18828167
19606049
19531773
17233863
19441880
15717526
20435496
18295924
17161805
16259798
18839735
20424256
21571237
16220730
17911667
20624923
20364411
20224313
20456076
18501144
17872818
19484484
20434630
16454153
16738988
17440291
21155465
18036123
16954092
17351321
20635554
20106933
18924529
18588415
15687510
20860179
15774332
19795164
15895176
18829659
20417476
16652282
19513956
18809647
16410433
20859113
18257966
21108175
19619068
16036035
17518891
16089094
19674935
15638043
16047500
21317508
16614688
18376498
19131884
19536010
18521875
19374282
20859052
20186518
19046827
15833008
15886552
19088594
16706322
19557481
18454774
17947892
18325645
20348364
16753252
19096487
17270326
19521648
19562422
17027627
19020436
21220440
15892500
17114198
18293220
17563109
19565887
15566277
18026806
17996057
20582472
18522372
18026022
17983989
20629768
19833331
18577761
19603567
18718157
19503766
16461869
21029377
18035097
20670129
19715404
21040025
21122753
15660532
21820539
17664122
19281541
21515975
20934210
21659815
16250163
19300074
17873662
16633711
17233408
18686413
21969408
18274245
15921133
16767019
18080336
18552111
15748070
15669577
19248411
20027097
16781501
18255069
19673014
18251446
21673199
19426930
17430768
21116126
20841838
16779065
19692857
16019214
19328439
19751898
18258576
18513244
16024421
18071763
21163619
20230171
20614212
16850781
18092201
19526684
16509953
20849686
17669850
19500942
17490938
20860580
21307157
19898100
19417646
17252078
19947783
17316458
21413855
16775757
18406980
16965244
18812148
16608466
16049710
21118292
18240628
21991860
21902093
19537628
15576258
16895278
16869179
21655786
16981157
18053268
16178344
19879782
16398065
15673363
18709840
18083464
20827062
16248259
16218153
19048505
16548400
16721137
19039438
19207173
15832666
17175545
18813003
18324996
19181138
18398799
19486796
19104290
20694761
18291720
20614373
19418751
18786014
21272382
21180310
15851050
20004439
20127602
21134196
21501727
16253466
21444186
15745282
16287794
18075276
19204212
19225027
20667350
20209088
16273780
15851499
20167833
17449521
17847975
16055803
19534219
17605627
17091750
22010498
21668722
16169794
17149088
19356561
18787331
16949077
17343037
16872487
18266885
21776307
19355999
15960246
17767791
19649422
18417961
20174996
21768616
19299202
20540834
17556918
16704285
15798726
18715393
19242350
16572537
16933450
17331805
17573299
17234107
21619766
19426932
19794306
21719756
17566622
19650684
19608038
18373383
15804642
19481655
18799237
19187169
16002947
18715456
19630849
21116144
19423472
17443245
16875101
17641967
15965035
16960030
20032757
20099252
17534900
17638798
16985399
16266956
19567009
20853103
15536971
19731473
17464127
16536397
18989163
18298686
21199305
20208472
16424983
16616171
18086453
16276220
18365567
18830519
20569764
20358517
19805653
16794971
16214698
16835557
15725826
19266114
16802685
17054631
17850523
16832224
19118468
16202887
15810757
18700267
15579355
19813386
17911330
19786676
21448826
20302059
17016987
17718647
19764524
16565867
15994028
17535178
20932316
16474252
19184756
19219412
16948420
15582782
15741497
16933822
18500140
15835338
17855728
18427782
15802000
20618596
15650523
19265607
16372470
15848471
20077787
18700984
17699356
16411549
20949815
19565102
20441119
16452704
15864767
20633061
18582145
17684905
18552685
21343558
18692395
19306974
18615962
19883346
17266078
15760300
17038076
21301650
15976877
21771359
15602309
18757586
20623554
16791111
16437510
17135840
17040546
19494680
18467485
21957798
16676754
17523577
21680669
18978694
16857051
17846089
17455809
19005123
18788974
20598860
19816667
21188513
19062110
18003594
16300853
17970331
21857856
19810672
19645706
19928616
15741593
18410781
20430654
21256063
21621942
18245214
16698510
17036618
21576609
19147425
21115294
15653979
18214069
15878490
16689075
20080305
17212864
16708309
20219269
19395703
18774882
18973717
20195008
20816107
17195149
16105460
19232919
21040261
20196713
20439330
15842460
17274807
20869924
17927114
20173256
15997347
17999269
18953195
17225654
21036689
17275601
19447535
21273251
17702483
19300217
16916668
16699329
21426353
17278924
16884316
18959104
16135721
15662189
16468080
19788369
15613829
20137849
18551570
18804999
21336024
15574033
16678003
15749967
19254993
15552859
21807826
16521715
20218152
17569295
21879665
19444731
18808464
21689040
19582938
20873433
18648893
16253797
18669414
15793982
16616695
20870475
18314047
16878038
17149083
18682142
20598987
18577531
21416687
21544044
15584489
20575470
19865579
21374886
20981577
19966692
17684852
15798422
21722980
17562720
17403563
16323488
18271288
15585706
15513615
21346037
20373072
17436863
20453061
19438112
16898099
20520216
19004639
16597533
18810928
18519335
18020196
15840071
19947187
19860072
21191196
20003236
18641591
19036675
18712258
18059398
21414701
18314860
19242321
18727336
19948634
16849917
16767623
15590224
21675014
19562361
16003098
17019552
20831106
20386307
20974057
19350214
15772507
16039180
21651660
20582500
17149400
19143692
17534619
15857266
20690461
18237351
19286877
16238958
17239235
21356062
21725233
20460001
19482259
19637008
18578681
18727766
17702522
21632664
20469612
19043339
18472683
18507891
17185148
17504545
20345827
17310336
20674430
19738146
17022877
22049811
17955211
21941040
16455726
17986338
16425949
17672390
15752322
19880830
16532047
15758593
16583529
16915975
17667645
15587531
17973716
19345553
16415633
19770735
19363941
16330968
19492760
18524380
19179235
19130783
21062549
17515265
17473542
16006830
17710049
19261173
17580773
20842609
18762992
16971816
18392637
15867079
15575126
18694194
17659911
21036534
18367365
16769716
17714235
16150319
16301454
20816332
16043553
20148462
19289320
16490993
20878855
17011154
16429686
20594804
16887392
17661954
15852076
16278971
17949275
18405494
17394734
20206787
18192110
15971874
21456486
18226623
15840070
19731887
20587105
19465344
16636040
19848032
19299261
20587758
18815983
16273784
16498196
20846562
20729729
20682914
18228643
16507286
15920105
18164351
18855828
20393104
16881995
19515102
18381518
16937891
16604912
17895683
18055756
21862745
18815973
21091702
18401643
18850371
18836095
18219244
19207052
17147713
15539986
18053957
16479655
19942114
16225683
21585591
15558403
17943605
19962280
19577761
16719930
20720510
18061797
19943593
16373032
17160874
19892820
19927964
17443362
20569711
21391861
20961374
15754735
20215750
15511424
19820535
20098139
19244785
18019116
20801715
17705211
21563396
16075473
16313529
17978630
20630926
16228106
17338950
19463677
17406173
15941483
17786870
21475342
21068614
22017017
20057238
19911729
20824563
16582707
17552954
19643790
17059981
16644855
16141104
18768086
17704678
19806607
15992204
21584945
19948926
20051430
19907237
18044415
18808574
15966626
19378222
17592345
17931329
15801246
18940987
19090376
15583712
16515373
20925290
16523818
15633310
19918088
16709465
21482389
19960847
15714933
19458091
18216600
21254161
17588851
15895331
19719892
20218938
17624157
17146138
16928410
19771393
19662923
15974110
19073656
18789627
15973941
16189060
17725119
15600222
16567319
17996820
17057640
18999009
18216765
17688564
15971943
19951786
20681376
18164249
17582866
16623314
21857323
16402673
16283339
15523942
17868965
16497265
19125385
17182418
19479167
20334015
16422486
17626507
18930971
17704670
21776242
18588662
15822708
19674428
20171775
18181295
18588597
20077786
20225728
19127899
21514838
15984437
19684373
17953295
20541272
17114848
21308628
21397288
16119682
18191767
18957381
15552501
20737795
19298305
20064890
16318109
16411347
20114134
20623521
17414595
22026065
16338916
18258574
18357954
15853131
19659706
19535791
16480351
20662282
20211305
18395928
17149526
17324096
21882627
18762647
21298276
18408263
19232221
21388098
20879638
16252737
18274244
17259029
18828170
19767267
16687338
19628624
16420660
18661614
16154225
17908082
19244148
17059494
16636322
19268164
18813142
19158236
15960030
15551847
17311791
18302595
19362841
18455404
19024424
19731577
18157913
16360567
16704384
16041228
19494681
18623381
18039617
17985960
17595405
22026194
16723787
20000304
15611491
17237894
16771260
17704480
19011416
17536949
19653391
19568211
15755396
16704405
18667867
15883469
19017897
20887904
16776317
18269542
15969988
18052895
21755786
17469376
20510840
20843961
17314552
17481458
16013908
16886888
20189861
18949763
21118867
15815960
16972449
17359565
17486386
21446971
21368543
15618104
21034884
21619644
16712851
19205660
20560955
17852926
16612288
18041317
19356201
19038750
17378934
19018650
18068026
21110401
16379471
18678073
15919571
19254196
17659422
19329723
17235573
18083170
20868386
20367781
16938096
21748623
17673060
18760146
19824977
17414277
21742733
21102312
19464745
20969741
18547384
15772362
17071207
21134555
20546292
18564324
19591362
15631214
19274607
17541069
15966780
16825920
20480409
17042818
20077576
20179660
19365228
20443417
15529485
15754566
18685318
18729669
16410101
15797227
15744696
19144970
19588080
15520058
19135822
19726207
17533547
17420649
21837913
16441850
16497309
20507647
17970363
18053680
16199460
15934549
21162694
17826652
20020089
20389216
16936614
18617824
16675772
18715396
21417558
19373176
17903572
16554394
18181818
18638330
20121936
18434893
21494781
21314891
16602516
17539455
20434292
17252603
21060118
17640844
17520877
18652695
18194578
21404880
19455365
21330098
17244012
18429710
19901005
17021282
19008145
20695035
19281590
18971403
21265918
20657630
17567871
17014931
15927296
20063198
19836605
21294061
17710485
19444413
18538973
18820520
16860522
18547435
17919216
16059538
20563398
21291016
21139464
15964445
19014739
18324582
21817968
18442105
18524160
18974677
16924786
21425045
17958056
17406015
17010827
17942458
19788102
18220209
19319760
20712866
18452366
19227647
19831143
19899295
19960890
17387302
16634321
17319600
19451667
17009151
18075965
16091027
21384792
19783085
21480489
20197792
16733656
16239050
17074863
20854602
18997358
21598893
20560832
16856090
20451816
17478822
19857354
18429006
20574741
19582516
19359079
21629357
19661000
16472040
17664443
21623282
17918029
19711731
18078550
16617637
16020821
16789405
20185980
17853949
18667690
18508231
17722793
19819097
19152057
18688052
16788086
20167910
17075364
17090805
21542916
17261144
16814220
18023032
16920649
20967509
19603165
17126784
18344783
19827045
18551961
15574713
16676338
16097606
17433966
18392384
18767472
19901541
21309404
17577164
16965467
21593246
18564996
17078349
18251954
21375203
16464329
17273485
21506464
21086673
18245578
18286990
18019787
17727593
19667767
17844824
17992507
16008836
16534660
20013757
21187745
16948999
20547775
18714421
20922514
17491357
19151889
17679224
17924926
20825536
18702787
17368206
21537070
17608339
19244770
18791747
20860249
19202116
20124777
16342025
20436094
17001264
20061529
21433215
18561619
16034855
17309364
16953162
17998356
20194431
19023840
17924559
15834528
19021492
15675902
15994387
17139578
18394540
16973948
19694519
17326022
19670995
17661076
17479528
17591453
15513801
18333552
17482300
18093777
17464595
18843442
18267995
17415619
16553673
18394030
18198964
16606425
16640952
16626361
16128641
16830838
16905784
21727758
16546056
19499993
17539281
21441571
16035267
16177584
16096153
19538801
19876637
18675188
20433130
19072012
17380340
17805222
19207525
20439051
18801512
18947080
16444925
18711905
17135904
16213235
17693680
18682014
18929942
15781171
21338233
20435877
21448018
21368524
20473641
21547804
16569407
16182988
20426656
19193915
17184372
16388772
19445336
20841981
17428424
17695084
16241917
16260138
19949764
19001839
21044131
16212719
17367892
20961281
21332106
15800127
21160351
18662950
17912536
16858002
20101940
16159066
15673579
20862889
21628643
15571883
18992167
17389416
18182878
19151964
15762901
20890190
18959614
17090744
16585091
21729274
19800851
20722810
18501071
20652466
18219209
20619232
19319181
15781174
18612029
18978325
15555490
19394523
15787068
19715514
17321199
20875512
19138911
19419347
16180548
20673970
18798712
17397700
19007095
16647360
19745409
16800324
19749641
17220677
19954535
19220607
19837356
17919401
16537580
19535558
21416409
18321905
19919651
19152945
20500033
19559290
20125106
20681469
16917439
18690276
21368511
19558734
17277665
17578716
16793956
16387467
19697042
18416398
20346523
16907786
18461853
20857125
17993276
19564327
16422034
20828071
21576638
20477855
21957552
16116366
17118638
17505379
17087813
20679618
19184062
20397808
17032465
17593767
19836276
17006813
20823020
21119185
20169818
16130925
19010943
20167832
19907393
20925713
17083278
21212420
18022492
20568322
16796483
21082710
15623251
20542237
17311240
19571638
20110698
21735950
19471140
16216471
18462407
19252113
18520798
16536725
16134095
18193726
19091933
16139985
15640289
20012702
20659976
20154475
19666851
19256209
15632464
17377997
19376385
19843130
19196640
20440781
21050955
16236108
18681338
18242337
18328279
15977240
16912103
16327509
16629563
16330301
16179813
18000485
15689652
20888949
18232293
17411580
19951223
21905489
19192841
21278673
16186863
15767266
20298540
18625826
18525247
18465379
21364073
21181004
18542990
20836418
19967309
19691191
19665620
16783181
19033740
16612297
19706350
18054680
15886382
16199397
18542006
17712690
20517725
17357358
19768640
16688970
18821088
17227356
19033166
18762528
15943144
16185553
21587148
19916758
18312729
19069449
16377191
18495548
21661267
17176515
17652180
20351911
16425946
15515975
21074218
20435967
20120851
21854529
17000231
19693019
19305226
21675642
17188221
19775434
20943606
21868463
19402362
19281443
20597748
17966935
18610928
17464538
20216163
17654380
20841550
20444773
17601213
19157813
16910792
21298643
21045640
15530766
17313066
18504332
17945277
16262436
20449983
17967374
20827893
19202851
17714049
16195567
18666661
19969334
20629933
19794321
20076927
19352570
16192286
15625045
16294765
16078182
17922304
17092775
19950320
20047354
17726636
18369306
19960922
18463016
20406872
17453553
20374981
19556412
16430356
18360201
15920707
18694208
16517030
17686604
21689004
18567651
17263180
21291326
19276821
19390341
16846539
19373053
17250941
19416050
15916837
18187591
15570144
18541641
20142406
20033624
17218558
19055663
20464206
20123945
16944381
18090141
16872507
18973896
15983282
21672116
19299671
17306139
20825895
19255127
21282548
20675424
16520677
21381954
18569199
19656225
17694612
17168069
16444126
19967659
19880475
21684395
17784901
18515437
20552854
16150678
16955638
19508132
19577704
17102289
18030959
17603377
19686269
16735200
17476702
15851389
17500503
18539517
15999517
20830822
18777026
19455607
21627881
18063043
19914484
19502224
17068440
15592814
18077219
21288681
18211483
19318665
17578579
19004172
17479356
18472622
21111678
19447744
19092588
20563396
18661759
17456285
18593491
17331259
18459661
15794915
20232049
18804507
16172437
16061929
16910949
16529145
18618203
15717898
20016412
18084368
18494959
15588358
18390630
17570604
17579800
19270481
19430828
16430762
17986499
18481483
18095208
17630864
21067272
21070691
18232065
17184099
21612477
19125891
17405577
15970780
15746480
15967625
19620220
17952010
19335530
19750969
18604144
15708184
18700870
19077819
16108932
20056186
19353413
17046986
19292905
17700975
15750493
21393039
19228800
17995565
18605253
16910028
20359655
20688876
17451910
17703571
16181570
17727586
19387128
15861752
18039381
20869319
19488997
20457985
20940586
17170668
20350889
18164467
19228245
17665819
20849291
18154103
21144983
16478839
21727792
21500178
19950039
20036168
20211089
17534463
21798074
17868762
18322130
19916890
19944376
20690391
18573485
19164821
16911054
21180335
21495431
21205260
16118105
19715029
19707724
15756402
16081334
16867083
18810901
18046139
20146552
20940584
17994270
16594410
15817804
18221465
17456540
17446023
20834034
16399970
17506893
17122656
19708058
16116773
19688367
21044481
21530414
19692163
19387930
16425686
19385348
17965396
16681300
16985405
17127306
19967336
19606196
20363840
19008977
16481839
16826759
16149253
17318951
16224652
17437383
16501141
20940273
17553652
17705866
16884157
19527558
17535945
18678817
17344981
17720434
16940346
17926280
21208704
18285552
17514833
20132576
15575125
19085296
21053264
18695975
16403991
20847022
18591640
16202686
20074833
17675724
16955115
21219821
20070716
17695002
17535430
20712664
21439533
21371378
19234003
21320230
17879557
19065054
18210184
16219614
17128395
18688567
18582300
15913403
20442008
20554367
17440306
20687038
20371054
18205528
18003870
19281345
17591402
20152221
20173171
15573834
20795432
18065188
16518952
17711974
18767515
19142323
21429037
18693980
19580220
16762484
16308983
18172739
19703042
20400899
19648091
16598862
16543791
16229785
20441464
21626351
17413906
17963880
17182975
16916193
20655164
16148808
18065075
19146083
16174503
16373136
15573385
20092514
21419262
16677180
16932085
19842002
19487180
19648850
15703894
17497544
17425147
20418251
20333597
20002984
15551663
18357423
18300609
17219878
21292055
15756360
18587362
19864968
21620311
21659986
19216482
17515025
21667055
20173631
16424711
20433666
17903780
20303665
17129326
17285928
18416395
20674362
17438994
16109044
18693913
20075558
16825072
17802732
20175678
21806560
18042103
19043653
19402840
16418992
19391234
16123494
20573643
15892423
21577078
21073063
16290917
19258838
18241761
19339446
18826901
15853785
16422715
16848967
17070598
18044414
20484722
19899289
18664961
20105264
21593012
20965866
19962846
17518160
19287914
18158392
21708003
16866176
17088574
16598356
20113524
18079246
17395358
16549942
17577175
20484948
16638260
16186454
18268853
17951353
15950116
16202728
20630014
19398326
19283562
18553252
17243519
16985479
21057143
15574435
21566417
17728565
19308831
16926310
19054954
20884700
19491574
21587011
19343870
19412965
19050028
21336127
15772484
16308040
17487567
20331914
21298891
21519425
17267318
19131752
17443116
19364777
17143970
15764941
19919731
21045570
15609737
21040004
19953755
21382948
21324099
16858337
19999602
17457779
19403556
17363850
21359256
15835455
17443630
19004044
17851820
17889734
19132174
18047173
21575842
17087404
18292422
19731425
16860853
16530377
15756397
17117333
19884473
17845887
19005688
20446387
19486503
21630563
18314837
17341271
16612826
19046086
16635939
19116700
21462466
20824450
17633074
17640243
17882863
19627685
21550455
20070504
17997828
21239947
17964856
17149042
16052880
18259897
20172388
17888917
20371779
15940504
15687394
19466370
17763838
16979535
17985959
20875207
15609749
17286738
17445641
18405569
16257882
19914483
17628193
20653421
18952706
19646176
19291084
16293161
16866822
16002197
19570200
21879999
21943293
19150197
19952037
18830718
21166761
19501426
16202888
19001003
17630271
20332284
17047376
18782365
18716737
18232242
19143904
17901783
18770988
15808027
20005618
15782316
19861695
17057164
20731978
19745245
15751766
19900646
16000092
16390896
21160340
16162490
18377576
19962626
18694479
20081728
19319635
19041451
21806528
19389825
16706573
18225401
17685730
21922692
20527450
17273957
21820540
20211957
18558278
19401360
17851308
21277071
21497320
20485725
18937591
15663534
20452713
16873922
17551869
16605144
18488802
20308935
21107514
17249632
20218770
21418288
18761366
17133923
21626323
20647929
17918303
17362214
21800656
17210396
19363329
19401098
17645955
19009891
17892759
16911142
17558067
18811573
21094716
17253070
15587130
18563017
17350310
18039550
20388935
17855818
18600037
18041355
18489686
17414333
15694977
17623953
17215607
17556325
19738218
17459137
19000404
16235583
21768323
17521795
20199959
19918690
18322027
18762529
17461307
15632727
19395700
20875208
18205680
17764095
18684367
18186907
18698595
17664526
15615141
20105588
20715504
20141026
19346160
18227889
17563046
20935582
20967528
20048542
16119501
19615081
17850563
20196464
18423347
19863823
20663077
19001918
19289338
16043257
19120718
17336868
17148527
15976565
19502135
16299059
21544791
19941657
17060217
15587606
17917439
15916254
16119628
17311238
19568721
16683877
15548439
18923986
19515476
19537416
20837282
17035080
21123236
17133761
18248706
16959747
20155789
20438610
19567755
20857660
20408275
19058074
16538669
18304147
21595906
21626343
18798711
18236767
17966241
18490078
16678952
21093679
15890224
17336025
18073657
15953979
15841884
17929709
21453911
18304896
18245216
19360395
17036695
15792753
20003533
20187099
19227691
17525427
17039325
21427366
20229817
21540689
18198259
15707176
18632671
17190756
15575035
15656479
18700236
19216411
17387062
16055870
17905104
20008040
19883414
20065277
19801942
15606709
17240136
19574322
20465758
18639263
20008018
19104292
18952262
18434156
16256291
19029416
21685744
15824941
19035033
21342892
17982569
22041948
19481846
21360862
17616456
17604522
17466754
20652210
16526061
19666161
19696568
17207007
19678797
19240948
20176916
19523742
18638031
21127091
18819066
20557416
17671027
17311789
19034836
21368519
21532081
20597671
17682122
20696951
16614844
20701201
16415412
20031902
18838182
19018920
20046117
18418291
18182537
21229601
19209172
17900907
17443093
17525838
16514388
17436479
18586756
21756681
17324636
15831541
19234760
21137520
15540702
20135903
15743441
22118332
21803279
19737266
20338599
16826960
20089624
20654986
18496376
19579066
17678824
21117327
15859179
16333526
20929382
21631936
16461443
16821349
21467897
21070104
21206355
17436785
16189758
17319981
17107567
16827456
20229456
15844562
19088487
19196486
20731283
20565328
17694636
19826998
20381431
21323182
15754100
18174867
16021803
17235261
20550590
21116179
16245674
18554852
15911728
15774368
19082202
16423103
15707807
20662290
15893215
21505573
17518864
20444568
16234744
15930403
20236095
21561026
18299357
16286324
21500003
21351221
19448790
18299497
15778070
20643993
17554946
19395889
20392642
18708220
18641112
20099956
16517497
17022891
17955895
18334982
20403479
20841882
16565030
18299546
15669434
20690276
17973705
20828910
21140319
20970059
16033144
17100867
16631460
21125963
19234002
16332190
16379447
15549584
16914696
15712674
19912095
17977491
17403838
18946244
17120130
16703440
20509248
18279067
19785580
21471897
20728318
16019976
20069824
16033588
18580428
16708576
17616454
18682516
16550099
19187170
17069205
19104321
18218198
19706071
17918613
16679879
15662172
21407115
17304983
20804947
16061762
20698096
19910878
17538268
17137254
18451080
17636688
21912775
16544676
21368548
21418092
15888858
19716702
15845958
20594460
16388150
16332396
16875119
21469983
16175972
16426798
21805952
18377447
15963168
18163408
19655471
20078245
19694852
15562948
17257963
20210824
16568592
17197164
19363940
18294032
18055687
15857442
17385970
20408887
16318826
20153911
21346534
17906909
16697609
16551817
15816653
19719383
18198360
16191142
16849746
21625661
15544295
20921035
16007641
21826929
18171323
21333060
18200895
19657243
17906167
19235253
20134285
20070498
20565872
19698054
18642619
17033601
16863414
16929473
18217905
18298504
19899020
16739202
17631315
18636539
15830000
21822074
19177859
19796594
16496660
16835668
17594776
16965312
19940086
17513549
16617958
19295970
20662865
19605922
18561849
17145910
16541477
15960558
19531081
15730173
19228233
15963172
16520681
18844274
17851384
21600377
18303937
18701973
17521767
15859962
15692292
18646408
19642764
17187538
21205834
16094739
20884084
21190464
19207053
20458987
18038524
18156955
15993674
21370796
19819501
21292704
18841254
16178342
19114900
20350619
17550684
15606321
19032911
17472829
21560953
19762137
21139369
21705154
18698396
16753085
15913083
17437656
18057810
20831668
20801960
18377145
15900170
20463337
19183306
17505026
16155776
21152711
18491427
16751635
20591015
21875843
18496022
15990963
17868477
17268940
16307627
19537534
19905038
20708368
19489483
18227830
20935272
15557551
15548934
19665619
21511835
19736656
21053696
17518825
17873256
17766905
16131044
21265635
16882843
20570801
15608940
15822847
19272512
17486016
18762603
16261273
17210997
21111557
21894840
19553064
17096603
21708970
19133042
17006107
15584186
20838329
15690592
15846672
19533586
19131753
16636220
15907667
21450048
18976234
20716389
17565809
18768178
19490296
17684121
16567989
15807801
19842953
19397100
16062085
16162576
16318105
21402460
19243524
16534045
20081639
18981351
18983412
18628695
17044560
16261668
19268092
16421657
18072408
21429958
20825856
16111603
16717005
17196247
16784530
18562872
19633825
16960491
16438812
17211209
17959344
18798897
21320157
19282562
19703383
17496351
18188140
20635820
18018818
15778816
17539882
17299658
20619034
19466275
17031728
15931045
16326783
17175683
16463243
21538039
21069601
15820984
21277166
19449270
18768243
17305265
15915068
16249590
15625004
18188993
19299969
18184597
17927012
17319254
18797217
18239378
17139036
19635302
16123012
18955430
20546976
18286928
20706099
18484689
17264112
19966712
16399880
17505331
16751464
19578819
17851298
18710128
20929412
19385269
17502812
19323358
17070742
20484915
17719362
19819191
21284715
19500720
19845821
18482125
19359090
19014409
20887504
20142743
16884462
17686712
19462279
17486464
21384650
19897696
16502599
21288945
15655433
16365612
17325297
21113847
17942761
18833458
20545236
20182162
20019513
15722841
18337077
19272577
16502830
18845476
16834578
16945198
16009057
19395896
15566592
17201722
17985978
18615917
20565331
17724240
20176463
18257828
16334774
17985679
19367231
18555474
20858037
19948302
16527150
19057437
18667984
19551503
18042573
18385151
16650123
16439771
18762641
20123674
21592062
16201605
21608518
16575376
21140345
16310137
19482375
20824553
20192931
16637581
21238893
19136329
19903757
17559917
16215349
15796943
20070812
19922955
18552086
19171479
18614452
18974701
17394620
18301123
18274594
15601463
20662948
17655685
17330709
20715304
18986074
16547434
20880816
17162118
20807441
15720709
18087020
19361322
18157449
21114401
18687841
21330895
15715031
20869659
18245219
17506878
16393440
17167376
18549138
15747077
17484214
21144400
19557400
19159080
16225271
16215797
18219059
17607137
16109300
20044163
19416602
19066140
21798470
15800094
21088660
15861917
19943991
19297876
19763699
17872608
16724286
19065505
16602548
19788748
17612376
20404628
19558736
20122033
18996787
15897446
16380574
21619745
18062441
19199192
20492016
18051936
21309962
16760680
17253082
16649826
16253153
17960671
18753714
16622986
21536492
18272735
21545616
17693048
20935008
17371557
20598589
21242267
20705551
21536963
18578883
18591502
19753420
20302385
15935019
16758120
20358493
17912275
18501359
19156376
17028978
19495810
16163576
19837242
19307455
15987399
16109113
19819050
17419799
20331382
21823368
19879451
16505458
16567821
20095185
18989542
15899314
18430621
20372688
16911052
21615572
20056190
19846383
18018351
16231035
20175311
19007709
18841519
20871944
17059642
20191059
18053101
20072088
16177581
19660205
15597928
18694213
16468604
21810722
17588280
20643988
19694872
18246886
18814476
19244631
17420784
18274417
15640639
18494406
16781241
16108856
20532923
16711175
21815451
18754523
16878413
16533678
17040575
18000441
21171126
16544858
18350458
18474847
17571779
19386565
21284037
20446248
18438533
19038073
16259232
18439722
15656851
17464738
18597574
19366932
21586721
20654924
16313546
20667285
17022918
16299190
19729437
21470604
19671170
18074477
17969660
17486478
16646218
17939237
17727584
16050857
20227673
19187418
17149993
19567757
19092481
20431466
17036089
17851337
16836620
17178302
20645666
16264317
15819535
20188506
16055616
19504737
17313517
16686075
18269433
19592914
16551152
21457695
21739743
16877656
19118771
20016955
20236431
20630793
16162565
17338086
18668612
16137587
17594994
16434916
19038753
17449437
18396599
18293235
19211100
16011820
19817268
18708889
20682667
19719075
17239073
16828344
17175975
21605323
19025503
19159909
17907756
21365982
17610158
15701767
17092777
16217779
16921859
21637274
18206144
15839295
21729918
16449397
19968909
18080044
20700575
16006186
20694764
18395025
16920527
19234646
16735082
17551420
21999067
16060306
18928465
19515862
17339613
17939464
20413053
19875747
20051847
21644886
20574269
18753881
18819691
18796047
15720867
16445071
17243516
19300433
20436033
21130334
16440562
16701114
18661887
17674201
17335530
16970008
21055494
16669556
20536093
19898766
17932723
17400152
15915060
19534368
19906525
16498160
19019520
18856125
17263612
16579145
18511764
20002507
19941684
20889513
16272918
20926175
15759071
15687722
20974071
18450615
20142011
15699831
17960669
15522054
19786448
16400368
15782448
20931472
17408073
17370895
21573122
17365786
17565096
16277706
21471145
17126459
21247672
17911892
21614944
19934838
18832289
19916821
17551283
