16715729
16710925
16752551
16735012
16723959
16723946
16722454
16787829
16783533
16781986
16772361
16752536
16835391
16829215
16826966
16817671
16813096
16813081
16790219
16689122
16894222
16881995
16875114
16863894
16858461
16849952
16849941
16841813
16841812
16841376
16838755
16680051
16960404
16953857
16948718
16938645
16915314
16648349
17052311
17022324
17016025
17006810
17003701
17001069
16986671
16986670
16986369
16642247
16628173
17140121
17133655
17125041
17118638
17117531
17117525
17116767
17108509
17108506
17106866
17102447
17102341
17102331
17099104
17094684
17082010
17062509
17057641
17057640
17057639
17238492
17236701
17236528
17235217
17234107
17233265
17233261
17233257
17222294
17218873
17218872
17218869
17218868
17218867
17211702
17210069
17205275
17187546
17187545
17173659
17162992
17149460
17147758
16579282
16572669
16550700
16055977
16036012
16036011
16035267
16025151
16022153
16004837
15997347
15986809
15895176
15835338
15754507
15714109
15706810
15706158
15706156
15694621
15682999
15674058
15668270
15663015
15659993
15658479
15645778
15645774
15642753
15609257
15568269
15549016
15549006
15536379
15536366
15532155
15526870
15520159
20196310
20162971
20158069
19507367
19507359
19387287
19348410
19306565
19306563
19247096
19179789
19044193
20443319
20443316
20443313
20443298
20443294
20443293
20443288
18980914
18852311
18844196
18797382
18794474
18773583
18771182
18754190
18751575
18714905
18714904
18714602
18694208
18689533
18683435
18678215
18669005
18668478
18577132
18562816
18548939
18463467
18399386
18396850
18386962
18380934
18326301
17493307
17476076
17472506
17469386
17469370
17469364
17469354
17469347
17453984
17447086
17436204
17419926
17419398
17408472
17381876
17378871
17373042
17373037
17363323
17363210
17359571
17359569
17357794
17343118
17336025
17329725
17328482
17327547
17322933
17321361
17319530
17314743
17258056
17252968
17252967
17252963
17252751
17238672
17233267
16620172
16620164
16527476
16501912
16499309
16499307
16499301
16487423
16474252
16452707
16447854
16439827
16435589
16422488
16422482
16416464
16398297
16398251
16373178
16362937
16343687
16310139
16301923
16279158
16248709
16236662
16218241
16217216
16184294
16167686
16161323
16149231
16144165
16137141
16134630
16120894
16103805
16027542
16014990
16013294
16010142
15966162
15956862
15945581
15932491
15835472
15824607
22013777
21854991
21309389
21309386
21309385
21309384
21309383
21309382
21309381
21309379
21220645
21041591
20673926
20420546
20364656
19907240
19907237
19743716
19713630
19689649
19662030
19659843
19634528
19597967
19581338
19572761
19523164
19507358
19507357
19488495
19481276
19474225
19464089
19448495
19437247
19437227
19421081
19416419
19402447
19401125
19382508
19368569
19327625
19321893
19281098
19279488
19279481
19269405
19266749
19266370
19263721
19262907
19199850
19179790
19177973
19174529
19171291
19168391
19163701
19148848
19146658
19146118
19142066
19135592
19130783
19096290
19066119
18088263
18086999
18078189
18073365
18073358
18056752
18049253
18048200
18047457
20469538
20443279
20443278
20443277
20443272
20443271
20443265
20443264
20443263
20443262
20443259
20443258
20443254
20443253
18041659
18041500
18032204
18032198
18002880
18002335
17998120
17985958
17984650
17984649
17984647
17983928
17969955
17959576
17958932
17955894
17948844
17945965
17945927
17945886
17943793
17923968
17915147
17914647
17914020
17911863
17911689
17902455
17899237
17895516
17873662
17852904
17852321
17852241
17828010
17828009
17828003
17786805
17720289
17718309
17710936
17703112
17702516
17699139
17697762
17692249
17667006
17667004
17638595
17634001
17620236
17585519
17578396
17577176
17569318
17558823
17557933
17557615
17556921
17553395
17553394
17549970
17547217
17521460
17521459
17500264
16974179
16468598
16422053
16294628
21714404
21692436
21692435
20977391
20948248
20889847
20870685
20848376
20841651
20832923
20827135
20815752
20803390
20693890
20682963
20651418
20643846
20609631
20608806
20603048
20592542
20557413
20544477
20540408
20539922
20536093
20526940
20525523
20495334
20465038
20446045
20443428
20443427
20443425
20443419
20443417
20443416
20443415
20443414
20443413
20443412
20443411
20443410
20443409
20443406
20443404
20443399
20443398
20443396
20443392
20443391
20443387
20443385
20436171
20416972
20378626
20372008
20370762
20217049
20178697
20170407
20153457
20133320
20129211
20129207
20128768
19160893
19142324
19142323
19129293
20374162
19078912
20443320
20443310
20443309
20443308
20443307
20443306
20443305
20443296
20443295
20443291
20443290
19037137
19036675
19020904
19012786
19009802
19009141
19006630
19001913
18977994
18922609
18853911
18818535
18813463
18810506
18803920
18788957
18788956
18777789
18761755
18695796
18693906
18693230
18663039
18620106
18605350
18592986
18583481
18562819
18559967
18550781
18541642
18512579
18496893
18494628
18492634
18491999
18491222
18487796
18478683
18473088
18473086
18473085
18472538
18463296
18449440
18438201
18431202
18411908
18408581
18403998
18396367
18390024
18387184
18386950
18376036
18366782
18363492
18361543
18345560
18330363
18327350
18318922
18305331
18302595
18297206
18279295
18273872
18271836
18271833
18256564
18254833
18236957
18225471
18213432
18206525
18198952
18192110
18182908
18181319
18171493
18171490
18165839
18164145
20531264
20298301
19416796
19319760
18158494
18158489
18093591
16699339
16680057
16680055
16274348
16267985
21904101
21805803
21744523
21595347
21560456
21537554
21534376
21532081
21520697
21510261
21457280
21368555
21368551
21368549
21368546
21368544
21368542
21368539
21368537
21368536
21368535
21368531
21368529
21368528
21368525
21368524
21368519
21368517
21368514
21368513
21368509
21398370
21374886
21359632
21324446
21309388
21309380
21301277
21301273
21299569
21255262
21240105
21228095
21226296
21214399
21192574
21160341
21160340
21156753
21139101
21134804
21133810
21127085
21119152
21095690
21075729
21043321
21041588
21041178
21029220
20595305
20576340
20572443
20568320
20560165
20536615
20509795
20447000
20443430
20443408
20443397
20443384
20441412
20423363
20412357
20409059
20406123
20395948
20384666
20350914
20349649
20236860
20205545
20202654
20189861
20184229
20171557
20151088
20147807
20141028
20139646
20135082
20082696
20081738
20078242
20059598
20052891
20048248
20048236
20044945
20044423
20042423
20032729
20032725
20032676
20031844
20030774
20030704
20030234
20007034
20003300
20002507
20000010
21545663
17935047
18025394
20614429
18592944
21217440
16735260
20464593
16533127
18049154
17523034
18421925
20630922
21971693
15716822
21084087
19916219
17388770
17633968
16719548
15567678
20351376
16294697
20008210
19689636
21478378
16216793
16218155
16365612
17376560
18720676
18578440
20584278
19472805
17520351
18620598
20576446
21726950
18768086
19785295
18398799
20879134
17524004
16125027
17137277
16098117
18215447
16875276
19842953
20429974
19580054
20236861
18166728
19043804
19899669
19066137
15893216
20419324
18310215
19840275
16856090
19644350
18554077
19921222
18549134
18690131
16489959
19469361
17942229
16572536
17408021
17522829
20053602
20075126
20965691
19909009
17007484
19537534
21218211
18033724
17266008
16502384
18522532
16045650
16641650
19024666
16242295
19104316
18092495
17194871
19239665
15657115
19913187
21680042
21300097
21460713
19594346
19820484
19331307
18630251
16946118
20848428
20352500
20193880
20662292
19640011
15751434
16438812
19860895
16715691
21629357
21684731
16869180
17264031
19134363
15722583
17414352
16106491
21704974
20122028
16094549
17535600
18540121
15887320
20630926
17337872
19826026
19577752
21052027
21404142
15992395
19114583
18568263
20640393
19437854
19203342
16332190
17135800
21485420
16789405
18708889
16821462
19219412
18154191
21654602
15802479
15964865
20235422
19422945
21067272
21407013
20225102
16476641
17156424
17285036
21501900
16639736
17721806
16878034
16500799
18795445
16083490
17087173
17165490
16899843
16103035
16144244
18342766
16504890
19901745
19753807
15584186
20684415
19212247
19014408
16279895
20621900
16200512
20446622
20189951
16310196
16509450
18373613
16716871
16709465
20232127
17563853
20880816
19941577
20718818
16925152
18307598
20856193
17518166
16162637
20042562
18427230
20887842
19892890
17710961
18384590
21608275
15774368
20183371
16870387
15597284
20670780
15846012
15948080
16473694
18535316
15663534
18608068
17091363
17168255
18386686
18595420
21382202
18074870
17346340
21322195
20738451
16077285
20466693
16424964
19775762
15619178
16033639
17805107
21488559
19295419
20728705
20122017
15977944
19346565
18781660
20693520
21810723
19057437
16185114
19750836
16466350
16116400
19093352
18218337
16261850
17327248
20638814
18195311
15575035
19281444
19120746
17026438
18001656
19227593
16314893
17766740
19048698
17343245
17321944
19670967
16821349
18286854
19591026
19320988
15735596
16398069
18335873
17477005
18315998
15872180
16334082
19237822
17666224
20183344
16549347
16488347
16688971
21220389
15658904
21257230
15774361
17958909
17717449
20654870
18758849
21500016
19295420
18402238
21228091
15608767
19634644
17108841
21902093
20609507
19854841
18082004
20576399
19789438
20467718
20041926
19307120
20058098
16802677
19473204
17091906
18420747
20485694
20663592
20667699
18085339
19227631
20799934
17270062
17727550
18365349
20430562
17459138
16835522
19317898
19553722
16378790
17694612
18429701
20932505
21569490
18314839
17053572
19531773
19358125
18341244
16036812
19706163
19664848
18928082
16295991
18063444
19011741
17315408
19196860
18788123
20693726
19489086
20502142
17987402
20963271
21132294
16982297
20573434
16970808
19420035
21207772
21148579
18806181
19452737
16332484
15693685
18291720
17091073
18791404
18826611
16702181
16021258
19689239
17116539
16679426
17054572
16377365
20589400
19594788
19432872
20043845
21841588
18452594
15517691
20388936
17235044
16135494
17216964
17899999
18060327
19092532
20098168
19883886
17518010
21051389
16915611
20422432
18561633
18275400
19534188
19426930
16285172
19139474
21524205
16136927
18025487
16764196
17276321
20638813
17690596
16488688
16793487
19863769
19645807
20593652
21199464
21473240
16806220
21172073
21072099
20849989
19101310
19952043
18519311
17941410
18096353
17697454
20633061
17512862
20850002
17713384
17717485
20403903
20923897
18479285
16322414
20540393
19663573
20451794
15712680
17091893
16909729
21239947
15751329
15656857
18272320
15896961
15899099
21677420
19531035
21086835
16340472
19719383
20804891
16109300
19717991
22049809
20738389
20302995
15991179
15574435
21768807
18182306
16729851
18641496
19769205
16027349
17457099
17380812
17896048
18536884
15532222
18788662
19260603
21473786
20729511
19819050
15763217
16566102
16796239
17518020
16582046
21349492
15992472
19582523
15595907
18429700
15592814
21648267
18783458
20108049
20473081
17345761
18760411
16290975
16473734
16960322
15805359
16687338
17638181
19475792
19282319
19468089
16419213
17348119
19073518
17196247
15984560
21214989
17623729
16826947
20199943
17335522
20584364
18594164
16629279
18590091
19111480
16285334
17694233
18697346
22009086
16543791
20039966
19962124
16350498
16333641
15543481
21129179
18313501
21263077
19633917
17306956
21247672
19888969
20490571
19356286
17461706
17672819
16317329
17040143
19621484
17952147
20170303
19023951
16779501
17061778
18360178
21174852
19933246
17118197
18556639
19820287
19008870
16607332
16683641
20800564
17088119
19726207
15959746
19856559
17182449
15792019
16996372
18336692
16096152
20822037
17822890
16278102
19538715
17224226
15687312
18160862
16755817
18047451
18355246
16476603
16675647
17494454
20036097
18649818
17959577
17936459
15552539
18974699
20437330
16874603
19849909
18162922
20100749
21982517
17074871
20605007
16316441
20047173
16005834
20175335
19547799
19555968
16605041
18411581
19968393
21140884
19569462
21409670
17239063
16220059
19831143
18812795
20334556
15823383
21271189
18803496
17053179
22021547
17376688
19778705
15786386
18512375
21977784
16450510
19734646
19210156
16267966
17166255
16777833
18663481
20179254
19407916
17620400
17207006
21542775
19778429
16076788
15682977
20306640
19777359
21475342
18753714
17507840
17998356
19517668
18460954
16242940
18396610
16006495
17477485
17580773
20232017
20222245
19006917
19459862
16870386
15640632
21307728
16496812
17853369
20416998
21546382
18452639
16103696
17638778
19297196
18304246
19014793
15965213
16267637
16466484
19497889
20202506
15887817
20642034
15760796
16376522
16259897
18437030
21111375
20005027
15581299
21425639
15853163
18668482
21205258
18853708
18280735
21041324
15931015
19687180
18395142
18036470
16003005
16531849
20648582
17223939
16585114
19207800
17958297
16970555
20980666
16324953
19088667
21227633
15528587
15754927
17019547
16039735
20510842
17095418
20055066
18762505
21957588
20883612
19648096
18379226
21469983
15561157
20434086
17608870
15838411
21402373
15625220
18971645
18522335
16416037
21127449
16857051
17667084
20170308
21282691
18364016
21413953
20016312
21189208
16925241
18618855
17367901
18166697
16541821
20533145
20336354
21660785
15726873
16440938
18072402
18066718
18725848
17938060
17630942
20859052
21813409
20507597
17197784
20716152
15914080
19008145
17683654
16249136
16882179
16324939
18237668
17026412
16585087
17305106
21385313
17010827
19764839
18301949
20507287
20816307
17142611
15850858
16315651
20443383
19825895
17535540
21478693
19027628
16632217
15765642
16610298
21128694
21189756
19653439
17556325
15840074
17082830
16880222
21528162
18070223
18948798
17674531
16609309
21488470
17401771
16647834
21768819
21055578
21499008
18219209
16024021
21126675
17311361
16611193
21223462
17675724
18300320
19524441
19062603
16894877
20457682
21478756
17697676
16287523
17243022
20801975
19513835
19021126
20889509
21146313
20478810
18624025
18316939
18034817
20881817
18809622
18757528
17353575
17339093
17074822
21038830
17311791
15813311
17110823
21188513
19351529
18308924
21334942
16203882
16539318
18252078
18485946
17892143
21658020
21780092
21566441
15880706
18681246
21159197
20885331
17210887
20614644
19326309
18709832
17057593
19157279
20122474
18558934
18397446
17929744
18544976
16206915
17825095
16382647
18556081
17494453
20713655
16459967
20087969
18386954
20105588
19034726
17664516
19419546
21308645
17411550
16525901
16632765
18466388
20051186
17888994
17316099
18454986
19443876
16010910
16923431
16887247
19001918
21651657
16931922
17151566
17869629
20667778
16900070
20703145
15590225
17481456
16268282
21294666
16022913
21661279
18826731
20116122
17597350
16007301
16420214
21409790
17546307
15651955
18316237
20230576
16874785
16771288
20081700
18716551
16904970
21342389
19152929
18260904
19388383
21125069
19705429
17665207
20203635
18279067
15714932
18646359
21158900
19075333
17366437
19786527
21676049
16614688
20701054
17627836
17334734
18535736
19475830
21655973
16957462
19549088
18078150
17873249
19901567
18435018
17098101
17924271
17473811
20511731
16410433
18726695
19947126
20145963
20224964
16231609
18515743
19444814
18608358
21310027
21252815
17679587
20841550
17218166
16431006
21029353
20121961
16132281
18429710
15799295
16052051
19054648
20081732
20077984
18482291
17688563
16510172
17964976
20024774
18243707
18928488
19522169
18077492
15920707
17200477
16908802
16879537
15637522
17457778
20869466
20683302
16759741
19388374
15826432
21095840
19538693
18778947
20649665
20880153
19358139
15715277
21599841
16530377
16423099
19592836
20131581
16808705
15735597
17211204
16801638
17487862
17091170
16147797
19376682
17064837
16986357
20187428
15546895
19709790
21343845
18536588
17917940
17933059
17546313
19042817
19159909
17942364
16508814
17211003
19809782
16623314
21242317
19930289
17718641
16131044
17505366
16910186
18077751
18448891
16719900
16771260
18828929
18656079
20153911
17823840
17116515
15524055
16707584
21351125
18752660
18315504
16844126
18073261
19250026
20869024
19116820
17530539
16193229
15731637
19497899
17364798
15513390
19696572
21692247
16524029
16477862
16321687
15650513
21248550
20929944
20403641
19262570
21439171
18592270
21252650
17456000
19597372
17544863
17939007
21535274
19139443
16215421
17413782
19180006
21694580
17945320
21536492
19021125
16255338
21415614
17063614
16279964
19962622
21724782
18828297
17705080
15513801
21373820
17102477
19381720
16050878
17727543
20805023
16358929
17353819
21641361
16162469
16362467
19648848
19582822
21133302
19500375
19072456
20449983
19681528
16084475
16055870
21701921
20010014
19340984
21285740
20010012
21410585
18277551
18325645
15717518
19738218
19358096
19376676
17972138
15801999
18165374
19932220
17042399
17851348
20567033
18090444
17058757
18202987
18445730
20214255
16321533
17455049
19436695
16552592
20105608
17413403
16398601
19273863
19249104
20966841
19895933
16151493
15555798
16213285
18394871
21688468
17960671
17202084
17077223
21301699
16297580
17727589
19177916
16426952
20562603
20728318
19060825
20734699
19452811
20629463
21126191
19283562
20458106
17895631
19050028
18982988
18042132
17340855
16422714
21626323
18522372
18551225
16442027
16136455
20499748
18505556
16581637
15768648
19459399
16996514
19824256
19016169
20185449
19331120
21619745
15688543
15636652
17332210
19577418
17509694
16547787
16823953
18388840
20716477
21355762
17156997
19380943
19450916
16996857
19382433
18774193
16128430
17244290
17696113
20517975
17135994
18188761
16500926
18539768
17848423
18467479
19912394
18953195
18082998
21139501
21510151
17006855
20016421
18704750
17978258
15533081
18664235
17828432
18688051
17982871
17645791
16858449
20694757
15540550
17977491
16263865
15754924
18337077
18072444
17335534
15960698
16339336
18053910
16434231
17685733
19642764
17368364
17040358
17978148
19487532
17600951
18648204
19214275
20170460
19858395
17099116
18608725
18292422
19250128
15602163
18835969
20837282
20706096
15923939
20350934
18375783
20547286
17639097
16892780
19880843
18241631
18265820
15539718
21285085
20493590
15709850
18033645
18096585
15933465
19961630
15913408
20411829
15799490
17333297
16123468
20633738
16403755
15868443
17505331
21180300
19781816
18551855
17524196
18034179
19202531
18823358
17140716
16567238
16224652
21323088
21168831
21649843
16878516
17148530
19793434
21354820
18622192
18973717
21266202
18224504
19809005
16336367
21462059
20702075
16869085
18462280
18705115
18812806
21957820
19363949
19104171
15811210
19715096
18344821
17047644
18824835
20502179
19683408
15584185
17138485
15847965
18056324
15599649
20864829
18834055
19522341
17326021
20608316
15728223
18053001
17167014
15584143
21147658
18377901
21780094
16396688
15833469
19323709
19278320
18042214
17593633
17079618
20439631
18973640
18044414
21265631
20677684
19128863
20102784
20222404
20920725
19995319
18661159
21598148
18243334
20215627
18197863
20687357
16440861
16080648
18825863
16922987
20841777
17278337
17978607
15602144
18694471
19271597
15741497
17479031
19191134
18691277
21911555
20484722
16916857
20642621
21287905
18843062
19216983
16805075
19753473
21514641
20630197
20539153
16523818
20889513
19451747
15992195
17356359
20852015
17851332
20681469
18633680
17684121
16942418
16878074
21603729
15640681
15747756
19847381
20303134
18476636
19155613
16622263
20590483
18365777
19854441
20938894
17244288
18548416
17267724
17283217
18046264
18271769
15717240
15658837
16491032
21394017
17352783
18385264
21611924
20536954
15558987
17671054
17640283
16733115
21067256
18059392
18702806
21220848
16686873
16758527
16248863
15766334
16531947
16581077
18570223
20966373
17704125
19076661
18214209
19694621
16524352
19623510
18690630
20682509
16903401
19721927
17082170
20628305
16551318
19051170
19740444
20180438
20106897
19086484
18984379
20402176
18392393
20709477
18850371
18443263
19192601
17346321
17203511
16681197
17091600
16602548
17853172
21426582
17102708
17212894
18941918
15928530
20003038
19075164
21665473
17052558
20717125
19517200
15640289
20822386
17854730
19509522
16569795
18332745
16857074
15913786
21336134
16617720
19665338
16649653
15999919
21470427
21046529
15844291
17324308
19995831
19141403
17195149
17239232
21846255
18832109
19859000
21039850
21789953
15787068
16758120
17142653
20499711
15960059
18955722
18075142
18022046
19890254
20041384
21194807
18997358
18030104
17542794
15577825
20948245
16613291
19345912
15933354
19817618
16100661
19907393
21237552
21316540
19530018
16121650
16673197
19222604
18262656
19176194
18728299
16308681
19603567
15645768
21513534
18363454
21499109
21135606
21088660
21141263
21765035
15918453
18462285
15612421
19886298
18042484
17108742
17161046
20605062
21987987
17704874
19581180
16437270
16761882
19490232
17263717
21090159
18021128
18803442
20942881
18349733
15695134
19449606
19411662
18309865
18157450
16331229
18405017
20659214
17686221
15617635
15775827
17215199
20334753
18357423
19248345
19947784
15768653
17596762
17414079
15575519
21823368
19475364
19306974
16767870
19707164
20030702
18069003
15804321
21586721
15991780
17443093
16936529
15710277
17603000
21457625
15614280
19641933
21129832
16493324
19300433
17684164
16268766
21178547
21208551
18032997
19754941
18812619
18648891
18766108
16192318
22049632
21155402
16322192
19165122
17723988
18528781
18380318
20722812
19650749
20120639
18621955
17550750
21040013
18828265
18389983
21281841
18242323
19668037
19632912
15690896
20230418
18386455
18261541
17933498
17641077
19022071
15560732
18632026
17715454
15967628
18050748
21531670
20661038
18056570
16047417
18406987
16711287
20471766
15887919
18360207
20021684
17611783
16505421
16483064
15800768
17609331
20403305
16139153
19807236
15517746
17546355
20550597
18578463
15835081
15720482
19650945
17116056
16337561
19400483
17621617
17701622
20332290
19194132
19149053
19836605
15918345
18668187
19189481
16886791
16288583
19819869
21808163
17569442
22203538
20151212
20500352
15714097
17514724
17147799
20215333
17259047
20217481
20540001
16408524
18725354
16456455
19276146
21462635
18382164
21753452
15566208
20660898
18488801
15915070
16555020
18682011
16765863
16676342
18256911
21429717
19955904
17359607
19944876
16911056
15747886
19112086
20712207
17175033
16172091
19024832
22069919
19694327
18799771
21555752
15899604
17607559
18487973
17050229
20925301
19674021
18951344
20122508
17359611
18280252
19714367
16528112
17764606
18399391
19661792
17570194
17432335
17238947
21503428
15878428
21602631
17287244
15696899
21779616
18312194
19960628
19775481
18196289
17301210
18001148
15631568
16824987
18215329
15515292
19030690
15800153
15909778
20593678
21108173
15939493
17348786
16709554
15750704
19565988
15947334
18669114
18022814
18048628
17202527
18221656
20424868
18481465
21116179
17969826
18328279
16416459
20722840
16900287
19187163
17559479
15644655
17261117
18083675
17298604
21862745
17549855
21335248
20726410
19694861
16526334
19019733
19522949
21605261
15998598
21439172
16489962
20463086
21601010
17880469
16386404
15617396
19418075
20361444
20520097
19617303
19175591
19366980
18482489
19825839
18195310
19269241
19351795
16760104
17874862
20367292
19438112
20452847
15897772
19807230
21102177
20972850
17551558
17201099
19567756
16594227
16272215
19127130
17669281
16594284
17602015
20590512
20932658
20516818
15682721
19495946
17043948
21143362
16432647
17087708
19739484
20212293
21672061
18399393
21654227
18186824
17349824
15778132
16298284
16157943
18641472
19072491
16521189
16981970
17561800
20386462
16953850
16521712
16135590
17721699
17430768
18370897
20113757
18853711
17509266
18314388
16629574
16130927
21221001
17474573
20523015
16606431
19901541
15713995
20696034
20497880
18949617
20687092
19155288
17063134
16487892
17249904
15523081
15797155
17973716
18467531
17095426
18072401
17718731
18160861
20066814
20443260
16131284
20679968
16172843
19454871
20961582
19177733
18540857
18021164
18684582
19012760
17066970
20188623
18212186
17389535
17078345
18489673
16780008
17908233
20592706
19495535
16020051
20136397
19290975
18419892
21744722
20614422
19016937
18394450
19745474
16585806
19011230
18705737
18414337
19458979
15838090
18069432
18423762
19832891
17225335
16157339
19775200
17996004
17711934
17118075
16522503
19373185
18034182
15555754
21913573
17851721
19800257
19440928
20213580
16938902
15609073
17443245
19117717
17407213
21084411
16539697
16926306
22010523
16039388
18344453
17991363
16846509
20858885
15965766
16135490
18812614
21233663
18516462
18266573
18154854
21486129
19906428
19321901
16958714
18667870
18982395
19293351
19033167
18852404
17459818
20878861
18692395
19341545
16456477
15877479
20036397
17058750
18658115
16585436
16224112
18042946
15776599
19085957
19273474
19706077
16937786
21107849
16217219
18405469
16870080
19001101
20686399
17709166
16540279
19181371
19712783
21812953
17760571
18624013
16829723
19004438
19473377
17851337
19062430
19009891
20123172
16910028
21232067
16430356
17238454
15852699
21590636
20579159
16273797
18720891
17351321
20966849
21363906
20415270
16340636
16492098
16101857
18763657
19917443
17087612
17845887
16780297
19202248
20398156
21966720
17872907
16403214
21165374
17973622
15794728
17723982
16629569
17251535
15573349
16769943
21292704
20221341
16507503
18528621
21615347
15622417
19648600
18328683
20875486
19496380
19426929
16978939
17210876
16153768
21590574
17341326
21879661
16296417
20095186
16956851
19004576
21359269
21565682
19248431
16628180
19816667
17563598
21599883
17157824
17015201
17123438
17695944
20308935
16463240
17590488
20441488
16332466
18809125
16173895
16422996
16162404
19536033
17934058
18784502
16875100
19344586
21180319
18321445
18499518
16636361
18195313
21789766
16264081
15948049
18229630
19445343
17197788
19836153
16278531
17700975
16450936
17905107
18714603
20936898
18074418
15949068
21205724
18694242
17037233
19342836
19564003
16268411
20824237
19678919
16531858
19482279
16205829
17458539
20586911
16119863
20626830
18808578
17572924
17395673
19548599
20306101
21053264
18604981
19153954
15822046
15805142
16448378
20439199
19674761
20173056
19817592
15936987
21255708
18787902
17451834
19564001
17517114
20821958
17639388
17380387
20626479
20141092
21403051
16287927
15793019
16499792
17133206
19550262
19674860
19703037
19194685
15585514
18784564
20972381
20377396
18681344
20579116
18677873
15720311
17007695
16350594
19090367
21062122
18356715
19294323
16340693
18641520
17888097
20829005
15858623
20430210
20411481
15606985
16911054
16164590
19671275
20108146
16472356
17102327
20463359
20592521
18399829
21138831
17914295
19514802
15820427
20177040
16673977
20571224
16634710
15574726
19568211
21382515
16948440
20950728
19058079
18047461
19665810
17187543
17655996
16418828
19062357
16884079
20813775
19228233
20169371
16496660
16627545
19090412
19907389
17001935
18258650
21600363
19399010
16730440
18378349
17724103
18275359
15931020
19753441
17327759
15800664
16618863
16928410
16002021
18096388
21700150
17676967
16270106
21323492
20179960
16638122
21112243
21526374
15784104
21860189
16474249
19368568
19669104
19711633
19947050
19961261
16934140
17509425
20147798
18612897
19926562
21473669
20498011
17452604
15752322
17035471
15997576
19657495
18662261
21083403
15804642
18982964
18417233
20487496
17761230
20078215
18769104
20432118
17686390
20005147
18226157
18200948
18998594
16014340
15638933
20205952
15886362
17368692
16718578
18619631
20232252
15859376
16352944
19476108
15714021
20966661
21534383
18657761
19787525
18491831
16567821
16130682
21916091
18051936
16607351
18608170
16602661
19446121
17989126
18558181
20479043
16236108
20701828
18240989
15890308
20224999
19060821
21071434
19287913
19581664
19663712
15555717
19952551
16257617
21736078
18053777
18596020
17093033
17957980
19615889
21277030
17992336
19239676
17953293
21510149
19517901
19576544
16904860
17054172
20557391
15613848
21342420
18086109
21745385
18662628
16756523
17487021
15912843
19299261
21944796
21748623
19105559
16061930
21210611
20570462
15800007
17883630
18392384
19223834
21610597
18437597
16608940
15944497
16608944
19162408
19591363
21119309
20804882
19100944
19745348
20924426
17153565
16723061
19112873
17955777
20586891
21268419
19159977
18041329
21806528
16922986
20828509
16999714
19745632
15888394
19216482
16330792
18999031
15826785
17950504
21544791
16439497
16633237
20124774
16206681
17265562
19436289
20628787
19570963
16969724
16157434
17665763
19715080
21612640
18787441
19606196
18418567
16287789
19153413
15552455
16463453
17122659
15934549
19745626
18332355
19508712
20202395
17621972
18290981
19730982
17452733
17581793
15644694
15908854
21469291
15999958
20527450
16426426
18772181
16531352
15709552
17653903
20536755
21947111
20064197
16184215
18361145
18201012
20546383
20148940
20102143
18770873
18625920
18360885
19077011
19486790
21839904
17380521
18041361
20224406
17391090
20235421
17089287
19175285
18990114
18472537
16638256
15856386
16493304
15802112
19133191
17234474
18397405
16565461
16190011
15564996
17083558
17294778
15663705
16965470
20865872
19715087
15904886
21675152
15762390
18979547
15987226
18384420
17441293
21770227
19830402
18492733
18612720
19880956
15731998
15588259
19879451
21146658
19960751
17235250
15896625
20376994
18458853
18678817
19813165
21718869
15714020
19106884
20124018
21640688
18483818
19203464
17479810
15794530
16192811
21046417
21491832
21952571
16822090
19371558
18291465
17925586
15914132
17284552
20002715
16035725
21035041
18034178
17285928
21382047
17707080
19366461
20602687
17006963
15710281
18856128
20920232
16766590
17018196
15598066
18724436
17654156
18052858
18193726
18390051
21178749
16996228
21087832
20081640
18294511
19020372
18482121
19161809
18276125
18454586
15931800
20602140
21805890
18269539
19772558
19473739
19586569
20549184
20173601
21813221
21248445
16983480
20851681
19232919
18364475
19395709
15781508
16978923
17470290
17419778
16050386
16444341
18398082
20680534
17852926
15521308
21555655
17848395
20662290
16574869
19798831
17638798
18461420
17029628
17557934
17922923
16304497
20935008
21051326
16920242
16125016
19959745
19117310
17139578
21958380
21411820
16328673
16263039
21645111
16289090
15974046
15754280
16781108
16003661
16594430
17390706
18259897
16116831
19251549
18311086
17082009
16374192
19024232
21590628
16566612
17413669
17138496
19899198
21429772
18825835
18999164
17294372
17090996
17701118
18220067
19327963
18426103
20857674
18234365
20391667
20730061
16768331
18317802
16911142
19420413
21121592
16534660
17387063
20889389
20011821
15829458
18680413
15730045
17558490
21209353
21322460
17922454
19714512
17309018
20433130
21134155
21444840
19668280
16781241
16060579
21470031
16182821
17710485
20207267
17474629
16021997
21323047
17541326
16342350
19349189
18197510
16519072
19010600
19023955
19448582
20870419
17053467
15729063
20453701
19465607
19592813
19512935
17334302
19893845
17925030
19601440
21853564
18703444
19533894
17495574
21719625
21957803
15990914
18216618
18199300
19606561
21149243
15718581
16796448
21853824
17356440
17973964
16464329
19571324
21393043
17102643
17292131
17244289
15691247
19274906
19225320
17990402
17459820
19461329
16034053
18634745
19301983
21422361
17994508
20875537
16330518
18655672
18258113
18830519
21175928
17454286
16512439
18702787
18454927
15527578
17249312
20846085
18486712
16141741
17122761
20524504
19068141
19684373
18684585
17496700
15735561
19492167
20446110
16392451
19379514
22039748
21087239
15672029
20816337
18812147
20215334
15915739
15995096
17496709
20394030
18207046
17467406
20513459
19486789
19780853
16469132
17945160
20495596
19949221
19090376
20619768
17933804
18607872
19883453
18980103
18719332
21307157
16333558
17109707
17457775
15909695
19014228
19901854
17510030
21144983
18617379
17512151
18493712
21180834
17575764
17014748
18200827
19450260
17609639
20639791
19998445
17524962
17332956
18629359
19531034
21424876
16294474
16029495
16430332
15707095
16511737
19585808
17557434
15794082
21079464
21185989
16941919
18431881
15601463
17762243
20167834
20800770
20113708
17443403
16749587
21521213
16925375
21447846
19402362
17030839
20180338
21182379
17464122
16059538
19537347
19448455
18316450
21139465
18487967
19625557
19809009
16779953
18327343
17416698
19930680
19342524
16893807
22128521
17352336
18557314
15748088
19556934
21680668
17678779
20179660
21287145
17071417
16131639
18283559
19179837
18557572
17283960
21824959
18299968
17561212
18573540
17377997
19373991
16035084
17576247
15576272
16496661
21171905
19893849
19673984
21214974
20582500
17010034
15743296
15707097
17080736
19270632
18416398
19319772
20841838
19674454
20830942
17266765
17581242
17502432
21952573
20381670
18005127
15698807
18005351
20227674
16383057
16731139
21320230
18250240
18379261
19489708
18397559
18442552
15960246
17185399
19756766
20396850
21636616
18644916
21674430
17572276
19043339
19008269
16814955
20557383
16550095
20428969
18548407
16673256
18377572
20689937
17980927
18808432
17305269
15730508
21694570
15799305
19745628
17361388
21712210
17366090
18650639
16448864
17982824
19061787
16216029
19902646
16671364
15691240
16443137
17406167
17084759
15924016
19911728
17823705
18198316
16447533
16568450
16864131
20192715
17459386
15893688
17853168
16276642
16338569
18982308
15618092
21349374
19783081
21303460
15768931
20350889
19801007
17332456
20964157
19706350
17626389
17534900
17455037
20223310
20466108
18955735
20698096
15870663
19249189
19546088
17356989
19747264
17711937
20852515
18525346
21550543
16565271
18942568
19411575
17505368
15634822
16109044
19573775
18617708
18953729
15686078
18557966
19254194
17469698
16117032
18664978
20880922
20135903
20862625
20414433
18661390
20605530
20795588
21147693
17674685
17342454
17269608
18816313
16083480
19754498
17323334
19551750
21820539
18071204
19954137
17540805
15795336
16302552
20473206
19459404
19123265
19444731
21635629
21462663
19451479
17311239
18978242
17508949
17999008
18439049
16632078
16751966
17091116
17228508
20657888
17122530
20712670
18237062
19711082
20436062
20381427
16981478
17667002
19304803
16884841
21178540
16353511
20391148
21684600
20723173
17009151
21949183
18813601
16936614
19176406
21095610
21241205
18595218
19919300
21762307
17364846
21343503
17333497
20080821
18718887
19084880
21165716
18454762
17712842
21156657
16475891
20423442
16272899
17596080
20368662
20860246
16302860
18277849
16046914
16472040
16879183
20977435
17343028
17041293
15699999
17504276
16961102
16965313
16842059
19061679
21051920
18343252
15951518
18060216
19393415
16903590
21141161
19643612
20345512
17345982
20642362
19017909
17382848
17081919
17260712
18555158
16513713
16450935
15714718
21086112
16443974
18320392
15800558
16755314
19326625
20367868
19467147
17387304
18715850
19183236
17533927
19013047
19124095
17604557
21176131
17484214
16131769
18717767
18561444
15871467
16932134
18500273
17609249
21138883
17011267
17414332
20201400
21435737
18656276
16575712
16768073
16324960
20234207
18185124
15977240
18338445
20706180
21657805
21122014
17972241
19325329
21940547
15664089
19926344
20633939
20219077
17706756
17998835
20435211
17065788
18252071
19729266
17365375
21124264
18090775
20364558
21145470
19897540
16729519
16846539
18976341
16378818
15761454
21938966
16594229
19651933
16475463
17238008
17883790
20236433
16263572
20349851
20095874
17650357
19930483
15876255
17725024
21577161
15561158
18647212
17149042
19290718
15818264
16645494
16858460
16231164
20860257
17368290
20435496
18321620
21207189
19202753
21078044
18552086
16783842
16503952
21868479
16420844
19339450
16049710
16470251
17419962
19193548
16260819
18622567
16548947
19140357
19535946
20367647
20218030
19293307
17444080
18164350
15730598
18989681
20429036
18840742
16939948
19852714
15701767
21086841
18718165
17294063
20070013
21089989
18021136
19445567
19526684
18021512
21952326
18624088
20542237
20337804
20687037
21537324
16689756
15576258
16796432
18823311
21862907
19326807
15580109
18508231
15635886
16340692
21673859
21661613
17717570
18007210
17646058
19493177
17362188
18783502
21154093
19579843
15792287
20564070
17588161
18430563
20392644
18389029
15967838
20648856
19117798
20844423
18602058
16888861
17906596
16282571
20352506
19108596
18755565
16440916
17343661
19033337
21382216
16596859
16374179
17598261
16499459
15990428
16441679
15572014
17620393
17560165
16314384
19051953
16546006
20838335
16434415
18030960
21575530
19066143
19343891
18217474
18563001
20121353
19060727
16625801
17578061
21197905
15632464
20026688
16568232
16534078
21041191
16093967
15639683
15656249
19653536
17338833
16752414
16169582
17911883
15910435
20169350
17080905
21787434
16956743
22013829
18939411
19106431
19446716
19220619
17492990
18158526
21333177
19265607
16141775
19712215
16918739
19012713
19035060
21480005
21971887
20974059
20210265
18386693
15910431
18302579
15985647
19748748
18433028
15604183
21775273
16096881
19172450
17348964
17463206
17521252
22128564
20657338
21291051
19251548
21783012
17870643
17015810
19204619
21629336
15635789
18631915
19067499
19416050
18472303
20422964
20374986
16749222
17482300
21042243
20069824
19225908
18955440
18500138
15779648
15837667
20500650
20380037
15875449
19538405
19463672
16310615
21145404
20571093
16912623
15621478
16358114
20623971
15656472
15794299
18507891
18670411
15963168
15916836
19528137
17664526
20864873
17475363
18608413
20123266
17723957
16169794
15552806
20595536
17416145
19629748
16242292
16931461
16950516
19996808
16457327
19968144
16440403
20807119
18663465
18849368
20188314
18513244
19416429
16174908
17726411
16602517
15707102
17324178
18697966
21646895
16324523
21693697
18413518
18378730
19225847
16403149
16308129
16670575
18039381
19767521
19878341
17459542
16493532
17485221
15785347
20358517
16917187
16425903
17549465
18996787
17875566
21458695
20609033
19203299
15722965
18437598
19416045
20381916
18303431
15641253
19184551
18166588
15615170
20796072
16484923
21545951
21469986
16002963
20472608
15611316
16728288
21219644
18342653
15729776
17063585
19191819
15799889
18996713
18502421
17719509
17927102
16967153
19654222
16418987
16759758
19216985
15699874
17890348
21894868
20042244
19629602
15610339
17145910
20619056
18229993
20465047
16318105
18416911
19264074
21199129
20545593
17556401
16483097
21532478
21624687
17434236
17050299
19275835
20543208
18998431
21672116
20453732
19643827
17561599
17697951
16200526
16625128
20142581
19131757
18269542
17479949
20819267
16222646
19945755
18945716
20230620
19136677
19414477
20808147
16124449
16100192
20527446
16399970
16115710
21480493
16331167
15810565
21500608
20211089
19398823
21162358
18584260
16195085
20201342
19393482
16916058
17035080
17064964
19447316
20429725
19655210
15533992
19812092
16629008
21843847
18463898
15942318
20044846
15569811
18444206
20593675
17387062
20931513
17951939
21440817
20462074
19800037
20552859
21362164
17194403
21464264
17595987
15713169
18459155
16514937
19364777
17311642
17452601
21304096
20930622
16521593
18488242
20527597
17371423
19156945
17056768
19828537
16892697
17877868
15667359
20153550
18709041
15540970
21056164
15764468
18698236
18341171
19232926
21471081
19149063
18372809
16403595
19737124
16700856
20107294
19514130
16564170
18710375
15795335
16506380
20546564
17347114
19268287
19947049
17212575
21485676
15967010
19385269
18954428
21131116
19911108
18267993
16618471
16034337
19963149
17003536
15833473
21323844
19785885
21626356
17558877
19300281
16910946
15542003
15537586
15744445
21126130
17607865
21487051
17565036
20940272
16594423
19805769
21431103
21293980
18631968
20163757
21737032
19243591
21085475
16997822
15851384
19685032
16740006
22032571
21807826
19395973
16754811
18179675
18666406
17474235
21277166
18423347
16156331
19263354
21097762
16430347
17171563
18724333
21879998
17446134
15804332
16602658
19142111
17700945
15777874
19009935
17170582
17095336
21131175
15573668
19107304
21162325
15680527
17619598
19287914
20920808
17069595
15882512
17160097
18257761
21644295
16296927
17929730
15625966
20331325
15633072
17352796
18201592
21413534
17227358
18831016
19024823
17091759
20861599
17294319
18585838
21069122
19832783
17952258
20148365
20846231
17077768
20078013
20489604
19837703
17233912
19793718
15723727
17537116
18947081
17566476
21218704
18330403
17384380
15967039
17455515
19885649
16363014
16810718
16643231
18073583
18941964
17323816
18560085
18414311
20427002
18029956
19242320
21489721
21787063
17083317
20480972
18591502
17269946
19094147
18952746
16183359
17176303
17935835
16538669
21413458
16816289
18320453
20834034
16788086
19900250
21380993
20483677
15993960
18335670
19228305
15603664
19052707
17452712
19353986
20495488
19735590
21702205
16927904
19047453
16505458
17510850
15893162
16327362
16620354
17070487
16198571
21748995
21324099
20084871
16447646
16304223
20644475
15663613
16877191
18061797
16686812
15591887
19159835
15815886
15918260
19538799
17598355
15565596
19397096
21338292
16800327
16215795
17419034
22124875
15999088
20223156
19127537
20827358
17710787
17697095
16816766
17766564
16076795
19961629
20800458
18373574
19323361
19123871
21294002
19748873
21239101
21586166
19906279
17762623
21670615
20144942
19735497
20975520
20684398
21207009
19225067
18371967
19738472
19812242
19403574
19352570
21169251
18515441
20963670
20700774
16752111
16225448
16078597
19781901
21709523
18569047
18515602
16479681
15569894
20654876
20063443
20850177
17514398
19552150
17639635
19683092
20373169
17823158
16770116
20391041
16222396
16708752
17728652
15911159
15521135
17543009
18468938
19101921
16578955
20132979
17802732
17378291
21382948
16613400
20660873
17443553
18399021
16782923
16443087
18796337
16126566
19118463
15540498
15754786
17260226
19638371
20444569
17941770
21776828
20439486
20889848
15655338
15517302
19861368
15736824
17560952
18335259
20878743
21807832
16711074
17592980
16896860
19786769
15804337
17311238
16274139
18474979
21457695
18462286
19251970
20950124
15868029
16454153
15668849
20112771
17230396
15653242
21693527
17602317
16195110
17064320
19358736
18327371
20625573
21341639
18822554
15520054
20306274
17931376
18052516
17245204
16567668
16312084
19017894
21243878
16368586
19475458
16422743
20488863
20881713
18307853
17289460
15934386
16777771
18652002
19124317
17966259
20213846
19300080
16751635
16010896
20448272
16013014
18538999
16195574
19017675
16334495
20393503
16752233
17070163
17594219
17157094
16963194
18467068
17593642
21251274
17907712
16943731
19031842
19036735
18519600
16110929
21972313
20156862
20210825
15765641
19948302
16697586
17060268
15572395
15926762
18497214
15642851
21587148
15590230
20974416
19039740
21532043
18436909
15786888
16868473
16955864
17060267
21383358
18662241
21199432
16425856
18159966
15869551
17591508
16456204
19445645
20650026
17584338
15655239
19067161
19882416
16036406
19009120
18220677
20818881
15957700
21099699
19438888
19828279
19413583
17128680
16708793
19739307
15745369
15833479
16326263
16739186
18197015
17824452
18204844
17627239
19719375
21268517
15568654
15579349
21129007
17518890
16024421
16010214
15974386
16892512
20524827
20860179
17329107
19254872
20077798
18586140
18358083
20177166
18575882
15876234
20092512
15718184
18069516
21404157
18570638
17685909
16035335
17936543
19542812
18076697
15726463
19492178
18194099
19785567
16875198
20411646
19487937
15933272
20618187
21235731
16104485
17872834
17869587
16983851
16544235
20674717
18763364
18030155
20869660
16869182
19820231
19085179
18578765
21520580
19345891
18463840
21824231
19385362
15776072
21040230
19116822
17382032
18842127
18980453
15839235
19786681
18328024
18926150
17024547
15940024
16482393
16821510
16689413
20657624
20964265
18649588
19289342
16674782
18371168
16137369
17656226
21228661
16564198
19500886
19365991
21492273
22005243
21241160
16371823
17030842
16224411
18990973
21029226
17667001
18575943
21305235
21488416
18808589
17601174
21513000
16164654
20544300
17380834
18188910
16378147
19794321
17975395
18205528
15683013
17323665
21651656
17277009
20096114
19281084
18725828
18299497
16616643
17329299
20871555
18060531
15716246
15647224
17040575
16974215
17063090
19274811
21464205
17015522
20868793
22002648
18266568
16956715
18481483
18477272
18375778
20352545
20408275
16430612
16905990
17505202
19822873
19461068
17908544
17039996
18648947
21605381
19538106
18157004
18241531
20514712
17401770
20224488
21913620
19539461
15756984
18096586
17925677
16802313
21989753
15877551
16875116
17467948
20110333
19678469
17415099
17544677
16200511
17462038
20453176
16740232
18078556
19394523
16495493
16035413
17200172
19369045
20225911
16956071
20830623
15548439
15917361
17206572
17941772
18342821
17439753
18022039
16173909
20940270
17432564
20367725
16878413
16316685
17453071
17635953
16688665
18091280
21591375
20684197
18457065
18376524
17681268
15562345
17418125
19217497
17693295
18824135
20533578
19936554
15669662
19054472
17510001
16738986
21334805
22164907
21045814
20334015
19034727
15572094
18617920
15764361
17603271
15716799
18842455
17058060
18828973
20234993
15934353
17475738
18354843
17182445
18773593
16612826
17128675
16393479
19728502
16922032
16340403
19377017
17661258
17233147
18948434
21406478
16554429
19914484
19923302
17652952
21429528
17304080
16456208
21147679
19781827
21750594
19414837
19587371
19133288
18996771
17701334
16521364
16285120
21058808
17298133
19460680
18194526
17582874
18308220
16202728
18265910
16217587
15798410
17978612
15834361
15558872
18090138
19591660
19291280
17626256
19697662
18693194
16094550
16164503
20575730
17695581
17060034
16152877
18807299
16010186
18606935
16910375
18642609
21058958
19363882
18179667
21507529
20571105
15566217
16529186
21699428
16168544
20167838
19386583
21688609
18715407
15890300
17490787
19719892
16171122
18297971
18298989
16449087
21537070
19357516
17574437
21265350
20206284
16276568
21309962
19452421
17691479
19700297
19910397
15992192
15878842
20809194
16843239
16957523
20350886
19940558
16563626
19447306
21076264
20546470
21798736
17002010
16866822
19945634
20421061
15655922
16892694
20101551
16754829
20158138
20578086
19509598
20628830
16777612
20438384
21458038
16905030
15651652
17244671
20224459
19254200
20529495
21091020
16598520
18520258
16986577
20495104
16764199
19041254
19948605
19259706
17909433
18390944
21533934
21727100
20795597
15991107
16182528
19850502
16859868
16009057
15884410
17634501
15841887
21970271
20009280
16315815
19962716
17544680
18976191
16610497
20966866
16791670
18438277
17710043
20490675
15875456
19392639
19029313
20587935
20055985
16249588
17454796
16184721
15672425
20939875
18724571
20706178
18816373
20713425
21439175
16568813
16544655
18963542
16114151
16122361
18326458
19492659
21684479
16164897
16134095
15577704
15691442
18217874
19935520
17584428
15717898
15602187
17470720
18363491
20665353
18988072
19828870
22004653
18681338
18387803
17655537
18620101
20615612
19833668
15660147
17410008
16083088
18983065
15995499
21115986
21655407
15935099
16555754
19955045
17443877
21749554
17115284
20140793
17513278
17498168
16137269
20104963
19830951
17194987
17934828
17653077
18783126
19797752
17491538
19657622
15951523
19197698
21307687
17544140
15561154
17711973
16373032
16239979
16878532
19271589
17763706
21862193
19523859
19446095
19665617
15644760
16821701
20959727
15575117
15995043
18043783
18577733
19330348
21211599
20660533
16544671
20404625
17133897
18053231
18482627
17518194
17583078
17851297
16352966
21526684
15571882
18328961
18828169
21761957
20419988
21129700
21548477
17203541
17318768
19725798
20186982
17650782
16353288
16424962
20386241
20508686
16493308
18465174
18413181
21332106
21957798
19125233
21184362
16192176
16639199
19156389
19004139
21561512
18367365
15520701
19276220
17487289
19694337
20146947
17500502
16186637
17273114
17563331
19028821
19136396
18653515
20824361
19048355
19064226
18753881
15619488
19760582
20044331
21723152
18416279
17907496
19531080
16608466
19731127
22000872
17484704
19874304
17244246
19299758
21290908
19663622
18982989
17299180
15763710
19204222
19244570
21210354
16714993
17649750
19560760
21245766
19720766
17897650
21194872
19893369
17339306
21494694
19945817
18625616
16132893
18182785
19917944
17868762
17601835
18714713
18700870
19523594
19373148
19000348
19896733
17626550
17996057
17224699
19553705
21362182
20093280
15730173
20838165
20685907
18078550
16449886
20092528
20141467
21223401
17583592
16381349
17061471
21214076
20636585
20800143
17825729
18383938
19032132
16552224
18198360
19933533
20305444
17261965
17062420
17066967
17268940
17896695
20004798
16301565
17009342
20838329
19738215
15710728
20534167
20176463
18496659
19038523
20214245
17931539
15623251
19757018
17932653
17486478
15881716
21294061
18282812
20841749
16892766
20367115
20961374
18636228
19858355
18631302
21726687
19546118
17918074
17878768
20657023
15672431
17010555
18298560
17449324
16046892
17588762
17398233
16670509
16928578
15600037
19255106
20738855
16329225
15683271
15803333
16408459
19074929
19687374
16282012
17592106
18302015
16782921
18437059
18041457
20678886
21831325
15632388
19364999
16191142
19648384
19434024
19412691
18417441
21122018
21281024
20804887
16372470
17967975
15530766
20957393
19835601
17662156
21044131
20298307
21487345
21103767
15741428
19625831
15632346
18477717
21029491
16718297
18524550
21119153
17124626
19106282
15970886
19594975
16106331
19517617
18829658
15746480
21459865
20179464
18448134
21520676
20674334
16465982
19536010
17074947
16113061
15569900
20551695
18829016
18405397
19616800
17007708
18847122
16764362
18677781
18990207
15648520
17461371
20144193
19423963
16823653
15516732
17219527
17785015
16550099
17685993
18696409
21216890
19760913
15706006
17240917
18954641
16767634
21317630
21366669
20345062
17899453
20813336
20338599
15735262
21744564
19699382
17824869
17889736
17766525
16339613
16169727
17986880
18554384
21517836
19173756
18580717
17356959
21422383
20569711
15862929
20631585
15898686
21251780
19411585
16600012
17066965
19032659
20346111
20089493
19572058
19845734
19660636
20691476
19419344
18712239
15997996
17127306
21488327
19555541
20424256
21987954
20572093
21739734
16915297
21893726
18549436
16688659
17274171
20404628
20433666
19061685
17455875
21806560
17403838
19297446
18457803
17883235
20658300
19998833
17059720
17342850
16633300
19247696
17194909
20080469
20442347
17687084
18820520
17318662
18376493
15566586
19278806
16958943
19789455
15831609
18579144
16749658
20484916
17721966
20024733
16964556
18425603
15895142
16019214
18942628
20924007
21696240
17542391
21530703
19381427
17534866
18240924
17668293
18664961
19406488
18523492
21400395
17300919
15545242
21999065
19875227
15816320
21277126
16206547
19067315
21178387
20970363
19525361
17714536
18981814
21143347
17973806
21572298
19365164
19779052
16051459
16604908
21678268
16699800
17255058
18018820
20838161
19218017
17269610
19307523
21848722
18391108
20453183
16451340
18709684
18760558
21145577
20089625
18400685
16046569
21972461
16317333
20608328
16948379
18447759
18522667
16045517
16910034
21460351
20804488
17146067
20192064
21510865
18337533
20134038
16945615
18388715
21181004
19647663
19640521
16457055
16574526
19380123
19072013
20569538
20568317
19094198
19292020
15747939
16773862
20523350
19307895
19387270
16756518
19326334
19550234
20712459
19944367
17412049
20860610
16905933
16957904
21486337
18678071
20120519
18578442
16096447
20031823
19857982
15807910
16518951
17039325
19449269
18726939
18269549
19080933
17241192
20420999
18023129
21736236
19476786
20423574
19726398
17999294
19624479
17216143
16859869
15858686
20528667
17016942
16968589
15973840
21265595
20859114
16966043
19267730
17408159
21520796
18604337
18971403
17984645
15773236
19919290
19247559
18350940
20073551
21862812
16980791
18822708
20888949
21882621
21942149
20722810
16566103
20181318
17666979
15933633
18260857
16253466
17313517
20690339
17582316
18312641
19657497
18434103
21127107
17405773
19824156
16532151
19055076
16082798
16380577
16835514
18164466
19914955
19208816
16250527
16711175
17416702
20308351
21209295
20446632
17449215
17712690
18359192
17019542
16336151
20232270
21050708
21194660
15553057
17016990
19052669
20150606
16506704
17081930
18468354
17927764
15586550
19648386
17286192
16254388
21703808
15517301
15960009
16798563
21518096
16962408
15708162
17317363
16943212
17996108
19538646
21167362
20194608
15679507
16798255
15948295
21384072
18578358
18499528
20124612
17377328
19025503
18649816
19436687
16025652
21327509
17626116
20566229
17544541
19368582
19461175
16402155
16334076
17900907
15788949
21345380
21670090
18928190
16224500
19960081
19636534
21426615
21729111
17617501
18370896
18039993
18625906
20609661
17375545
19397163
19889557
15675174
21869666
16701114
19112812
16097503
17698684
21193088
19895444
19106278
17222413
17544614
21099392
20590507
17901183
19485866
21560957
18095889
19908947
17978322
18588646
20212413
17258128
17480138
17342853
16749640
18097138
20597336
19353313
21309472
21694729
18583447
15899224
18503535
20929651
15639679
17591566
19702979
21340369
15681217
19950034
19161172
21221958
20551743
16043553
18678689
21610053
21083804
22106759
18319186
16511576
18036015
16533418
17631315
18752459
15745173
17241251
19820537
19657251
15913074
20053226
17309128
21187738
16864168
17141719
18801274
18762528
18039550
15857487
18613355
17901831
19948370
19213516
16685163
17473537
18429739
19029919
18194180
18624704
21173438
20825895
16365613
21117327
16926738
20478554
20654839
20432216
18374116
19962580
18417970
21431387
15906748
15810755
15546817
21718506
16923100
17944005
19399008
21488749
16896861
18548794
20536626
19017773
19131019
19660617
18551968
17324182
19912095
16050619
16008136
17822460
18789191
17329946
16034319
17518143
15707263
17007309
16983267
19430677
15921988
20042885
15552501
15961913
17334124
17823734
15957869
16630971
17589214
17524286
16893307
21477376
17249632
22039681
19005339
18592213
15599695
18497664
15818638
18029393
15759219
20579126
20738741
19763699
21561513
19114605
16514330
19880528
20878041
16604800
20934364
18981349
18693963
19842075
15785225
17958972
21721895
19539813
20369445
20039530
18595587
17966296
18043980
15600048
18211483
18980458
17418963
21471886
19897801
20089432
17149038
16638946
17624156
19343871
19291184
21035994
15729796
18761366
19695514
17269541
19327616
21476861
16808715
17478649
20081692
18187408
19021486
19299202
19146205
17914895
20509500
20557397
18922582
20000030
20539163
21862044
16282334
19605604
20513345
19430410
21305481
17084301
20431457
19858792
19460607
20363840
16627313
20167450
15654901
18477494
21169868
21595360
16553690
17011154
18273564
19284635
16680222
18784967
16802080
17388763
16575714
19389671
20019505
16226862
16036549
18947094
18051917
15980726
16580492
16192533
16174201
18803547
16798179
20017073
19175633
19227592
18619084
20871498
19702489
20593569
15870117
20590889
17166270
21494167
20840358
16194644
16434755
19272541
21642331
17656402
19595319
19017601
21370796
19077804
21305312
15895547
19374965
21517704
18194397
17332119
19056617
19201332
17494482
15722845
15673579
18812589
17242783
17324466
21702353
20448224
16756215
21718625
16313207
21332838
15563663
16798177
16010213
18617599
21381268
21382217
16170422
19748369
19920744
15883349
18715972
16567983
18032318
21841286
16186080
19659690
21266281
15772507
19516910
21765330
19265074
21680669
20003350
18221465
18181357
19916360
17111944
17097988
17476142
18984378
20027097
17182975
17954380
17574692
17133136
15971934
20334748
19998905
19576661
17557215
19883965
16332602
18431289
19500942
20672461
17377921
19847723
19388372
19892509
17786743
17304074
21149871
17687192
21198233
16839313
16883670
16524868
21109125
17386358
19813081
16830008
17319981
16308175
21054176
20833825
19160881
19728767
17826312
18477393
15600065
21932708
15520160
20620810
20526984
17988599
17986680
21761614
19539533
20671209
19768331
17264032
16487899
20938273
19366017
17153660
19213966
18528821
17181683
21500178
17971308
20351159
16114761
19697042
15798137
16313373
21149556
16688101
21134055
19940999
19566998
19632969
19214705
21037474
20095082
17332044
16534045
17620404
19916355
21324249
16776611
18454825
18241751
19422112
15946901
16796079
18207694
16128646
20620623
15966782
20121577
19587251
21388982
17879549
16850684
19912619
18426469
18667654
15823888
17933083
18026943
19054272
20954509
18394515
21624511
15908825
18611318
20485722
17133195
18339641
17710561
18312751
16500868
16493981
21418092
15911198
18402236
16285199
15561160
21053693
17626134
19419352
17888107
17695557
18582145
17969090
15521853
20536632
20173270
19851253
18273581
16029982
20695830
18715396
16182675
16777830
15558396
18605253
18317257
17590320
16888600
15737858
21718524
21732723
21952329
21905295
17975393
17564864
16343500
16920220
19887655
17158015
17683580
20302210
16255336
20564060
20801918
15895765
15690867
18158520
18358116
15560292
20538256
20449664
21075324
18463881
21848019
21605269
17122715
15595510
19674429
16320432
15993978
19721026
18354823
17365370
20631531
17116114
22067735
18539880
15581151
19858343
16720517
18418528
20030696
19216242
17944154
20023466
17540139
20013757
17509048
20133291
18761770
16149703
16622161
20511104
19200287
19926978
18354103
17885771
16446240
21368550
20579332
16009289
18999280
17277665
15762907
16532047
20030432
16640952
16471214
18395928
16969616
18626847
15983707
15622910
16629972
15916837
18769105
17470072
15997354
17487290
17892990
18380632
17117333
19734128
20010411
19024665
18240001
19068049
17588841
19703382
17889000
20481417
17604304
20521007
18033634
21554034
18725832
16047961
18953206
15895917
20552538
17182504
15986722
18801272
17521053
19686553
17020643
17495549
15538269
16092629
17213376
20124777
17601181
15978874
16689117
17544129
19009889
21735950
21384609
17072507
19077835
20440869
18677689
19695776
20207927
15933918
16989993
16012933
16081435
18157487
18524652
17628961
20632259
21057800
20827259
17266405
18928132
16195567
17805455
17933370
19300070
15834342
17139665
16881590
20960702
19064862
17190931
20654824
18081166
16341117
16516127
20064224
20827132
21045640
15553800
17300391
20054079
20735496
18446699
18379664
18924272
15819835
16681199
20848116
16520500
20738432
18647988
18644323
15916260
20002419
20935272
18690123
18426460
15898822
15548103
18357420
19467430
17384356
15792753
18647254
21560896
18365169
19227014
19534181
18625761
17727406
19250451
17458356
19574107
18421658
19931150
16307627
16236700
15803044
16950811
16566316
16410101
16046887
17535121
19537389
19880940
19335491
19549716
17598626
18182885
21477981
18810663
15628651
20482884
20394518
20939021
16926687
18502534
17617333
19858336
20057158
20949591
15724947
19244631
19738146
20217293
16493271
21034238
15933560
20419747
19709430
15965550
20000304
19287269
16685156
21781212
16870278
16686267
18293731
18365197
17918500
16082616
16739390
20884894
17703571
19881464
18612381
21729322
19623319
16422039
20879642
16291300
16926728
16521256
16158150
17970459
18307701
20225409
18690788
18394540
19103690
18465407
19631005
16169069
20530646
21736099
15768647
17664443
15962843
21462458
21516003
16432350
20092137
19760984
15577647
21140754
18047593
20978428
15555785
17079584
20163761
20852538
16710762
15909783
19458596
21972309
17309550
19930080
18373030
16465660
18953221
15888836
15893053
21228706
19665939
15997613
19325482
17630451
21047036
15948048
21284498
20973734
16304881
19506274
16450237
15776901
16829831
19781838
18675635
17153131
18972235
17963972
20000266
19104193
20064132
21078007
19167554
19394105
19021302
20397547
16557153
16826870
19455025
17314586
16869520
18581613
19826330
15912412
16938136
19592810
16116771
19104246
16696879
17539281
19247738
19878479
20695949
18524160
20433117
17384313
16134677
18559870
21842628
17599583
15968801
21429885
17935242
16977554
16255739
20925540
21093679
19536965
20191724
16430757
21441795
19105563
17187535
21729155
19657252
21462060
21882751
16495324
20712108
21801399
15816961
15829472
17682443
22117496
15915735
20085908
16871099
19744031
16530604
18005428
17102321
19541057
18422207
18031843
19235253
20737232
21218574
19688367
17258047
19047665
17320008
20929589
16609818
20498101
21534439
18709839
21610455
20354924
18518885
16366181
17217133
20808108
20439333
18638031
17077756
20617860
17468685
18269550
15539975
16791759
20533965
16489379
16084178
18390504
19877340
16334509
21534878
15682725
18332573
22111268
16958233
20593676
16294765
19269959
17881194
16673222
16570730
18319132
19169903
15798501
16831787
16076893
15890048
16487529
17366226
16023432
18240837
19504558
19619376
18068279
20802274
21493350
16040178
17204509
15792918
17082827
18437486
18929340
16567319
15828155
20521904
21292755
17441372
19670219
19382434
17489960
17263632
20952823
18181890
19811169
20540612
15729014
16178340
16919759
20102130
20013110
18186033
20621400
21424942
21042194
17109104
18809647
21288218
21246171
17911330
16909963
21144472
21114205
16757089
21320942
17937508
19331311
18798531
17661810
15751625
15970921
16029977
19120855
18387880
18003870
17034601
20004038
16368096
19891374
17518381
20471438
15573331
19435180
21178553
20216168
15769792
17058812
17483680
21733109
21488764
17318594
15968193
19895690
16086983
20369442
18436289
16463599
16273817
19817268
18796049
21605371
18298559
16267184
20873431
17361691
15698390
16121874
17581708
17441796
18950369
18058690
17224350
17351843
21955907
20801275
17414917
18613991
20432991
20584701
17924286
18187010
16143750
21590566
19182168
17157557
18477878
20079761
17876966
19485874
18394764
17462808
19546733
20152215
17896638
20940073
16775650
15791785
19946947
17350557
19364890
16814217
16463928
19351551
17197058
16986146
21189717
16128641
17565433
18769996
18580222
17518881
17672899
19744062
21450207
15678026
18694981
17655514
21246414
16938355
21340716
19142781
18042596
20633038
18035846
19473211
17765496
16122885
18214069
19223810
20537837
16436327
16511585
19263162
17343091
18537481
19130383
17436479
18257492
17201722
17934965
18227889
17222961
18937139
15701539
18183643
19733460
16192828
18360805
19883327
15920711
19860078
19906285
17256713
15622814
17098110
18402349
16294612
15950116
19050210
15789389
21393616
19111105
19097736
20514880
20859614
20491209
18051488
19188132
17330297
19664202
21894840
20508427
19486503
18196694
17409214
16988287
21555674
16000092
17413776
17673769
17333040
17875027
18825852
18682013
16330787
20614401
18721082
20359809
16582971
16781374
15789943
16503005
19364996
15822460
19096357
20117687
16425948
17945422
16954053
15876882
20430552
20965461
20201115
15869554
19739312
17017644
18459477
16379129
17030492
17036450
17285832
15801049
15778131
19260369
17310340
19273410
16530149
19234003
17034396
17533913
19201166
20616734
19201059
17996763
16300027
19232691
15815960
21678217
16039957
19914086
17949448
16004094
19812102
18625826
19188879
17397690
18442964
17608872
15803325
19558053
20506669
16055616
15918469
16652063
20696954
19900323
17133895
18463838
17355102
18627641
21469582
19689862
16001612
19273874
15883242
18058117
20825533
17668831
21835292
18071813
18338335
17353842
16452557
19317164
21840545
16871094
19066984
16849746
19194304
21339085
21140321
20529188
16308630
20438604
19150220
15793023
15770114
20134316
16185370
17635299
19023840
20378184
19431006
21424311
18164459
21972388
16315251
18853885
17785653
19183948
16443154
21969476
20959587
18655855
19858431
19049481
20841979
16290972
18241871
17196716
17378836
15609748
16553671
