16733004
16719644
16714992
16783842
16767634
16837479
16832930
16827445
16825829
16821202
16809072
16808724
16808719
16808715
16808706
16808694
16806622
16796475
16689118
16689117
16893967
16893807
16889322
16878744
16877043
16876380
16876378
16876187
16873848
16872121
16871857
16869180
16869179
16867885
16867305
16867205
16859236
16858457
16857200
16846830
16676810
16951883
16945200
16945199
16937774
16933821
16923041
16920677
16915959
16911054
16905437
17056854
17050482
17042454
17034285
17032612
17004430
17002245
16998427
16997634
16989255
16988898
16986651
16984684
16981370
16977513
16965470
16964898
16620041
17142611
17138498
17136929
17136927
17136586
17136186
17136179
17136177
17136169
17131768
17131574
17130981
17125427
17111704
17091174
17089452
17087400
17087177
17085615
17082973
17081608
17081180
17080321
17078332
17075690
17068940
17063583
17063250
17062522
17060276
17059113
17242524
17236480
17224856
17213049
17205389
17201099
17200607
17198123
20208210
17187106
17183810
17182417
17175394
17168086
17163227
17162643
17161806
17161805
17153831
17149414
16050619
16048867
16048856
16047825
16021741
16005133
15999858
15988950
15979842
15971235
15966159
15961875
15921985
15914375
15899763
15895765
15895624
15891598
15884214
15853194
15853091
15844634
15837667
15829452
15757238
15717905
15703338
15692292
15682725
15679018
15678021
15677286
15675062
15651652
15630829
15630823
15630820
15628290
15628286
15626190
15605758
15590341
15582339
15575521
15575519
15575190
15572574
15559469
15557991
15553542
15553077
15552552
15551794
15532523
15524151
15521295
15515229
15513613
20158069
19413197
19385314
19278113
19278108
19043804
19042497
19042213
19014116
19011420
18998774
18987900
18958777
18928129
18856128
18853383
18828255
18827762
18827761
18818536
18816006
18814735
18811015
18810841
18809120
18802185
18797571
18783033
18777901
18767475
18759805
18757606
18728119
18724509
18700102
18698396
18686412
18678720
18678714
18678582
18664235
18645753
18638209
18632997
18630846
18630214
18624088
18616858
18613535
18608606
20666299
18566078
18435314
18400685
18395392
18349755
18349753
18335701
18319382
17497224
17496717
17493780
17491445
17487567
17486386
17476553
17472209
17464656
17464573
17458819
17458368
17457080
17455845
17455815
17455574
17454798
17454180
17449504
17442835
17435487
17418536
17415619
17408336
17405807
17393568
17391082
17387067
17377604
17375240
17375230
17370897
17370895
17367440
17365789
17365374
17365346
17364403
17364397
17361957
17357755
17357754
17355716
17350557
17347507
17335519
17333497
17327750
17324184
17324182
17324176
17318028
17317078
17312869
17311361
17309806
17305449
17295558
17288654
17285043
17269537
17268140
17265707
17255058
16649849
16630194
16594426
16594419
16574634
16573249
16562519
16546921
16543741
16541992
16533678
16503016
16483119
16464329
16460667
16455221
16451531
16430732
16425598
16419451
16418120
16415627
16410436
16408151
16404682
16390834
16380575
16379471
16371681
16368675
16361032
16354438
16338814
16335608
16332396
16323713
16292467
16287386
16275704
16260819
16259852
16251161
16250493
16243661
16238286
16221876
16217626
16214698
16214624
16207280
16203852
16201491
16193599
16186876
16174201
16173084
16162490
16152741
16138482
16106760
16093369
16033010
15962427
15957299
15861611
15825671
21837913
21793463
21786855
21653267
21648261
21639661
21639659
21609422
21197791
21180023
21121576
20821958
20718390
20636582
20399380
20368483
20363712
20336961
20100151
21488601
19946947
19898925
19703037
19684493
19655678
19647967
19644008
19589757
19589756
19568933
19565687
19548783
19547799
19531076
19528102
19508132
19490232
19490162
20690373
19459399
19452814
19445336
19427597
19397156
19396648
19384738
19382508
19374092
19370467
19353981
19351301
19327792
19323253
19308830
19294747
19278116
19267124
19253265
19226655
19208920
19204859
19200695
19150591
19147647
19143580
19139443
19127431
19124883
19123871
19119734
19115444
19112929
19089698
19084368
19064434
19062584
19060804
19057236
18088407
18085932
18082068
18073702
18073690
18072659
18050529
18043983
18042214
18039730
18039298
18033634
18031431
18029104
18026054
18026043
18026028
18005916
18000079
17998410
17988822
17988769
17985960
17985959
17985766
17985682
17984783
17983989
17975184
17971107
17969826
17969660
17966836
17966300
17966203
17880351
17957882
17955895
17948844
17937208
17932239
17931310
17917822
17914661
17912778
17906167
17900393
17900057
17898237
17896219
17891629
17877868
17876186
17855042
17853170
17852247
17851320
17847645
17824264
17822779
17803363
17764387
17761619
17727542
17725077
17716098
17703015
17702522
17700952
17700945
17697951
17696113
17681265
17680101
17671881
17666425
17657211
17656543
17642341
17630403
17628193
17627376
17627371
17617014
17614177
17613594
17613465
17608243
17601082
17595715
17580773
17578392
17570301
17565103
17559441
17556927
17542820
17535600
17533936
17530444
17523371
17521255
17521252
17516905
17515428
17505404
17502811
16471397
16438326
16430357
16332464
16279964
21725416
21696486
21696483
21682172
21665340
20979159
20954055
20939021
20930020
20923049
20921501
20875208
20873073
20870743
20852932
20828071
20827891
20824338
20801920
20718396
20695259
20669805
20658430
20658428
20646037
20638738
20636152
20630793
20615181
20608256
20603752
20597713
20597462
20592048
20592012
20591000
20590516
20590511
20586215
20562249
20560683
20557260
20555179
20528290
20526983
20496048
20491554
20491209
20467271
20457717
20441488
20438010
20429125
20420355
20420291
20420095
20419749
20419564
20415111
20410011
20409433
20408762
20405768
20397508
20355341
20332704
20306940
20236792
20225985
20211856
20203081
20202269
20187545
20185441
20183371
20183140
20182963
20173267
20170047
20164072
20123174
19157761
19150199
19142780
19137479
19124216
19117232
19117219
19116822
19115715
20351852
19115445
19095334
19089732
19084301
19072491
19068875
19055075
19054313
19052945
19049356
19040191
19039740
19038523
19038522
19036550
19034726
19032074
19026922
19024591
19023840
19014115
19008761
18940027
18928555
18926979
18834276
18826901
18816325
18815954
18810951
18806176
18725831
18771392
18768025
18728301
18728136
18720666
18703306
18700357
18657043
18630781
18627804
18612860
18608963
18604666
18579837
18577148
18572540
18569410
18568872
18561004
18557861
18546755
18545759
18533013
18520456
18506575
18505464
18502175
18492634
18488701
18485656
18484601
18483606
18476661
18472665
18463938
18461254
18450529
18446958
18446931
18442495
18426789
18421925
18421822
18421653
18418795
18416790
18413668
18289436
18402423
18371581
18398697
18388840
18385400
18385007
18379230
18375671
18370970
18361394
18349491
18347482
18336687
18326097
18318852
18308499
18306343
18304285
18302211
18300619
18299724
18295458
18293792
18293092
18289182
18284317
18283967
18278651
18277788
18275402
18275401
18254833
18195306
18251124
18243632
18242936
18240991
18217499
18215491
18207694
18194797
18194791
18194180
18187010
18183764
18183758
18182629
18095039
18180136
18179997
18173848
18173575
18172739
18171323
18165422
19736652
19288345
18159777
18095309
18094371
18093312
18092667
16700689
21851764
21601281
21574683
21560897
21551931
21534065
21534064
21510263
21510262
21504684
21504079
21457726
21410378
21404800
21400965
21371373
21365394
21337770
21332658
21317520
21304355
21304349
21304277
21299569
21277166
21244248
21243888
21243226
21235738
21220848
21218698
21218301
21199138
21181599
21161356
21144121
21139386
21131335
21122014
21094532
21094440
21086880
21080297
21080294
21080293
21078683
21062591
21061873
21053785
20623554
20620088
20605062
20590512
20584809
20578910
20576715
20555261
20555258
20509347
20506122
20494500
20487483
20482747
20476629
20466754
20457326
20455122
20447161
20446110
20443986
20436336
20430564
20425644
20412357
20410009
20399060
20392315
20383587
20364531
20361284
20360145
20359416
20334759
20221342
20218030
20217004
20200398
20189752
21618840
20183556
20178873
20175006
20169369
20163762
20163761
20139148
20131443
20108789
20100152
20078242
20074097
20063908
20060256
20060255
20049686
20047354
20044415
20043214
21462857
21404770
20030702
20029760
20028540
20025725
20024702
20022006
20013760
20013757
20007640
20003533
20001195
19999685
19995466
19968393
19958542
19958421
19955450
19950542
19946814
19945813
19943571
19940086
19939334
19938435
19938259
19933246
19928709
19916633
19912463
19909637
19899669
19892094
19891300
19886087
19879093
19826329
19851232
19845201
19845190
19844844
19832891
19827326
19827215
19823898
19817886
19813511
19812096
19807006
19804629
19799734
19798837
19795721
19793413
19791665
19788094
19783116
19750362
19772026
19757328
19756479
19752647
19748861
19748203
19739312
19736720
19734395
19733460
19725423
19722298
19719383
19719369
19709844
19709798
19669071
19655677
19649421
19628353
19626739
19625940
19619376
19593422
19538798
19538795
19538552
19534219
19533907
19524859
19523033
19491355
20854514
20854510
19465607
19450207
19424811
19422634
19399636
19382989
19368507
19325023
19292748
19288969
19288966
19280438
19267730
19259706
19256729
19253116
19250151
19246431
19233586
19229836
19207235
19207066
19196603
19192009
19168317
22145549
22111268
22031997
21942149
21916145
21910390
21910386
21890851
21887934
21870681
21870385
21848154
21841286
21838150
21805945
21789019
21778176
21776834
21776828
21755786
21727885
21692592
21664737
21639660
21639658
21639657
21629016
21625662
21604862
21572245
21569613
21554061
21539277
21531989
21530381
21486888
21441308
21439059
21413536
21391861
21376443
21375643
21371378
21320230
21314073
21299570
21248551
21214341
21214301
21208704
21208551
21190484
21190128
21170576
21152725
21146116
21141405
21139455
21135081
21135080
21128150
21115435
21113847
21106084
21099699
21074961
21071504
21054441
21044259
21038931
21036284
21029278
20973985
20966782
20958179
20947284
20881151
20921035
20884161
20879641
20845197
20863255
20854588
20837208
20825537
20815996
20808193
20729250
20727059
20720510
20677444
20677086
20673743
20667778
20662272
20590513
20534068
20525395
20511113
20500854
20136822
19832982
19812092
19575789
19534811
19125876
19092597
19019809
18957381
18837989
18687120
18648890
18510875
18325645
17689366
17622476
17418464
17394596
17375815
17313510
17261346
16840923
16796505
16687381
16687379
16649075
16641079
16636216
16629574
16620317
16602230
16598835
16573879
16568813
16549070
16537580
16507725
16501401
16499474
16459944
16459891
16450659
16450556
16439351
16430731
16409216
16406471
16402673
16360307
16342464
16332470
16324058
16324056
16304759
16298088
16291300
16266422
16253789
16253113
16248881
16200514
16200512
16191134
16180953
16180555
16167645
16162484
16134404
16131282
16130500
16126316
16115713
16083468
16081334
16048533
16026727
16026725
16024285
16013459
15997012
15995152
15992228
15970421
15961208
15950834
15938156
15904886
15899314
15885510
15865495
15863790
15835417
15803042
15784065
15733657
15717908
15717904
15715123
15679019
15630818
15603610
15586302
15531988
15531985
15530756
15528290
18678718
19263564
16027349
18445762
18987086
21311695
16184292
21910368
17658008
15540238
15947335
20063516
17666298
18307597
20207990
16917911
15558973
20121338
16489958
16155311
19288372
15823890
20536590
16740464
17283846
18468922
21527153
17726711
19896733
17467351
17019447
21394017
16356205
17538268
19152154
18377464
16225029
19266123
21571237
18380609
19620142
18953199
15528285
20437005
19147130
19845734
16022139
16810045
19265365
19697671
15865623
21545985
20309740
21135620
16450936
21332774
18464488
16338509
15853785
20413053
17618032
20023471
16096881
17557934
15566207
17925111
15793322
17194412
20159423
19223800
15611462
20736156
18023958
20610983
20847024
15805455
15586831
18816202
18964105
21807274
16134659
16529592
15847683
17299466
21444841
19416049
16172344
15619508
16461447
18434156
19911481
17310746
18583447
16570749
16698475
20519188
17034625
16529289
18030958
18036125
20012158
16336620
20238152
15998511
15768915
16124136
19889918
16790946
21125031
15675061
21221659
16925546
17547282
15573242
17701393
18569959
19817598
19762367
21727791
17883630
16003459
21129179
21088660
16378790
17079612
19309488
19172574
20875486
19634603
15740487
17112987
19502223
18728143
18808053
15674163
18085339
18329827
16835672
16455226
20134038
17001116
16464348
20575323
15815966
16351436
20195008
21739869
18555159
18800278
19756511
19638371
19337714
21673199
15814395
16447854
20678890
17227356
19694327
19345609
17376560
21421648
16134471
15850429
20812497
17146022
20626236
20650440
16247355
16775914
17005464
18188719
19910195
20149956
15633832
19323716
20841513
18478484
19751375
15535336
17613462
15842442
21943076
16384803
16823638
16544858
19617282
19342715
17457117
16476635
18601834
16299573
21225535
15647238
16929873
17014725
22013829
15889304
17500503
17000480
17001260
21806622
18544043
18612092
20531108
15617215
16924560
21213185
19584122
20477855
17760300
16642691
17998364
19673057
20333918
16548320
21315289
18067659
16217973
21284562
19434217
18460067
20092452
18065294
20335913
21770881
19458596
18307596
20810405
17252076
18588646
17523753
15718575
20112144
16162637
21558112
16469474
16234741
20549916
19482279
17430312
16524997
16825667
18600113
21218700
16649402
17162310
20472461
21722223
17289460
20834034
19902646
21714478
19672696
19041835
15779513
17411550
17002083
20230418
17896155
20551743
17717442
17284981
15763910
20830989
19233353
20102813
21807832
20689933
21644886
18357420
20061256
17853588
16473123
17634501
18561846
15562219
21600368
21073561
16690691
20214847
16415757
20553349
20878855
17201103
17490918
19323715
16262902
20858692
20384183
17259922
17387062
21797726
18978694
19712844
18701103
21893712
17539560
16913374
20971595
17286217
19700973
19175188
15567739
20449664
19183330
17899044
18082842
15953669
15764350
17697014
17375226
19904854
18561849
19667774
17926454
16841813
19556910
20586891
19661195
18003422
17879557
18297410
17940783
17239070
20673970
20003446
20174973
19615535
19828365
19353313
15566600
20132370
17918304
15566606
20494965
17396681
18762992
20881817
16116351
18179365
20177042
18830718
21196567
16849913
21716110
17433113
19194142
17520850
17703825
19720938
17685913
20185059
16144787
17600598
17560066
20677522
20131582
20589602
20092616
20585420
17337347
16212215
21333914
17165327
18080622
17653903
17187032
18778557
20738185
18972091
20162794
20670699
20815908
19667776
17929740
17011190
17111239
19069137
17157824
19287253
19207053
16948999
18156960
17461752
17530677
19753508
16594461
16507152
16948381
17668162
16102697
15577290
16115175
16321918
17341326
22066294
16257563
20536758
21800656
20007493
16215395
19995095
21486129
19172352
18086988
17069957
18508392
20108146
16417695
16287789
17695560
18359879
17937946
18005918
16291438
18226157
21540689
16642748
16489962
20173631
20884894
16355834
20349850
17007695
16509435
15821676
18157568
21561507
18648986
18283996
15805812
16276390
19947782
17635307
17138524
20737231
19583782
19835228
20932658
18038531
18335899
18438201
15624405
18160245
16729886
17203294
19294371
17873564
21307118
18595309
16949271
18501055
15685965
21196728
16773425
17629994
16613801
20568976
19157280
20383077
16239938
19252202
18053268
19374478
21991860
20180498
15935732
21300097
20142390
21165654
17445107
17039988
18362998
19154905
19683090
16209695
20511685
17038300
18998806
16581631
17283922
20712549
16636361
17625078
17239726
16983965
18328277
18380313
17007330
17054572
18788957
17088223
18705120
20636510
16435925
17601154
20550662
21635795
17324308
16262095
21586258
18501434
21223462
19165757
21629144
15660707
15750380
21060016
18564969
19591624
18649644
17497309
19112075
17149165
16371122
20536757
16427245
16216793
16537303
19744955
16551667
17667002
19251549
20932436
19306604
21424329
18704750
19969444
16489390
18325112
21478705
18199862
21284498
18503650
17521248
20106468
20661053
15782838
15743441
17160097
17063631
16865349
19591021
18788339
20602585
18287900
17506878
21337988
18179667
18797726
19901672
17042837
20129262
19969173
17582028
19318665
17683303
20528667
20552779
20540393
21605267
17662689
20545979
15606832
16273781
17994404
16148809
20150849
18326285
17452026
15666676
21459866
15536023
20446189
15792287
17911330
20408274
16424723
15640682
16487898
17149086
17086639
20579232
19767023
16585091
18512659
18048876
20964817
16761659
16608474
16638256
20458195
20397808
21188927
21874660
18581021
17828852
18269421
15754631
21144400
19530210
17025000
17626023
16953850
18652666
16614882
21269458
19819773
16900280
19689634
20420154
20370862
17308470
17929153
17351224
17261112
17712692
16775650
17168043
20377347
20200583
15622636
20369142
18822554
18953221
20825516
20890220
15632891
19591346
18073645
16774668
21606108
18066957
16889318
16499465
20000254
16808742
21036534
18840905
15630834
15868336
21744523
18229768
18450615
20956769
16155776
18275400
19214705
20566991
16199400
17446829
15856333
18549138
17158492
17805954
16093947
18431302
19761024
17679265
15852076
22203544
17003253
15571883
15632346
20506090
21494167
16875797
17475363
18830841
17276800
17356354
19609094
19073783
15960698
20015124
17146119
18519131
19718056
19807959
16449246
21944158
20377497
18640407
17946759
19475826
16918743
17118304
16425949
21037958
15854116
20709647
16430334
18540506
20932464
16492489
20632546
19863228
21357642
16508486
17678940
16130256
16543743
19747254
20827237
20394519
18281644
17627837
19327210
19782530
16204264
16788387
19041211
20024733
21419684
18683674
21186282
15662174
17513549
18507328
19228413
18503535
18535255
17192816
16441392
19032122
16040178
15959428
19250791
20799570
17193942
18254676
16706710
16731139
18808300
17689916
20437330
21184987
19954137
18377550
20130828
21125069
19339133
16443994
20580362
21651657
20963670
16535909
17705873
15744696
20446045
21319425
22078678
20578470
21089143
19789438
19366932
21576606
16147819
18769691
20389216
21282690
20646708
21120408
20107763
19405301
21683625
17280672
16605094
15511424
21121845
20838269
17145737
16253054
17263926
19689239
17336866
21084890
17609227
16021997
20669785
17720351
20455147
21368542
19689699
21424389
18522603
16908743
20181318
19469361
21411849
19545658
17043950
16759963
17328824
20806671
21568720
17425749
18677873
16112527
17034679
18923330
15744200
18372379
17515311
17324096
18704267
21418471
17518819
16299191
18670259
18561824
17558823
16678003
16504909
17629242
16817671
17854729
19104475
18098304
19444814
18453793
18464443
18584460
21503462
17030295
19813369
19230110
20027876
16822995
20485725
20608328
17004698
20864402
17249277
19136419
20964157
20638005
17651561
16794104
17524406
16449699
17343148
17335518
21247924
17604173
15792501
18204846
21434826
20100052
18040889
21218571
20627185
17099197
21710873
20549184
21510151
18709797
21684479
21169795
19715029
16480240
19920743
17244287
17895683
19625831
16769462
16500071
18292422
19012060
17169827
18275399
18081166
19472119
20615678
18644746
19341069
17493274
20622762
19643409
19722422
16092779
17440423
21949183
15890308
19378450
17640382
18817973
20043481
21904104
16213236
16616616
17324636
18256038
18972089
19753420
16143738
15616425
16173895
20359145
15901418
15644652
16837520
19415965
18252078
19388505
16116773
19445266
17441929
15934264
19216236
17509694
18657673
16966996
15981065
21099676
19812242
16491996
15859179
18174092
18048816
21036522
17264032
21991750
16447024
20825895
17939880
19541101
21718982
18298996
18271137
17487707
16437270
15744328
19238819
17556325
17219489
19643612
17389726
18043275
21469038
16278532
15915059
17580014
20525523
21241162
19916822
18844560
20220287
20650007
18308276
16846779
18777145
20219077
19390053
15803044
16629972
17274424
17096652
19789196
17643760
17446023
17939927
21419259
20016421
15540619
19009802
18507893
21830642
19033167
18467479
21153461
19880940
21319696
19225847
17194314
19092350
21517787
19250092
17591413
18942616
17378934
15932455
16328904
16711175
18474884
16689110
16286324
20334753
20348199
20851681
21570888
20202506
16153565
21323080
16525169
18041073
19807883
19281098
19195491
18839550
20369722
15762982
19357936
19708839
19348102
18552410
18992167
17261444
16632217
17191676
20387332
18368376
17445099
16441523
17575757
21449130
15559043
15757885
16360559
19281671
21414009
21721874
20002984
16850684
17236508
20092154
18938264
18557284
18561924
17171573
16649653
17233258
15544662
19183236
20026721
21526689
16151565
16609897
20192064
21684415
16363311
21534905
15998996
19021476
16511581
19580194
19930021
19062470
19750819
18272320
17392931
17061152
15895550
16231615
18575174
21301962
19909453
17188599
20825667
19752418
17018460
20010420
15552807
16647360
18304886
18349435
20718597
21302524
21689425
18021045
16584454
19560304
20803577
17485755
17465252
19705315
20144218
19387294
16336481
20647783
20088177
21615347
18937231
21807682
16728302
19800037
17097202
15765631
15669662
18426418
15521135
21392965
21070702
17760913
19681779
21480157
16988303
18316826
18057190
19173940
17060263
20000261
17849918
20117674
18376736
17438472
21340716
17087813
15669927
18663465
21315215
19294937
16301958
15823892
17906058
19257798
20128543
15973941
18342766
21061308
21825946
19004659
21478588
21882986
19404580
16809674
16479208
17132380
20825433
18300660
20081732
19592188
15805811
17057634
17883742
15672431
16479681
21214498
16641654
16706705
15534158
15628650
16565628
17907734
20040607
17950504
16835522
20920079
15677807
16093224
16738986
19091089
17192219
18340076
20402172
18237065
16531858
18497006
16039957
19435113
21303764
19160878
17368290
18695085
21783011
18691301
16643265
17727584
20655165
20499790
20576734
19436690
16082604
21794116
17892143
19817529
17144921
17685911
19166567
19756451
17019542
18207643
20795611
19752053
19660166
20221338
16023888
21683491
15920374
21135693
20077797
20923482
17897152
19788756
18482118
17379992
18335903
21741720
20574144
21252889
17647218
20335899
17069104
16491937
18536825
20491193
17427985
18856125
18664907
18788984
17319451
17079618
19874096
16954525
15976099
20306935
19363329
16297782
16082914
15832666
21486352
19773029
17455607
16582046
21475055
17521459
20510840
21288511
20925707
21413588
18619086
17548894
17536419
17465286
15833479
20447800
16967856
16254653
20331382
21586220
16083530
19411662
20530342
19212248
17536221
18074416
19401093
17584422
15721509
16316434
20696953
17950879
18007003
22030634
19577419
19366461
19098944
19780018
20691139
18501748
19216238
20163296
19968876
20039157
20440564
20664048
21127509
15655433
21384565
18757586
17803420
16105850
19112277
19243519
19695010
19339431
15693417
17678514
17219488
19056014
17555656
20633749
18362259
20337847
16981076
17097447
17624212
17298612
19321066
19785570
17353752
21823567
16971125
21308645
20580525
19879473
19261144
15687899
15631404
19066360
19249104
18229771
21488579
20656288
18175106
20670319
16870387
19137483
16430332
18978693
17365786
19167554
19193242
20351387
16562385
21783044
15682977
16876816
18177364
17310748
20953218
19386880
17007309
20921483
18675030
20391148
21715009
19944558
20447006
21561512
16044978
15520107
16180556
18236904
15918453
21292210
16981478
19960922
17128395
17481983
16897569
16492635
21890770
21440523
18804722
19632969
16757489
17674222
19840278
21084575
18261155
19578818
18633570
16515692
16968433
16762800
18578883
17883674
19947817
15710728
21696286
19229067
21223414
21423003
17412187
17363884
17116556
17440377
18465381
17059417
19666961
16435233
15962401
17592982
18597695
18707566
15811491
21679547
16398604
20633899
20560967
16923479
15686818
21614939
16876004
17394683
20438015
18021332
18633875
16566100
20091475
20077803
16202125
21174891
19831158
17250948
15851384
17563967
19521131
21483008
21126191
21099675
15983155
18981966
15768587
19706077
18580384
16927166
16047961
20718252
17598292
20338377
17668610
18063547
21819365
15548103
19694550
19841548
20210527
19184390
16965422
16321716
16798145
20399716
20597748
20870972
16738981
16802312
21435417
20351023
20570443
17440782
18038831
19926646
20649439
17577296
18003870
21475090
15583712
16959930
17444429
16623603
18229773
15793986
17987756
17880314
17001357
18630063
17547265
18355699
16082308
19175286
17719509
20942883
17052824
19811553
19335479
20586354
15796417
17175545
16951297
17244999
21243605
16296671
16808774
17409671
15574726
19287107
18265436
17725116
16023942
20137027
17674531
18222126
21316908
21105897
19659705
19592370
17233146
17711143
21305481
19618578
17039753
17854730
19087473
21605514
19103342
20402170
19041626
20584341
17605056
19058073
16648094
16873595
15835217
17664515
20434252
16218244
18979697
17823959
19744192
16355710
21204979
18326127
15550363
20354068
15611808
16171122
17324293
20459834
18936325
17444399
19929221
17387058
20195785
22118332
18454779
18714713
17694233
19036675
20238129
19289932
16216029
19104321
19390111
19300066
17909221
20372996
16430355
17473397
20182970
19176194
19939301
20411410
18295540
19417044
20724882
17824869
16802682
21473786
17254903
15918469
21456486
19707139
15534456
17426497
21425070
21160340
21510132
16039735
19700779
19448044
19669831
17115284
20307361
16703745
20025178
16620251
19923526
21376519
21949275
22030513
21469291
18517102
16219048
19104764
17050229
21280285
19828537
16430605
18649709
19018908
18317802
16032428
17290065
19054458
19278185
19504762
21325098
18320994
18494406
21134055
21470734
19172980
19633883
17713866
18214209
16040412
20706178
18650645
19179322
19419326
17433614
20934213
20447149
18240704
17094367
19753930
20535942
18997524
17448416
20026475
16371863
16602514
17483999
21561573
21112685
15757050
18325150
21587011
15648520
17088110
16124420
15866395
18164473
21739732
21411079
20149724
20659978
18661390
20976815
19594975
16879798
17473538
17855822
21272380
18359112
16521359
16326663
16865827
15801999
17539206
17988429
16376472
15677608
18797209
18847430
17409919
17348282
19485858
15736997
20393174
16500868
18487873
17495549
15706278
20052837
15645768
16084187
15892429
15791769
19958471
20202778
17129206
16186466
16639190
16651897
21599737
19243524
15899224
17114921
19328345
16603778
21160294
19895371
19833331
16789984
21139465
20976486
21078470
17560065
20581652
19899278
17619324
18437182
18984506
20173588
16734271
16322114
18078556
19259269
16409571
15720533
16478412
15528587
19788778
21576064
20823348
17487704
16223109
20471628
17695979
21717817
20418580
17000472
15830271
19090387
16567319
20354924
17604967
20427003
21110882
18480649
15717902
20004396
18807434
15625429
16188716
19001660
16285636
17548400
16916193
20949753
17701338
15516535
18078190
15635492
21142678
15683266
16849746
20437937
18551888
21406996
16875298
16874910
16545033
18022046
18251445
18653816
18315681
18643803
21087224
20696753
16916420
15520086
17290085
19725192
17518880
19558937
21150420
17504525
21209304
15566559
17241853
16530486
21155699
18044415
15945581
19117310
17868410
19454205
17473537
17892241
18802162
20199766
19123879
16522452
16430759
16215359
21105621
18849478
19882317
18340975
18019971
19326807
18075446
19381427
19005091
16350594
16262841
21670456
16636706
18089870
17470220
18971645
20942881
21317661
19642429
16930268
20469777
18452367
20979599
15528288
21187738
18453849
15596703
15747939
18837203
16312256
20698187
15565596
16482752
15702522
17522788
19752084
15540835
20117673
18288500
15732620
16502761
19293717
18996771
21303457
16932138
19337187
20305461
20585083
19736656
20409525
15851794
16331229
18537800
20377396
16473065
16822715
19039679
19304807
19029919
17353493
18828168
16035246
17176366
19343866
17591508
17128362
21768431
17519048
19690816
20420728
16394818
18409832
21804485
19995296
17036883
18227889
15942343
17109081
17063096
18598386
17844857
16913309
20543383
20685907
20889847
19442971
17603000
17253082
17913778
21879661
17918303
15941483
15867700
20081722
15597247
20525109
19996464
20379914
17579305
20881158
18577132
18641591
19443086
18320392
17943595
19907370
18503797
15876883
16258930
21598810
15619402
21277071
18164456
17015873
16553704
18019114
18588372
16945884
18350859
17421119
17443362
16333641
20728705
19726018
17324193
21320204
16830256
16517029
20031864
16128659
19273874
20303030
20094936
17385361
20709279
19186225
20513459
17193946
19417119
19077804
20937185
20375236
18417233
17970505
16567238
19075085
17060897
21228097
17267389
18703922
21651363
16234631
16629846
20437869
15747911
16446270
20804887
19591106
19403574
21034884
18594235
16989129
16420546
18543525
20384527
20443427
16116371
20049369
17494949
19473377
20356790
21739885
21068191
19484484
16645903
17912536
19005191
20564063
19467998
19579398
17729170
20049503
18767470
20563398
18812888
16302543
16884034
17273563
21362785
19941730
18337533
16175758
16509834
17763110
17042466
16809789
19912121
19390422
17720673
17695938
20849304
20487496
17037703
16721159
15654187
17767436
16706322
17060178
16185370
20402540
16173302
16045414
19266354
17908745
17239232
17243516
20196310
16933450
16398589
20582500
18395928
16968437
16624189
20845194
17971552
17051886
17886525
20926407
18018812
21623216
19689494
19084892
17971391
16213645
17316150
20645461
18644668
17024614
15682721
19326547
19623798
19479670
16506233
20096378
21532046
20456797
16831787
15911916
16246470
18456983
20552832
16307629
19520019
17601343
20302064
21235731
18727748
17288704
18705090
15612403
19240439
19351551
19647132
17364783
19022037
15919572
21298947
15660548
21793374
19447306
21481971
19671642
15613144
18429579
18519312
17696047
17959576
18439609
17573752
16322679
19002308
16954093
17512471
16970555
21570030
19546128
16684206
19875006
21813026
16404829
17294683
21305235
15599695
16547944
17091445
20846910
20805434
16717484
19461220
16226861
19662923
20233982
21404158
17127115
15918435
18990377
15860240
17220387
16136001
18809125
19112328
15916836
19577033
21291018
19715087
19412094
19048698
18070223
15616915
19363928
19832893
15887749
17462084
17712842
18194352
20122774
20921888
16106689
20391676
16131044
19062110
18626699
16001821
19425287
17594294
17916308
21626269
15586183
21426286
18086999
21510871
19387912
18215329
15852657
19647968
18959614
18630213
19521293
20071719
18719507
16767870
15588360
17301210
20494330
20400045
16633255
21718855
19708422
19945755
21536492
15520762
20306101
16721695
18373049
17329299
17929734
18985624
18922342
21074749
18690788
15730610
16636733
18953469
19614555
21784328
20202779
16316685
18042020
17161757
19828906
20485134
15801246
20137091
15902344
17169234
16166865
16806501
18302653
18715970
16124694
18708306
21108014
17391600
19218301
19467756
15935421
18580868
20397529
21615198
16400282
19307390
21143303
16759631
19363568
16002021
19740170
16326779
15624749
19022072
16084800
21807684
17482300
18038299
20034134
18375683
16856090
15988947
20438034
16313379
21143362
17903141
20554219
18050982
19954315
19647663
15896603
20480264
17897148
19538556
17007158
21306019
20446622
18826611
17177744
16926738
19273777
15662490
18689575
20194838
18595942
19401105
18336692
16840362
19464089
17553021
17175591
18289238
17347846
19930289
16792517
18086763
19389137
19021620
18845413
21394569
17342854
19476786
19222740
21444178
19589767
16685143
19346274
17524603
21246967
18095044
18633680
21793115
19950039
21322884
19650517
22029121
16023432
21729112
17078236
19448484
17717750
19243526
20606593
17083559
18811986
16673639
16115114
18997554
16764560
18287185
21122271
16430356
18972809
19287499
17592980
17942058
16485621
16826949
20137030
19874643
18708248
18248693
19085896
17019450
17573304
16737983
19717690
16930901
18622192
17639388
16614331
15749967
17985948
16609279
18673569
19120379
19902898
20638866
20708255
17905052
16049710
21406671
16814217
20049682
17925734
18520428
18842916
18351477
17526293
17489898
18206144
17644700
18160115
19046552
19679690
17851298
16892667
19624063
17038840
19716063
16523034
21343433
21560480
20123326
19797281
17077716
16430386
19120746
18682013
20423363
20584087
19381055
21636616
18069494
21444251
19418284
20306109
17937971
17039985
20597336
17297331
19387286
15952968
17329946
19820287
19536016
19732243
19263821
18981834
20056904
19888959
20509306
18356715
20593596
20536632
17344270
18055901
15935238
20426301
21341931
21268521
17937371
19379538
19777727
15913074
18194578
16217567
19403495
15789291
16649833
20409115
19953763
18226272
17074942
19388901
18808282
17687209
17955685
16737503
19346031
17472829
16801655
15832874
19576329
20204938
16528139
19539413
15869019
18486458
15603513
17635625
19535939
21205946
18191768
19207049
18072402
19125894
16922983
15700897
19091932
18667875
16260357
16870386
16765506
17143970
19094876
20001883
15631929
21448539
15724835
15983083
15823888
16288876
18164791
18043837
21854234
15800094
21727290
17980668
17851820
16499792
17514858
19382112
16278137
16163418
19552133
20213068
15701193
18608064
16630317
19289002
20123767
21362582
18076919
18227884
17575666
21791093
19650684
17479054
21199141
19745635
18982781
20871495
19204212
17633982
19926978
21674913
18823177
16370481
19353407
15797159
16259897
19626808
21168943
19320696
17114836
19515683
16832224
19883474
16007641
16485366
20394030
17245200
19281289
17161046
19221763
16312204
21051920
16544655
16715901
17464789
17060292
19996023
21501731
21535275
18801874
18023154
19250026
18502375
17711808
18090265
15908561
19893842
17627408
21462658
18312752
18630251
20146549
19709393
19757865
20334767
19744291
21502444
19093407
17950116
21155465
19528137
17873210
19016363
19959048
22030646
16422430
18955440
16394454
20868470
17017751
17268040
15992201
16614455
16529223
18794474
19217600
18654837
19342845
15849528
20942756
20019120
18984379
17984641
20046118
18394766
19926644
19175637
19854086
17427666
19744715
15773236
20719233
18640406
16902078
17654513
16305601
15906748
20575199
16027505
19186604
18515809
19366499
18032162
17327722
19368285
18075945
21033406
19423875
21121844
19773562
17696675
17446738
21446301
19256295
16883975
19843620
19772582
16086507
17352699
20381155
18680919
15921098
18988072
17874230
16489708
21186954
15752322
17681611
17562661
19536010
16824222
20432883
19462719
19671647
16788355
20586993
21816931
17939528
17692249
17655685
20576829
18205251
17700296
16968511
19104294
17515261
18612739
17180653
16565619
17682222
20058098
18332355
19085226
18181438
16501132
19895441
17702141
17523990
20446248
17444851
18839050
20657153
17549829
17878134
18561011
20435967
15669434
15536789
18376498
16449676
17950115
20298600
21551221
16825229
18291720
20795833
16901699
19129289
19549725
20119693
16893334
18322130
19146083
17233147
16215523
20298379
19373185
19591366
17618118
16199935
19692159
17388763
20129215
15834342
20072088
21831277
16026187
17635257
19551433
18061006
20371054
17903244
21641503
19455607
20667944
16809119
18710620
16225322
18035375
16282000
17957420
15864767
20151163
21049795
21087474
17056770
20637343
17353916
15683271
17888108
21478378
18826068
17537307
15559598
21737032
18624019
20868386
19634496
19375786
16407601
18584260
16620241
20409102
20158126
18505556
17401771
18692395
19301486
17699357
15695134
16452704
19131749
16980636
15844186
17701118
16547067
21520796
20643629
15686809
21095426
18075922
19642436
17560953
17852926
18693587
15960406
16102767
20206787
18977679
18072381
18821003
19240464
19111270
16036728
17656407
20874513
19072191
19638603
20596900
18766107
15615569
21436595
15644689
19202531
20617786
17573296
19595570
17903047
19842959
15672291
21413594
15662184
16565030
21926560
19152681
17162373
21397129
18241967
16324953
20871511
18712258
17020643
15904528
20504261
15548934
16005784
21600377
16116767
19687374
21233663
18347365
20168014
15774344
17385732
16404800
18431894
16405386
17432306
19020144
18582300
16456203
19196640
21307687
18634745
18828170
17942584
21564392
16022608
17634055
16572406
19845963
17703571
20348198
15899512
19329101
17418194
20232049
19154492
19038738
21626479
21742461
21174852
16475408
17572924
15603695
16764219
20712554
16334509
21074647
17531914
17233692
19827205
16226481
17727551
17517445
21893736
19553067
21160300
15530172
15588534
19054983
17851332
20920077
17169084
20644198
16512977
20230942
18269305
20711941
16740840
19769205
15759772
19052704
17441372
19475458
16879384
18000700
19133146
19652231
16872790
18449834
20150771
21175928
20146803
19788774
18279291
18048503
17970860
19959387
19707050
21610645
21634261
19938250
17020485
18423644
16905990
18449833
20529780
19865016
16171237
16175812
18444395
16604799
15618093
21443835
16553193
16676754
21667573
21844508
15891691
16277929
15893217
19214681
17212065
17289540
17542172
19740141
20401505
21598893
18396610
17283622
18702787
16134630
16456206
19475812
17413301
15715696
21801562
16875276
16843778
19444413
20480597
16342920
18468879
20077782
16624217
18043783
15822366
17098160
17066972
20562603
18467311
21149395
18820517
18942535
19062603
21375203
21375892
21663416
19940999
16920527
17714536
21532758
17091438
18995155
17826652
17219943
21269670
19673622
20163766
16381100
17277665
17387788
19136677
15902037
20171037
19690256
21324024
19446302
20000030
19105913
19279478
19564327
21661581
17932653
20419952
18075455
15629979
20738028
17727387
15828567
17308556
15675780
16619472
16324070
18553040
19678853
21534266
17669054
15913471
16844417
16521593
19248411
16292070
17348334
19200287
21131265
16873146
17469703
20192712
19438412
15552222
19112812
17365375
17365897
21119153
16786362
19916076
16940917
16909729
17160236
15887616
16236656
18924017
16857051
19655471
20195927
16543513
17516884
16317563
15677529
16411877
18036013
20305532
16294765
17904243
21462765
18197590
16925074
21198280
19441635
21748928
17419962
20229845
15793024
19767501
16449393
20956284
17953245
16624451
19737125
16609818
17955777
16416386
16259627
21167771
17535945
18336708
19117271
21933275
19398374
19719367
19537147
18377576
20157933
18521649
16045653
18767472
21473975
17575749
20206424
17419778
19765126
21395110
19353347
20594365
18580533
19643560
18521045
20520264
20624751
18728298
17420402
17294123
17099573
17520351
19766889
15698531
18602185
17671782
17593384
18045480
18710162
16944994
20525464
19786677
17594409
18265910
17883735
16682919
21131165
17210069
19374965
16523100
18799237
17443093
21045576
19026477
17845887
18804232
19514130
17004397
17415228
16484895
16466085
18578219
18603377
19816624
21485420
15857521
15650146
17539557
16736703
20842014
20881156
16215421
19583168
19718743
15703894
19827214
21704797
17692368
16963194
19632912
15687312
16581637
17256018
17202516
20191750
18999223
18959570
18638330
19538801
21883873
16342648
17458539
16505428
20802350
18429700
20934571
20230176
19433953
19512935
15621478
17427248
20564632
19441600
18780888
16353573
21635182
19258838
21617788
18220679
19112090
19756766
19142085
21209295
16520265
20369445
15965213
19899198
18175415
20464071
17877872
18540857
17351407
20929412
16451424
20533578
18486879
19329944
21772000
18171322
16514258
19901905
21618688
19001919
19609666
17939006
19022482
18078550
19793947
15692135
20570321
19264195
17900477
21299077
20924186
16807571
19550262
21154090
15992183
17694612
16522545
16007454
18484381
19500701
15791765
18052893
19912389
16926561
17197793
16194757
15612233
16335475
16686824
17387060
19186228
18772654
15894234
18091298
17914542
20581734
20158137
16005341
16690352
18787902
20182988
17574191
16890882
16815115
19765116
19106727
15542506
21824960
20559399
17624038
17435426
16995610
19075103
15566584
16814678
16135724
17494245
20351861
15744445
21624907
20029430
18232065
19766259
20177943
16620197
18788122
17505864
19822274
17386311
21332773
18201796
21456108
18510576
16793492
17962497
21605269
17619594
17268039
19648386
16398072
15875101
16996320
15957821
17893382
20873397
18563863
16466831
17449215
18460201
17954872
21729111
22032021
20443417
16711291
20303156
19383011
19183098
17923470
19654100
17419794
18592944
17260531
16628094
20121775
16386739
21359255
17149460
18072989
19842785
18278617
20124774
19395177
21397102
20143327
18394529
20864829
20378728
18507850
21727300
16764198
15915735
20509248
15678693
18590250
17065540
18208731
17963879
16167717
17069573
20855823
19777204
21702398
21333060
17400141
19952652
17720453
21504548
17171563
16549942
17339093
20559179
16873047
20081685
19917545
21599531
19205735
16035725
16568232
20187964
20235422
16192286
17478471
17522789
19426295
16461869
15539531
17685161
19098659
20509500
18990325
15864364
21057228
19801323
16922252
17494508
21085068
17958128
18830860
15947537
15819162
19896254
16505500
16887022
21443066
15982979
16514777
19201260
16961111
21126195
19351218
17845383
16965313
18563013
16764400
21601708
18435814
15590225
15776123
21275312
16153564
16027635
16720750
19591020
21688486
20215958
21311271
22046739
19675401
19592436
17678828
17407657
16602663
15923985
18638367
16169392
15978874
16641083
16893361
18474978
16306281
19482120
21862079
16603985
18059456
16353320
19038750
18648892
19204514
17065888
18157487
17242047
15868346
21853564
21524661
20434950
21680916
19916075
18847506
18484379
16005415
18275590
16763271
18436909
21341221
16173957
20179106
15743047
19252113
20431785
19775850
17447591
21140758
19529915
19292020
15948295
17903223
18757381
20717172
19947324
19327064
15826479
17400513
19000601
19567898
19720766
15656427
19588512
20498144
19388374
17684121
19270201
17372788
17291204
17299869
18786059
21820539
16534554
20017115
20367724
19563323
16142573
20690370
15977530
18808693
19103405
20122474
16911267
20003040
17130383
18446181
19901745
20940175
17526329
20123762
15989830
19597688
15608940
16793044
17472511
19135592
19460091
17218552
18480112
21784764
19386366
16335610
22010498
16921859
16529594
17405775
21675014
16330721
16162468
15841671
16403763
17194883
21537324
17636459
19247013
20042814
16683481
19366441
21743091
19247874
17479528
15786978
16168544
20179254
19745325
19515476
20422304
16197495
18312785
16585436
19131469
19685037
21534403
16117721
21548505
18642619
17300913
17174511
17043948
17597413
15658734
20443308
16638122
17593456
22010598
20487528
20570462
21941812
20383755
21462469
17269542
21534823
21226684
20495103
21493174
17913771
18394515
20842954
19338185
15640639
20029008
17128655
21079908
20531264
19850481
16003402
18724884
19688635
17310339
16512032
18294351
16607870
15540498
18725845
20572617
19371417
19911538
20032930
16419448
15792747
21449227
20522453
15976799
15630975
20875301
19255100
16150131
16973415
19818547
16426798
20447799
19592843
19968691
20059792
19888953
16598862
16955579
17544140
19907012
15583486
20445451
19447845
17960679
17898814
18097144
20848058
20349851
17928462
20009280
17683718
19753889
19066119
16463928
21074180
17373528
21767378
19245645
21706451
21140738
17228210
21708522
17918029
21957800
20529149
21301699
21475355
17092453
17704125
16549574
21336136
17594828
16099138
21495197
19007710
20088153
19474448
21145197
19140366
19668146
18294511
17935855
19241788
15984364
16401024
15883235
16138487
17052558
19025699
19670219
21644295
16623043
17723957
18942568
15603703
18260804
15570771
16579145
17462207
20019513
19623510
18833625
15609214
19345893
17120919
21481519
19153394
21591431
21073122
16246994
17629999
19025084
19890683
19826998
20337796
20735496
19076460
17968640
16510743
18360885
17182970
16051110
19702490
19009935
18390019
16468598
21029127
21600367
18608102
19934858
16304497
15926033
21638217
17135851
15853241
16266649
16644323
20479545
18434103
17109578
20684399
18043339
17639230
15552805
20193832
19768806
20615918
20519373
16076600
19772247
17351195
17380366
20005178
21519705
19028827
17496351
16711076
16567242
19248376
17683100
20438384
19476229
19042888
16220650
18192128
19910090
20079645
20131185
21093297
21733103
18668178
15993260
18371967
19455875
21591404
19752082
20629934
16642247
17851379
18941437
18448714
20970840
15967550
17545386
21911555
17655567
20472608
19864445
17156466
19207051
15891522
15784208
15591917
18350769
16836283
19797499
18301109
20587888
17038965
18697966
16085927
17006993
18323049
20298307
18751608
19884301
16271652
17523577
16523802
15748072
18630018
16521003
20660633
21683213
18022492
19748202
20455111
17443877
16518951
19227631
19077648
17443403
17140014
15548098
19606731
19596930
17357358
19073656
19023571
15789680
17957586
16684724
20502178
20385565
19276318
18372975
16255327
17375753
19350838
19948302
17356933
17901174
21078007
15613848
20955185
16323254
19641419
15957293
19833668
19227013
21488558
16236952
20109772
17999300
21478085
17320336
18414337
17999294
17925109
18678689
15627022
21265918
17620401
19750566
17446195
16723921
20703145
18418109
15644644
19197680
19710660
18565717
18829830
20626833
18825835
21996469
18258807
17249281
18414128
16252468
18332812
18656618
17922369
15737508
16003060
18031485
19278889
20552923
17566500
19131019
20059676
17802730
18096038
15726240
19709016
21642334
16121653
17505371
18083268
21416901
21047036
15570333
21150531
17958697
16750799
21790094
19350322
15575566
15913408
19738146
16437510
17394615
21339383
17894252
17034677
16202076
19162364
18062571
16518949
15911054
20943606
15646720
20878830
17626523
16927575
18536545
15946281
15624695
19852419
16570555
18364061
18950333
17252970
21744630
18184116
15583501
19307895
17936430
20546817
17445641
19819869
20505459
19536019
20081097
16456477
16551208
16313207
17313909
19155195
15557911
17896725
20117687
21469369
19886592
16463599
21612503
15910825
19694861
15610381
18609800
21268517
16809064
16877905
19684530
19386325
18181295
17175590
20686322
21679453
16830838
15788034
16161382
19325403
15614543
20220643
21462428
19802379
15764960
21152823
18048259
19652427
20557383
16009887
16521364
21611924
17352695
16156331
18340506
20101059
19192601
21646308
20429487
16803754
18725037
21154091
19753504
16184946
18155398
18069400
19376278
20067668
19647969
16800324
15926638
16620820
20443318
16669206
17210497
21074115
15991107
20553402
16315810
17490764
17141638
22046847
16319257
15962843
20482461
18758854
19272153
20364781
17366437
18029393
19564003
16423771
21070104
15994143
19222604
18799469
19324241
16735667
15934559
17345974
17315515
19552186
21858789
18064982
20826598
16483064
15975955
18709840
18244998
19936554
18346001
16170482
16764150
19080875
20377057
21437754
15601463
17368297
18578798
20174908
19052511
18990895
16622817
17785685
15968228
19562237
19171334
19194167
20610465
20626379
17291832
21045098
18369306
16648730
21749006
20856193
18424290
19202248
16596859
16395947
21343845
18757347
18520673
15841064
16829724
19346160
20369755
15690865
19533287
20104404
18495410
17406173
18981549
18559164
15990913
18647787
16258342
21226411
19673717
17925586
15658136
20228332
19806711
17883596
19212225
19963385
21715993
21040255
20297746
15808027
21194262
21111389
16678340
15658131
17963528
15951704
16240860
18570745
19508138
15727112
20601641
20411859
20476511
18668476
16802680
16860195
20561147
15862984
17305959
18980927
19708928
21409666
17211732
16613047
16934140
17122713
18457803
21068548
15647735
19254872
20853103
18538214
19341996
19214278
17705218
19919172
19625557
18724958
18625892
20965610
17657658
19326551
21419253
16555754
20422965
16763332
18489198
17982871
19552823
17018197
21256063
17544677
18937591
20105700
20192931
19489944
16092744
18474760
18493093
15691247
16181798
16490155
18997357
20044232
19202391
19430819
19774357
20227674
20936570
17915147
16521895
16686075
19704293
19278117
17849432
17000583
16730476
21637155
16551153
15934386
16871848
15720482
21596757
15987407
19807236
16131443
21137699
19669923
19892293
21037270
18090698
17988824
15584496
19017605
19259924
19366411
16903589
18338341
17692494
17016480
15997045
19239078
17906310
20654827
18342653
16504893
19060792
19883996
16532244
21879648
18053680
18270275
16628173
17179235
16182095
17389413
17100864
16185923
17035406
15960691
15861915
19167629
20544446
19753803
16530113
16498199
17363210
19934696
21155123
17090996
18569854
19233107
18021136
20424500
20552855
20576446
15567874
19559223
18578185
21282796
15773964
17410999
18809647
19660901
20121717
16273716
19517763
17477224
15720709
19161016
17594546
18561737
16834581
19966749
18945220
19480115
17152332
15974371
16782923
18084368
21651372
16263613
19879462
21737331
17360084
19385424
15720932
18843062
19103895
15567905
15660491
19852699
15650863
18621778
18378464
17685912
20841550
17187696
17375685
18183802
16198838
20225938
15810764
20148365
20884163
20736665
16394787
21409670
21122731
20219433
17986880
20141467
15543405
15923949
15612220
20029006
15761344
18032986
18361950
19160179
15720497
18715972
19220917
18621942
21279253
21475342
18853887
21199129
18164114
20374986
19351302
16619769
18710678
20173475
19785885
20544300
15778631
17239730
19844758
20211644
20529039
17968638
19026308
18600107
18097893
15553057
19923945
20486445
20860573
17851317
20727563
19715093
17693680
15895548
20359951
19092474
19251167
17976128
21050340
19520451
21365160
17257977
19737266
21520697
16800117
16307954
21944792
16627397
15597284
17958909
19939303
21334930
16796423
16352514
20019614
16543791
20025454
17379353
19670653
21699428
16627842
16275213
15644701
19926976
19435399
17339988
20192817
19879782
15717962
21734133
18094893
20101942
19592857
20667779
20057158
17343534
21130440
21273220
16464264
19017664
18186494
18051996
16182126
17578716
17609331
16552224
17162544
20208067
16825849
18536588
19244475
21788585
20201147
19402022
20719008
18309941
20731579
20443645
20512482
18294035
21701921
16795902
18057191
16971286
18796016
17273081
20334576
15853233
15817353
17961888
21436706
21735952
17876209
21446292
20636159
18841185
18237621
15612239
15764871
17087418
17039996
17918074
19809431
16964773
18423061
18226132
20931101
16815053
19805801
19281443
20462746
18032685
19619372
20681392
17470290
17091358
19013884
16387907
20597731
18997566
20155792
19266114
17090723
17235260
16956337
15724556
15824937
16311134
15896412
15671770
15818355
20875258
19502224
18923213
16280793
20740710
18519600
16336588
17306547
19134488
16864132
21357911
19597806
16139162
17206552
20051863
21232829
17007324
21486128
18553252
17582019
17026412
21524002
15937267
19005339
21418560
17073187
20845676
18373030
17700306
19029142
17946369
21164408
16763282
16284983
18415920
15877556
16990091
17828142
15580093
16281669
20708975
20868887
16859869
16258117
21469036
20885301
17470072
19603379
16502760
17901270
18315998
20852523
19910155
17266765
21336671
16172441
19791531
21641519
19367231
21298950
21292720
20230620
17450708
19703639
21262793
18662214
19833007
18321837
20150603
21513049
19102436
18166697
21138883
17133307
16383057
18574366
16923433
15527232
21540603
18229781
15614493
16983267
18373383
19770134
19112872
15536794
15870586
20421853
19883453
20798620
19299400
21365235
21488808
17851299
17133892
18497214
16881995
20308019
16844795
16729519
16487895
16799016
20654869
16092293
15932068
17727131
20003038
17482301
18478819
16733114
16816586
16487423
20103081
15581299
18689530
15979076
17455515
18308988
16827197
21211031
19807964
17261689
20056018
17489954
15644672
16830245
18206737
15883469
21625660
18021523
17158277
19378523
21457901
21368513
16118105
17852233
17551698
20443412
19300080
16689714
19365396
16270409
17902455
19918731
16374176
17852904
16451360
20438420
20660825
18533033
17267724
15654612
20662283
17254924
15643921
18853532
17059971
17419398
17891669
15970778
17560755
17359606
16926949
18290408
17766796
18461232
20144029
16446268
17430453
16902372
18518868
20858371
16043257
17901010
20884778
15747040
16225507
21548477
17157128
15741428
16176471
15750525
15910010
19454528
17720691
19138378
21919293
19659843
16534404
16061930
16118102
20552281
17680156
15696631
18448727
21346037
21721495
17273028
16255329
19033181
20081100
20049547
18801188
15859376
19486788
19642744
16078524
16393097
18221541
22030928
16546056
16139153
19266368
21480087
18719499
15555490
20665353
16698507
15635918
19077838
15511325
17059086
15781174
20934952
19927863
19168948
20364532
16922047
17655538
19433998
20949870
21977773
21826968
15891488
19133953
17406014
20350934
20078423
20181431
16053435
21067114
20795835
19941582
18849510
19064979
20420549
20965691
19307523
17960683
17911509
17608648
17470706
19210155
16436296
16449755
18517175
21677092
21426353
16167446
21206288
18328279
19058076
19093681
16181155
16986584
16143750
15911932
20445131
18198966
21338747
16652063
20946396
18644323
20093994
18058117
17381458
15675566
17289465
15714097
16918782
16675772
17187548
22039681
16501268
16109515
18365567
15998615
15789938
20346033
17012130
18946244
21684463
16150016
17938785
16585806
18158492
21642907
20234207
16673977
21521624
17944607
21459183
19491151
16319707
16477862
16642249
20110929
17684110
21442644
21805888
21910307
19582520
16447784
15684910
15529709
17667497
19694517
19845200
19635343
21126675
19430677
18768411
15834705
18655709
17013870
19382488
17885718
19111480
17320008
19773732
20340047
18941036
19968144
19237476
16995478
19244697
17405777
20415078
19060806
15856169
20377771
16636958
16297568
16381260
20595529
20927739
17597523
16374221
18504691
16076893
18226761
20657269
15727544
16343237
19703048
17925677
20690492
18056562
19027448
17536994
19694621
17208121
18784564
15668597
20070013
18312729
18831671
15785067
19160887
21241983
21991872
16308983
16610497
19797957
17108599
17433615
16145719
15754925
15574713
21888007
16950996
19917174
17666301
19361307
17593642
17007257
19420152
21239954
18251959
18587257
15813807
17574187
16358114
20403305
16595201
18083464
16456204
15837666
18251447
20428697
20546463
19104968
17396530
19017600
20578587
17243271
19432915
18194358
15817908
18000128
15890289
17844824
18618195
16484871
17941519
18769315
20571733
21702353
18316450
16669565
21503439
21926511
21473814
21825919
18188749
15932438
18350774
17388819
18585508
20214442
19177973
18551334
19029005
19793434
21516595
19384206
15836555
18702081
16509175
21521429
21383301
16110129
16948990
17667289
18757351
19379454
20303029
19936604
21636927
20189152
18759983
20795960
18205683
17685730
20044588
21045100
20131583
18339641
16881942
19350079
17850291
16322192
19855272
17411467
17591002
17577028
16094549
18488775
19136356
21152711
19075333
16321198
15948047
19189061
17662809
17077795
20561840
16596488
19241917
18724537
17594251
15542415
20883612
16544083
19179790
15678929
16476842
20123879
17331094
21127093
20852567
18320453
19330972
17437071
15911960
16629920
19857153
19176406
17604557
21132601
16944378
18472537
16821050
21671526
15746496
16633300
20712207
17590320
18569887
15772510
20862893
17346025
16892774
19840086
19482459
19348818
19018920
17535359
20178188
16750079
20539173
15754924
18216617
18055687
19950037
20541064
17404896
15915023
19660328
17456463
15564279
19477972
19270481
15937037
18491690
17073190
15966212
17363850
17283304
20505424
17075010
20801921
16616695
18477494
16272971
20969741
21936431
17654380
16579332
16395067
21154093
17718730
17512862
20558978
17540530
20931472
16388532
20831004
21831325
16390892
20810938
16405711
19544089
20674362
16449742
17663416
17583402
17428295
16817974
16352966
17418656
16689075
20000220
19318458
20860575
19399312
18059464
17196902
21232067
18310641
20626947
20532593
20581166
21958923
19181880
17325834
21253839
20456771
18665683
16086618
19235252
19588158
20974334
18364016
18515436
16703832
20088016
19888021
16564218
19919195
17477481
16550074
18022039
18273530
20155605
16008133
20682964
21362757
17966241
21404447
15971339
18495050
17581793
18186994
19538566
21309388
17578394
21743269
18515602
21042930
16508481
19127907
21115629
16788351
17437616
18070256
17542794
17851374
16381348
20967480
17716085
17051891
17578061
20392641
17401252
19735562
17981374
17411787
18037444
18206309
18828169
17419883
20138379
18949956
16098152
16410430
19880843
17617015
20610578
18403403
15566027
16808705
16440978
18316929
21057303
20598984
15871827
17622882
15736899
20006196
20201665
21933274
17925515
18360246
15902758
17352993
17112138
16174145
18047252
19031406
20538961
18660902
20572429
19106278
16911175
20094124
17936549
17235250
21477493
16962406
19632550
20168188
15887319
17219522
21266285
20857671
19856149
17197293
16169727
21503428
20499485
18609739
19366408
21977821
19362841
22049807
16148318
17214422
16910802
20543390
21877578
18037283
21090894
19170299
16497309
15920711
16802263
16919748
16687196
20507557
21130202
17056768
19259073
19401360
17490787
16875079
18266575
21332322
17256392
16262436
18429450
19908926
15851622
20712800
16536768
19552293
17546355
15546945
19253701
18354757
17524962
17096603
16441817
19675529
17718731
17433966
19584763
17102321
16627128
19860072
18214777
21176228
16623666
16736827
18158526
16449865
19028135
17557933
16601510
16913335
19032015
19472678
15566217
20156411
21941040
17004173
19861029
21368551
16650031
17122430
18182305
20574205
20002419
19523594
17438933
17511801
20220657
17478309
20442253
19268092
15799505
17321854
21504314
18032748
16584466
19914739
19089505
17970856
19058503
17604262
16433263
19475364
20552857
21268419
18180471
17403832
19966703
17983334
21507076
21547859
19118431
21293882
16487425
20861590
19486790
21091892
17455101
19558936
15607249
19543092
20954167
21070639
15660147
16891277
20673256
18519933
20557005
15638445
15760813
17612473
19754633
17473542
18560296
16276175
20502170
16061905
18164467
19187882
21272307
17908544
18847639
21303935
17714620
17906596
16618235
18180903
20836633
19535929
17474289
17926660
18269433
18454821
17077409
19294603
16114810
18649080
17546919
18489687
18030102
18757992
17614071
19581237
16037723
16619925
17882863
17828675
17162992
19902608
15855863
16789336
20335895
20375351
17665271
17120922
21636870
19666851
18489892
19382433
21554063
17890979
19378218
21146658
20521572
18803742
17437656
16395637
18422265
20191724
20183344
17390749
15960461
20554500
21178537
19373176
16711307
17300493
20218162
17342971
20186648
19343870
21500147
18590881
18179258
19703382
20659270
15931047
21500003
21507529
16710088
17400084
17992767
17475127
17880415
17552954
20930255
17340711
18309475
18695694
18574277
16082238
18560062
15983707
17917439
18715850
19197178
20214483
18172020
19712545
19278320
18588670
16038528
20704678
20738826
19238355
21480495
18375674
20939875
16594245
21977784
20671744
16469276
19050194
19114604
16678952
18417731
19931708
16041160
20442352
15574111
16336025
19180006
15712680
17081744
20151088
18577170
19524441
20681401
17544880
19372123
18324935
18027524
18005126
15951453
16223107
17535130
20706191
16884944
18219695
18380266
17907276
18459594
19205473
15992186
20421226
15962493
18543349
16270106
15778070
19149063
20876045
19222655
18403204
19648599
20520118
16690762
16506870
18276676
15664224
20403641
20970051
20013110
15595226
17885965
19716090
20306010
19256208
19237924
18584908
17636790
18006884
17407213
20158551
19179871
19422280
17347512
17573860
19591682
20735444
18774179
20521904
16210023
18807041
19202038
15662176
15693685
18605253
16781441
17444316
20351555
16292095
21952067
16826058
21651362
21061899
20619919
20469959
16739812
18684582
17356093
18297971
17455875
21869769
18363491
16025260
16456752
18445863
21324249
20394460
21877570
21714372
17316458
18316932
19116974
17420193
18003493
18664927
19960081
16610112
18076814
19462352
19434024
21138894
17697676
15994709
17260712
16206547
21531963
18304896
19752038
16228169
21708000
17452431
18436289
17823567
21068644
16508472
17554092
17873665
19407054
17294020
21062549
18998972
17126078
15904880
16344646
17805455
17468688
18762647
18044985
18461235
16534045
16302440
20180156
18646408
18394106
21329857
19195189
20808147
17327910
19920097
21902121
15552501
19703042
21038530
15846523
20586892
16034031
19587582
18375258
17180555
21162170
20031887
15601273
19278806
16771956
17257963
17724680
17356989
18198365
19626254
21641505
19592810
19866538
15888901
20108049
17034640
20461689
16714982
15517169
20649457
16391318
20199959
16389010
19128863
16374246
18050531
18791747
21169868
20368657
19899562
21155103
21287798
19091091
21534439
16231164
16827399
18086965
16230302
19261138
19210153
21634217
21211483
15849734
17217474
19127235
21478696
17641078
15959746
19723738
20466229
15960018
16001751
21205724
16227770
15544663
20116308
20940584
19094147
16520566
21450679
18598904
20536490
17497483
20216073
20471782
20364647
16789669
15903222
20070067
17060268
18509583
16689122
21211482
15859962
18197941
21332775
16676338
18559870
18588403
18258936
21265595
17432335
18261697
19023522
18062753
19664848
19449613
16415659
19907389
16555756
21166869
19715493
20159350
20141024
19896325
19940010
20979605
17325298
19899401
17137166
16355045
16699339
20674651
17216945
16449995
15528583
15832609
18163263
16923678
18307654
22045942
20966866
17327759
21548351
21575155
17907667
19120081
16255359
18695814
19917849
17711812
15764640
19119575
20360220
20068024
18786014
17915628
16330821
19694872
16419213
17591344
21173510
17883790
16545263
19771588
16960256
19962629
17157094
17375769
16078984
21781080
17177076
16913342
19775467
19306147
17402951
17523034
20818881
19021484
18343866
21862044
15896942
16949077
18711418
16374198
20980129
21271385
17372550
15713182
15921808
20647236
17847735
15980081
20483635
18289424
16228632
15772919
17983360
17626069
17396717
16650118
21060101
17206572
20602701
15852726
20056005
16493304
16842042
17704102
16572746
20846281
21426376
20644497
18069441
19932220
18186035
17101620
17136936
21123230
21228092
17310658
17182474
17355405
21145470
20838165
19009778
17922326
17611783
15765815
16123720
15565357
21966769
19094931
16174232
21543407
16634727
16081235
18322026
21099065
18763650
18063268
19224878
17307621
20645668
20077796
19461392
19092478
19414477
21176305
18417021
16327509
18776987
15720496
16892657
21534498
17718732
21750125
18251424
15609749
19116550
19782915
19542423
17689650
16400271
15984459
15688920
15789678
18826466
19060795
16214476
18271836
15543896
19588669
20358731
15626528
19437396
19406507
19633593
19388866
17006392
18428192
15804642
19653152
19130783
17291199
19911729
17928964
20031171
19024067
16859866
21447221
16871657
21326002
18630360
19146550
17366255
16928578
20095083
17286738
15602187
18272607
21121802
15947381
19395700
17667018
21099063
20953977
20164666
19957420
15945574
19943593
15835624
21853633
16997055
20800800
18341751
16613410
15880171
15630059
16124075
18798531
15571610
18220602
16255737
18439722
16823650
17883286
19084786
19929185
17693906
15911159
16868869
16824987
21351125
20698730
18517064
18488774
15620077
18216465
16144555
21272820
15659032
18023611
20391667
18808733
17577148
15719426
21500605
16308682
17542721
19024424
19754686
15540618
17032465
16566337
21544791
17533927
20838335
15571902
19583175
19711140
16150458
19235253
17255612
17584421
16784043
16141458
17483919
21668384
16955864
21982519
15810565
19663713
15515312
18416361
17243022
21642906
18482120
18990973
15895269
18212174
19437854
20198835
19320404
18715969
20510945
15842683
15612231
20453187
19694842
21132553
19551673
17627836
21294425
17656632
18441627
17370790
21500510
16463012
15797854
15546554
20189342
19712845
19228797
19864994
15605132
19042817
21545984
21085918
20211089
15896696
17996788
21311275
17991602
18569897
20512534
19357425
17868507
18682352
21813409
18924272
16350524
19306021
19124857
16861720
16302860
17994499
17709688
21335930
17429061
18649347
20477768
19234646
16499171
17461706
17535315
20332290
16522346
18845477
21391772
15833411
19706198
19820278
