16712851
16711291
16710431
16708793
16719605
16719186
16719180
16719039
16717518
16717514
16700350
16755521
16754772
16753074
16735204
16732005
16732004
16730602
16728289
16721695
16720000
16719429
16784063
16784062
16782678
16782338
16781890
16777510
16776770
16773863
16773549
16770751
16770137
16767014
16766686
16766684
16764559
16762063
16761659
16759755
16759631
16757388
16756529
16756523
16756519
16756518
16700500
16837694
16837693
16837403
16836283
16836282
16835562
16835561
16835560
16835514
16834461
16831632
16829197
16827611
16826470
16819564
16817493
16816766
16813512
16809654
16809119
16809064
16808770
16808752
16808751
16808736
16802685
16802682
16802677
16801655
16801360
16800327
16800324
16799842
16799183
16798655
16792717
16792517
16789675
16895138
16895034
16889781
16888513
16887392
16884888
16884120
16882179
16881246
16879943
16879549
16879539
16879383
16879380
16879183
16877043
16876802
16875298
16874785
16873146
16873049
16872790
16872789
16872786
16870815
16870387
16869335
16868869
16868266
16866238
16864133
16864132
16861012
16859866
16859236
16856896
16854420
16848967
16847789
16843633
16843066
16842059
16840761
16680909
16675776
16675775
16959466
16958714
16956743
16955453
16953998
16949942
16948381
16948379
16944220
16942587
16940346
16939847
16939708
16938788
16938787
16938786
16937774
16936614
16933821
16931415
16929715
16927953
16927579
16926995
16926739
16926726
16925539
16925344
16923678
16922988
16922987
16922986
16922985
16922983
16922982
16922980
16921859
16919128
16918787
16916857
16915111
16913603
16913432
16913305
16912338
16911752
16911172
16911054
16911052
16910113
16909072
16904615
16901701
16901253
16900070
16898103
16898099
16897570
16897569
16894924
16864131
17056771
17056770
17053855
17052089
17048753
17044437
17044346
17040358
17036883
17036421
17035915
17034285
17032489
17027221
17021282
17020243
17020240
17020238
17019898
17019543
17019346
17015191
17014725
17013067
17011154
17010827
17010557
17010012
17007650
17007158
17007155
17004425
17003253
17002010
16999743
16996767
16995560
16989348
16987574
16986752
16986357
16983270
16980794
16977926
16977272
16974168
16974137
16973102
16968433
16968426
16968373
16967155
16965891
16965889
16965886
16965885
16965470
16965468
16965467
17145490
17145489
17145456
17144398
17141572
17137425
17135994
17135851
17135840
17133897
17133189
17133142
17133141
17132391
17132384
17132383
17132380
17132376
17125956
17122659
17120276
17118616
17115458
17114129
17112135
17111941
17105634
17102643
17101624
17101620
17100721
17099415
17099117
17099116
17098160
17098159
17098156
17098155
17097648
17097202
17095424
17092777
17092775
17092274
17091657
17088063
17087673
17087665
17086781
17084059
17083753
17083561
17083319
17082973
17081720
17077796
17077795
17077787
17077756
17077718
17076693
17074946
17071371
17064320
17062520
17061778
17060182
17060178
17060177
17058757
17058756
17058755
17058754
17058753
16617720
16578955
17250963
17250466
17244008
17239232
17239077
17239076
17239072
17239061
17238998
17238948
17238947
17238946
17238944
17238432
17234418
17233665
17228210
17225627
17224699
17223479
17223004
17220387
17220384
17220380
17219878
17215415
17214862
17213738
17212575
17210396
17202551
17202516
17199198
17197795
17197788
17197058
19283974
17194351
17193794
17188453
17185036
17183937
17181679
17179446
17176304
17175591
17175398
17175033
17171723
17170595
17169962
17165478
17162639
17161934
17158015
17150325
17149526
16551327
16092779
16082295
16078524
16076895
16076894
16060584
16060580
16059538
16045109
16043982
16043551
16043009
16030507
16024212
16021802
16020414
16020073
16020008
16011496
16011227
16008138
16001821
15999894
15999859
15988949
15988448
15985647
15984399
15984179
15982466
15976046
15970856
15965996
15965791
15961348
15960999
15960692
15960059
15955293
15949176
15947903
15944499
15943655
15935671
15921985
15921983
15915826
15911198
15911195
15908274
15903277
15902951
15900979
15898701
15893688
15891598
15887765
15884249
15877684
15877641
15875590
15861918
15861917
15861916
15861756
15861752
15832691
15819648
15810757
15804337
15792061
15789185
15785330
15778132
15778131
15765815
15763120
15757374
15754924
15749967
15748069
15739637
15739636
15739632
15736824
15724825
15721972
15720314
15718191
15717675
15704622
15693577
15690832
15690831
15686079
15686076
15685408
15685261
15684906
15684853
15683053
15682879
15675780
15673655
15667401
15667389
15663314
15656857
15656851
15653252
15653251
15653250
15650523
15632812
15630870
15625922
15625220
15617396
15605746
15604644
15603695
15595989
15589704
15589081
15588267
15587531
15587457
15583501
15581305
15577709
15573006
15570333
15567217
15561662
15561456
15552460
15545244
15544580
15540669
15530755
15530751
15529716
15527042
15526568
15518120
15517741
15515442
19774913
15513798
20124014
19475830
19475826
19272577
19008976
18999223
18982839
18982233
18977628
18974690
18959285
18959280
18958777
18947095
18947094
18947093
18947091
18853903
18853885
18853349
18845478
18843139
18842460
18839723
18827080
18825835
18815004
18813601
18810901
18809120
18806649
18797222
18797102
18792598
18786082
18786081
18785460
18780932
18780888
18779483
18774630
18725833
18768178
18760558
18756158
18754982
18728143
18709836
18707565
18703444
18702081
18690005
18687268
18686669
18681346
18678817
18678582
18678581
18674404
18670780
18669414
18666911
18658115
18657975
18656044
18649585
18641520
18638047
18630018
18627215
18624704
18617709
18617708
18612897
18573018
18561558
18522604
18502421
18439169
18437938
18420323
18409256
18408263
18399387
18399376
18395392
18394515
18387880
18387006
18364612
18360139
18351621
18346553
18341071
18339336
18332509
18324667
17489960
17489954
17483926
17482192
17480138
17479546
17477472
17477226
17477224
17476553
17475940
17475498
17473045
17472515
17470926
17470220
17470215
17470188
17468688
17468687
17464706
17464573
17464569
17462133
17462042
17461752
17461368
17459820
17459630
17455518
17454287
17454286
17449324
17449252
17449215
17448662
17446134
17445329
17443403
17440306
17430742
17430711
17430455
17430453
17427603
17425749
17419778
17414917
17412079
17411001
17410999
17409024
17403832
17400141
17399877
17397465
17394734
17394612
17394537
17394520
17394518
17394516
17394379
17390967
17390927
17390924
17387788
17385361
17383236
17382848
17382042
17382032
17380521
17378818
17378291
17378189
17374473
17366250
17363866
17359611
17359572
17356443
17356359
17354523
17353816
17352706
17352703
17350783
17348557
17347295
17346847
17345982
17345974
17345761
17345755
17345754
17343661
17342002
17339093
17336865
17336373
17336025
17335529
17335522
17333798
17333497
17327310
17320337
17320336
17319616
17319568
17319372
17314586
17312040
17310741
17308311
17307794
17306675
17305265
17300913
17300544
17299901
17298873
17298612
17298611
17291832
17288320
17287841
17287143
17286671
17283956
17283821
17280672
17279205
17278337
17275722
17272801
17267087
17266405
17265839
17265838
17265660
17265658
17265412
17263926
17263052
17261124
17259050
17259047
17257601
17257391
17077780
16641654
16640210
16638831
16630971
16629008
16624985
16624890
16620251
16615711
16613801
16611513
16609279
16607256
16605041
16604297
16594410
16585116
16567821
16557122
16545033
16541720
16534400
16529592
16526148
16526147
16526146
16524206
16521901
16509435
16503108
16500449
16493933
16493308
16493304
16493301
16491921
16483098
16483097
16475465
16475462
16466356
16466353
16466351
16464930
16461604
16456367
16455221
16451424
16450521
16444104
16441850
16435526
16427361
16427245
16426796
16424962
16411032
16410621
16405207
16404732
16398097
16398065
16362190
16344202
16343906
16340690
16340688
16340686
16335351
16318111
16315815
16310196
16310139
16298283
16294804
16293161
16288159
16287826
16279332
16272425
16271121
16267966
16259231
16257620
16257618
16255527
16253622
16252381
16251161
16250532
16243661
16243660
16231614
16231609
16227520
16227417
16220889
16207264
16207002
16202778
16195820
16192828
16192827
16192823
16187666
16186450
16184680
16182093
16174561
16163981
16161321
16157943
16148573
16139984
16139638
16138821
16126601
16116771
16116768
16114810
16113156
16110926
16106491
16082910
15988947
15853073
15835062
15822662
15813311
21646588
21639079
21635281
21614944
21526522
21448018
21322860
21191245
21189736
21123230
20935582
20925303
20846193
20446410
20391855
20361458
20357701
20064882
20049773
19931150
19919592
19898925
19858343
19707083
19696572
19689699
19684558
19684493
19680588
19671642
19650517
19648849
19648705
19648012
19647207
19642744
19642482
19636707
19628390
19627685
19626260
19594988
19592365
19591363
19591362
19591026
19591021
19591020
19588661
19580440
19580105
20974059
19576544
19572921
21206355
19553722
19551962
19551619
19544981
19534181
19526887
19507369
19499428
19478578
19477750
19472671
19471852
19469005
19468965
19467434
19463681
19461219
19460667
19451084
19446459
19444088
19440715
19438100
19438083
19428869
19412561
19411575
19410517
19410214
19396575
19395701
19390339
19387270
19382508
19374965
19374478
19361124
19348820
19342715
19328439
19327315
19321037
19305226
19304812
19300080
19300071
19296516
19290718
19282690
19282149
19268237
19244475
19237501
19237475
19229067
19226886
19220235
19216985
19216983
19207525
19200465
19200287
19190999
19189808
19189408
19189157
19189151
19186786
19185429
19182984
19167670
19161087
19161085
19133492
19131400
19127907
19118325
19117504
19117503
19117501
19117499
19112875
19101209
19098944
19086054
19076464
19067982
19067161
19061026
19059872
19058076
19058074
19058073
18092201
18090444
18086023
18083170
18082666
18080485
18075637
18072461
18072450
18070254
18069066
18063541
18060327
18058440
18056570
18056562
18053231
18051982
18051981
18050782
17939927
18047573
18044985
18044231
18041329
18039730
18038534
18038531
18038525
18038481
18038186
18038104
18036764
18036470
18036123
18036122
18036016
18036013
18036011
18036010
18036006
18033790
18029543
18028388
18026002
18025908
18025487
18023615
18023334
18023256
18023129
18021402
18005351
18005124
18000439
17998411
17997265
17996399
17994177
17993276
17992767
17991908
17988364
17987457
17985682
17984481
17984297
17982999
17981887
17980927
17978632
17978630
17977796
17976128
17975252
17973964
17973700
17973698
17972297
17970860
17970505
17970459
17966300
17964014
17962180
17962178
17962079
17960679
17960669
17957590
17956373
17956371
17953060
17952712
17949400
17948953
17945422
17945160
17944701
17942272
17936549
17935596
17933955
17931376
17927846
17927126
17926770
17926660
17926262
17923289
17922369
17920270
17920170
17919912
17916366
17914080
17913498
17913338
17911576
17910543
17907011
17907007
17902555
17902500
17902035
17901824
17901513
17901183
17901171
17899999
17899995
17899993
17899044
17897829
17897269
17897115
17895495
17895492
17890348
17890042
17889734
17888741
17883647
17880483
17880481
17880314
17874488
17873734
17873263
17868762
17855042
17853842
17851353
17851345
17851016
17850384
17846041
17845880
17845656
17844804
17825729
17823560
17822779
17806036
17806035
17806034
17804348
17766670
17766078
17766072
17764780
17760913
17760571
17727593
17727583
17727550
17727543
17724401
17718732
17718731
17718729
17718728
17718727
17718647
17718039
17717750
17711615
17709355
17708186
17708182
17708181
17707077
17705841
17705096
17704678
17703825
17703823
17702483
17700296
17696113
17695557
17694883
17694636
17693048
17692368
17691489
17656742
17656741
17689397
17686604
17685913
17685847
17684852
17684169
17684165
17682686
17682684
17682410
17682409
17681763
17681395
17681079
17680901
17679585
17679265
17679241
17675718
17674615
17674597
17673135
17667002
17666296
17656543
17655685
17655538
17655537
17655530
17654518
17651503
17647065
17645954
17644041
17640455
17640243
17638947
17635627
17635624
17633945
17563425
17630389
17630383
17630271
17627743
17627726
17626507
17626391
17626116
17625785
17624898
17624678
17620214
17620162
17616336
17613594
17613157
17606335
17604173
17602333
17601833
19160886
19160882
17600453
17598894
17597523
17597413
17596762
17594409
17594407
17594405
17594294
17593306
17591414
17591413
17591412
17588894
17587533
17584389
17583067
17582028
17577658
17577535
17577175
17573682
17570911
17565284
17564360
17564297
17563598
17563322
17559705
17558824
17557486
17552039
17551446
17551423
17551421
17544863
17543009
17542794
17542793
17542789
17542785
17541315
17540530
17538853
17537612
17537189
17536419
17535613
17535121
17534866
17526308
17526293
17523577
17523576
17523034
17523031
17518999
17518891
17518886
17518885
17518825
17517540
17516884
17515311
17514724
17514708
17514706
17512862
17511330
17508972
17506899
17505371
17505351
17505242
17504585
17504584
17502809
16972607
16463928
16425879
16422748
16422378
16411363
16371385
16295792
16294947
21703010
20966842
20962121
20950163
20949870
20942327
20940270
20935215
20925290
20922514
20870685
20860708
20852567
20848428
20846910
20841722
20836948
20834033
20828333
20807969
20804888
20804887
20800770
20799590
20799551
20795424
20795423
20717172
20702891
20699722
20682969
20675734
20674846
20673256
20666939
20657624
20636180
20626833
20626830
20620810
20618777
20617716
20609010
20605695
20584087
20579126
20577274
20572859
20572627
20572428
20569149
20563396
20549916
20545773
20545492
20514886
20514884
20510839
20505424
20500646
20500033
20476519
20469573
20469571
20462074
20461946
20461689
20458987
20451661
20447654
20444765
20442616
20442609
20441488
20441098
20438166
20438014
20438010
20435787
20435786
20435430
20432118
20432115
20423214
20420999
20414613
20413383
20409102
20408762
20395354
20394476
20386374
20382369
20377800
20364781
20349851
20346702
20340064
20338980
20334019
20334015
20331914
20308935
20306640
20230175
20227922
20225728
20225727
20223156
20220686
20218769
20207663
20193880
20191711
20185446
20178535
20176916
20168017
20166455
20163766
20162914
20160552
20159210
20158554
20158549
20158544
20149734
20144036
20139572
20137849
20137026
20131584
20128543
20121936
20119710
19154295
19152142
19146559
19125936
19136167
19130936
19128344
19125894
19125891
20830989
20635554
20209007
19112022
19105913
19104968
19104321
19101822
19095293
19092468
19088517
19087915
19085668
19085667
19085666
19084299
19077807
19077011
19073955
19068157
19068152
19066984
19065431
19061787
19061173
19060802
19052945
19047490
19041611
19041210
19041209
19031483
19028141
19024591
19024424
19023955
19021090
19019677
19018218
19012724
19012722
19006586
19006429
19005339
19004365
18995854
18980036
18972235
18971493
18959282
18953221
18928411
18923333
18848413
18845476
18845412
18845046
18842457
18842456
18842455
18832286
18829772
18825852
18819225
18804936
18803842
18801272
18800991
18799159
18796047
18788339
18787958
18785349
18785099
18785098
18781660
18778909
18775401
18725828
18771637
18768025
18764854
18762992
18760889
18758335
18758277
18754706
18728987
18727283
18725845
18725407
18720561
18719849
18710678
18705782
18705781
18705720
18698529
18692395
18682014
18682011
18667654
18661459
18661390
18657995
18657759
18651967
18650054
18649824
18649816
18649699
18647212
18638713
18638395
18636026
18630217
18626034
18620106
18620101
18613960
18612092
18612031
18610926
18608413
18605348
18596503
18596501
18595420
18592618
18591165
18586692
18584460
18582380
18582253
18581690
18578798
18578795
18578765
18578222
18578185
18578109
18573777
18567538
18564954
18563008
18562872
18562863
18561561
18559797
18557572
18554164
18540229
18539875
18539874
18525432
18522603
18520312
18519997
18517171
18515602
18515441
18515439
18515034
18512375
19689767
18508408
18506410
18505619
18501359
18499518
18499460
18498574
18496220
18496089
18495415
18492634
18492551
18492543
18490164
18488748
18484379
18484323
18482485
18482146
18482122
18482121
18481737
18481622
18472683
18472537
18472265
18469296
18469294
18468693
18467294
18467287
18466386
18460078
18459277
18457289
18454825
18453903
18452594
18377155
18448709
18445728
19899562
18442964
18441273
18440532
18437064
18435869
18434156
18433879
18432048
18423167
18414335
18414308
18414280
18414179
18408963
18407038
18406408
18403403
18399057
18399022
18394856
18394032
18390461
18390144
18387301
18387228
18227882
18385402
18385400
18380299
18376736
18376081
18373578
18371169
18369678
18367365
18361087
18360202
18357954
18355420
18355171
18351478
18350769
18350458
18350421
18343866
18341594
18337533
18336687
18336519
18335696
18332668
18326990
18322412
18322029
18321582
18320908
18268002
18318971
18316911
18316489
18316256
18315585
18312641
18308499
18307598
18307597
18307596
18307461
18302653
18300542
18300538
18299968
18299778
18298216
18297974
18297170
18295540
18294222
18293224
18290751
18288117
18287185
18287181
18284537
18281644
18281641
18280735
18278612
18272612
18272605
18271769
18269541
18269539
18269426
18269421
18269420
18269419
18267993
18264835
18262656
18261155
18261064
18261063
18258574
18257828
18257804
18252068
18248693
18241150
18240924
18240704
18240694
18240626
18240023
18230417
18229993
18229773
18229653
18226157
18225675
18220631
18216073
18212186
18211557
18208604
18207046
18206522
18203243
18203143
18198365
18198362
18198360
18198359
18197510
18197428
18196842
18196711
18191769
18191768
18191767
18191764
18191007
18187591
18187246
18186907
18184164
18182548
18181318
18172381
18180492
18179534
18178923
18176179
18165898
20078015
20078014
19618578
19343871
18096354
18096353
18093777
18093117
16711083
21848359
21808960
21766898
21700150
21605269
21597552
21543407
21520580
21506464
21501729
21484016
21446292
21446291
21416898
21397885
21388007
21378634
21365191
21357882
21356019
21344721
21332774
21314756
21309317
21301673
21242390
21229866
21228088
21226784
21222427
21218739
21214976
21214136
21211085
21205555
21204697
21154093
21154091
21157249
21157240
21148160
21145491
21135788
21135785
21134845
21126302
21119153
21104565
21072010
21044481
21033379
20618526
20618522
20607085
20603729
20587678
20584626
20580605
20579161
20579138
20576073
20576072
20574878
20572429
20560990
20557395
20557381
20557261
20554475
20552306
20550076
20547646
20537586
20536590
20535669
20513168
20511267
20510843
20510841
20510840
20510837
20503161
20492058
20492053
20488575
20487486
20473456
20465144
20446248
20444777
20435275
20434252
20426815
20423374
20404623
20401497
20395614
20390985
20378184
20374101
20363189
20362713
20357661
20351163
20337793
20308351
20307372
20307369
20307366
20307364
20307283
20306101
20299651
20236861
20236860
20235757
20232126
20232030
20230391
20230176
20230171
20227903
20223789
20220670
20219745
20216073
20214442
20213846
20200436
20197456
20194431
20188629
20188289
20187964
20186664
20183556
20180156
20169368
20167832
20163762
20163761
20151163
20149236
20148936
20142744
20141854
20141259
20139217
20137030
20136820
20132365
20119828
20117687
20116158
20114095
20112144
20103783
20102143
20101942
20097643
20094936
20088892
20085970
20085116
20082064
20081728
20081097
20080808
20080433
20079610
20077984
20073146
20073114
20068311
20067684
20067668
20064210
20060719
20048347
20044343
20044332
20042262
21413543
20032166
20031482
20029430
20024733
20024698
20023274
20022914
20017938
20013757
20011758
20008018
20003533
20003040
20002422
20002421
19968214
19966728
19964428
19959919
19959166
19955101
19952152
19951223
19950317
19948926
19948040
19948028
19947049
19946946
19944465
19941582
19934239
19928709
19925747
19925650
19923007
19921079
19917578
19916758
19912619
19910394
19910196
19910195
19901039
19897514
19893846
19892332
19883474
19882416
19882409
19880929
19880086
19878340
19874496
19865579
19864966
19853936
19851233
19851232
19848548
19843046
19841548
19840152
19833859
19828645
19826952
19824989
19824292
19805792
19823898
19820231
19818250
19817878
19812100
19807883
19806711
19804680
19800851
19780435
19779970
19774354
19773732
19773029
19772582
19772228
19761916
19758738
19756511
19752084
19751379
19749641
19747270
19744062
19744061
19740141
19730982
19715493
19715097
19715096
19712545
19711082
19709798
19709118
19707769
19706351
19706350
19699445
19698140
19694550
19686401
19674744
19671650
19671641
19671133
19669680
19664084
19648848
19648596
19646176
19646175
19635339
19632876
19632844
19627646
19627385
19626751
19623798
19614876
19614555
19612973
19594367
19588666
19588658
19585177
19583663
19583654
19583645
19581237
19580220
19580195
19579066
19577834
19573262
19566998
19566994
19566991
19566989
19566988
19560749
19555356
19543843
19543682
19539815
19539814
19539813
19538801
19538796
19536578
19527506
19521272
19514531
19507263
19505697
19497746
19492659
19487739
19481048
19475806
19474588
19467120
19463677
19455365
19452109
19418075
19411529
19399527
19394105
19390962
19390341
19390340
19390208
19389671
19387272
19382112
19381427
19380360
19379538
19372128
19358991
19343434
19341545
19302728
19300082
19298094
19297250
19295419
19295417
19294613
19291197
19284262
19282060
19275825
19273410
19273396
19268820
19260571
19250150
19248411
19244785
19239527
19188456
19227109
19227021
19220917
19215309
19202851
19194304
19191853
19191819
19187167
19187163
19181880
19180636
19175680
19170300
19166459
22068179
22032021
22021300
22013829
21977677
21955906
21894124
21949145
21942003
21926561
21916145
21905564
21888454
21883873
21807826
21801542
21738165
21730228
21729155
21708534
21701448
21684404
21682968
21668382
21667812
21653910
21639615
21625661
21625660
21620476
21614831
21595812
21584449
21576959
21560255
21550217
21545733
21545616
21526523
21518295
21507489
21504264
21493329
21486888
21464103
21462765
21457624
21449225
21440305
21439175
21439172
21439171
21439170
21422954
21418235
21402459
21393081
21385313
21382047
21375892
21375574
21368264
21359255
21356016
21342309
21338902
21335575
21332773
21329471
21323978
21320347
21311926
21306423
21298505
21288311
21276338
21276337
21268518
21263347
21235040
21227936
21208412
21205059
21199550
21193164
21186164
21185221
21182797
21178600
21178218
21154092
21154090
21170771
21167771
21167040
21163648
21158904
21155363
21150797
21111678
21106084
21091892
21073503
21071505
21067367
21047039
21029224
20973734
20970237
20969617
20961414
20947405
20946571
20946115
20937737
20932464
20932394
20883622
20881755
20875176
20875171
20874450
20863329
20852566
20840827
20838269
20832921
20825515
20824339
20823368
20822692
20816284
20813332
20808105
20807441
20738745
20738432
20735496
20729511
20722812
20719816
20718235
20712463
20712108
20705349
20697269
20696753
20681392
20678231
20673255
20672255
20667779
20667778
20660602
20659976
20655643
20652759
20649457
20649437
20646290
20644207
20638005
20634227
20633081
20633073
20629768
20627817
20626939
20585211
20575729
20511735
20500964
20473643
20459834
20457407
20454567
20449983
20357705
20357651
20354244
20353660
20338426
20177285
20024732
19895678
19853452
19534811
19525718
19466370
19423391
19318986
19273399
19203378
19201166
19165011
19057566
19014424
18980103
18955845
18840222
18804507
18790477
18771828
18687120
18684582
18674762
18669114
18666873
22135843
18644157
18637176
18511764
18482120
18463016
18439609
18357845
18351477
18023610
17880480
17727586
17725265
17703821
17624645
17582726
17509737
17495550
17459137
17419783
17418194
17417043
17286678
17201920
17166270
16996228
16995935
16911057
16836472
16799016
16730728
16709207
16704285
16702204
16700635
16700232
16699459
16698507
16696601
16689413
16689409
16688495
16687147
16686959
16682392
16678180
16676677
16676675
16676338
16676337
16675765
16650657
16643350
16643345
16641157
16639201
16632478
16629965
16624888
16624797
16623314
16620241
16618589
16609309
16608617
16581077
16572537
16569407
16566822
16562385
16557124
16557120
16549347
16549070
16546447
16540279
16539697
16537300
16531938
16530486
16530377
16528610
16524997
16524940
16523034
16518949
16515692
16513583
16505392
16504067
16502760
16493300
16491032
16489962
16489959
16489958
16489956
16489938
16488418
16483099
16483094
16481897
16480561
16480240
16474364
16473694
16473357
16469472
16469470
16469104
16466574
16466484
16466482
16466350
16466349
16464452
16463601
16463599
16463240
16461443
16461246
16452697
16450722
16450556
16443983
16443392
16441523
16441401
16441396
16441395
16441392
16441388
16436327
16427762
16427761
16427365
16426798
16426797
16426614
16424964
16418987
16413555
16412443
16411027
16409337
16406620
16403225
16402952
16402232
16398864
16390903
16386739
16384746
16381161
16377190
16376146
16371822
16368096
16356875
16352775
16352773
16352514
16344419
16341117
16340947
16338569
16337565
16330969
16330968
16330966
16329225
16328750
16324058
16319561
16314606
16313379
16301902
16301866
16298132
16297662
16295518
16294612
16289065
16276856
16274463
16271910
16268854
16257625
16257526
16255162
16253509
16245480
16234575
16234300
16219711
16219589
16213787
16212849
16212517
16210023
16208656
16202125
16198215
16198190
16193322
16191140
16191134
16189947
16182420
16182094
16181153
16178344
16178171
16175758
16170061
16169794
16167449
16164590
16162413
16159705
16157462
16154311
16143267
16139985
16139701
16137269
16135524
16133229
16123720
16121655
16120501
16119640
16116922
16116351
16115713
16112527
16112526
16111765
16110929
16105190
16104653
16104490
16102768
16102767
16102152
16102147
16101857
16100704
16098705
16098703
16095151
16083700
16081235
16078904
16060579
16045517
16045107
16040178
16032533
16024149
16023841
16023823
16020051
16013459
16012548
16010910
16008136
16006416
16006381
16006186
16004736
16000092
15997964
15997604
15993530
15989412
15989116
15984561
15984560
15984180
15979627
15978874
15977132
15975757
15970421
15970420
15967039
15963913
15962722
15960246
15953669
15946280
15944496
15939567
15928530
15926744
15921988
15919641
15918864
15917002
15916506
15915068
15915060
15915059
15912087
15911159
15910435
15907668
15904887
15904886
15904885
15896695
15893217
15893215
15889656
15885866
15881034
15878428
15877640
15877636
15877634
15876883
15870587
15867741
15863624
15846012
15843427
15842441
15842207
15840071
15832644
15826434
15826432
15822648
15820840
15813587
15807758
15798137
15797852
15797156
15797150
15796943
15792287
15791785
15788083
15788080
15788036
15780145
15778141
15778140
15778133
15777026
15775808
15773824
15763713
15760300
15759524
15759073
15756984
15744761
15743645
15740815
15735262
15729808
15729796
15723908
15722806
15720928
15720496
15720051
15718187
15718186
15717904
15717898
15717876
15714787
15712292
15710277
15710122
15704593
15700156
15695473
15691247
15690896
15690867
15690830
15689727
15684910
15669932
15665661
15660148
15658736
15657665
15656842
15653255
15653253
15653246
15641951
15641947
15640301
15637956
15629990
15623271
15612235
15610381
15610340
15608042
15605747
15604637
15604634
15591759
15590230
15590227
15590225
15590224
15590218
15587545
15571902
15569959
15568585
15558082
15550363
15550361
15547313
15546644
15540670
15531959
15530753
15530752
15530750
15527591
15525861
15525860
15520107
15520103
15519287
15518365
20525473
15786386
21155464
17998410
16176899
18687070
18085415
19284167
19667684
16409179
21276552
19011230
17892052
16832224
19104261
16530115
21383568
17297243
17612821
18649347
16916119
15952478
19877340
21122761
19301081
15543405
20075718
18282633
17437071
17069269
18316939
20169818
19648599
16194647
15779648
15600065
19860067
18056324
18026806
18664961
18204991
18436568
17470074
19661793
16786951
16875103
18612106
19720912
18020851
15551847
20351917
19004438
16250919
16246515
16830847
20618606
18557346
17662156
17179844
17572801
19769017
18479655
16317563
18295104
16082909
18474054
21160141
20036397
18963542
18443263
20356707
18787448
16263201
20182988
17227606
15860071
17905234
19400486
15836551
19014116
21083806
21089733
16259634
15786795
16734091
16174815
19104246
18654957
16157620
16736842
21800656
18566078
21292214
21078044
21561516
20543370
19702814
20394519
16690562
17047376
21134185
18266164
20875181
15640289
16715030
20660885
20148769
21149243
16213235
18359378
19458595
21462758
20030029
16502965
20526121
18501019
17912644
17444316
19065054
21505122
20417261
19812102
19487937
20483875
20851273
18839514
16565010
16865635
19055300
16310323
21739886
16737983
18000700
17763838
15645998
21659986
18489686
19115710
21424296
16731139
19477716
21129618
20877950
21587272
16121874
16886888
15736905
18494638
15974112
16387907
18642619
20975553
19008757
15845324
17727738
16119296
16468261
21702353
20125106
18829417
16215358
21768431
20670318
20047543
19349502
20091668
16184950
19571322
19088594
20401505
15532327
16935191
17892759
19147394
19634576
21197836
20799894
19051672
19921223
17539206
16929473
17966241
19536426
18329460
19779052
16110012
19061176
17822750
15527578
19817529
19615623
21071568
19538808
19643827
19923148
19385362
18678725
21164109
17102253
19464745
21488764
21334556
21473368
16359735
20608316
20334006
18630251
20185612
18496376
17622492
16084447
17128680
20338979
16650120
20966661
19723279
15963863
21439599
17826581
19577752
19553064
17382210
17152029
16344203
17472508
17117446
18240611
18177975
17094359
20008603
19469607
21133213
20363578
17304428
19707050
15549012
20561851
19094931
19863228
19411013
20443387
20531171
19200763
21284803
21119100
20956418
20457682
17353983
16800393
20037616
20031846
18953670
17561014
18775835
20110341
19619061
17591532
18236092
17091047
20329335
19204419
20541064
17626523
16276220
18773583
19877105
20492057
19773563
18034982
16977402
18700390
20889634
18325122
21294498
18096585
17607137
16543740
19646716
19633896
18097166
20183681
20532135
16128974
19202467
19877326
19354150
21362766
15860031
16313373
17146204
19711286
21040815
15824941
16704847
20038380
17487704
17851378
18316932
20096114
15539975
21477457
20160538
20163296
19883886
20454480
18657041
17523753
17080696
16884316
18625906
21112677
19224908
20513459
17252078
19124176
18808589
21366204
18521034
21086668
17188221
20077804
21825946
21180300
19301463
18525065
19374282
21218696
16238905
17565139
16860965
20362246
17124908
16680209
19179199
15534158
21388042
19397431
17089809
21879665
19759436
16796505
16938355
19013047
17880473
19423875
16566100
17891048
17427483
20174996
19500789
16847798
21250405
17015506
15597565
20033300
17764095
19507555
19323846
16503046
16024147
20414559
20701237
18831440
19235252
19801374
17182445
16620354
20665487
17414393
18489198
19156057
17004400
17958056
22090330
17641075
16430355
17342039
19162408
16515564
19678853
19625582
16044727
21199138
16612442
18468879
20530647
19496380
16540788
16787477
18507850
21209568
19282266
17901010
15857730
18203554
16613291
15526822
19202116
20441394
17370897
18537800
19227593
20023471
16334509
15715124
15867495
15681907
19205735
17332101
16529594
18185124
19445616
18690788
20886197
16427926
17458356
20377498
17413771
19034836
18501055
18214265
19388374
21368489
19188467
19327962
17584392
15852799
17133305
17197840
20684402
20818469
19672190
17844824
16315569
15667358
19634047
17279443
18431292
18329000
19126337
18372954
17534469
18385589
17309015
20002705
15789680
18505556
18053910
22045942
15997613
21716110
18080338
16044978
18405351
18037602
17382044
18439163
21683474
21129355
18600107
21853069
19534034
18544196
17828675
19678468
16687196
15839235
16859865
17304075
16809789
18560063
19581026
17419883
17335639
19826026
15536973
18803997
19634612
18640542
19061679
16907789
19664202
18372678
18328277
17151566
20202654
19536016
20019069
16912577
19968691
20397053
15820382
17535343
20097641
19438889
17337153
16752962
17074871
18279275
19329089
17574193
21553576
19255979
15606728
16788256
17214251
21096918
16823953
17029679
16449676
18493090
20574269
20440869
19072191
18724436
21707338
21568118
15937381
18622885
15782581
21118292
15825891
17222666
21879680
20651478
17621444
19187418
19659846
18669704
20066814
16476372
19811192
19085226
19529991
17521248
15984507
20378728
20181318
17003536
16878413
20552363
18461360
18378726
19244562
18454586
16604888
19828537
21044150
20605087
17687657
21725777
17017324
18051978
18343000
18581021
17128542
17418327
15597141
20082592
20937544
19551273
19589668
19606196
20716071
19767521
19188464
17443554
19667032
19655523
19958420
16115583
16276205
20354133
16061139
17433113
19797339
18784496
16829722
20004798
17120130
17105637
19237901
19464097
20715304
17870011
19429768
17964976
16610506
18695624
17415619
19826095
16696786
21646308
19947126
17024766
17657857
16925546
15788807
16687338
16153564
17433462
18316450
17700299
17889494
21545640
18509583
17496444
20879611
18974699
21982520
16521365
17178074
15864767
15701211
20819235
19640282
18758334
17785686
21879649
17522003
21462490
15831199
16581631
19670995
16477200
21467077
15912353
19907389
15619198
17189284
18685318
19860895
20051159
20552920
15667698
16212824
17601183
21533963
19812105
17237128
20220622
17588190
20220631
19837825
17478412
15546147
18856083
20639709
18816909
18998939
18276676
19695010
18856174
17075823
16910809
19762582
17311239
19300281
17883657
19955389
17108599
17851360
21128219
19695031
18344890
17568328
16199843
15872180
17089490
18062033
15597002
20725782
19537389
19103329
16604798
16022033
19247013
19717753
21155103
20437738
15590037
21301284
20722880
18837645
17219504
19034569
16276857
15984223
19858950
17587355
17509282
17408073
17556743
21444830
18274360
17327722
18052813
16148475
17250941
20093900
20842336
16302552
17633502
18277554
21494781
21284715
20878743
20979973
17659765
17580126
21465718
19283562
17448622
18295458
18241761
17070437
20091964
20135939
18347487
17604557
16841229
19001099
18055904
17116515
20142276
20064971
18815950
19843492
19466754
20654811
19886105
20218162
21150416
20398146
18418177
17511360
21605267
19960128
20608258
16968312
19912967
20535907
15529235
21570929
20136958
17284476
15567874
15540970
19644009
20587935
18953206
16034031
17575756
21786855
16964771
18824621
16242440
16172296
21669951
15601267
21080297
19274906
19930016
18082068
20031874
18580081
16807773
18809147
21890770
16642691
16865631
18848669
19268092
19241143
19021490
17931319
20608240
15511424
20592048
15733808
19814889
21368555
18512579
16366449
15852076
17949624
16449088
22110098
17927102
19338653
18820523
19249637
16116400
17112147
20623685
20026721
16092394
17472506
20031904
16796239
21214498
18030125
21129179
16351538
15539731
16124420
19242320
19843273
16983946
16242298
20166651
18816927
17571606
16802308
17261114
20682964
17923784
19221763
20575323
19674452
21868479
16895278
15534269
19715532
17882096
16249425
21235731
17034625
17479329
21569613
19326625
16024480
19127448
16096140
19925271
21469515
15830000
17571783
19038753
20493795
19859862
21398387
21446301
18592393
17036265
20557391
21127108
16637941
17664443
21932493
19208648
16450233
16186004
21276980
19260370
20211089
20676573
15686158
19858952
16968424
18619689
19589822
18700870
21138831
17679264
16527786
15602142
16511363
15532442
19504767
19358096
20189951
15766339
21129704
17356989
15707441
21473169
16121877
17900393
21420136
21125933
16173909
16739316
16684486
19886974
21122779
19254872
18005562
15688543
21111389
19966558
19372125
18435085
16739755
19680298
15731998
17368409
18997566
16086547
16185637
16672005
16808704
17822429
20964149
20166425
19753504
21374886
18763552
20573333
18258576
18429579
18069623
16529145
22040851
21647900
18757313
19707840
20050471
17103108
21569471
18758849
18853738
20513695
21343433
18787491
18414334
21169163
16537580
19243729
15554514
15911501
19218484
16176735
16398589
21365974
20572539
18380050
15857724
19927412
17485814
18705090
16219959
18794475
15778555
19331036
20731283
19105821
18158513
20425520
21414063
19412936
20690391
18988579
19652231
18465381
19480748
15909971
18260857
18225401
19589270
20547286
21641503
18292359
16628176
20626191
19637076
19562361
16679853
15871537
15750493
19943577
21155402
17386230
15967452
17489524
16504893
17559731
16215421
18655855
15847965
20415078
21269297
17414731
20810416
17487290
17295004
15588741
17142601
20679970
19087465
19601690
20797356
21517836
19937955
17438635
19939305
16356212
21499490
20688541
15916312
18035375
20456797
17194871
18050982
17923989
20404628
16897018
16264002
21029226
17102407
18324329
21300097
18519466
18951253
16931922
17192174
15567653
19733460
15835222
21469417
18335259
19561555
19323358
20926743
17877653
16078398
21651661
18428101
19154492
16299573
19449603
18618273
17183621
16885251
17363210
21094792
20929382
19947285
21168213
15690591
18091213
16148491
18660767
16946286
16023432
20229817
15947334
18396610
17444572
16629279
21146313
18570807
18184218
19419546
20524976
15882366
17565880
19154504
20144440
16272971
18183802
19419589
16205829
20450020
20662293
20118704
21321466
15602187
19037192
20174944
17575743
15755262
20838134
19204226
19013702
16136875
18063547
19922955
17383655
17285928
20017225
17239730
18549138
18462237
17507697
19179217
20737231
20173619
20949838
17344981
17993638
18727748
16703874
17784901
16521642
17828004
18338454
21468499
21190493
15819351
17138846
19395703
21483387
20438344
17182402
20827931
19175220
17785687
21291329
19125514
18208418
16619426
18163235
18410785
15862736
16651296
16965708
19032659
21283006
17407632
21301677
16403214
15521308
15730455
17990402
15959746
17992483
17192816
16986566
15918428
21239947
20121338
16162565
18992167
20543325
15738923
16115710
17126046
16652413
16113711
16440938
19432910
15539986
16022884
20698187
19735585
16121868
20168139
18449346
19065748
18342824
16620172
20380748
21467937
16849750
18724537
16277126
20229072
15590221
20002984
18580104
16009286
15859377
17327730
16497427
17266386
20961000
20232095
22053656
19119774
19305340
20808147
19192914
16910946
21219549
21353130
20006414
20067349
19813430
18565816
17666900
21787981
20512350
20885303
19931713
20107351
20008442
17851308
21537199
19708058
17264788
20674768
21343937
15869231
21473814
16911048
16607870
20336314
17174063
20843903
17722223
21115986
18720633
17766672
16184942
21296784
17611983
15835629
20684398
21504962
19721997
20170303
17552290
17907550
15529102
17634910
20838335
20882210
17604936
19907393
16941132
16501534
17334159
17990123
21674718
20484915
20715305
16986355
16240704
20844100
16061768
17591002
21645040
20031825
16517009
17577420
17115134
21214399
17607865
17962841
18310624
17584211
16119661
20880759
18466848
20170911
17184379
17076180
16423299
20506878
16926668
19896320
21617091
18606581
20444774
17037319
18154854
19342536
16754363
15987406
20353733
20846562
16379510
16787467
20601159
20080469
17244388
15640682
21867855
21554289
16719430
19370467
20586268
17288704
19232221
16131277
16342457
15724847
15724881
16829359
21840519
16499461
19930570
15533478
18853532
20873534
21817993
16858741
17205001
20427521
18583303
21083804
16686824
21042946
17161318
15633403
20836418
17210987
15656427
21169964
16927904
17704480
18034182
19525359
19214681
19287264
18022833
18081171
20620088
15720995
20807992
19096850
16761790
20578086
18705120
22029121
21337243
15544667
19194685
16505877
15964735
15642125
20033690
16295285
16442424
18924529
15596703
19044253
16905784
19095341
16012543
19447319
21041537
19559565
18252933
16892691
20097932
19593245
19839782
18032317
20151212
18007003
16768542
18520668
20508952
17082170
20537837
15631929
16986814
15714097
16440106
17963769
21368524
19492647
18578641
15706158
17451910
18042103
15532173
17263879
15777363
18563015
15612232
15601409
21570528
20124612
16944683
16925074
15802479
18713128
16450511
21059173
16818165
18277637
16566177
15994057
18715654
18657043
17512879
16350390
19549716
19544075
20654895
17249281
15575037
16688742
20152512
17633074
18320903
15738843
20000054
21526313
18468922
21384792
21901568
16923645
17518822
18854258
16082241
15983308
17490762
19817111
18093109
18586756
19648694
16791759
20167537
21449986
19842959
21831277
17283304
21087948
17825956
15916038
18761770
20852515
15635492
17063585
19438888
18777789
19295422
19367243
17968215
18480204
19951842
19711655
17714237
15591917
18186824
16116774
21846340
19961977
18350940
21281841
21473763
19597825
20405969
21524205
18265714
20858108
20443412
18616200
19090367
20864347
19592956
17917946
15538641
21676572
17251881
19135592
17432992
18810621
17407605
21842830
17598687
16184072
15838407
17224695
19203485
21982519
21242422
20026921
18241311
17583402
16096454
21474806
17293628
17413755
21649843
18434872
21554034
17458539
20956707
20739577
15933866
17674613
17711355
17704874
18342201
18816202
21424075
18179258
18377105
17917746
18041547
19160887
21649768
17605624
21131605
19046558
18563023
21140348
20141090
16564198
16841812
17999293
18632034
19266767
17444445
19706163
18672852
19923830
16775914
17502445
20540001
17060267
17953245
18308276
19998684
16239819
17326368
15851383
17081921
15635886
16628180
18274394
20426356
21520796
21700363
21876449
15921061
20092226
21830648
20446632
16762121
15950807
16018938
17065659
16900280
20841517
21469983
17875027
17182975
18289182
20334010
17966237
19766259
17051292
16144244
21667648
18197862
19320354
19770471
17584430
16451411
21739793
19318675
16977987
15955757
19473315
17202084
18405012
18077219
17524866
17987818
17563326
19884225
15725178
21452645
18594321
21220896
19289002
21149288
20216168
15713168
17595405
19542038
18462289
19904618
19609140
19956979
20615678
21495557
19121054
21604821
19996808
16933637
15835012
16014990
20453701
21444841
18503036
16501132
17001836
16733004
19034423
19538648
21813369
19465344
19731990
15853841
16082793
20193881
16389157
16477276
18956505
17043948
18494288
19018906
19687307
17007324
18072606
20800334
20515432
19709171
16893875
15627140
17211702
16779356
16961553
20189342
16316685
20672461
18693848
19947840
17321932
17008942
18069516
16026659
15658734
15910010
16625131
17563485
16942954
16145186
18655402
16649849
19798555
19687464
16494259
18388681
17371423
20207990
19263162
19372340
15718581
17918303
20711737
18768026
19564517
20425474
16236700
18154103
16250430
19374034
15801246
18073258
17917941
19147646
20699039
17662689
16085466
17999094
16686817
18413518
19354054
18681349
16562435
18426783
19237100
18561824
19726990
19539455
20386504
19791679
21970190
17684984
17822571
16546776
20063424
20383077
18274594
16548408
19102433
15899314
21507110
18196289
19832893
20591015
17483680
19324509
17698343
21069603
18801751
21500511
20932275
19371558
17335528
15528287
21554068
16047994
15789292
15822055
21059702
18171322
18193356
17485755
16139153
17152455
19366837
16409421
17910341
15778076
17621672
19017603
18301231
17844859
20598282
17901832
17002786
19348827
18950333
16529030
17042816
20675981
16788523
18414331
17786070
17522193
17580769
17975398
21381271
16190008
18413876
19445685
15891316
15566611
15720167
15992203
16493298
16463243
19939813
16604803
18200763
16466326
19702489
21396615
19093407
16568625
18243010
20404284
18222382
17060250
22164907
19373187
21536492
18476853
19781816
19378630
18271833
20157139
17990156
18375783
20922343
21112685
21248573
18568263
18274852
16257617
17989265
15644694
15787899
20972850
21637274
21682626
15631418
18418567
18670472
17472499
18721358
19950034
16838562
17499961
19267369
20860248
17982824
20863045
17665821
16226371
19060818
21314579
19783333
16872034
19101310
19534258
18775259
22039729
15999355
20466537
21157237
19592810
20600516
16025652
16276471
18923213
15904552
19597272
19005119
17375753
20001871
20183366
21258976
20701999
19828955
17102470
17710561
18385570
15573464
20846085
17565524
20429974
21045576
17239063
21414009
19489483
16358953
15551512
19293717
16316438
18574366
18648946
17674610
18328282
17233432
21144191
16297580
17702516
19995134
21671528
16344546
16121494
20615920
17577662
18828973
19253315
17354232
20727547
17665271
19254196
18820519
19281590
18769104
21701346
20570484
19901662
18038517
20956639
18057810
17929748
21721302
19424693
16142017
16164398
20434080
20148409
18229651
20628655
20874513
16996787
15696568
17714051
15530846
17217133
17473044
20594804
18591365
16915542
20025454
17883985
18958836
16697601
15823886
18981349
19327295
21359504
15622906
19022185
16898343
16260819
20552538
17120941
21241466
17436479
16111440
20037974
21190928
17298631
16194757
15669662
17087707
19823968
16629917
17573983
20545593
21350889
16500799
18668488
16617243
19620142
20110524
16966670
21590564
21304154
15936987
15896697
17160236
16046914
19618253
17489928
18459593
15756921
16501912
19323712
16643262
17557933
20463359
16286353
18700081
16108856
17673769
16266649
17985766
18828170
18926447
16185553
18955722
18826976
19272644
16047074
15997995
15750529
19779947
16255103
20430552
15684211
15647734
16514924
15696887
15671770
20837738
18053501
19724287
16711623
15778075
16740337
19175285
17370563
21299629
20946209
15802112
16317399
16806205
21634261
18260804
18205680
21240787
16294629
18644668
19227582
21055651
21448042
15748072
17053853
20579121
19441600
18065029
20838161
16328186
17136375
16091191
21404447
19085796
21487345
19247884
16186080
16927479
18031573
15887919
18353493
19209533
21267533
19715257
17924242
16516127
21047195
18536825
19711672
20547028
17007699
20010984
20586891
17244295
19089722
15777874
19781827
17087174
19263564
15724556
18419987
18971403
16519072
18799237
19688993
18709041
15616146
21636935
17505246
18457798
20146908
18043526
21214989
16821464
16305016
20102811
17616311
16508295
21783012
19260354
21635184
16768979
18294342
18808053
17573985
20386059
15912291
15623120
18996745
19397183
15857442
19288562
18691277
21241983
20861296
19706349
17173759
18370563
18590250
15881629
20720611
20234248
21777869
20830625
17680755
16048621
17361585
17108742
17269436
18260370
15920317
20136167
19339442
17055804
18219252
19090412
16722112
16850568
20373479
16281889
16563940
17035471
20026835
16997425
17141131
22008181
17468786
20875213
17056848
17027072
15918345
21126191
20828515
16255359
18352962
16930268
16167717
16398302
16222404
17149126
20170830
16198571
17013071
21749772
17473543
18222586
21365402
17085274
18574277
17235261
21944342
19174801
18562985
18021518
16182821
16719899
21206350
16938639
20592707
18558892
18647193
20177046
21338747
21282691
15920383
16799727
20586952
17138178
19210013
19806821
20712666
15884741
17228508
20713655
20408320
20667678
21462439
17910032
18799468
15890048
18628532
16972449
15553754
17664512
19282562
21894104
16482393
17482878
16625890
16882102
18704341
20543383
17949625
19606561
19839548
21470604
20509403
19644630
17108841
17479324
17577186
18346001
18027000
21053441
18591305
19704293
18034178
17190300
16893361
18414128
19353313
20664048
19881212
21809787
20059676
15956862
18558392
18584797
18571213
17509425
18378729
20401600
21381954
19021126
18689575
19694842
17391425
19534219
15947809
20661211
21331629
20629606
19036613
19895595
18505669
19864039
16275111
17849824
15933465
19105666
18195310
16754815
16723916
20042225
16319704
17459542
19444721
18592319
20500651
16728804
18422262
19175633
17942958
20195927
19092478
17058890
20809951
16687336
19281671
16425109
19297196
21279938
20565969
21368658
19114903
17486805
15680612
16549967
18923216
19734512
18796190
21372646
20849989
16625128
18323356
17310663
18184597
21411824
15548934
16948624
19840086
19170955
18364475
19363882
17601181
17107567
21214716
21122753
15732211
19397222
21149758
17546833
16313546
18673569
21345297
19094147
21459256
17927116
16355933
20546383
17376560
21332775
21278322
18947121
15613552
20836629
20097036
15891488
16387467
16986764
16985231
20130828
19412094
16267145
17636805
19240682
20887840
19068052
17339510
20975928
21533865
19558289
20940569
20051399
17686221
16025151
16740362
21218737
18095805
21141265
15572938
19024225
16197495
17187540
19745628
17061759
18064982
16814628
17444370
16638778
21168943
19184127
17944604
20842954
18328683
18354757
18096587
16911174
16395066
16272977
17328146
20581648
20149573
21486125
16773438
16968511
20026995
20676776
17331805
18036917
21540618
19411358
21703897
17941190
17435590
20427867
18484381
16506380
17413677
17067674
18648986
15871467
21378554
19050330
15942477
19916890
20200818
18406980
19197779
21224945
17118072
18389318
21309380
16964900
19695929
19734778
17492990
16711175
18535316
19157357
19302633
16550072
19460281
16301934
21742733
18418109
18414266
19230110
20502176
19948782
20223450
15953979
19233704
18184869
19122987
19117219
18942565
18216075
22128521
18380940
18675635
16385863
16519372
20974057
20526867
20435967
18493711
17909428
20672517
16443811
18006131
18354103
19949764
20159216
18663348
19847645
17230545
21376797
15974225
16523736
16859870
18358119
16425106
16010902
16612297
16048529
18520646
15881050
18596678
16567238
16728480
18289424
19930228
16274558
17955732
16719130
15793979
18208739
20630923
20202278
16624481
15558902
18164465
20840378
16698475
16618863
20196310
21316785
18674473
17459128
21813388
20581917
17563889
19250523
21486337
16696861
15785347
18094781
15572574
19948517
18650034
19826326
20932316
19017394
18831674
19204854
17956529
15946608
17827082
20795829
17351843
18995155
20543162
21904104
17020113
20826510
20570138
18762528
17470691
16327362
20409433
15637958
20974322
18788230
16893677
19223810
20142743
15576817
18439320
17908755
21763216
21265595
17651162
21214139
17315602
20486528
17265661
17129330
21554063
16304223
16326779
16553671
20103000
16876380
21070639
22026065
18298996
21367682
18087202
16598356
17537009
16676754
18078589
20508678
18951825
18044825
17218869
17000484
17464789
17324466
16096881
15800173
17496717
16330875
16633970
18062753
17603000
20392641
15700601
15550362
19039740
16915743
16150016
20669805
21349446
19397561
16554694
21336024
17154706
18693140
17473537
16960322
19944376
17381876
17918618
20514880
18360885
15999352
15746779
19499731
19667785
17332176
17654478
17519048
20871511
20401873
16546015
17075658
17347512
16434935
15602164
17438985
20061529
16855121
21040025
16374192
17152030
17039499
16442452
20162921
17327715
16225336
19289342
17585613
19480076
19476884
19551656
17000474
15683749
17869587
19148824
20846225
19551750
15835217
21435000
21893736
21507076
17875270
17317434
17899501
15966460
20957133
15646720
19232916
20564415
18714603
17427878
17977500
17365897
19897696
18585886
20543388
20334753
17116184
20179254
18801512
18718157
19378577
15534456
19950735
15575190
20419517
21788285
16541164
20067075
17518906
20009496
16306294
17495375
19815915
17649750
18512998
18423347
16826947
16505655
15836532
20423289
15918260
16676339
21266145
20067358
17241635
21461208
17667396
22046017
20706191
19543092
15733702
15723152
17361789
20690964
16629007
18321620
19850435
17056768
17598626
20635252
18482653
19752418
20235302
15838981
15886547
21519705
17139909
21966769
15994721
17014467
19519752
17036885
18937591
17091363
17701393
20192712
21168247
18983365
17439757
20163702
18347485
21598810
15798453
16119628
18691802
21099645
17977309
20679618
19918088
19185793
18690003
15932385
17608050
15859963
21717621
19075085
15533366
18038520
19935333
17934943
17077631
19953866
21842250
15637849
19026199
16215794
16130256
17849931
17937801
17164055
20486613
18513247
17636688
17494826
20000030
18759983
18053957
19773145
16050958
17088119
15924035
17039753
17539560
20799394
19018899
18950076
21051175
15865495
17386309
19717826
15822460
20395733
18389029
16027580
18257761
19132791
15608112
17551420
17395358
15889886
20674334
21242245
16279158
20875178
21530414
16784530
20305010
19743532
19995325
16476133
17345760
21084438
18810663
17118306
20925719
19006500
17188939
18644481
19736818
20851681
17086162
19874330
17224939
20121775
16271117
17664122
17365449
19530475
16707070
15959710
16515282
15934553
18234365
21523751
17144913
19962716
19461551
15949738
19753473
16739186
19576661
19239596
16175812
19903757
17902163
16450936
15813804
17102716
18387718
19962280
16691214
15737160
15805142
18336265
19745635
19753508
17578583
17629664
16594227
18710057
20238152
21761614
18951385
15974381
16246653
16729530
18842158
19627506
15675218
19760913
18459697
20731579
19593901
17958989
15553892
19648096
17418522
16217587
16244204
16674782
21490536
17518864
19164133
15891317
18038817
18430153
20546471
20216504
15754859
19529915
18477393
16134467
15669928
17118307
17133494
17613139
16088115
17386313
21456496
20229845
17544129
18652727
21635795
17998356
15902166
16902171
20431501
17766740
16440248
19416796
16818841
16698659
17387304
20569869
20177166
17464538
17659422
18824833
16394905
16505428
19411789
15548461
21365160
16936529
17886195
17971696
17068804
18086965
16400508
18574368
17040156
21485897
16532235
18808614
15606985
17147799
19817603
17850043
20552855
20441119
17140420
18067610
18261949
17711812
17334734
18472622
19268741
19581197
16636096
19002485
18325458
18639263
17079614
20200284
19705986
19534188
18266225
18008106
15849485
19186674
20693890
16136001
21272220
18298632
18803604
17002177
19002473
17450708
16258402
21044137
18686910
15807755
16953860
19273394
20042146
15720482
19968578
19804629
15609848
17467557
20047365
15933461
17215605
18791862
21058808
21952329
15586121
16865827
19331058
17434737
22203544
18575943
21103767
19448927
21108856
17699001
16096155
19207369
17059486
19443521
21104212
20393174
17971372
16048856
21145582
21385082
20429354
19278185
18198456
19383958
15708184
19114574
15528284
21299762
17949275
16980636
16563626
18635374
15817604
20157933
15580091
20046114
19573210
20691476
17998857
15875449
17897265
19235496
21520690
19772247
17135069
17339823
18681200
18700267
20108789
17902393
17088700
20632189
19952545
15717463
20446352
20147836
17697912
17131302
16060201
16273817
19760564
19397163
17728797
19131417
17725024
19999957
15804319
18021557
21807676
15853088
20202506
17691479
20417783
15889866
19386583
16260054
17449437
17826070
18571013
20625672
16788840
20173601
18803845
18066739
16504130
17714995
17646058
17671242
15787231
18181013
18060326
20371032
19786861
19174059
20384560
19939303
16792000
15867079
16633769
17390706
19750383
15550360
20638738
17087399
18724523
20562092
17461307
21523985
17693295
20464883
16636009
21625545
21155756
20974021
19343858
18355257
17219636
15853785
16629255
16169582
17524720
15847865
16122540
20630159
19819097
20090660
18808468
18380266
17431061
20572537
20125094
15971736
20610316
20593024
17619435
18560678
16130682
16275521
19479167
20210934
17108717
18261005
15750517
20661053
16254006
20336328
16019260
18401054
21670090
17543696
17441293
20110929
15686337
17202527
18245167
18551888
21062136
15753505
17169084
20542793
17356436
16953356
20434086
19780368
17933417
16760104
15606321
17007330
21521429
16302156
19426427
20800299
20044780
21199464
19807235
16716857
15787223
18927962
20044846
17088648
17044271
19757348
17583592
15853778
20081638
17059156
20510287
21456398
17671080
16274139
19282319
20659198
16544676
21810723
16240145
18217874
18680809
21876014
16478905
19583066
18257966
19647663
21542811
17286217
16677387
18480649
20227811
19940587
18271767
19253858
15573804
15656240
16376145
19441635
17676967
19201298
16291438
18665069
16595018
18551855
19251970
17569459
16112306
17966836
17564063
15944497
16253466
19295970
20551740
15674950
19363883
19622467
19207052
19697671
18171450
16119863
19745245
16633300
17463337
17160874
19300074
16292130
17989566
21314778
17447309
21122570
20846245
16636090
18807675
17565929
16021555
16627397
15717905
16387251
18172739
17460308
16394212
18194099
20736674
18774997
18684186
16198192
19858395
20529039
18512376
17440640
16353511
15904750
20164614
17519264
18030151
15722583
16501137
19716267
17295995
20860573
21646997
17170671
19190869
18815527
20947721
16711494
17069235
20177688
19507357
19209570
18308924
16563919
17577185
16533682
18519600
19736742
20303591
15801387
18485946
19020265
15609056
19119095
15762102
16162702
20619199
16872507
16720750
18779034
16773318
16331229
17902602
17728557
15618370
18703770
16355575
18434916
16715210
15807052
19295420
17037115
17082171
20307439
21378301
20102813
17446195
17848041
16278571
17372803
18294599
17613160
18349768
18556989
20689933
19401125
21406428
15762209
19323716
16131555
20357704
16903582
18666878
17591223
17598932
21934062
17039988
19192986
20520550
16671364
16766968
17094360
20660633
18320906
21162170
18031485
17944892
21554711
17276065
16085210
18035070
18808644
21519226
16050894
18520258
15579357
19943226
18179365
20605754
19700963
16138633
18433656
16499674
19133182
18189206
19286279
19010578
20457406
15544295
15631404
15671188
15940585
21462877
21273025
17456175
16357710
19759979
18505800
20586623
17146067
19401126
21675468
17707080
18074490
19694521
17416502
16044791
17233912
21666960
16698621
20687824
18834019
16638252
19228236
20013572
20224406
21459494
20969538
18727310
17464595
21630563
16562808
18041073
17363323
19570067
21642331
19065866
19088358
16706810
17385657
15707176
15915739
19558936
17090222
19050194
19786448
17609848
20500349
16879008
21571237
21501726
18622339
16951513
18034333
18835724
17081306
18369305
16430334
15983886
16641129
16781501
21480005
17145737
16376472
18552269
18258650
15841887
19528344
19617282
18446927
16451720
15696111
18717919
19899597
21854247
17084843
21143428
17581772
19877163
18293235
15930917
20581667
15530599
17020485
20103029
19408882
16623608
16215464
16035634
17241252
19596287
19703037
16295340
20959765
21784328
18433476
17116781
19594341
19025084
20718597
21406700
17252093
16956148
16594432
15829838
21721875
20695356
19281345
19133288
19013121
16457272
19891814
17486826
16352966
20495317
16583727
19111866
15597936
21126299
21446971
20952243
21180834
20640269
16186466
15560900
18336450
18368873
20299047
17364077
19859000
19134487
21848019
16816586
19321807
18981966
18827642
20686322
16987416
18206256
16464348
20687357
18515809
16334710
20663701
17525427
18826466
18171306
18940027
16890438
17263612
18211559
20431450
16930901
18771643
20843886
20639645
19944357
21359258
19898099
19837351
17310337
17695729
17971465
20736716
15589715
15554356
20303450
17704125
17295602
16425947
15612429
16714461
16571423
20027097
15695349
19472959
17601835
17122526
19956658
19156467
15762898
17955777
19723325
20444061
15551979
17986485
19766889
19375271
16129014
19009937
19238355
20841530
18847430
15817021
16884135
18097853
16961098
20943579
20888949
16729477
18047642
18728297
21515870
18690085
19166698
16199397
19095330
18173895
16872504
19731425
21361237
17847597
17196906
17636151
17951213
21383386
17687209
19094408
20224058
17479810
21039750
21292755
21483492
22071936
17760529
20529186
16973953
17052342
18403569
21155465
21156883
19955045
16892780
20155327
20212028
17574692
16594878
16787476
18032197
15700599
18201030
16944994
15631265
19092935
21362785
16509387
17364397
16514251
16538669
18931399
20719721
19100960
17489898
16850152
18073618
19838909
15910230
20015491
16303228
15869017
21388095
16183003
19927860
18076697
19772703
21906721
16209671
20419747
21173365
15628643
21837847
16650239
19426927
17284980
20610495
21460713
21601724
17016148
19359079
19010185
18842223
15590035
20131442
16096143
16220148
15714020
19874100
17563967
18926978
17723982
21114909
16463647
16676021
20673358
18844528
16372152
19082929
20560683
16566103
16310611
18039440
17091058
20373649
20085991
17349439
15774047
19650749
17468606
18039381
17446244
19252456
18610901
15582346
19466268
17536978
17218558
16887012
17157094
16171054
21102295
19264684
18234092
19554857
17943605
21723143
17885384
16770116
17015873
16050887
19402362
16720517
19249515
21051104
16189755
16206812
16873593
18416794
19768806
18467479
16499745
15862050
17300571
16024021
18727762
15554800
15631643
19025956
21114911
18817024
17592982
18092495
19731345
15559340
17684171
18192110
17146310
18684585
17962011
15750704
20215627
18412586
20044165
17905442
19318286
16513873
18349430
20795597
20035292
19663713
18853711
17060109
18308409
15913234
17477793
17000231
18790102
18926979
19177891
21661500
18815503
18838309
20118821
17710787
19551433
18832603
19104206
16704405
16969164
20683772
21411079
17726718
15793022
15957293
19805769
20824760
21805744
17670952
20148462
18979955
17212894
17265662
17516351
18501044
19437856
17355306
18638330
21501057
21261193
16911017
16637416
16261714
17261112
18055669
21368257
16028803
16798702
17664508
18625090
16476633
16575677
20847024
17505392
17942501
21767378
19439707
18387803
17469367
19674863
20206787
21268381
18714905
16270404
18032682
19636497
18341171
17601474
20878833
17944141
15532179
17854730
16722813
22066284
21158744
20673619
18856016
20032757
19072456
17953919
19482120
18044755
18982964
16005633
18992671
16240060
21074647
16429960
21029353
16116780
19917174
18403574
16115252
16189057
18455252
19554891
15891347
18477178
15626893
16680051
18463881
16229400
18849368
20942889
21034876
20795834
20493768
17111639
21311252
19335382
20441033
15791769
21404004
17510109
16431186
20854602
21150411
18405469
16271652
18840905
20629463
21346463
18785936
20015357
22033731
16124686
18538973
17300001
21586185
15741712
18770934
19509598
17607616
15554540
20307367
16445443
21278690
16252379
20402319
17411640
17594915
21784713
15907850
17999294
20540393
19001919
17565036
17503119
16575088
21489721
15716822
21404999
21194663
18367776
21084087
16807169
20532477
19571638
17570677
16427564
18272320
21481736
15821676
21302649
20552832
15661265
20142406
21809909
17565432
19817274
19775571
21670623
16937871
21661617
17688377
20008060
18058690
18853737
15736600
16782921
19573773
20551695
20585420
17988822
20863176
19453920
19111480
16238867
16959677
21703808
16533676
21692585
21137699
16528928
17697095
16900723
17430832
17544250
19913183
17872907
18690131
16913238
15688545
16529207
17084759
15974110
18604724
20217979
15528288
19342618
20186132
16235143
17264032
15741477
15645771
19300289
15889803
16749222
18433963
16306755
21669385
16094133
15828693
20949591
19825494
15815960
16500828
18335898
19430416
19740139
21665473
16282827
20729493
19471254
19481045
16520265
20170869
20523150
16477415
17081913
15980733
18543349
18598388
16516560
19827576
21899216
19250617
16926728
19491848
21675316
19953730
15726869
18841185
20095083
19280201
19302213
19813165
16265798
19655471
16736311
17378836
21036526
15836534
19694884
15717079
16759046
19824260
20008604
17102299
17609227
15867182
18401676
20393104
16771260
19468759
18542990
17397375
19538715
19504614
21824947
15835081
18241967
19687703
20705165
18533313
19655210
18156966
19852197
18575289
16860195
19429734
17099365
16686584
20010728
17391559
18594256
18198363
16970561
18046866
17067405
20384975
21214379
19266968
17924269
16617943
20082954
16123471
19770295
21393574
15890308
18757768
17447603
17592973
16734038
18935701
16913320
20581323
19451489
17562661
21624867
21406315
18083238
16860987
21199231
19841416
16310569
18947323
16613410
21460588
17605627
19064601
20679981
18041324
19582938
16412975
16217567
21114915
18060216
22121557
18277849
20066871
15740630
17339984
18347275
17474799
16938691
16825133
17079552
19819206
20966859
16930787
19592414
17289539
20482425
18475104
16620253
18386594
21815515
15909434
16682037
16616269
22041659
21495336
15998615
20408341
20964817
20008828
19813773
19034727
18325425
21247433
16926310
20440564
17037446
17083318
20066735
19652590
20383478
17133195
18545734
20040563
16964556
17564561
18177522
17592782
19968876
19343863
16860522
21995093
18512658
18705901
19237903
17452026
19159543
17276289
17674397
18091628
21395110
19413197
15833226
17394114
19879518
16513352
16276203
20230177
19955983
19615730
17005051
21129700
15876987
17944637
21385083
