16711623
16715030
16750079
16749882
16741701
16741692
16737548
16735215
16734501
16723935
16714995
16714992
16703874
15779616
16775565
16769462
16769461
16765217
16759562
16758516
16836215
16833053
16830008
16807837
16805937
16800319
16798690
16792952
16791667
16791111
16696140
16892682
16883748
16879726
16878036
16874910
16873775
16868472
16857996
16855079
16850023
16850003
16959743
16956427
16926987
16924643
16921334
16921327
16921324
16919169
16918738
17057138
17054862
17044631
17043340
17040158
17035080
17028624
17021867
17019543
17019542
17006813
17003585
17002795
16989937
16981481
16973953
16965637
16963668
16633270
17130700
17126784
17125705
17108610
17103344
17102442
17102358
17101036
17095499
17087174
17067404
17067321
17066354
17061633
17243646
17238846
17236185
17235261
17219943
17215746
17214274
17212816
17208121
17205470
17205015
17205003
17205000
17198673
17198055
17198051
17198049
17198048
17194412
17192174
17188714
17167350
17167022
17166982
17160874
17158127
17156444
17150050
16565290
16565276
16549942
16076791
16061905
16059545
16029990
16026661
16015522
16015513
15994150
15982209
15969230
15962057
15918423
15912412
15909168
15888901
15888855
15875456
15854886
15839841
15819874
15815740
15805812
15774063
15774060
15774058
15774054
15774043
15749320
15737518
15726325
15725388
15716799
15704768
15694983
15683013
15681213
15675566
15647409
15635014
15628649
15625583
15619174
15609749
15609527
15599171
15591608
15579357
15579352
15579349
15571853
15566609
15566606
15550963
15540702
20125065
19373050
19372311
19318833
19318659
19237957
19209469
19007710
19007709
18981745
18978231
18972100
18951120
18949617
18935701
18929940
18853029
18840131
18840126
18839647
18834970
18829246
18812804
18812800
18812797
18811986
18801161
18797421
18789413
18787437
18698597
18684127
18684100
18682996
18664793
18664792
18661903
18618273
18614905
18604144
18594232
18593834
18423067
18423061
18381020
18365349
18364061
18361943
18353495
18339152
18330002
18309475
17494803
17492122
17491503
17484455
17484454
17481538
17476618
17475637
17468846
17464153
17464135
17464122
17462760
17460312
17458539
17451834
17447309
17446786
17444316
17441560
17435590
17428211
17426196
17425252
17424791
17421108
17421104
17421095
17421092
17421088
17417975
17413906
17413794
17413404
17404704
17404703
17401254
17401252
17397609
17397608
17385143
17381377
17378471
17377328
17368174
17364579
17356965
17352662
17347828
17342513
17337364
17337163
17334245
17328473
17327732
17327188
19848033
17326025
17326022
17326021
17325834
17322016
17316458
17316150
17315338
17313915
17313914
17313913
17313912
17313908
17307117
17306139
17302084
17300545
17295004
17265392
17259566
17259029
17255865
17254667
17253331
16635934
16633255
16625132
16613393
16608944
16552592
16545949
16540948
16536726
16536725
16532671
16529145
16508754
16501132
16477415
16458206
16455161
16450510
16425951
16420206
16390532
16368825
16368362
16342457
16326253
16277734
16255737
16249625
16216646
16209223
16181597
16166906
16148491
16138817
16137393
16137369
16128659
16128658
16127906
16119501
16109681
16105460
16099126
16003098
15983929
15947366
15887749
15847755
15823373
15823371
15823370
15817804
22033731
22039681
22005230
21823409
21654229
21651656
21620058
21613832
21610578
21610577
21591317
21469493
21357356
21224945
20810410
20647800
20605808
20451295
20447588
20369398
20364656
20118708
20019513
19718056
19682848
19665078
19664190
19664178
19664166
19653555
19648012
19592866
19592865
19591660
19591640
19590468
19584756
19584211
19578326
19578318
19576529
19556412
19552036
19501307
19497889
19486790
19484951
19481991
19464761
19449615
19449613
19448455
19437854
19426427
19416567
19377807
19377100
19373053
19372540
19372340
19357507
19340411
19328930
19327326
19319635
19291271
19266786
19233019
19231938
19229399
19225286
19195189
19186285
19186284
19186283
19186281
19186279
19157281
19157280
19157279
19145667
19141996
19133108
19104208
20351861
20351835
19114416
19090977
19087006
19074130
19061471
18092378
18091633
18091554
18090376
18086397
18086322
18084821
18079239
18077295
18074476
18074416
18072405
18072402
18069083
18053497
18052813
17959478
18036895
18029138
18020106
18020064
18019898
18003493
17998356
17992064
17991255
17988824
17988499
17987759
17979955
17975399
17975397
17975393
17966935
17961965
17951939
17949984
17944801
17944014
17931309
17915124
17907496
17904484
17901640
17900487
17900485
17900484
17900477
17889207
17883663
17883662
17883660
17883657
17883630
17883596
17879677
17874227
17872904
17869966
19175220
17855894
17852926
17850563
17823705
17822429
17803416
17767458
17767457
17762386
17724354
17724244
17724240
17724101
17723957
17712753
17709931
17709688
17703281
17701164
17701161
17698343
17697946
17697945
17692636
17687066
17681470
17666306
17665067
17663957
17653528
17635055
17618032
17609929
17596003
17592345
17591422
17582017
17578780
17573519
17573297
17563875
17558877
17548028
17548020
17547983
17546350
17544449
17541752
17541554
17536995
17536158
17535315
17522191
17521795
17521767
17520877
17520538
17517447
17516092
17515638
17506162
17503016
16469132
16425946
16401055
16380791
16374205
16374184
16353495
21713750
21711124
21702238
21666406
20971828
20970883
20961272
20943293
20940584
20934213
20924007
20923287
20889511
20888642
20868935
20865339
20857374
20852840
20843717
20841885
20837322
20833570
20731597
20726410
20716478
20715707
20694712
20689937
20687902
20687449
20683299
20647792
20647790
20647789
20647783
20671079
20670386
20658125
20642057
20627526
20613695
20605583
20586177
20577153
20551742
20549122
20541065
20537847
20525521
20502180
20502178
20502176
20502175
20502170
20502167
20502166
20507569
20497606
20492062
20491353
20476659
20460559
20459997
20450246
20426656
20385565
20364415
20359648
20358501
20347328
20335136
20236501
20213068
20183899
20175690
20160388
20046114
20046113
20046112
20118704
19160902
19144279
19132344
19131749
19125233
19120748
19116393
21330791
19114903
19114900
19111105
19109071
19107768
19095330
19095105
19094155
19091089
19084319
19080877
19078874
19057894
19057804
19056017
19050634
19050627
19050600
19036140
19023352
19020436
19019621
19018515
19014704
19011742
19001682
18992630
18987516
18978241
18937570
18850538
18849556
18835105
18824907
18798717
18787451
18787448
18774425
18769938
18766108
18764990
18757313
18753685
18725030
18682142
18664821
18648768
18645323
18644822
18641110
18637856
18635750
18617824
18614907
18593835
18586556
18584998
20108501
18582304
18578955
18557993
18554414
18552685
18552111
18495057
18495053
18495052
18542008
18541308
18538202
18538195
18522525
18520461
18516588
18506339
18502155
18499585
18497214
18489775
18487826
18487744
18480649
18474503
18455049
18454218
18450682
18450676
18450675
18444857
18431292
18431289
18431268
18431260
18426471
18414358
18289442
18289424
18396504
18394871
18394626
18389666
18388684
18388681
18384672
18370902
18369593
18361466
18359418
18357435
18357420
18348307
18347204
18346978
18339553
18336817
18332812
18332384
18330626
18324359
18321269
18316952
18312194
18309865
18301231
18301093
18301089
18298989
18285315
18272320
18258650
18256375
18252923
18241782
18229781
18225970
18225839
18222953
18219695
18219059
18214436
18201316
18201143
18198256
18194925
18191669
18185876
18183697
18182920
18180903
18171181
18166588
19745504
19431249
19281088
18156880
18154637
18092662
18084368
16749879
16721184
16703873
16684638
21888221
21818018
21761595
21605272
21592035
21556470
21553513
21545065
21531855
21503428
21525819
21521957
21521951
21514176
21500511
21496830
21492990
21478705
21478045
21474201
21471081
21471071
21468496
21468485
21467055
21457180
21444842
21444841
21428029
21426376
21419256
21416871
21413473
21382515
21378633
21376519
21355832
21340281
21336121
21309472
21288722
21288218
21283008
21268419
21265584
21256024
21245729
21215489
21199074
21164408
21164394
21171881
21163726
21146062
21144983
21125034
21120767
21106655
21102400
21096918
21096039
21095840
21067855
21067456
21054665
21051389
21045579
21040160
20613500
20610578
20598984
20596688
20582384
20579192
20565845
20562254
20561840
20558561
20550662
20549184
20546564
20539060
20502179
20502177
20509966
20490781
20465830
20457341
20447720
20443154
20439333
20428969
20423374
20386307
20386011
20364637
20363840
20359669
20350912
20345835
20340049
20335722
20237760
20236435
20236095
20232036
20230620
20226943
20221748
20217046
20214779
20212337
20206787
20198726
20194809
20193057
20191796
20185424
20173056
20160527
20144193
20140355
20046133
20046119
20046118
20046117
20046116
20046115
20129356
20125069
20124890
20123762
20118703
20118504
20113269
20109001
20083918
20101551
20100342
20098875
20098128
20095184
20095068
20089197
20083934
20078245
20074907
20068464
20068462
20064197
20058098
20055202
20050789
20040563
20040555
20040087
20026651
20023498
20023471
20023465
20019515
20019117
20018803
20016379
20015357
19967948
19967217
19967207
19964986
19959057
19957419
19956923
19955983
19912120
19941223
19939417
19930832
19926387
19920434
19919796
19919206
19915983
19914739
19914032
19913962
19912967
19911252
19904080
19898766
19895690
19889918
19889197
19887951
19886000
19885989
19880910
19880319
19874469
19866508
19866504
19866498
19865028
19865012
19860111
19855272
19855271
19851141
19851135
19849827
19847381
19841020
19833007
19829120
19829099
19821892
19818159
19814850
19796410
19795324
19792995
19789451
19789438
19789019
19781901
19778422
19761574
19777385
19775774
19775567
19770748
19770746
19770109
19765116
19762549
19760913
19752038
19751500
19747406
19741432
19736574
19735339
19735334
19732512
19731990
19730812
19729568
19729437
19729322
19728294
19723861
19716704
19712945
19707128
19702526
19698012
19694760
19690256
19682350
19673646
19667772
19647132
19656207
19652231
19648386
19644419
19642026
19636534
19635962
19633547
19632735
19623054
19622916
19622467
19592212
19591659
19586391
19583003
19577419
19568731
19558943
19558932
19557388
19546724
19538405
19531035
19515476
19512875
19491690
19485873
19451259
19444413
19429725
19421963
19420206
19413555
19410421
19400486
19397393
19386511
19384220
19384207
19384206
19383164
19376843
19374492
19372334
19369143
19369134
19366395
19358736
19350214
19349900
19349895
19344363
19338653
19335479
19327951
19327333
19327311
19327186
19325488
19323358
19300221
19295292
19293173
19291280
19268287
19255297
19242350
19242341
19242320
19241511
19234100
19230935
19228236
19225055
19216749
19203391
19193915
19193582
19183752
19167592
22096876
22096875
22073586
22045882
22000178
21991720
21987988
21985048
21972388
21926512
21925408
21893625
21888046
21887863
21874753
21862745
21854894
21844108
21812227
21808158
21807288
21800640
21794116
21790520
21678268
21678267
21678264
21768816
21764767
21744722
21741117
21705886
21670615
21668929
21652175
21641222
21621453
21619644
21613833
21612503
21598809
21595359
21572328
21542189
21537070
21515978
21506058
21497505
21488764
21488763
21486146
21480832
21469497
21459866
21444840
21429622
21422361
21418581
21411265
21411218
21397105
21397103
21382248
21376601
21376514
21375101
21373820
21371299
21362711
21358312
21356573
21356054
21355823
21340639
21336196
21336136
21333923
21332838
21315638
21306623
21304154
21303772
21298643
21295485
21294425
21291327
21285427
21283004
21261976
21255500
21252660
21248672
21239783
21164415
21196567
21194303
21164391
21183505
21174173
21173281
21164071
21150582
21140348
21135693
21126195
21121815
21107270
21106660
21097762
20516765
21073503
21071528
21045742
21042411
21040261
21036526
21035698
21029226
20950434
20935115
20931917
20924426
20920322
20890190
20887410
20880435
20853250
20838333
20838329
20836418
20833820
20829335
20810417
20810409
20807296
20729729
20724738
20723173
20719721
20716012
20712672
20712670
20711068
20709554
20691142
20691139
20689921
20647797
20647793
20647791
20647787
20647786
20674362
20658124
20656491
20642855
20639745
20637974
20634622
20633749
20630889
20625622
20581667
20576734
20576445
20574104
20573203
20533023
20525106
20502164
20433438
20486411
20358493
20353552
20189267
20082700
20068461
19667888
19608827
19412586
19325461
19237924
19092649
19056014
19046450
19046054
18947382
18936694
18840575
18690370
18620598
18500209
18431285
18325166
18379242
18272777
17636805
17414081
17334253
16981981
16706550
16706328
16704742
16681815
16678905
16678002
16671031
16646986
16629599
16625131
16621142
16607904
16598327
16584527
16584309
16557153
16557152
16553120
16552218
16551817
16546345
16540951
16534569
16528181
16520999
16517009
16507152
16505989
16505667
16501944
16500548
16494634
16494151
16494144
16492843
16488688
16484895
16482394
16478645
16477413
16469126
16460982
16451411
16449952
16443087
16443085
16441455
16435158
16432594
16424723
16424714
16424711
16406198
16391318
16391311
16388791
16377830
16374221
16374162
16359559
16343637
16336594
16333766
16330308
16328221
16316685
16304223
16304219
16292071
16277740
16273112
16272977
16245756
16242440
16226862
16226371
16213693
16207948
16198571
16175025
16167222
16158465
16156331
16155356
16153486
16153485
16151722
16148475
16148460
16128654
16127527
16117983
16082989
16076796
16076792
16061164
16061139
16045660
16045659
16045653
16039957
16035084
16033595
16015516
16013019
16003060
16002947
15987393
15957698
15947330
15940115
15938105
15937755
19284356
15913471
15903001
15899745
15891758
15889590
15875128
15865552
15864918
15864663
15857533
15856171
15854933
15816653
15807758
15805811
15787068
15782316
15778070
15774441
15774056
15774051
15774047
15770561
15753636
15743296
15699829
15681217
15664224
15648035
15644665
15644656
15640637
15640361
15598066
15596691
15596688
15588359
15571901
15571854
15566611
15566610
15566598
15566593
15566592
15557911
15533103
15525848
15690941
18031843
21097761
20803390
16420907
17707077
18829658
18923870
20943343
16466574
19006594
18243632
19582520
17908529
17472499
15867741
17162118
20615920
19837242
17565880
15540970
15750529
20671564
18610923
18619689
17581367
15528966
17950508
21255001
15590340
16362709
17327910
15927105
16808584
15777363
17011267
17072157
17266848
20846884
17629737
18222479
17142604
16164897
18618192
16520526
19262907
17327740
21735950
18724571
15812293
16676339
21498782
16968364
19687374
16719900
20225985
19437383
16461869
18945708
17701163
19012555
19407674
19592914
20203459
20654985
19454193
21319423
17693832
15575815
17391510
20691557
19196596
19438112
21334928
16614013
20922540
17985517
16717514
21419250
17195982
19199193
18403816
20559160
16794782
18022025
18026008
17332570
21989747
15841884
18332383
19447530
19525484
18030151
16759386
20966841
18436909
15950834
21078002
16500868
19391468
16925002
21382047
20336979
15957301
16403190
15787229
19673622
16616171
20384527
20443318
15715808
19445343
19655602
17537082
21569978
18219243
17540139
21637155
19390760
20044690
17140014
15853131
17540639
18384420
15633316
18419892
16295792
19638603
17710834
16669477
17300571
18956224
19460257
16808739
17019898
15990914
16683218
17476142
19297115
16595344
19588856
15706006
21398320
21430578
20795833
20801920
16784064
16357787
17627836
21057971
19495779
20095297
18625752
18461495
19022185
16839431
17630555
16088832
15536815
20036168
20064269
15537718
21123504
19480834
16259231
21479566
18473086
21651362
17902526
20507890
20023337
16605041
18942219
17227981
17802732
15853090
17718731
18161229
15807910
20068465
18477179
19006956
16687196
18550360
15515975
17332956
15745401
17375806
18820520
16802682
21727887
17041814
17221082
18488774
19558371
15548410
20831465
18394529
21214615
16705366
19780749
18448727
19550170
18854258
18695611
18709836
20835273
18677715
20579138
21708521
15718187
20603391
15584342
18512305
16048856
19632052
21461208
16906322
21148160
18044379
19368582
18001003
17160733
18434916
17488153
17512880
18592319
17066971
15823889
18663540
16928246
21894868
22046017
21341443
16098411
19504677
17766564
21409880
17040607
18446731
16939948
15700897
17886426
19545366
18226676
16125029
17901105
17378463
21173510
16443974
18727992
17409023
18482123
15992696
17394668
20402540
16124685
18080336
19661793
16511737
17160215
17563485
15772468
19390341
19937919
20156411
19479548
17263097
16033703
16464258
15546945
15572395
16043345
19486762
20614373
15771650
18065294
17092453
18179535
20228360
18811573
20667699
15611316
21744630
18810621
16614650
16545033
20687037
19619341
19157761
15797158
21932708
19572761
21378658
16199843
19896184
16263639
15642851
15789185
16475078
21110121
20125211
16333538
16442991
16404682
18657041
16033623
16493933
19402860
17274424
19386325
17436479
19667032
16185590
19562979
17279205
21651658
21196807
16380574
21346534
21678368
20880051
20202506
20478508
21709298
19835197
20030500
20222259
17914295
16285604
19809317
17999293
16035980
20085075
21131115
16821695
21419258
17337155
16954006
15639679
15764752
15572094
18472537
18752459
18690127
16448491
18560281
16902338
20677915
19840578
17513549
17545823
19687307
19095293
20193885
17444429
20303029
19181649
15769975
18612163
21190493
21367369
20649437
17804339
19017909
15920650
16481096
17146139
17541876
19711633
21750125
17108723
21690434
16214698
20579160
20921095
15976565
19701013
19444671
18466649
20547646
21534878
20465144
19642433
21478774
20586173
17418924
20546287
18005124
21242160
17150325
19024666
19010641
17978589
15720030
18684788
16816039
17384313
20102555
20303450
21362785
15622906
15916380
17971308
21444178
20236400
21035766
16915216
19574849
19920744
20122508
16544687
18000242
17469164
16764929
17317363
20582753
17397490
18025362
20823348
19284635
17767631
19288969
15836551
19655676
15917977
21174846
19372123
19819169
16178342
17174847
17387067
19947187
16876922
20334576
18524343
19179560
20057230
15597928
21548351
18833458
18059463
20541279
18038531
19150895
15955402
18042484
16623608
20006316
21517787
20921451
16982297
21448033
21056869
19581228
19064141
17722744
19396071
17911892
18399022
19805707
18247270
19441600
17684852
16843064
20471731
18769996
18590250
20122627
19780692
18779186
17335523
18664509
19930887
16374179
19711135
17515025
15884254
19047688
19306565
16191141
17577160
17522972
15673655
16532235
19489086
17224839
18563001
19770808
17366227
19427776
17708742
19381427
17040575
20974416
19509603
19068042
16050236
21299077
19067499
21811160
21542913
17251726
18350471
19936994
21042245
19799738
16504619
17563109
16830844
16546833
15904849
18753879
17299658
21374886
19525719
18805619
21149871
18856018
19811155
18357954
15645999
21642907
20496559
15935732
19048572
20803404
15699853
16149236
20122065
20402368
20464523
18018818
15659085
20881153
21261966
18184164
18238790
18688058
19465046
19859745
19695425
19144970
17404191
17515088
15664106
18190369
16335544
21817993
15924011
16352514
21615457
16721159
19418284
21602631
19475812
17459138
18180181
20539807
19657936
18777976
20974021
15595510
18842157
20665908
20597406
15712507
19525764
21721874
18411878
15618370
17656407
17263051
17167523
18709593
20378307
16116391
16624217
19949135
15582783
16604802
18171493
20104404
18644005
19780857
18535476
15716205
17541523
16425903
20044163
17624815
15623164
18723249
16808742
18494393
20826377
19082202
20031823
16280973
16730440
21199423
20722311
16567238
15805358
18636026
18280827
16515712
18190479
15626189
17431337
21121592
16689413
18924462
18378725
19467851
21464065
22007044
19218017
17918029
19929646
17140539
15826425
18856075
20232017
20380748
17359606
19541256
15756360
16227035
17244186
19387930
15632503
21877570
19276146
20879497
17416275
17434236
15934550
17353752
21348209
15853163
19129052
15805462
17174511
16764377
17985963
15708162
16029982
20103029
16643265
18037283
18379720
19636707
17277009
19067982
17061594
21279938
20491594
17905052
17920226
21138880
18981549
16236850
16970653
15631276
17851308
20670129
17559722
19377071
21406315
18214226
17942364
18848181
20375814
16116357
21303764
16910067
17015201
20712210
20937199
18411581
17380521
19634381
17975462
19455882
21285970
18370563
21536367
17938143
17916302
18518885
18206144
21127092
18563013
15971555
18476661
16973446
15967010
21184987
20131581
18379226
19191819
16969724
19468259
15698450
17603834
15833008
19883327
16936614
19228797
19169311
18796426
21632590
17239730
20964750
18281641
18608082
16300862
18496250
19624268
16266649
16050860
16368908
17050750
19414098
18077492
15640296
17083319
15701199
17180745
16583664
17919216
15566027
17531905
16458648
17043950
16685153
21879680
17612998
20552914
16015220
19188879
19468089
17075365
20626379
15934173
15841671
19485138
16864132
17225654
18329222
15960554
21287145
21615196
16150016
17349490
17171770
17214223
21136570
21104452
17007699
20039822
18481465
19256295
21555086
20398120
21576537
18587619
15813311
15551663
15526568
16764223
19025702
21311275
20374101
21413458
19961630
21977773
19457266
19596322
16022913
16023455
17133883
19042890
17494817
16945784
18201592
21684412
20044330
19948461
19330969
16739390
20513345
15850266
16646768
17363850
16376598
17284552
21785153
19050082
20969741
16267979
18711259
16198192
18666406
20602848
17381826
19307889
15742907
18821287
21532080
17396240
17608870
18578798
16091096
21309380
17650574
15923965
19250153
17118116
18655322
18215329
20926175
21411822
16783796
16927479
18033664
22010498
17066967
19323697
16995478
17219935
17822426
20297746
19059545
17357001
16757281
18306356
17722681
21174654
21733968
18669414
18849089
15778173
18182635
16331465
19246146
15820427
21612752
20819049
19740063
20059394
16830843
20797561
15760813
18774630
17541315
20870419
17712643
16629567
19645200
19493137
15762390
16877905
20654793
17467948
16086536
17412717
20088177
19014588
16053527
17553107
18460951
19920746
17589980
15931045
16885652
20183360
21614831
21591328
18000485
16988303
15744696
20177037
19761916
17182525
21058891
18633875
16684162
16702081
17504584
15662184
15529194
18340975
16970554
20657023
21314891
21424389
16416459
17011909
19740139
18186451
17419783
17574303
19548177
19444493
21228092
16594289
21128219
16261384
19176194
19380945
15864767
18075440
15842115
19815899
16045419
16001692
17055804
19024314
15658904
16989129
15616146
17518825
19913183
21155704
17024614
18998904
20450324
20506928
21796682
17957524
19650511
21462060
16398069
18808574
21214376
20108549
17158837
21127449
20000030
15596630
16203846
20124774
15752924
16609344
18096583
18723729
16676342
15930200
16569249
17402802
16651833
20682499
20110816
21904101
20465047
19894155
16507619
16182095
20077782
16326263
15677780
15570333
21939802
20510287
17996788
20598494
17219878
19154307
17523273
16780085
17401771
20626830
15572996
21844435
19056024
20841664
20397323
16526334
19403495
18513620
15628651
18511764
18838489
17653003
18794714
18333733
21673285
17926454
15883463
18367776
18289829
16757514
19675958
15851499
17994499
17468625
19370630
16390834
18702806
21499576
17290038
17163458
16678340
15514186
20857674
20603028
19539413
15951312
16892675
16548947
20113708
17828655
16457405
19908670
20954828
16387109
21220848
17124615
17467495
17095377
21703808
18787331
20631598
21334942
21333847
20855129
16292013
18776748
20159563
16287820
19911481
17968199
20972381
19287107
16922987
15624749
18837415
16012543
19921223
20021578
18618958
18049253
19736832
19007095
17420109
18269433
16955864
17525427
15979815
18414327
19936554
16971286
20679778
16754831
19916140
21095321
17085615
17874230
15517297
17394636
17945927
15941483
19366979
18577133
20043845
16697601
17765163
21520562
16227942
20430654
15915843
20122607
17847597
21275285
18654957
21165881
19329089
17520993
20824736
17299807
17154706
16916857
19999957
16318656
16606425
17521255
21429780
17644917
16472708
19201599
16010213
19036038
19197690
17344670
18301115
17397465
21440220
18552321
18215610
20525463
21560952
21087817
17191676
18200948
18338774
17081913
17726718
18603339
16502965
19561513
15571851
15722583
16124075
16424964
17084059
18688051
19521293
15805934
18364475
19378577
17579331
18061797
20031841
18988613
15674163
17012306
17574501
18182878
18753715
19032122
16416580
16045054
18333736
20126819
17448408
17587533
21265354
17214237
19154295
18767470
21057411
21473513
18773215
16629356
20654824
19018888
20100845
17135845
17142601
16893807
19403464
17438933
17652629
16688967
15842683
16261715
17693048
19916808
20698232
17597262
19207800
19762197
20473793
17668155
18625892
20081639
16380577
20077962
20849313
19074050
20500305
15608042
15710799
17173922
21118331
20951873
17491352
20654921
20025178
17387048
15834258
19291187
21575155
17111639
19160924
17161127
15707097
16092319
15910587
22009086
18404137
16936613
18386454
20218276
19108047
17405675
16096148
19212865
18551225
15986935
15750551
16846179
18492558
21548348
18768345
21415613
19817268
19116800
16186451
15537470
21317789
20395731
20553535
18608824
21272307
16195562
19718838
17761183
17982569
19863442
18400462
16986355
22026194
19502223
19150094
16798177
17944608
20297951
20690390
20466370
19226858
17306911
19551881
16004106
16264317
19127228
17705866
22002644
18705736
19284808
17525963
16904970
19583929
16842475
20171448
20950163
17124874
21647911
19817163
19416049
21523983
22041659
16093369
16918835
15881629
20813494
16612826
20425956
20121006
18171323
15952435
15846012
20003975
16491921
17280928
21319425
18836325
15651946
17011264
15895269
16396922
16922252
21639897
20920048
19750387
15999859
19782979
21478725
18277222
19700280
20862219
19299368
18482125
20557260
16258342
18768026
15894793
17133307
19106884
20442347
18853532
19400397
21050203
18622219
17092375
21532086
21944620
20839537
18997550
16594397
20108789
20196711
21801542
17689650
16431328
19018218
17573752
19504614
16779408
15579358
17571468
18351477
17873567
19673057
15699080
17240867
16618471
19572457
19918217
16764152
17157363
21110399
18274298
21601010
21566417
17469387
15935101
20388313
19112022
16262902
17903162
17499670
17697913
18361954
20220614
17170778
17102716
20025424
16824270
20838335
19536988
20157205
19117976
19655282
17516350
20420542
21707473
16879549
15626522
17851299
20158548
19668037
15537404
21556263
16919748
17210396
15647734
19181674
16989993
17671080
19893842
20512449
18808589
17405775
16893727
20558972
15678693
20561129
15641944
18788386
21469582
18070262
18997357
17117194
18334237
19824525
20142572
20078403
20181431
15849734
20702891
21218304
21176661
18282342
15526053
17687209
15974386
21558335
21139520
21402460
19014132
15976046
15871756
15640535
19912124
15921753
20121936
20464718
17851820
16715017
17329946
20674528
17012080
15621478
20438007
18840222
21187262
16435530
18158387
18089870
19791665
16868266
15741473
17634001
19575719
17578068
18637748
17619594
17568246
16331429
19281345
20064224
15741954
17098368
15518359
16546015
17499961
15778075
17924190
17314552
16617943
21807681
19596420
20194608
16689059
18272735
18293811
19715494
15912070
16273797
18448710
18327398
20068415
19708422
16836472
15710728
15707214
18377447
17826709
21417056
21941720
17240040
20572428
15688920
18090698
18588372
15720928
15616915
16557122
19933067
18462285
17804347
15969707
16361906
19786884
19451866
19016937
18705181
21219644
20393971
20032757
18826463
19965953
19947026
17440377
20070069
18638011
20516452
15889885
21417749
19702979
17235456
16468480
19048698
19066170
20298326
18484440
18413181
20008018
18181890
19551490
20585212
18463296
21206293
21222328
19647207
17459818
15869019
17653393
21540683
17142605
17347295
20718396
16514136
19644630
16430339
17559971
15537586
17379353
21623282
15819648
15713926
17219636
15708163
20432110
16050891
16024556
18208604
18503016
19447582
16164503
20364411
16521901
18349651
21774882
17098101
17095988
19120576
17383522
20367781
19684558
18443807
18695180
21186465
18797237
17941432
16948381
15624695
17546919
20118697
21955906
17462038
19572763
20453176
20952492
18034179
16530121
17872874
20956284
17018170
15774391
19704212
17347504
18058440
17935855
19996808
18352962
17957420
16423168
19842865
18097898
21063546
21359258
18648204
20598613
21165735
21668320
18212174
18442305
21726796
21252200
18701526
15637949
20795874
17851721
20173475
15580111
16787477
16530486
18511614
16314384
21308857
21337176
16402739
20948248
17546784
18641520
15528284
18588597
22164936
18656276
19320988
17483100
18474847
16387907
16192524
17684169
19348102
16520677
20557261
21437745
17015865
17535130
18196694
19606049
19422280
19996228
18435361
18399374
21673219
19947025
20552538
19286341
16819563
18300619
17194883
20169210
16191145
18205528
17324178
21307389
18021108
17320266
16192192
21339199
19639691
17441293
21492337
18206589
21143362
21602164
16780008
18338341
21317594
21090894
16914376
20423383
17355406
19591020
19204300
21481171
18028021
20401600
19506274
17577185
18578795
18032997
19792840
16673625
20512079
17000994
18094296
17511206
18286982
16471293
18623200
19035900
16095435
17951982
16106771
21105948
17122589
20931513
19390967
20848376
19565887
21214976
19427757
17011257
21097760
21692584
16765862
19105559
20220598
16553704
21053264
20574186
17673114
18054872
18463016
20016058
15686818
18464128
17615464
19507367
16427361
18095798
18931399
18946949
17084329
17997828
17546912
20236239
19012724
17605458
20663934
20533145
17182970
18181013
21560897
17169959
15578379
18175246
19382172
18719499
17567302
17208120
17937801
20477765
21076261
18459277
16802308
16964771
18990895
17241635
19643951
17966296
19665613
19010943
21040815
15751625
21730078
15756922
16823650
18041335
15645998
20439208
20660904
17415099
17413549
21729918
19725423
21805888
18459622
17720692
22013818
16521003
19755364
18827762
16525904
18379895
17268140
21762839
17650090
18003594
19229067
18987069
20708828
21906397
17179062
15821661
18617024
21404876
21273251
19015294
17100384
16078524
19089671
18756161
20682964
20553584
19533287
21404499
16183574
18166406
15742451
18349006
18042470
17628961
17251710
15993374
19555475
15597002
21464061
19663271
21129077
20162794
19639904
16543096
17597675
19899597
19388856
21388246
16882843
16010910
20381401
17145489
18052521
19786718
17020240
18283559
16864131
15819351
18063540
19541547
21191698
21067114
18705180
17308445
19630448
18380645
19648575
17512475
20709997
19972656
18578185
19202248
19581624
20736156
18539544
16530120
17040146
18763650
20939021
18316655
16368096
18436568
16951780
16539697
21473169
16964792
19010732
17002481
18665411
17176303
20443291
19500077
20351555
19663240
17474289
15942512
17413771
16594227
18179365
16648328
16211180
19130383
18173043
18196718
20842895
18053910
15553754
18190483
16641660
18429579
19919172
17239061
15609257
20573641
19009935
16523818
17898931
20001883
16749658
16939565
16354124
18278566
16530117
21727837
17036421
17215605
19339431
17963972
15780324
16875796
19722302
20176916
18295216
20044332
19880918
18512376
21299280
17154024
16608617
19059568
19930289
21617510
18283061
21733109
20048676
21131103
17279528
17372114
20421021
18813463
17586350
16815115
17980927
20416998
19909955
20064813
16530115
15899224
18541852
17406014
20091379
19175633
20485287
19740062
19280251
16918080
18202984
21339085
20731978
18983412
15646867
16457272
20187949
16475385
21353130
17448622
18695694
18261949
21217609
18787976
19554891
21469417
21059572
15889304
18649947
20180870
15913271
15644641
21156351
18314831
21211988
16014262
19033252
15667401
21824231
16026904
19345891
19769017
20439042
16372717
17662754
18056675
19246247
17727551
15802157
15561158
16356875
16942866
18843564
15695832
19202116
20529322
16879096
20798264
20825895
20123266
19962580
18433879
15984507
16326783
16687017
15662054
19164133
19266283
19047490
20391041
17874086
21335575
16514330
16895488
20889389
15847683
16121653
17991908
19119774
18273432
18617599
18361950
16050400
19207062
19175249
20885301
15725203
16314768
17009572
16124686
20505612
16095478
18222586
19785295
20559406
17588280
21361237
19055137
19034569
19432982
21278650
17364783
15996751
20420475
20097636
19508712
17160397
17726411
20446189
16005415
17966203
18320301
19597806
20498416
20386504
16434231
18785098
18539768
19260356
16957799
18595218
15867495
16315549
16607127
16427245
21355831
16174895
20540408
20222404
19965954
19959840
19365160
18454762
19640169
17001836
17760651
19593076
18636539
15997576
19501549
15557353
18718165
17252078
17032465
15788031
15571882
19559195
17182402
17976298
17924373
20964265
18194397
16961117
19582465
20167910
16335552
15608112
19000601
16423441
15641946
17609028
20352647
21644872
17454286
16594423
21878602
21447231
17227921
17334124
17919211
19037472
18399371
21719756
17395673
18320988
16105527
21278322
17468685
17901611
19517669
19187169
19686274
19167629
15960558
19863769
19585071
21146313
19480076
20659201
16918739
21659483
15980925
16784473
19458979
18369306
19188132
19283974
19366014
20382715
15933918
18996427
18216608
17094359
20869545
20959738
19023953
16996320
18791425
18989134
18483456
20086261
17060267
16422983
20351159
16610775
17448416
15717898
16236868
17931326
18407380
17461706
18666661
16911058
21130202
16196513
20131106
18561924
16895823
16690581
19247839
16229314
18788122
20840709
16424959
18726656
17185399
19899289
18604759
21109782
17601180
19204222
20071219
20569764
19379114
18480204
17131247
20574180
20420347
19061024
21612667
16202887
18959284
20088150
21264521
15834361
20103447
15864972
16468503
20561882
16641083
19281288
17324194
19850180
19105561
21557378
21492030
21062549
21118867
19830851
19189614
21098154
15616237
18630214
16273994
20581166
19551673
17616315
19955458
17925041
19583007
16137786
18395145
19180719
19096290
15795867
16843871
18399361
16376145
19531034
20077788
19220382
20657338
18493090
21198812
18414325
20080021
20110333
19142055
18667868
20523150
21884497
20469777
21214691
15997347
21135080
16215464
19655210
19242654
18772181
16405706
16126316
18584797
18980103
20480130
20804699
18980460
21359690
20187428
20649457
21820539
16572536
21902971
16862025
18297410
15754503
21298951
16083480
17227356
17091438
19754030
17356435
17442438
17524602
15993677
21781627
18047451
20082061
19109855
16935459
21081716
16528909
19448790
18990040
19717826
16429683
15684776
17239072
17714051
20884788
17446195
21446301
18375522
17249154
16718297
20937185
20146022
18669455
19805708
19430677
20579122
16487423
17165490
18784496
19700041
18075945
20542236
18953469
20509066
21605365
20166425
15638933
21211499
19381051
15548413
16849952
18760889
17504847
19134499
15608097
18533033
19884239
20106664
17333563
18580717
18197590
21243226
17451880
16000105
17970331
20146552
18958836
19323712
19804680
20584361
15564311
20199959
15630818
15542506
16585436
18335898
19694884
18175829
19865579
19212285
16386404
16605144
16450722
16447620
17448662
18238990
16280000
18382244
20132979
20229043
16106768
18469606
20520264
15587531
15630062
17319806
20133477
16714910
17953293
18611255
17518164
21500510
15839923
15832874
17058753
19023522
19177916
21542914
17847665
15960570
15669927
20946209
17505202
15960246
18327061
16081334
19888021
16418823
21946965
16719737
20939875
17437840
16322679
16800395
20836635
20560218
19800711
15654469
20201115
18311551
16620259
21560480
17713192
21513534
15806322
21771070
15946823
20123824
17883460
20453732
19140402
19155098
19523057
18373578
19895408
16859865
18804999
15921988
18347906
18333722
18691277
19697531
17257805
17963769
16060579
18665187
21429956
19219661
18061312
20158138
21675151
19756506
17874610
17017644
21488559
17460135
17361585
18990007
19605422
16159066
17577002
18001148
18720573
20719350
16155311
20684402
18196291
19551433
20002507
16050867
19007689
21520580
20367716
16930268
20801450
16523371
18556643
21471893
21077929
21679419
20677672
18190599
19458091
17483680
18662241
18290752
21722164
17157092
21198280
21357804
16778300
17328146
18839731
18666885
17001116
17931143
19046651
16300416
20735503
17207002
17710961
21080297
17456121
17107567
18073702
17479054
17883647
20482816
18191769
19535946
19454208
17071841
21450662
16911736
18077269
17934708
16187666
20413053
20875176
15679018
19065434
17679587
16946119
20128887
20019503
18316940
18592066
17416145
17896245
19021490
16732581
18983418
16423299
18496357
19112004
18926930
21029496
19817111
17498153
16631294
19935082
16623609
18482122
18076127
15637511
19822274
16879417
17027221
16530108
15551636
17375753
17254361
16201605
21789290
16953999
20563939
19073783
17464225
20358517
17680514
15969706
21612517
19467430
15772362
22046847
16724314
20929109
17584351
18450615
16238853
20142407
16700856
21834286
19118927
20165846
18558263
18418567
20513681
19000907
19110845
15911959
17944607
21788005
22034725
20362492
17605627
18577171
20334002
17710043
18635587
21210080
19657821
17152044
20218260
16862029
16835563
16301902
16802428
15946460
16106335
18444866
17939225
18041567
18488837
16430605
16248900
19775327
19266806
16443958
21034233
20843961
15962490
16960491
20625672
17849823
20451303
17870502
16890708
16619895
17599966
15917504
17144222
17007155
17679605
16737741
18923249
18513174
18595931
15626072
16023822
21507076
17641073
18639409
19804482
19744889
17145456
17253082
20481198
18386952
21704974
18214232
17724638
20505507
17375685
15565499
18443550
18467294
18488802
21477457
21707838
16648723
18204844
19592950
20397523
16529850
18512579
17592168
17702516
17452431
17464656
20675297
18378805
16868335
19637357
19480115
18822492
19366791
16509434
20727836
18451627
19757977
21764011
18284537
20439049
18812795
19638060
21803273
18813142
15632809
15747077
18268853
15574714
20182814
19040407
20194402
15648517
15583712
19365396
19370811
17824267
16983851
21936431
21566455
17453266
19225315
20550639
20051399
17668835
16568592
19481655
17924926
16421363
16788840
16311488
16759068
21254288
15630864
18724590
19585177
16922047
17641078
17340204
21587063
19002308
17227875
18533377
17066966
18394540
18726814
18485225
16434220
19052779
17187543
15541066
17720691
18692978
21226559
15573668
21291326
18200896
19633896
15977637
19327312
16548283
20230576
17574191
18812618
21132553
21188878
18808538
17711974
17680156
18251424
19237411
16466059
17135856
19012786
16637448
20060970
19683093
19602539
16310137
16274558
21299417
20335648
17573738
17126078
21610114
20461689
18708675
17823158
21060123
17127115
20352266
17139153
16723061
16492010
20524498
20978932
18086967
19941684
18091213
21721875
16794104
18208739
17074863
16109192
17951224
17145490
19239663
20427521
19150944
18504332
18838702
19111783
19061197
18088524
15720494
17324625
17149476
18284317
16374169
16374305
19366541
17679625
15533524
19789455
20872146
17279327
19349189
21411402
20816337
17592993
16634710
20462742
21382078
20605062
19908926
16045107
20508427
19674860
20831668
17604522
20702679
16544083
17960669
19021620
18355230
18988409
18297167
20546168
17310748
16492009
15741003
20109000
16324039
17063631
19472853
15577290
20458007
16150017
21560898
17063105
19390870
19012060
20189545
20922772
21211484
18694471
17983544
15620127
18774131
21778910
20873397
16945065
20211588
17309015
20632014
17465252
15842203
20606611
18696266
15915702
15782876
16001612
17707085
18942568
20456076
16502830
20868470
19504767
15813439
17490867
19648790
21627881
17411467
15534620
16651317
16126054
20305308
20465758
19124816
15653940
18855828
17678833
18809064
18182632
16728354
16777830
17542820
16029975
20102984
15893959
16567985
17371423
18642609
17669054
20509248
15748069
20426382
18853911
19055998
21369633
17626631
21500147
19564001
21972312
17296669
15829838
17130665
16452905
19104477
18634745
21602629
15732211
21439599
18775398
15576523
18030686
21936076
16564405
21045100
22135843
16830255
18071813
19100943
15585514
20443420
19018641
17482878
17491563
16003597
17720673
18790102
19541138
15544176
21169251
17596246
19390250
19194251
16936529
17984299
21727791
21879663
21322196
17213005
19896320
20180975
20430775
19318470
16757043
15838419
20525554
16258096
17710761
19808192
17296230
21303457
19556934
20462746
20359809
17562727
19528102
17323665
16696539
15985504
17119662
17853754
18951747
16216029
15932438
20693726
21534097
18597730
18856173
17185082
18544976
19566989
16569544
21294002
19841482
16989907
18661759
20084872
19698028
17265663
17938935
17550091
21446929
16957462
16844417
16845814
20929944
19104764
18316754
19774354
15686078
20610465
19041225
19402447
21269352
21371378
21199141
17626147
16615004
21205555
20083537
21301243
17852110
15610989
21127093
18808432
17955683
15604183
18569419
18820880
19739307
19940558
15984917
18561633
16586379
16298088
17538268
16442424
17003292
19836188
18180634
15890046
16878074
19213966
15759663
15693685
17653493
17285928
15715120
20889518
16650120
21391861
15628658
21982520
16257874
17604069
20484722
16918787
19782927
19382488
17057641
17971391
16926989
18375683
17681117
16197765
18549052
19247229
16393440
15789938
17630383
18209669
18025499
18815843
16950187
19857211
18162922
18179013
20646900
19836194
15577388
16762794
20080808
16229934
16562800
18360202
18680809
19052669
17804213
18765325
19707164
16517008
16330968
20601527
18463840
18254433
21341931
19685037
20681469
19490598
20397331
21430036
19541014
17294027
21626343
17000098
18717235
18448702
16191134
18039993
17983989
19536013
20123251
17901189
17907725
18630370
17514399
21199549
16792759
17091893
21481519
20334748
21825946
19185977
15532251
17351490
20002590
15632812
15567208
21147658
16732004
17260598
16108294
21696241
16083468
17562442
17845887
17272798
17334734
18850371
18394764
19966683
17822526
18324983
19024782
21651372
17335639
20804947
20638322
16334819
16520915
20848187
19681528
15989442
20949806
20192715
21121500
20394268
20462417
17560757
16006830
18059401
15677529
17971696
17017312
17542348
16048529
21843847
19719463
21537321
21640285
18418108
16292060
18372379
16630899
17354523
15613144
19458511
18690131
16469976
15898822
21236411
21817969
18308632
17348381
16195085
16872789
17786522
21135616
19426927
18197759
18489666
20841984
21872497
17727550
16203280
20453758
15573804
18416378
20094936
17515857
18434459
16996836
17260215
20122595
18608081
18246862
15984505
19772000
15586093
18982989
19133191
20371073
17364077
19091333
20946566
19897193
17263049
17127306
16398874
20168152
17995565
19393121
17427618
20540386
19025307
20427299
16932134
15934264
18693194
16963365
19087464
20452169
17627408
19860315
18018812
20973734
18947967
20109772
16938639
20626191
16909192
15853091
19449606
17894246
18586756
19378523
21736169
16450665
18407728
19538646
19534213
15857323
19940588
20533965
20339604
17105639
17229777
19610499
20024772
19519908
16581630
21467897
19247883
18455404
17179462
15544580
17978946
17876186
16552215
16396128
21137697
15637868
19451460
20491383
17010035
17190120
19232916
16539318
17661198
16192507
21590636
15789678
17679660
20061834
19935520
16382795
20571180
19194329
17087173
17895516
18044755
19271589
21626612
16091160
18613991
21361819
20118707
20382963
17083753
16011503
20484058
19009778
15750525
21176305
17710962
21545733
17519040
15757520
19505748
17580769
20667683
16547434
20423917
18458291
18089871
16330118
20659204
17709355
20185449
18197428
21193785
20554367
20699313
15708101
19012819
19944486
16911054
19922024
17335519
18304896
19239593
15677779
16013014
19299102
15886743
21086112
19444088
20971335
21677092
19411101
15962874
18164350
16521333
18825367
17671054
17453263
15763217
19568440
21364129
19353975
18209780
17949448
21500605
20923447
19256108
15887819
16633295
16236700
17007249
17425775
20305444
18257446
19535558
18166883
18384358
20440564
20670428
16825242
18728298
16496203
17662152
19636497
15615342
19588080
19192903
16427132
16336549
21617585
19720938
21341951
15543242
15534882
20850709
15616378
16475408
19234424
18505950
20712866
16186454
19437080
16835668
17375232
21785482
21254468
20526867
19776551
17360084
19423875
18419042
18328145
20368658
19840275
16352970
15900979
17418194
21626269
18315681
16050386
16105792
17098679
21035041
20055980
20608328
17524864
17356443
16948445
15673647
20153537
16415659
16234631
18998475
17728557
17182449
19187170
19006591
19947781
20604649
17264112
19104247
18630018
17024613
21072017
17516356
16756536
19709790
18578641
18777603
15834705
21031129
18788662
16164654
21679585
18720561
18073248
17387058
16304796
20016312
18402301
17487019
17075010
20522291
16945057
18393217
17040534
15911960
20552281
18438119
20643629
18488866
20116122
21137701
21526689
15541128
17430746
18975485
15887808
21550543
18843076
17083318
17152453
20384642
20890144
21194262
18751593
19091091
17391601
18578681
18854566
16047825
17651229
21545984
20817564
15907667
20830947
17514708
16573020
20411646
16172441
17925588
15672603
18779663
19757876
17372185
16981970
18569047
20714272
18304246
18400568
18306916
16219176
16627128
21805947
19735497
21056164
17844723
17997265
19057236
17693675
16106686
18310191
16568462
21762307
15597292
16620164
20381081
17694233
17568328
19222652
21667812
19836731
17079613
18837657
17890996
20972377
21166070
19348410
15531988
19908610
19748030
18568263
21381548
20636676
15992332
17964577
15672336
18296123
19836205
16216095
18485550
16085200
20473456
16328186
17090744
21359254
16451425
19388445
19366937
21814477
15612220
17479699
18604668
18322741
20387500
19958471
17170646
17380387
18082105
20048680
18562832
16924560
17592423
16376025
18515611
20644497
15940891
19486444
19952551
21143347
21029377
18751654
15795336
21776242
19808372
18997595
17330272
19300071
19537399
16194498
18509872
17703113
16863005
19694517
19323836
21321414
18455793
15994057
19998905
21322501
19729266
21457410
20733276
18418109
18825582
16483064
16738468
17213048
16050433
17058722
20406315
20620266
20810257
16023841
21608344
16789405
15884478
19552272
17468687
20399376
18261005
19638984
15602707
20541284
17786661
17477038
17608302
16646218
21537554
16738991
16390892
17073198
15939673
19638023
17565036
17176366
20223626
19020144
19307120
17915066
20113935
21626356
20146947
16174933
20666035
19584803
16010140
18238742
18019790
17447591
19619206
21044937
16961103
15750526
18367911
20706700
20849520
21497320
19152945
16557124
20442253
16111067
17898411
21062136
17026762
19817878
15553361
20511179
15957293
18452639
18817023
16565634
20562572
19349935
19917945
19485881
19415424
20417783
19296179
16888486
20482461
19745343
19191251
16243085
17403759
21052731
17276649
21389169
20038405
21227633
20579125
17374802
21246171
19791679
18352996
17278934
17620912
16849931
15631929
19875529
17060279
18997565
17464112
15712445
20399093
16396140
18492543
17239077
21293882
15589083
16752872
17321944
17057600
18220068
21067367
18563014
20551695
20465762
19811195
16998150
19941582
18186031
15603695
17216143
19183306
21268421
21048468
19461229
18318971
15582782
16402232
18712239
19370832
17133895
17094367
21765035
16733004
19264684
19447535
21287844
19008977
18681344
18438200
19116531
21141405
17518891
18980038
20441028
22005229
17530677
20477855
16870386
20522658
19555356
17402601
15615215
17504525
15580014
16572537
20229190
19342036
16826470
20018543
18240001
18271651
17694890
19837351
16215867
17379682
17185650
21555673
20736832
19303328
15589088
21748750
16362718
19179313
19845193
20214483
20564415
20437005
19961973
16124847
16931922
20937590
21708967
21311926
21268522
17425147
18849363
21419521
15852076
21982519
20353319
19176847
20389216
21127509
15794700
19541057
18302579
20169371
21368513
17561212
16829724
15735199
17118307
19965801
19281447
22096814
22039748
16493302
16798563
15834253
19646175
18486415
15797156
18563015
16499462
16639736
19454204
18294599
15603664
20225938
15700156
20381916
20511104
19252890
19543407
18164469
16515564
16575842
18670837
17062525
17727759
21368525
18205683
19708930
15632346
19645809
16445483
16601610
17873734
16095151
20132621
18845478
17615076
16413555
20706759
21162155
20557391
18675032
21514484
15691240
17517285
18579340
15546895
17610991
17044342
15941027
15841893
20088397
19189481
16422735
16176116
16493937
17968640
16317563
17764780
20229212
18441679
19327962
18365169
17198753
21499490
21469986
18635374
19485882
19029416
16450511
20954167
20929435
16793044
17083317
20712421
16710574
20508682
17447604
16983954
20499655
19173177
21114716
16115710
18462854
17035672
16865561
16475146
17042024
15590037
20176351
16509940
20367292
20501510
18028832
18703922
21072010
21570528
16206812
20042146
16622995
21708534
16295512
18612028
20393347
16284522
20419564
16181047
19264570
15993531
19704188
19207057
21894124
21048501
20057235
16310575
15559103
21893577
18374116
19034992
18291720
18251959
17430455
20841683
15995096
15936427
17584290
18314889
17667785
16189057
19440785
17766662
17022920
17474588
17518020
21612437
17804348
17559705
17154661
21870681
18450821
21958380
17194351
16271129
18950440
15712510
21541806
20152221
21066953
16452704
19009891
19349456
16266638
17682222
18325458
18478275
16699459
17438886
17998835
15800173
18163140
17524737
17645065
18491685
19797754
16699326
19283644
16145024
21939117
20868887
15921983
16700693
15701767
19430507
17766668
18439320
16499678
15553057
18523564
17249394
15964175
15654901
21107849
18055503
16101854
20400134
16456209
19525914
17523753
16634899
20237039
18705261
17711587
21916319
15723727
16096146
20442154
18416387
19353475
20489639
19073784
21910368
19320132
18365855
16463453
18832499
21690602
17342852
19728660
18768005
19380301
18403175
20353733
18460066
21383301
21199299
18511768
15600231
17331094
19943866
16401807
20586348
17353493
18198364
15923006
20180438
15692135
19437396
17252070
18350859
17083100
19908947
16826957
21527060
20029053
20159216
16736703
17091445
17105634
18414334
19169580
17672411
20552377
15965189
19669104
21834433
17186528
21074115
15924897
16960752
16442453
17324097
17805455
19374646
18528821
19587027
19492673
17199451
18446175
17935600
21675167
19188464
15785288
15720167
16268341
16764229
19225605
20636182
15557551
18694607
16904432
15915826
18370359
16887888
19879730
15620909
19138378
16644323
15953668
17267389
20210934
20103081
17280672
17381876
20515602
20398133
19437903
16425902
15701763
18635372
17443245
15731906
21435146
15639683
20530647
20110341
17057937
17116184
20483635
17488254
17675724
18616858
15986816
19579398
18758315
16923659
19368089
18164146
21092359
16234744
18298559
15875162
20870972
16473292
16476091
19460830
20722880
17729170
17356991
18942486
15561157
21071505
15672566
16094791
19101822
18065922
20967840
17273957
18822752
16829723
19209566
21304091
16844126
17872834
18538296
21301673
17978607
20232127
16254653
17627742
19014801
17210502
17338202
19737266
18334055
17340180
20077787
20876553
19702606
17654158
19190999
20178300
21745385
16869182
20597713
17514382
19608320
17583067
16626361
17558823
16550080
20352506
17197293
18774879
17064202
19352161
16504893
16863414
19745626
19306147
15970752
16537855
19783768
20841445
17604553
17934968
21561512
20192080
21503462
20306740
18335259
17057603
16473123
19933963
16605094
19648845
18172792
16688495
17007722
21109126
20303230
19916822
15673481
17606818
17519608
15693971
21084831
15960052
18186033
15813807
20447149
19876941
15909012
20096961
17558824
17549772
17994404
21368551
17167709
21478782
18478683
17560921
16212849
21430335
20392133
18318967
21111375
16876728
20620088
15651652
20095874
15612181
21277071
17385057
19682143
16923037
15710277
16509438
19418228
18402382
16158150
21150517
21384565
20829800
16617958
15609848
21525806
17709166
15758704
21668987
16550840
18434875
16371760
21132866
17050085
19520019
21702285
16190008
18348367
19134486
18700089
16957636
21277126
20204704
17346386
20088318
19412094
21117508
20941464
17002010
18799004
18300270
15796461
20234203
18563026
18695617
16846779
21123407
20869319
18304337
19945102
16470155
18923348
18609800
19292230
16025652
19664848
19998833
19672610
21320204
16398297
20483677
17087708
15617635
17079023
18058184
16088435
18373955
16910804
21045576
19881212
16333006
17324772
16106333
19432597
16616643
16274587
21618840
17419232
16299573
15891346
20064890
15669662
18839735
20572553
17244246
16055616
17325100
18208731
17102288
21481259
21194872
20663830
16979096
21329471
16704400
18404019
19331058
17890979
16198219
18580046
16960933
17375769
19397426
21282548
18078190
17108742
19466754
21167771
16040412
16522405
15580055
20307439
19246135
19297119
16488347
20663077
17257444
21376188
17031728
20621900
15870791
17844824
15751631
16264002
17898814
18032742
21362582
19197680
19786249
16583031
17197966
17300919
17318594
18459592
21486148
21272821
17072507
19837703
18166697
19929125
18443010
17022877
19594341
20557397
20949815
19018916
16959745
19877977
16765870
18380768
20484915
18418528
16362252
16143440
17626256
19734976
17717882
19120979
15868673
16544076
15899229
18197510
20031809
16373136
19960751
19207053
21388907
21462668
20119828
17321932
17588493
17674216
19205064
20066851
19088486
18240694
19772968
16549036
19326133
20032930
16784048
16706710
18713537
20394770
19582459
17563999
20859048
19682124
20921917
16789675
15930065
17958297
16112527
15887949
17561599
16272899
19240682
16455020
21429772
18783126
19469361
20373630
18279275
16034758
21470753
16131639
19960890
18727597
17976287
16923678
19945879
19408882
17615634
16240860
19281545
20151088
17168042
20350889
17938399
18693944
19240439
21781218
20970042
20159456
15840077
16003573
17914293
19442325
19621980
17767436
20042225
20015124
16047637
19191854
18837896
20118886
17081644
19538556
16138633
17446732
16541821
17591169
16762063
19242321
20186982
19648201
18274594
16326206
15583513
17828010
19431106
19197779
18796510
19705315
20030498
18194791
21798119
16669565
18853738
19391234
19853936
15616390
18834738
20463086
16799364
16568450
16078408
19161087
19657251
17718726
20674116
20706099
17450422
17221178
18759983
16757794
17437656
21712255
21715009
19957353
18325645
16652282
17877562
15859936
20149236
17667030
17542525
19550262
17161900
16215465
19706673
21922704
16859866
15871746
21257230
20230169
20132978
18976237
20331382
17252076
16827505
17679411
20542238
18949678
16549294
16683481
15956007
18820522
17449215
16823674
16572570
17187540
15581255
19052707
20070794
20797376
17513011
16294146
19818128
20426298
16330476
18358116
17627239
16995560
16454148
18401054
18609344
21910375
16945469
21584449
15731976
19300070
20486085
17976799
18800591
19151734
17711808
21887975
18287415
19629602
21690605
20005248
16225336
21272382
19112872
15717902
17283304
19767781
19751375
17411787
16672069
16010896
19827377
19651938
19956197
20661038
16440106
17720453
16504890
15730610
21199231
17391559
18941964
18578359
17332044
17175948
16172843
20841979
19104228
19282690
19858431
18314427
19884808
15792061
17200399
21078822
18494639
16629575
18470844
19580054
21558105
20137091
16278959
20394518
19901141
19039398
18570825
17953292
17456000
21265629
19650682
17610611
19719375
20117563
18926180
19372507
20531493
21513050
19887191
18300059
17709760
18589314
16837403
15644655
18083170
16635774
16722861
19591682
20173271
17956496
20108146
20102130
17317085
15798852
18332402
17032612
16308175
18443803
16115301
16039937
18761749
18005428
15661585
19591346
17583103
20030029
19203823
19320387
17194314
16797440
16676553
17601738
19135824
17095440
18987080
20434865
21311271
19760582
18808601
17666170
19826998
19948566
19062357
19523580
20678681
18365772
16871057
20056904
16012548
19121194
19397162
16056112
19865577
15999855
20426815
19242277
21570888
21952571
19028821
16825843
19433998
17481458
17990402
17533563
20212413
21569228
19595550
17950879
18315998
20712463
16828344
17132845
17091170
20063392
20228641
21882625
21388007
18636007
15686158
15667384
17577658
15999081
17333656
17822890
15540672
17419799
15876881
16091027
21563900
17238492
21404783
16242899
19818547
15724947
20570801
15597247
16970555
20298512
20363454
16942702
17185923
15832233
16808129
18709229
21488558
19345912
19254203
19282266
16352518
17368409
16075473
21533963
20077317
17684165
21319577
18813601
17613594
16886312
16487896
15612421
20546166
19933247
21568969
20424920
18402680
18232061
20544477
20458647
19270470
21264758
16735204
18041355
17976360
15918824
19387911
20042561
20925540
20461605
17004430
18810901
16139153
19748873
15699565
16440861
21413594
16097256
20131580
16336015
17099116
17478652
21839909
19006586
21266559
16097606
17952712
21771068
16876921
19552293
16677180
20724192
21335244
17394520
19557400
20640516
18324935
17661076
19546128
20392354
15910431
18457289
17475738
15822055
18803997
15836534
20051847
21368535
19390902
15859964
17457776
17701533
17682686
18432048
18468693
20977435
20196650
19103342
19243519
21228661
20864908
16200695
19080034
15939493
16430612
21526522
21944692
17054152
20653432
18435303
20643993
15984286
21162357
21898329
18594028
15889782
19700582
15573464
19656149
20701230
15837453
18978694
16990318
17126971
17718730
17414731
16267920
20143102
21530443
19263821
15643036
15889804
20888737
19875006
16793488
19417965
19076663
18650236
16399880
19326309
17347826
16220769
20675736
18329223
16123494
19376385
17911509
17505242
17985961
18269550
18520646
17716098
21170787
20930255
16902075
18582300
17218721
17495375
16053415
17935047
15817353
18727450
18786128
21418560
16294516
17885771
17605072
19435113
15640659
21873843
19820535
15794530
21521954
17394516
16331789
19797559
16443137
18378349
18243449
19789928
21601724
18282346
21411825
16364553
18057844
15836555
15724563
21182434
20218471
19184200
19073955
15735261
18617709
19197815
16267145
21156884
19267124
16374198
19147647
16688742
17249277
16043532
16569623
19667775
17717804
21783090
17990424
20810416
21517883
19405300
18856128
17546367
18829213
20171084
20727086
20158549
15639048
18544377
20466108
21916094
20860179
16355834
20337952
17703257
21680668
20464593
15864162
19024832
16267966
17703015
16696879
17559021
20851273
19659717
18701851
16224238
18164465
20800458
16461957
21150502
19353347
17786869
21225535
16808724
17949401
16570780
16719746
21158904
19664202
21949275
17939229
15943155
22104712
19930370
16409600
18022523
18261411
19150261
17727554
17963335
16308682
17304075
16388973
19682663
15801349
17561014
19031302
18924459
16922986
20688258
20610490
20920232
17908530
21739899
19073518
17182975
18087202
20505508
18984379
18551968
18974701
18596501
16649302
15932455
18823358
18806592
22030650
17717449
20203629
19086601
15892500
19234423
16096142
15893218
21220576
21952573
15767225
15526494
15958910
18251194
20800801
21191154
15646166
15540669
20047175
20564849
16938143
16740840
17007330
18622960
19437952
15575126
19412936
19909516
16983480
17165379
17003253
20026686
18685369
21298944
15547013
19770471
17718747
21089143
21206744
19819206
18401643
17929734
18338990
20594804
17592972
20103023
16840362
20850650
18200894
19581787
21164414
20222234
17450121
19741381
15911728
19142461
17110874
16100192
15672743
19738386
19175427
17194054
16061888
20684415
20816284
20209088
15987229
16358548
21462094
17620528
21612624
19123879
18787486
18319491
20416240
20168268
20118035
21511883
19035076
19591021
20430653
18973674
15788807
16092303
16675772
17674601
19350436
16882343
19024591
20100749
15801049
16714975
16769120
19750318
21150411
19050972
18083675
17266420
17364403
19927503
18363491
17701393
18187280
20495334
20640330
15750521
17766759
19170300
21747315
17998715
20024524
17396612
15882512
18397949
16313377
19814883
16641157
21540424
15947537
18632672
16409571
20397508
16154225
19469434
20699739
21670090
15914767
15968801
18622999
21038530
19435180
19788092
16479681
17025000
20695330
20102810
19034726
17443076
19344882
18649700
17472791
17093912
18366951
19395287
19254276
16515692
18189178
15779211
16130256
20157747
15585706
18981441
21599896
18804390
15739059
20103067
17007618
17559731
20137838
20437133
15933396
17372550
20547285
20957133
17500349
18784564
17686713
19297917
20388936
19761912
18982839
17560861
15732888
21811572
16533128
15680527
16102767
17714620
17804467
21067891
18705735
19126176
17008942
21692586
18487873
16969616
18354823
17867951
15526488
16641072
20937190
19824279
15931047
17958940
18207353
20415270
20159473
17898253
20876048
20443279
21867855
16173006
17182213
21756619
19813773
19646790
16135724
19769206
20232046
16940917
21346463
16126459
21214136
18957270
20919464
19466275
17908118
19673992
17400071
17149088
18245211
18394856
17627726
20038254
17686602
20332687
16628511
16775914
18428101
18437943
18558184
15914132
18186494
20720427
17904500
16974137
19362753
21327528
20509347
20306640
16862325
19318665
20333924
17383321
19709844
18810650
15838090
20879815
17607616
15527042
19962609
17978258
18227679
18648202
21605382
16963548
20692658
18469294
16368095
19455025
16872504
16127571
17181083
16217219
20828910
15526186
20072029
15849619
18289189
20834034
17729373
18580125
21183152
17353711
20171822
20409059
19397136
21941879
17874688
19011232
16937599
21127109
19556552
15591917
16425109
16875298
16670232
17094819
17653891
19835549
21146668
16750703
17724103
18816011
20363444
19658281
15822366
16098415
18395982
16358969
17393898
15595402
20486821
21422383
17430825
17058890
16282072
15842442
20512482
15805455
16393097
20409528
16323132
16228169
16520518
20422304
17343118
18980104
17044346
17699147
18522532
19272541
21229868
21366669
18947121
18360139
16822718
20121338
17512471
20863245
18205680
19019733
21685762
16326743
21684413
17390749
19928709
18604425
20484948
19629856
20571224
15577704
20697077
17293717
17953245
20397545
17252093
17000345
17391422
20845197
20385460
16893307
15553800
20042814
19861368
16466611
19891397
17289533
16250527
16224411
21952064
20735468
16781555
20337796
20685907
18952262
19124857
20560831
17996057
17966292
22040852
20599337
15976799
20446248
20419745
15622910
17554092
17715454
20554423
20231945
19863765
17581708
17367303
16821682
20536758
18498345
20795834
15887792
17719295
16766784
20204989
17060263
19290975
17996512
19777309
21144199
18349327
19805801
21319696
17350557
19563356
17199198
19500720
16651353
19547957
16176899
21371983
17187330
20218771
21140344
16109292
15518120
21174896
17131640
16447784
19103915
20674430
16962458
17435799
17722793
19651928
18032303
17378189
18385151
17486471
19653141
19626346
20426308
17371889
19963245
19409635
21714418
21181004
21309404
19583654
16684705
15834528
21523985
21306347
20357652
16582855
18690623
17350310
16267805
20354928
18184594
17064320
20955185
18206580
16827399
16449995
18047449
19426621
16010186
20224058
18373613
15933465
17059980
21793460
15986521
20159863
19012769
19896254
20470955
18831397
19606235
18337534
18974598
21208704
18429006
15571900
21226847
19820278
16468261
17219938
19962716
15645188
21111980
18667872
17547752
21977786
21695887
21813388
15513801
19318673
18510414
16583663
21142678
16877178
17267318
15522491
17723929
18038520
16369431
18452594
20004396
21108960
20865605
18972091
15600110
15933866
21040004
19814924
15579351
16036011
15530751
19117499
20850177
18492551
17695981
20030432
18488775
16858457
16824298
17514730
16479635
17408021
21053441
17629664
20883594
19700969
20830836
18314233
19048505
15792264
18983352
19327289
19651395
20038247
20597710
19927960
18157732
18469617
15750484
19785580
17894125
16238530
20726381
15574111
20465132
19946120
18660718
17557437
17556927
15724881
19529045
21444597
15682546
20799394
16260702
20449664
18372820
19051170
16729477
19446716
16910802
21366204
18290898
20824312
17725119
19819050
21364547
20409102
20740710
19892383
16469474
16495203
20819235
16111443
17035406
20410056
18657995
20543375
19363840
20679618
17436785
18702787
19697594
