16710574
16717176
16716235
16713183
16754571
16751153
16741850
16739203
16734653
16734650
16723787
16722919
16719746
15804326
16786946
16785580
16784472
16776489
16776441
16775565
16770116
16766956
16762484
16735213
16837113
16833049
16832243
16832075
16832007
16832004
16816904
16815234
16814370
16813626
16809575
16806942
16806941
16804636
16796239
16791668
16791667
16691214
16688665
16887312
16884810
16879090
16878036
16877656
16877182
16877150
16876234
16876187
16875926
16875925
16875921
16875917
16872967
16870278
16865643
16865536
16861132
16860987
16860853
16854758
16850774
16849963
16849783
16959673
16958582
16958303
16954309
16950990
16950371
16948883
16946107
16945446
16945284
16943731
16943308
16937841
16930901
16926693
16926687
16924184
16923480
16923479
16921337
16921324
16918272
16917439
16915975
16915059
16913993
16913320
16913152
16909322
16902738
16902338
16900408
16900339
16900280
17057634
17047503
17044341
17042237
17042235
17042220
17042017
17041293
17041291
17036613
17036591
17036574
17035553
17033592
17030839
17029643
17029119
17027802
17026435
17026412
17019547
17015869
17015864
17004964
17003941
17002177
17001437
17001436
17001267
17001264
17000455
16998406
16996867
16996862
16989937
16988853
16988613
16987933
16984223
16983900
16983480
16974215
16972584
16972162
16972161
16967379
16966996
16964812
16963785
17146311
17145375
17144955
17141638
17141350
17136990
17136919
17132348
17128360
17123438
17122680
17118197
17116916
17116915
17116913
17112374
17099505
17097447
17095377
17094305
17091750
17091116
17091082
17091073
17088600
17087813
17084321
17079959
17079619
17075364
17071207
17071173
17070163
17069269
17069104
17068684
17068678
17067405
17066354
17065659
17060222
17059859
17242314
17239431
17237128
17236324
17234071
17234063
17229425
17224573
17224226
17223234
17222556
17219213
17218547
17217131
17213458
17212864
17212829
17211716
17211206
17210326
17200961
17195318
17195149
17182975
17182445
17182417
17174399
17170639
17160397
17157754
16082277
16051927
16036035
16034231
16030369
16030368
16023432
16019875
16013586
15978179
15970752
15970747
15939673
15936130
15916987
15913224
15912080
15911292
15911205
15908083
15894234
15888857
15875162
15866257
15863800
15849586
15839293
15837028
15836532
15832164
15828514
15807841
15799504
15792747
15789938
15781906
15763217
15756402
15746496
15742601
15742252
15729159
15716822
15710799
15706181
15703343
15701108
15701107
15695147
15694984
15684211
15684200
15683355
15683018
15682971
15680560
15675731
15674780
15672029
15672009
15671312
15656221
15649108
15641631
15636394
15633311
15631418
15625661
15618764
15610339
15581255
15580363
15570493
15540970
15533143
20159863
20146238
19373991
19020401
19000351
18999164
18786341
18954930
18942616
18926479
18844611
18829260
18825472
18808536
18802985
18801512
18789425
18787458
18772626
18766444
20307425
18726926
18725670
18723862
18722196
18721167
18715395
18709564
18705115
18701973
18693216
18684407
18678961
18677022
18666869
18662169
18655940
18644005
18637778
18629507
18626260
18625906
18615295
18614446
18609248
18592066
18439244
18420512
18395657
18354129
18292359
18332014
17499954
17498153
17496717
17496680
17493954
17493371
17492563
17491539
17491538
17491537
17490764
17487527
17487290
17485804
17485577
17485130
17481510
17481456
17477486
17477485
17475127
17475124
17470290
17466754
17466659
17466653
17464692
17462084
17455040
17453984
17446431
17445975
17443877
17443116
17441293
17438396
17432737
17426562
17426560
17418536
17413683
17413109
17411585
17408159
17407629
17406015
17405599
17405577
17404704
17403838
17394939
17394114
17391425
17390192
17387293
17386392
17385970
17370071
17368961
17367693
17364784
17364783
17361834
17359565
17356085
17356082
17356030
17354512
17351408
17351157
17350378
17347659
17346367
17345051
17343953
17343319
17341881
17338833
17335738
17334190
17333436
17332101
17328990
17326743
17325113
17324692
17323334
17320996
17319806
17316871
17316185
17309897
17308862
17305255
17301206
17300391
17298955
17293628
17293181
17279528
17275601
17274693
17266487
17264112
17261479
17259741
17258128
17256810
16636096
16633247
16625524
16620945
16615659
16611427
16611424
16609897
16571383
16569115
16556640
16547782
16545744
16528149
16513850
16505634
16504818
16497428
16496072
16482017
16474244
16456752
16450631
16421854
16398069
16373135
16366448
16365242
16355446
16331789
16324962
16320144
16314545
16307954
16291468
16291352
16281665
16278571
16238541
16238540
16229934
16219959
16209223
16195574
16195571
16192814
16190007
16181798
16179653
16127271
16123546
16120903
16119722
16113061
16109300
16093947
16093889
16039388
16015115
15997544
15990907
15936603
15934975
15856668
15824937
15812088
22068994
22055029
22030665
22029073
21898325
21618688
21610484
21606091
20923843
20708828
20679039
20440781
20431439
20380037
20369638
19893442
19736671
19714751
19710248
19705986
19691445
19644630
19626260
19608141
19605592
19596865
19592986
19588513
19584756
19574317
19567009
19564323
19528344
19514801
19504614
19490232
19463083
19460887
19443346
19270212
19439444
19427579
19426513
19423033
19403202
19396642
19394030
19382488
19366791
19363721
19339314
19330684
19326133
19324327
19317204
19288970
19283981
19252112
19239827
19224908
19207133
19207062
19191251
19189408
19186228
19181202
19181200
19178582
19165415
19153322
19152340
19142279
19130333
19130222
19124813
20695290
19114579
19107835
19098508
19092071
19083634
19074647
18091442
18090889
18090775
18090133
18088258
18088201
18086399
18083668
18083268
18081581
18080170
18077277
18076531
18071353
18067610
18065922
18065806
18055886
18052896
18026806
17973806
18048874
18048818
18048812
18045894
18042945
18042656
18039295
18034333
18032742
18031484
18030539
18029431
18027296
18026777
18023611
18023154
18006419
18005911
18004627
17999273
17999269
17996420
17995557
17989566
17985446
17985101
17980283
17975457
17975398
17975395
17973622
17971554
17967975
17967956
17967631
17966743
17964577
17961885
17961009
17960433
17957526
17956527
17954350
17951229
17943465
17941250
17939464
17937798
17937739
17937208
17936089
17933369
17928764
17925496
17925419
17925077
17923296
17923295
17922744
17922304
17919566
17915373
17911092
17909304
17909144
17909143
17908746
17903162
17899446
17898622
17896218
17896049
17896048
17895859
17886763
17883742
17878768
17874323
17874244
17873661
17869138
17855485
17853657
17853370
17852969
17852017
17850523
17828836
17828432
17826547
17823459
17805954
17768282
17767331
17766506
17766204
17766122
17762817
20353126
17723885
17721802
17718666
17717449
17717242
17711812
17708128
17708080
17701828
17700336
17700332
17694351
17693832
17691520
17689808
17685829
17684883
17682567
17681830
17680013
17679674
17679127
17678828
17678823
17678532
17676678
17674397
17672906
17671004
17667305
17665781
17658420
17657377
17653493
17645791
17645537
17644917
17640364
17636624
17634894
17630385
17629242
17624156
17622886
17612357
17610159
17609331
17607146
17602152
17602008
17601738
17601474
17601460
17601343
19088613
17596949
17562253
17595440
17593767
17592106
17591514
17588278
17581485
17581105
17579615
17578455
17577722
17577296
17576177
17573249
17570984
17568489
17568476
17568244
17563889
17553022
17552068
17551850
17549278
17548401
17548400
17545823
17539210
17537457
17537138
17534619
17534463
17530448
17530445
17530444
17518251
17515785
17509813
17509503
17504540
16461957
16456568
16427564
16374179
16330787
16292681
21723152
21718855
21705772
21696090
21692729
20970755
20962601
20956769
20946426
20927695
20925709
20925613
20923897
20923814
20921475
20889635
20882210
20880708
20878613
20863324
20859096
20855760
20849670
20843961
20842954
20827075
20826414
20819049
20819047
20813420
20803401
20795960
20727314
20719472
20714739
20699733
20685077
20679556
20672247
20670428
20647573
20643404
20634451
20626961
20626379
20602848
20595529
20595136
20586584
20575876
20574065
20566991
20565016
20558366
20553366
20551187
20541360
20534334
20530223
20529186
20527314
20513214
20500826
20494883
20464593
20462803
20404071
20395837
20395808
20382179
20378305
20367703
20364693
20362349
20331546
20331514
20299645
20207243
20207242
20184499
20172364
20172265
20159473
20158376
20138400
20135350
20130292
19157674
19153394
19152945
19152430
19151964
19151734
19150541
19150094
19146590
19145720
19139137
19136368
20356430
19114909
19114574
19111848
19111480
19111306
19105666
19097736
19081445
19085356
19085310
19062079
19061746
19061738
19060727
19054312
19052669
19048409
19040407
20307439
19037225
19036613
19035900
19034445
19033177
19033176
19032659
19032017
19029313
19029215
19025238
19023571
19018628
19016362
18981834
18806192
19004089
19002154
18982815
18971403
18951397
18945519
18926600
18926150
18922169
18850327
18849787
18848362
18846782
18845347
18840218
18837861
18826611
18825459
18820522
18813142
18812801
18812533
18804915
18552258
18794419
18793423
18762642
18762639
18725407
18722655
18716485
18715456
18711418
18708850
18697959
18695611
18694913
18689134
18685312
18679147
18679144
18676528
18665056
18656875
18656618
18656053
18654837
18653267
18652971
18651130
18649107
18648136
18648014
18643803
18641110
18639660
18639263
18635237
18622980
18617599
18615946
18615321
18613355
18612865
18610695
18608368
18600379
18599147
18596631
18596481
18589227
18586993
18586182
18586128
18584502
18579834
18579622
18578801
18578677
18574156
18574052
18570345
18569892
18569399
18567454
18564082
18558278
18558255
18549031
18544377
18541822
18538999
18538003
18536825
18535736
18534542
18534516
18533301
18524688
18524373
18523708
18522522
18520428
18520315
18519622
18519285
18513106
18512566
18512099
18505352
18504097
18503797
18502534
18496181
18490877
18489673
18489669
18489665
18489451
18489449
18483009
18477933
18477922
18477122
18470844
18468355
18465717
18463411
18455538
18454779
18448047
18443260
18442547
18438676
18435029
18431892
18429837
18426317
18426005
18425648
18423103
18420500
18418567
18412313
18411859
18404019
18401107
18395660
18394450
18384423
18378147
18377550
18377240
18374431
18365778
18358940
18357437
18350446
18275590
18347357
18337199
18329232
18328145
18323557
18322264
18315993
18313632
18310624
18308023
18306973
18306353
18298996
18297949
18294534
18293731
18293121
18292590
18289186
18284538
18284423
18283135
18282812
18281877
18269305
18269304
18267215
18266663
18265643
18264897
18264608
18259897
18255296
18254666
18254459
18252911
18249124
18248706
18248693
18246914
18245219
18244995
18241531
18241311
18241152
18228652
18227851
18226623
18226272
18226132
18219244
18219243
18219242
18218265
18216667
18215499
18211637
18207591
18205757
18205580
18205577
18205576
18201592
18200954
18200827
18199725
18199321
18198783
18197941
18197456
18194975
18190815
18190558
18185877
18185131
18183410
18182800
18180790
18177356
18176228
18175192
18174221
18173018
18163461
19968623
19402362
19402357
19288372
18162891
18098310
18098304
18096038
18095814
18091213
18094379
16779156
21894784
21776242
21771357
21768583
21736134
21523756
21563606
21536963
21505134
21487383
21474390
21471876
21447774
21427042
21415616
21396302
21391732
21385821
21376519
21367322
21364438
21359904
21353121
21343558
21339425
21337176
21329080
21319641
21308359
21301680
21301243
21297320
21282220
21263079
21254711
21242774
21241983
21232744
21216888
21214623
21211988
21211757
21191819
21150369
21169223
21163478
21129105
21110121
21106346
21105636
21073565
21068607
21063017
21062561
21050450
21038530
20623521
20616116
20615920
20609725
20604924
20602714
20589605
20576715
20568594
20566226
20557406
20554573
20550019
20526684
20520038
20515903
20510799
20506669
20504233
20495488
20492684
20490781
20485702
20480752
20478957
20466315
20462932
20458677
20456261
20454480
20452243
20449664
20442253
20439845
20439590
20438921
20433040
20428391
20424808
20423212
20421083
20404284
20403513
20398354
20395648
20394514
20392706
20383423
20367813
20367734
20367710
20362246
20360153
20359951
20355260
20354431
20352648
20348199
20348198
20226908
20206051
20205080
20201195
20194321
20193057
20180688
20177830
20166212
20163484
20157139
20154558
20153132
20148864
20142578
20140642
20122779
20118707
20116791
20114134
20110929
20105589
20104031
20101358
20100362
20097036
20093308
20092452
20080913
20075558
20065168
20064868
20064132
20060970
20056048
20047613
21389961
20039996
20031904
20031901
20031896
20031893
20031892
20031877
20031874
20031823
19816334
20025426
20025178
20019069
20015489
20009052
20003719
20002778
20002764
19999862
19969173
19966911
19961630
19961629
19961626
19961295
19959707
19957820
19957456
19957418
19955390
19955389
19955388
19955045
19947867
19945102
19942114
19941195
19932475
19930874
19930873
19922024
19917944
19915410
19903128
19901672
19901140
19900742
19900259
19892820
19889411
19887191
19884225
19883886
19878885
19875032
19864994
19861904
19861699
19861695
19856109
19853114
19851138
19846579
19844204
19839214
19835495
19824813
19800537
19820574
19811904
19810627
19808615
19801316
19796589
19794378
19793865
19793277
19786448
19782593
19778932
19778673
19777184
19775924
19773562
19772556
19772119
19770808
19770733
19768651
19765884
19753406
19747200
19747021
19746251
19745348
19744289
19738219
19738217
19738216
19738215
19738214
19734180
19731155
19730249
19729220
19726782
19724287
19723739
19720688
19719852
19718965
19717798
19708058
19707766
19703797
19695730
19694970
19694872
19687698
19687374
19681795
19679624
19668123
19667776
19667775
19661099
19656719
19655209
19650684
19648829
19644247
19643848
19643353
19637555
19632395
19625831
19485857
19614876
19609180
19606196
19604450
19604439
19602263
19597521
18580125
19412094
19616156
20930916
17472761
18031573
20543369
18472623
20517109
21059702
20682496
19547799
20546560
17417769
19068052
15788031
16160657
17486464
20709601
15586550
19663573
20800542
20427807
16979082
17516884
16946286
19084892
16125606
15828598
18473696
19382433
20042780
18160922
17263926
19664410
18550360
17083753
20191724
18840903
16364937
15871373
21330327
18049154
18573018
21874637
20662908
15909778
20377057
16505701
21777096
17852110
19371848
18354066
16603060
17207751
16892657
16439744
16829361
18972100
20946037
17845952
18286928
20650357
20010203
19552342
21224258
17043938
15835624
17431690
21692258
20656422
18785349
16235285
19918217
21239422
21362785
16118105
19706163
21171126
18777461
18619084
21729274
19734181
18414295
18649709
17849432
19092471
19997077
15540702
15810764
20006316
16969785
18828429
20386011
17013049
18595709
18573120
17033277
20660602
18789413
21382072
15586152
20536755
21675014
16358114
20836633
21301983
20332480
15832071
20516814
17077409
17936640
17804467
15618105
19087845
19291709
19753504
15731637
16364952
15602279
18018819
21273627
16446871
15552386
21534097
16735260
22033731
20465144
17149088
17216964
16679892
16772832
20444774
18071762
18571134
20235342
16340947
21160141
19441635
18485656
16814955
17556220
20110341
17400033
16319561
20083918
18705720
19060795
22030660
20049092
21635182
16364708
16165075
16863896
20415111
18800591
18535316
20237760
15829458
20883636
18485225
21375102
18394540
17846552
18615917
17986499
20510945
22058396
16461246
17149020
21612433
17875219
15772509
16290972
18953751
19833671
17360793
15586154
20211953
16180953
17888805
17592971
15779648
15833469
17118307
20887609
20688265
17885965
19267003
16173913
18774870
20623970
15511740
17455037
16523587
19880843
16866839
18312731
19410102
20628787
18488802
20517727
19369483
19883346
15767197
18372678
18560296
15724562
21339402
20655660
15770559
17879032
21586993
20728998
19337083
16023413
17396040
20830623
20438015
19204130
17587355
16858002
20442748
18297974
18007252
17874688
16395067
19995156
20854355
20028284
21148521
17898931
21761385
17694232
19785107
20594536
18370359
20939875
19051612
18604472
19183098
17924270
19281669
21600368
18551601
17243519
17697095
19649002
20464071
17445641
21375384
21309381
20397545
17176303
15571880
21381271
15864364
15628649
19376793
17468687
15683266
21115435
19274817
15584668
21424942
21884846
19342149
17329725
19783837
15688924
18586816
18029511
21938975
20684399
16670376
16287696
21088636
16929624
16048199
15683749
18365349
17265666
20297746
20718595
18036470
16604912
18821287
16302938
15988448
18614445
21700562
17203992
19514390
18506126
20135939
17311888
21108014
15645771
16262902
19461229
18605061
16808704
18061006
20374981
20377024
19075081
17991367
21068644
17162639
17934943
16128434
17152454
19082637
17383522
21689864
21446264
20160552
16045078
20397329
18676960
16295344
15948048
21378659
18186151
16060013
16192178
20191059
17696982
15889656
21369633
21419259
20845194
16024857
15976799
21601724
18786128
19138389
16737170
17702483
20969617
19782915
20511735
18822492
19690106
16182124
18075455
18207046
16004837
19646175
20678968
19712787
17932359
18516462
17595365
16981970
17337347
17666609
19624267
18407380
17345603
16829180
15937400
20150849
16100640
19606236
17595001
18577170
17669309
21062591
19739511
20216510
19689222
21362766
17851298
21718834
19467998
19124857
19473526
20171084
20539807
16082798
17193809
16334774
18056675
20014712
16637941
18190775
19381427
15566207
20879642
18471339
21194872
19432597
17394612
18351477
15611432
20946442
20443253
16991132
19910727
15987405
16284522
20131581
17455875
21560898
20100110
17582874
18816322
17577533
21714409
18542022
21119075
19420413
18322044
18389029
19081413
17114062
19619061
21156893
21712210
20630118
18198426
16925539
19933249
19174059
16925344
18613466
16529849
18164458
20225985
17574437
21463291
20148940
18534284
15955292
19380509
20735294
17235261
17280672
18358444
16355555
19782530
21048468
21126675
17412031
20812549
21226411
19887941
19085667
22067735
16901700
17536991
16623030
16630971
18524343
17324182
15926345
18342824
19026308
19034726
21315993
16276857
17717952
16361596
15921840
19319576
21503596
18040100
19754009
21429250
17600867
21368513
21343276
20690390
17666144
17116453
18257492
18216074
18515439
17405775
17675247
20007796
17901831
17454206
19364999
19445338
17561016
21424075
15711292
18063547
18922582
19801942
20081637
21283938
21910368
16322418
19895441
16535925
20106692
16814217
17947892
19383958
18700390
21402370
16701020
21486129
21591328
20108713
21441795
19836731
18705261
15733657
16004700
19672827
17260233
16490543
16825229
19723866
17438886
20605003
17443076
19750387
19620163
15852073
19893381
20044669
16227562
15558082
17063585
20151578
17972138
18036013
16504130
18640406
21169795
21223401
18700871
18492733
18395145
20170869
19918088
21803273
16137369
21473695
18617024
19386583
17822460
17662689
18490893
16528905
15804321
16913579
17318747
21410372
21174852
16801882
17469698
15844846
19223810
18041547
21511786
20298307
20118699
17970331
18608082
17112781
17502204
20575232
18171322
19833331
20498144
18461360
19860072
19546273
20666035
16287794
20216504
20606482
18438260
16438766
18443263
18176135
18648947
16581638
17767093
19534034
19995466
19910716
17378464
21534376
21199138
21693723
20940688
15581305
17169966
15533351
15735593
20617536
20539922
18089871
16436585
21742733
21263318
17541752
19207055
20510948
17923968
19952652
18560099
21702413
16264081
17616454
21946965
16831791
17090805
19363444
15802000
20687092
17901454
19804795
15650146
17211165
16842475
19947016
18308281
20378184
19448477
21546742
18333722
21492030
19843492
18261005
21129077
21784764
19995133
15589715
15936987
15743008
17240875
18080485
18990046
17090790
17437383
20887477
20806560
18037283
17058415
17098101
17996108
16296927
19281545
17182416
21467937
20207927
21545663
19624063
19674171
19812488
19566517
21667010
16996320
18808574
15895331
21404798
17310429
21414024
18980914
17876966
21187190
16757711
18677781
15529716
17766662
19621342
16484159
18459477
18612860
16334710
17260490
18275539
16475579
20603752
21062722
16904970
21309430
15868587
15869559
15669016
16109119
17674613
16483064
17258131
17518825
21626999
21381954
15973772
18299778
21902121
21285471
17449521
20807445
20002715
19806767
16441541
19021302
16111947
16622089
16441393
16709207
20882721
17359623
20458763
18710620
17287039
16985405
19213926
18301410
18188104
20950201
17492988
16648730
17508236
16541831
19327312
20387186
19833668
16040376
15693579
21560255
19449710
16364553
21299417
16948365
19805795
18496090
19706077
19820864
18936325
20113535
19700269
17037703
17186528
17173280
17486705
19287913
19914470
17407796
20441098
17461512
19240187
16649653
20052874
19285168
16779441
21170816
16135654
20131584
19052704
17268040
16620251
15641523
21841286
17218166
18523564
15980925
21118013
19140357
19013121
16172344
20010151
21591404
17542525
16448970
15804337
15577710
15551663
19087770
17024766
15547313
16044771
18809814
21219504
16280946
16956851
19454399
18380998
20964817
16873775
17211702
21663463
16355045
18359378
16330301
20858372
21787110
16320432
16728385
18346597
16329131
17324466
19964428
17380834
19047490
18687231
18285590
19387272
20414114
20656603
19112075
16305292
21675172
18988613
15974112
19841400
19035076
20833622
17011267
16612921
17685161
15606321
20544041
17550091
15718326
20889848
16921610
19112090
20363454
18952262
19216759
15605746
22066299
21402634
17112946
19706198
21435541
17522582
21715558
20807347
19737124
21744675
17446773
18957455
18197862
18025908
21506058
17566500
20422304
19766073
17693680
16047512
19399545
21244668
16227897
19536963
15813311
17285894
16970647
15641074
17193941
20664048
19307455
15660148
17974292
19467756
21486437
18574368
16704378
17514706
17473538
19040543
18194099
21798736
19533437
21349135
21180335
21285463
21333914
21240103
17620665
20860978
18371051
20442347
15667358
15721509
18542990
17413678
17876846
19740140
20597453
18951825
17042816
18569959
16546063
17390945
19167670
15745363
21272221
16862325
15897446
19401093
21490541
16514807
15537122
20825903
20701054
18206591
16369411
18984379
16286324
18542006
19651465
19088517
18597695
20114124
21314572
15999919
18457604
17991363
20405969
17022914
20615839
20878670
17219527
19575718
15557421
18216081
17504589
17518328
20397537
19858354
17874183
18681246
17560953
20446352
19578819
15654469
18582936
17182516
21576612
16155311
17286868
17714255
15883235
19591660
20142285
16965249
18633570
18300609
17898411
18377576
20335919
19005959
16480240
19546128
15984561
18971811
17701633
19534368
20825856
18783001
16703874
17334470
18544727
21291016
17931376
15859964
19482544
16789331
20625618
15858623
16798255
16175812
16114760
15971877
16594429
20453183
15789386
20827891
20495317
16681111
21059091
16441983
19338186
20946564
17273633
21563541
15900996
19995289
18186494
18182469
17252970
20851696
16231778
16777826
21080835
18064867
16240882
19927850
19651938
18992627
19930072
17342851
19436231
21555939
17083162
19128310
16926668
16162387
21141161
19159543
16164511
18839550
20101545
17683299
17483100
15543896
17959006
20535797
19232603
22128562
17897148
21879646
16950370
18723367
17279016
19264570
18956998
19419342
17077780
17697912
20124019
18791406
18157958
17273114
18054730
21786574
16928714
17384930
18435085
20476520
17723957
16680222
18399739
19227022
19851232
20697241
18973994
21801928
18055892
20483635
18375626
17518999
16848676
19543572
18422266
16968424
20579121
20705412
16189758
21714418
17060300
16039465
20633747
16835522
19248408
21865921
15951453
21788585
18398697
21520697
15744904
19813369
19813368
17611110
15604154
20581917
17718725
18941032
18675188
21376797
19861376
17544247
18297317
17356033
19815915
19152898
21062548
17043948
21555667
18984375
17474614
18080334
20019513
17320017
19515683
21771129
19549725
19381078
16240973
20402540
17455101
15524055
19223842
16911544
19921999
19492760
18038527
16646758
17573304
16258117
19969388
20980846
19805769
20414945
18715970
20336355
20379915
20675297
16144146
16493256
18834738
17597413
17533915
19202151
17518881
19026199
16548476
19060792
18090141
21375908
18838454
17504276
19857910
21053516
18570120
19186446
16823674
18500140
19039055
16753084
20673155
16706573
20978428
20597608
20447149
19076668
15847865
20584341
20408762
20541272
19860301
15786978
20129262
17906208
21418461
22030670
21989747
21630628
16378773
19898789
17061311
21121831
19394018
18349574
17342850
16779408
15673348
18831440
15799432
15881710
20846288
16513583
20587048
18836390
18337438
15563663
19323697
16718977
20830621
16636025
20005369
19264748
21739732
19148824
17263611
16104615
16456206
20660471
19706308
17906909
16352518
20350921
21884356
16217214
17211204
20574205
20924304
19151800
21155308
20647800
15646524
18578607
16122361
17936430
21129508
20871510
17044433
15553181
18980036
21730912
21696320
20541076
17761570
19150220
21159391
17803416
17134633
19212285
19602606
17116539
20598494
18548869
19666851
17448401
21409418
20965460
20130828
19166664
18774425
21533288
19335479
18396504
16045660
17708186
18597062
19175044
17727581
17584625
20638035
19746539
17261852
18353506
20806648
20553402
17604304
19296417
16425106
17059979
17870032
19910195
17285953
19152989
20453611
21843848
17081306
19601690
15618086
16270796
18414335
20563369
18437600
21667573
15625658
20188623
21420889
20724330
21038931
22073695
19060821
17448622
16520518
19440928
18675030
19627048
15832233
20857374
20211082
16512033
19294824
16053415
21540603
18513620
17069595
19668146
18190369
20597671
16923927
17681395
21628032
19452814
16101202
17028978
21133058
20603391
19358125
18242323
16521364
21808158
17259897
16060580
19477750
16849750
18313501
18071076
21334207
19202248
19276821
18512579
15711812
19326315
17270631
20445716
17136929
19133191
19630538
20923622
17701262
16502830
16716871
18632672
19500077
20609099
16174201
19302213
21140721
17392931
20868470
16481924
20870475
19343863
20940649
19029525
17869629
18807675
19038753
15980421
15837666
15641401
16171237
21050443
20068465
15611423
17601180
21391772
21464264
17678607
21667813
21143087
16736371
16194183
21188513
20854577
19495535
16792717
19297446
16296992
17066969
19681210
16915611
18350941
20037500
19482279
20189267
19131884
17901175
15882366
20051787
21491832
16443974
15883892
19351919
16218158
15796943
18998761
21085068
18218082
16585328
20925293
17125095
17683580
19366389
16816289
16522346
19030843
18585886
15571854
17458102
17978624
17920270
18368873
19413269
16612465
17182213
20000304
18816009
21727300
15861915
16456203
20706184
20979605
19883486
21385184
18186033
19761589
16970660
18298835
19400483
18856128
18625761
16259795
19912124
21126130
20123674
19296356
21705886
20163334
20584626
17877868
16023822
17872552
19266356
19189157
20812027
20103375
20498416
18700102
21692379
15599146
17056848
19242853
19414828
15629979
18364252
19338115
17540180
18955426
20860260
16004736
15877689
16942122
15890308
20676583
16419405
18435244
16172091
17874862
19136228
18854566
19702025
15926744
17080000
17071299
17806036
18664509
16459526
19060806
17606544
19326723
18770934
15646720
20225429
17766562
20554219
20585083
15898906
20438384
16369431
15612429
16299432
16157943
19675320
19369681
19051791
21616755
19472493
17169962
17272832
17705866
18779459
16911175
18019305
16488823
15564731
21741007
19025697
18654093
16932785
18499815
18928065
20663077
17013870
21189742
20141461
18160890
16092163
15785293
16532379
16514924
16887470
21672116
21612463
19066477
16554694
21208669
15895765
17468625
19430819
18339641
17351843
20352647
16468261
20955374
16961101
19748748
19326638
18751593
20085970
19606731
15960406
16730728
20716478
19537412
20672255
17157363
19918185
19285666
18520258
15568653
16388063
18989880
16173854
20737795
16537280
17723930
15944166
21684731
15564996
17695729
15713182
19801016
17936358
19672610
17365370
17453263
20682509
20666848
19249189
21569228
18443803
19116820
17139019
16557153
18825367
17000942
20484949
15552460
15642753
21991750
20560832
19356517
16285199
16969616
17664534
17852006
17403768
20557416
21324606
18787976
18157830
18548794
17985960
15768915
18653515
17214237
20656107
20362792
21266280
18850764
20670319
20121954
17319567
20959587
19294365
21709719
20647929
17006855
18088159
17518820
16783533
16278971
18090376
17627239
16373094
16493307
21570030
16430355
15608941
21632590
16422488
16225557
17360093
16825669
15597001
17220387
19715058
16476881
20370644
21668382
21368542
16466482
15845146
16034507
19084319
20551740
21301689
18304244
20594340
18348307
18394512
18595303
18592944
19566638
21038733
19331126
17339313
20980666
20884894
18762603
17502639
17257977
18279125
21111274
19827377
18201030
20873399
20674108
18338774
17620391
20046656
17932435
19485866
16259493
19232217
17491567
20881153
15789185
16957523
20110524
17057801
16956143
20183136
17760976
20869545
15911159
19267384
17727554
16036273
15547013
16055815
20923281
18539278
15532222
16135861
19575791
15644641
20854670
21678804
19147394
20541284
16270668
20125211
17125956
15891314
20480394
19826026
21702398
20227621
16750098
17627200
16849711
19559315
19756451
17440377
16076895
16327346
15908677
21273220
20200436
17103108
18294032
18317851
20712549
21275976
21392764
18813611
20134038
16689413
17431061
21216890
19938426
18423732
17500341
18087882
19351312
18709831
19061525
16981799
20860254
15575125
19968597
21357804
21916091
16193229
17094359
19196486
19709798
20442612
20308351
17035660
17102217
16847789
20920902
16585087
20695949
19551273
17033441
18569419
20465758
16784064
18362066
19193548
17455140
20803395
19370381
19452109
16292095
15956871
15656150
21530706
15769975
20677522
18283559
18197068
16722112
16959745
16684486
18171394
15819648
20562603
17591453
18390051
16924643
18926979
17951982
17661804
20185413
17215415
19837498
17466213
16782338
17580014
21428239
15662149
15682724
19067893
18177364
21529184
19591362
16697586
21701448
20331914
18690333
17007718
16326224
19227722
20726381
17260594
17550689
17601846
20718396
17535343
15853131
18181352
17714620
20654986
20077782
17208120
17916588
21995093
21059417
17705096
16225970
18093777
19917147
20453621
18197449
20500967
17586352
21701921
17214422
20077773
17166062
20398146
16289803
20431857
15671326
18279449
18269678
16116366
17310337
20878840
19710660
19194304
18437064
15613144
21521886
19682124
17372803
16489956
19772214
16270112
19659407
16032533
17202109
18243334
17278337
19477716
19819097
15692082
19287253
18946949
19186632
18035233
20308451
19736330
19587582
16026696
19018916
17544140
16965468
15611808
17171741
18946947
17053572
19826325
20436336
17394518
19773503
19638640
18771637
17970505
17963863
18019518
19923969
21084047
17100219
18577733
17985682
15999966
17176304
17521855
15577709
19268165
20579755
17636573
20350934
20506090
19773732
16788274
16634727
21518096
17290079
18822708
20069962
15924563
15571901
16422435
17621971
18931348
20434083
20467339
17102240
17557205
20502178
15919127
21815515
15779250
20580142
21477440
20337804
19362753
19629778
16620164
19190417
21134125
20942256
19228637
20594791
17009570
17472514
20335497
19819869
19916822
15600231
21091892
20191516
19673717
20974414
21073577
15637511
21446291
20948248
17987819
19820204
21050340
19077838
21798074
20055199
21413855
16553757
18049253
15604183
17102716
15607150
17487021
17039499
15902344
17331805
19716702
19450992
20602687
18608064
16799364
19476108
21302595
16091895
19507369
16627793
15896961
16882843
21115294
16670232
21469474
18499604
21926498
15612908
16318967
17415099
16927646
17924926
17924559
18364488
17884592
16179855
21114909
20222635
20394770
21378063
21220973
21129355
16625131
17907712
17720434
19044102
16183003
19948297
17192220
20210865
17879602
16466557
16174996
19330972
19055408
18709839
19745209
19368755
15793023
21475355
18580201
19788369
17182454
16076897
21598892
15802340
19520228
15720481
20052856
20489383
20039966
15937381
19155098
15751565
16138487
18829772
20519101
21287921
15887919
21715009
21135791
18595821
17803576
21298951
17000480
19390111
20463359
19366775
17952010
20450020
18021169
20552929
19936994
17011217
16846868
16166865
15897166
15722583
17944801
21511370
17411640
16613398
20444061
16523036
20171827
20124774
18547384
20865975
16751966
18063122
16054867
20531224
15718187
16441395
20443645
16469470
16329225
21227538
21397129
15744761
19567756
21396615
17582028
15846523
16446268
19118927
20546383
18481737
16802428
19591346
21655973
16835563
20881156
18595416
21519399
20919464
20014541
17955777
15871404
16574303
19580105
17434737
17629737
20140793
15911950
16055493
19455544
17131635
16300211
20881159
16879798
21186465
20737319
21505224
21659317
19050972
19948926
16408459
17019348
18364475
20698730
19289000
21823881
21118727
15867984
17115134
20605695
21146672
17141123
16522511
20398156
18996769
17086800
17728565
19413074
16789675
16773549
19703637
15603094
18562740
18394900
19157761
18245737
20722311
19209053
17624134
16440916
17868507
17979619
15597287
17140758
18075638
16495203
15720051
17642349
18417970
19921079
19095293
20425474
16752294
17443245
17828675
18799159
18420693
17128679
19719547
17570604
19131749
17638798
15872180
18845476
16730107
15915068
19702674
18045368
17140420
18238790
20336354
18567926
20541896
19917174
16429737
17966250
20841979
19730197
20506787
21393392
20729045
18197759
17173759
16652013
17177041
20156667
17702666
17099117
16169069
21410507
21323081
15941078
20679321
18215329
16713013
18489065
19092481
16099200
16441850
16988287
19061173
15785225
17847735
16002034
19715080
16108856
16791534
17091657
21342309
18192127
15923414
21831023
16916420
21614670
20469996
16509174
20215627
15861103
21789980
19389825
19269911
16502760
19039438
21179666
20434086
17972783
16796505
17659422
18764787
17198229
18387301
16076965
20354926
17233189
17482301
20890002
17033601
17454286
15563964
19637076
20383078
18721082
21326961
15724487
17238948
17539882
20443420
16681474
19222652
19945320
18005415
16987128
16899363
18981351
20593652
20368483
20335648
18612035
17505392
17077768
20501510
16627397
17199451
19130360
19543974
17827082
21288207
20398578
16618863
17266006
16276341
19342036
18291328
16308630
19115446
16765870
20632014
17876250
21521566
17019552
17473811
19184551
16340615
15712465
20423363
16669213
18317854
19766889
19323160
17726172
16813258
18363482
20172190
16258402
19682355
20729653
19941671
18211531
18584389
15576526
18463444
17150072
18269549
20335895
21894126
18622457
20804882
17542794
21218571
17954440
20722312
16881942
20043709
20825536
21199548
17365786
20507926
19054958
16277741
18381830
19500789
21139455
18240982
17409671
16562808
20442609
17667001
16033486
17524008
19937780
15862741
17722793
20629606
17444462
16634710
18948771
18548412
18403715
16288093
17655638
21977618
19771995
16060300
20429487
15772137
20554140
16572671
19136677
16633295
16489390
16879549
17939229
19069711
21519425
16530604
19863766
18959284
17823158
18361322
19357148
19243525
15548934
18252015
16391960
17133193
19048355
20351911
17326377
20081731
20439330
17239076
20885301
21403050
16847682
19659491
16318233
17229532
16190010
17897147
16563316
17920170
18360836
20102267
19594682
17016987
15994143
18785098
20557005
18822998
21503428
21361235
16010214
19751500
18827611
17000481
19078874
16264317
15999639
17296230
18316932
18461495
21638217
20228640
19232916
17375769
15853778
19690962
19554857
16139467
20675292
21605732
21507109
16574869
16756658
18669114
18585500
19954315
16946119
19000348
20848187
19469068
16570543
18337434
19660636
17261144
18705736
16858460
19379889
19359085
21118603
19437906
21605261
15714109
20508683
18335686
16257874
19568731
18501031
17111431
20825516
19577702
15622675
19552823
20368494
16490950
21761595
16584674
16908363
21600367
17095426
18323356
17478471
17111495
20000249
15580091
16449246
15517691
16585026
19659488
16997055
16100629
18555560
18502421
16605226
20336981
17371557
19187418
16945615
20926175
16061444
19189064
19042843
15890046
20560853
18947967
20185441
18570681
17728595
21367478
21444841
15657689
18837749
19958877
15992202
18556478
16467176
19190869
19202247
21873843
21108534
21654482
16756843
18206737
19394226
18768026
21207825
19899286
21397103
20646901
18158387
20434252
21197791
17531914
17306878
17537010
15552808
15723024
19430929
16308682
18724547
15743439
20956260
21645418
17824452
20218769
18687841
19919257
20202528
17991930
19909955
18829246
16219214
18047173
16033702
17001131
21942003
18053910
15944109
16245560
20104963
21780884
19636497
17724422
19021492
17592658
21057139
19697662
20689129
17917945
18381184
19296355
20054081
18318852
19503766
17766668
19127229
17556338
16377190
16913605
20460560
18760558
19142085
18036122
17060295
16140129
17924261
18025499
21079223
21736078
15562948
21092892
19293303
20005027
20237039
17100864
18619689
15889590
18490685
17963769
21385082
21439533
20380720
17844984
19634612
17563426
16766968
21504546
19134486
19174529
18289189
16690562
16788117
17136599
18402349
20427000
19577419
16215867
19898786
19395649
18537987
20334767
17949569
19608827
17582992
19009141
16182988
21443066
15983308
19104227
21654376
20507647
19747254
17559021
19012779
21343433
16162637
17477224
20304260
15590225
15835455
15527578
15877566
19081019
21757084
20488575
19194329
17062592
15552539
19706673
19051008
19126286
16671031
19608199
21876891
17897431
19449606
16387251
19284262
16003482
15636409
19133494
18248406
15678965
15565596
16585497
18302653
20022007
17910032
19374611
17577555
21134804
16263613
20966631
20537216
20014540
22026194
18978231
18845478
21778910
18211638
15750482
17719850
20654870
16897569
19668280
17679585
20574180
17136927
17114836
18070780
16903616
20123331
21385531
16542661
20158320
15656469
18338341
17380812
17426936
20656491
16353288
19736262
16455463
16160067
16195567
16549070
20671510
20550081
21368527
21768616
20514909
19667887
17421094
21187745
16076234
17416275
18374823
18229630
17382042
19606660
17513011
17903244
16706569
18272092
16861720
18467149
16795980
19186400
18271762
16078965
18162746
19817598
20442152
17903791
19238819
17707080
20669596
17824562
21568720
17544248
19811215
16461447
17614177
21740659
19875204
21239101
18550921
17901190
16879092
21552066
20227811
21303935
19562850
18501748
17915126
16557506
16513149
17978630
16288581
19064226
16927953
21071504
21266290
20500033
18649585
21592062
19771393
17373239
18180181
19268164
19916140
15677576
19121927
20532657
17257391
21137703
17486915
15835629
16361837
15613848
16999714
18370936
18032318
20193998
18548416
16879383
18622219
16423103
17671240
20142011
16518558
15888394
18715389
17924269
16738468
18400529
19710340
17633591
17108610
19655523
18161229
17546531
20128887
16218548
18815525
16410436
18681977
21332574
16446515
19660840
15895548
17442028
20601549
19399527
19187165
17488415
18341198
17536060
15971555
19741415
21477493
19705429
16195562
20132576
21460713
15871756
20541074
21226847
18229773
15662176
21362164
19597825
17626134
18612091
17301509
20871511
18973674
16354222
17666972
20881559
20347565
16316437
16142575
19930729
15833477
19784911
16513375
16594428
15887808
17310355
20557668
19194641
18290981
20037847
17145456
18708892
17536949
21134555
16980828
18441273
20654876
18980927
20940569
20822037
16513713
16596081
15940836
19190999
20133957
19094408
18371576
18954428
21906397
18426103
19939305
17165073
19756479
17576893
18783126
17918618
18069623
16904432
18697655
19843964
20443419
19957822
21692378
20203629
19052707
21146667
20102684
17486722
19246134
15904750
16182093
18690994
20131580
16722893
19193590
19011318
17307086
17576245
16300027
19735394
20806231
15551638
19076663
21320889
19388901
19300289
19167767
21068107
17666999
22129251
18704869
19411585
17597350
17544250
16719899
15566277
19806254
19152154
17102891
21358407
19947843
21523751
19791519
19715404
21406672
17472791
21414701
19534222
21661279
20056190
15905288
18331965
18649824
18780932
16756849
15602163
19225286
20714151
16422743
15946285
16483098
19835197
18325645
18555159
18942535
19054959
16371760
17938771
17122589
16581077
18372378
15930214
19772017
15987406
20331392
16931461
15932487
18309919
18708889
16487895
20461605
20860248
19340411
20230175
21269458
19889711
18313675
15787229
19053915
16441335
16326783
20557391
20186982
18347762
21098154
21653267
19282506
21314891
16471214
17254924
16969724
16723104
18389265
20977391
16564198
21711531
17867427
16858533
20487528
20654872
19813557
19287499
15962534
18349491
17144913
19263718
21952066
18018955
19882409
16115114
17601183
15579352
16955435
17242857
21346534
16584309
17460135
20081641
17562524
16324960
19995864
16512436
17727181
19423472
17681256
21727792
15544663
15835372
17197058
21344984
17375753
19088594
19896185
19708928
15913403
17304080
19892890
18588787
20345062
17375766
21834433
20510843
18613786
17985056
21361830
17490922
18036764
20593644
16927479
16862024
17674224
18588395
18710375
16276220
19405301
16332470
15644659
17352783
21721495
20838266
22128511
15543435
21339085
18953195
16501133
21558105
16468604
20582802
19898698
19822274
15778173
15989412
19712545
20834034
17761183
16921480
21499109
17182474
19671126
18787437
16015511
18436493
18622591
18632026
16807570
17076445
19228236
18515605
16149663
17543009
20738736
19923302
17411671
19343866
16464205
16119672
18714744
19568131
19363928
21592416
18312729
18998960
21593081
19445010
18325122
20402368
18173051
18053101
15754187
21350870
16911017
21299276
19680301
17414613
16679961
17727543
16339293
18655322
16050887
18048222
18563023
20654285
18310215
20085180
21177696
20305450
19999661
21398387
17583379
19186604
17914895
16344203
18163855
16253622
17363850
19445341
18584930
17085610
20202778
16467061
19650517
16487425
15800302
16985408
18312785
21186282
19824241
17916366
19027434
21402971
19504677
20879859
16285419
16927904
21823409
16594245
17239232
17010035
19181201
16629965
18761749
16134659
17356350
15887359
17890042
15545242
16181185
20025452
17087173
16917911
16036011
21442334
16490561
16529181
21228095
18163137
21319696
16184696
18849894
15793022
20669892
18021781
18164924
21079263
18845412
19381051
18403573
15788034
15802157
16624890
21193620
19648525
19408554
16554147
16950516
16826759
20798619
17409919
19116550
19253241
20096489
16441817
19194334
17057164
18340506
16808082
21742461
20494357
21155699
20613695
21894124
21475356
16356561
17118072
16484895
21388007
20402165
19377017
16983102
18293235
19845179
21139020
17400141
17976825
18728512
16714982
18175106
19705205
21078225
17140421
16796483
17414595
19260581
16439929
18194797
16202076
19681537
19443040
19239676
18065037
17037708
16384746
21199142
21127091
17589371
16764400
20164712
16512746
21568695
18226542
18283069
21495557
17020243
16759386
18182306
17004998
16699800
19771532
21789290
19768288
20629279
15567905
21531685
20053226
21346587
19492647
21483003
21053576
17891622
17111239
18946369
20053602
18783502
17215469
17486016
18043275
21214379
16469473
15942366
17711073
21540599
19131753
16594224
18299730
21197881
18763364
15995388
20855129
18694981
21456108
15673119
15920363
18475239
18172792
18848689
17494424
17720691
17149526
18682473
18222056
18754739
17517540
16271294
17936452
21055278
18852639
20707799
18479785
19254403
18078589
20299633
18241967
15832583
16262969
20438014
20493795
17923784
16330875
16608371
21233884
19593901
18306512
21513840
15940920
18228671
21240022
20507899
18612092
17318982
17289540
21559280
21723025
20505614
18682142
20949870
20450324
17615464
17454795
17724354
18926163
20964049
19332581
17081188
20586354
16759936
18557569
16378147
16484910
20847193
21689040
20384974
21462456
18209780
16050433
21961386
16536726
18494101
22168641
19831158
15693981
22030646
20091379
15747916
16287894
20964101
19303680
17594251
16675776
15544701
15942512
16932230
19281098
20723771
21641763
18563022
19025506
17646058
21470276
17568280
18391108
17441929
17355644
19960081
19706072
17402352
15976044
15681992
18609242
16215795
19484840
20522291
21460672
21595360
17265703
17323333
21162694
19250451
20814276
21145095
21336024
17149529
16119628
17198753
15718178
19956159
17043003
19938442
17530136
19782928
20303591
15857727
19919206
20017788
20423428
18316869
21309472
20133291
21296482
17624645
21220896
20829004
16227035
17181758
15957453
18922403
19819169
17073192
18028021
17065540
18410781
19747253
15766349
18314233
16200514
16053435
16181263
21555746
19538561
19018550
19552272
18580507
18363459
20562617
16154225
16086618
20482884
18757347
17000388
18453793
16722300
19439707
21193164
18574372
21357781
15759073
19005688
18005378
18041413
18784227
16294146
15571902
15655922
19572450
21172921
16827611
16449865
19238717
21236585
17599583
15924035
19787380
18714421
20566987
17347190
18202987
19960385
20168014
17676420
20108049
18395481
18356768
18437597
19388898
21262007
16336556
18683883
16586379
17080905
17610440
21135301
20503162
21502256
17874543
17685208
16799354
18294580
16425856
19759436
19809876
18181357
20452169
20447197
21495194
17721806
20440106
16263537
18415919
18335829
20063516
20697676
17719690
21738072
16357705
19069462
19937614
18000128
18713769
21572328
17667253
17331096
18489892
20075123
16612288
19181140
16124847
21131165
15829838
18693944
19181041
15889886
15935671
19402860
15566452
19955904
17550936
18535074
18072525
17852233
17315298
16292626
21672366
16060306
18998431
17463337
16279158
16338916
21857338
16200695
16076514
19467755
19378577
19885649
17329643
18678817
20398294
15784065
15995152
21409670
19500701
18219238
18234680
17040143
19521293
21998906
20122026
20359145
17257396
16482752
18840131
19584638
18971493
18208731
15527229
17591341
18684585
19855272
17324304
17035882
19879166
18332383
17709169
18048550
17666170
16045420
15880339
16917187
20882733
18245213
15686818
17102156
21234819
20208067
19505174
16046371
17671782
18278566
16130681
18385406
18046336
16767588
16257618
15764960
17081921
17366250
20695144
16452564
19784493
20646238
18548409
20451794
20377771
19520451
19522554
18316754
17472506
20386034
18333742
19390962
20935007
15943941
20369643
20447800
19066360
15665264
21721874
19446459
19565098
20167833
17933417
17851345
17202516
22006146
16871377
17367440
21270639
15621478
18060531
16221314
19234429
17199055
21922121
21651362
17430742
15682699
16845682
18325150
17883645
17300544
16436084
18931273
15965213
19879730
19282681
20879497
17584265
18560678
16972603
18927962
19967948
17872553
19266806
18497214
20129271
17973716
20159525
16641654
19011877
20362383
20054794
17902035
19664414
20194643
19320387
19552293
18445862
15924027
19090872
18438165
15622814
16095803
15722850
17502445
15743694
20207191
16676338
21067272
16508481
16848256
21977773
18241954
21439171
20367716
17504597
20586952
17202518
16813543
17719509
15609073
18942562
21651657
16507152
19723730
17591412
18426467
20163296
15966124
17958720
16103670
16823010
15567653
16451425
17002082
20218152
15750521
17766072
16530113
21481114
19158447
20406550
17538449
21108908
17617333
20219315
20175316
18053501
21051386
17182477
15931047
18376679
17689462
15835217
17922326
19887653
19144895
17259659
19661825
20024747
17249283
16178312
20810405
18307851
21726454
16121874
18083464
19926976
19221080
18351478
20370766
17236993
20963668
18985427
16113711
16316438
19965954
19195741
16259231
16099138
16566822
18333732
20979973
16215464
21061873
21901675
16824170
18649700
19186283
16020073
16483099
18541401
19413560
15533343
18086988
20507555
17679164
17718647
19479548
18564600
16608617
19469048
17847574
17634055
15825590
19234760
21886036
16671311
20153457
21560456
17299180
17985968
19780857
20202654
19525767
19733814
20040087
16493271
18427612
18753879
17459820
20123762
21503439
16868233
21431387
16297578
19436289
17907755
20210665
18556804
18417233
16529138
18172797
18182945
19592827
18570745
16372470
16294612
18544718
22066294
20551743
18439169
17365449
17202530
19242320
19949887
16978554
19785861
17917941
20124018
17478643
19767049
21043556
21615198
15841884
15880977
19694521
19772784
20137030
15679025
17364579
15935627
17095336
15609848
17178737
19017605
19922036
17977309
19719464
15630863
18284805
19243346
21047725
21507098
21090520
15868984
18334055
19335530
17681268
17901183
18956224
15996975
21979543
18379261
16594246
20005248
17379992
20682570
21727832
16315811
15590035
16035725
16817494
20595274
21591406
18466604
15628643
17593384
16338918
18187246
17147593
20390486
16637384
17966731
15724825
19338730
18534948
18350510
21910386
19712844
18411581
18567347
19592825
19001352
15566599
15717596
16910755
17007257
19232893
16856084
18850538
21308857
19240192
18312752
16236868
20194255
19156389
15687449
20862893
16501268
16703188
15662189
17160738
17378934
15887356
16411028
20237219
20047627
18559164
17403832
20642413
20501958
19582943
17045129
20673619
20709554
17914080
20500964
19143579
19415400
17042399
21062579
20368654
20857671
15871929
16447890
16414936
18437059
21644434
20491200
20546465
21917221
18630370
17583289
16300853
16761662
15779247
17704874
18296844
18482118
18616052
20452620
19395896
17897265
20849686
16052880
17883635
16867122
20523350
21465885
18370882
18269894
21470031
17935600
17037475
17969660
21473975
20220685
20000070
20889628
20598832
21624865
17083100
21614729
17489898
15651946
21152823
18728507
20926407
16335351
19543809
17694883
16602516
17678940
19940819
16439930
18252071
19960128
17999424
17167014
17465252
19786671
17129206
20207990
21599844
18322412
17449437
21095321
19968691
15587130
16388260
19797471
16248257
17083557
18385992
20137024
15540496
16249590
19008695
21559751
17944005
17239060
21300647
17293717
20438344
20416998
16700786
17073187
15548413
19172980
16996514
19852799
17388760
18031431
16105850
16121877
20367694
21478709
21933275
15956007
18945716
15608097
21259126
17983723
16529594
18445825
17158834
16690981
20159210
21323492
20605530
16548700
20875180
20104631
16482478
19725216
19650950
17038076
17004400
19786861
21426616
18989681
21434826
15641236
18433656
16116400
19584763
20520264
16200520
21359272
18763352
16855039
18328244
15705243
15581424
18849744
17244186
19910196
18980712
17060306
20587678
18417441
16838663
17941553
20657275
17179531
18358083
18250248
19032784
17239730
16627313
18579144
19487739
19708098
15960052
18075446
18578641
17060272
18021127
16885678
18381019
16996901
17472512
18808300
19473627
16245559
17001260
19232691
16809674
19451479
17072358
20077966
18657995
18257885
20123945
17413301
20598825
15746480
20950875
15700599
16728289
17278339
19920746
18769104
21465718
20000306
19675529
20142581
18226676
17907276
20159563
21591405
15888901
21246400
18817960
17926280
19800257
17616329
18992671
17290030
18421824
20102130
21536611
16083700
17416366
19043123
17828852
19014410
16274940
19446840
19570067
18584260
18461538
18724884
17653903
17218721
21330485
18435314
18232550
16970554
17803837
15789363
19371417
17926263
15677916
19500750
17664502
16956337
16512871
19507536
17356443
16723061
19653389
16047810
17387520
17697218
20447578
17785974
21987201
18032748
17286723
17673769
19017601
15841671
21400967
16419672
15801997
16335552
19188133
16326261
17440640
18573661
19828906
18719004
15867700
15590209
19343858
17684107
18060967
15822046
20586992
22030634
16282072
20958849
15522054
15754925
17468793
17200636
19228797
18060981
19465748
16734038
16825667
16926987
18649830
18214777
18315585
19366441
20203460
20959735
17439386
15778076
16640136
20837284
18674762
18260370
20659198
17696629
18330057
19999373
19562979
20132006
19832815
16926968
18385405
16374198
20920077
19968011
20397331
20940699
19253116
19858395
19001839
18269420
16563144
17931539
21448539
18318561
21557829
16936604
20667173
18211524
21486888
18577761
21766435
19772152
17717442
19343371
20520118
16327040
16382647
19337714
15589438
17596085
20297576
16520677
17516887
19780749
17851297
18059392
17996802
19572761
21247924
21125707
16875119
19543843
19809014
15527223
19752069
21679453
15690215
17302137
20568324
20446410
21311275
21131265
20227922
17219513
19455926
20572428
16252574
20659270
21135610
16060584
16005784
18319382
19472678
19118912
16392103
20371054
18039298
16380577
15771652
18278613
17953292
16824155
19650244
15905484
18772209
16563940
17449252
16493300
19397393
20972385
21140738
21932716
20397525
16250382
16854247
19764839
17151898
21714372
15583907
18570598
17102299
16967393
15990739
17549772
19446121
20353733
19626753
19700971
19955458
16687381
19788555
17102524
18360282
18021780
19694327
20890220
18319132
17460312
21375100
17885718
17685994
17130947
17428187
15611971
20840358
21407045
20029343
19116822
15688837
16673222
20425962
16235359
20059777
19010600
16045109
18186914
19396575
18700086
20494285
18221656
15628169
18034178
18356346
20573643
17868965
17975393
20415270
18473086
17998857
20393971
20059792
18385225
17988599
15818360
18849089
19658281
20092136
21478756
17375226
20141095
16379447
15644685
19175427
17419034
21090217
17927114
15706156
16827455
20220661
19165757
16206095
19839947
21254824
21716110
15680834
16492098
19133182
16802313
16351538
20020089
17567672
20056785
16709554
18240839
19633547
20211644
20679968
22003206
18649644
20590507
19096897
15571610
16969015
18307701
19819761
15967452
17505406
18082998
19008976
16684724
19591308
21076264
19158526
17218647
20964157
20144035
17477481
16493319
18788226
16825920
20837282
17470280
19996948
19402320
16236850
17627743
21722991
17298264
19125891
19648844
17598932
21500520
16732342
17999405
16536768
21628643
15957398
15582349
20443279
18462237
18028388
16903403
17446825
17318031
19152057
21504959
18376652
21339199
17313912
19734402
17462038
17339823
21416787
19027448
17563109
15550799
18064843
16598327
17883713
20642088
15920852
16536397
21572358
18579319
19193242
22053657
17559479
18199862
18229653
16547452
17362790
18164465
17925737
15643036
19831143
19072108
22068179
20000014
16007738
18809647
17020241
17192523
21795289
19215330
20029341
15550090
20541832
15805437
18688600
16444408
15719585
18761196
17902526
17063979
16563626
16530121
16915724
18164249
21298940
16524996
21280340
16450312
18676119
21229223
17354220
20123767
17210879
18235395
15917066
20525554
19941223
20835273
18561738
18497006
17140007
18041511
16149976
21481519
19675253
20848981
18160115
15564311
17001357
21601725
16223081
19624068
17708742
18402417
17519264
18521045
19346274
20824785
18780905
17925585
21869668
20594460
17151566
18072408
16813512
20655625
20173056
21211926
19744657
20032989
16169727
16932134
20451763
16761659
18670780
15544667
19363751
18953193
21150411
18928964
17847993
21404876
18073254
17349769
17071417
17204738
15832666
16111603
20044162
16295518
18466386
20128760
18785917
20427634
16112527
18266164
19049750
19239593
17524799
17060897
18346001
21693089
16242295
20956023
16565634
17580394
19295422
18538424
16779248
19728502
16610752
20337205
19646192
15670006
16182120
19183496
17686221
17953235
20629426
16755817
16768542
16640738
18712640
19102433
18812888
17034678
19714512
20429725
19519908
19730813
19629691
17036618
15913067
17290963
18430276
20800198
18580104
20212368
16403214
21835282
16478412
17609050
16911052
16516655
21435277
21035900
19845736
16307627
17142604
17392944
18358996
21878695
17914896
19673054
16451340
19124670
15945574
21624394
18000242
17518822
16630899
19244631
16479681
20937544
19820671
21899216
18619767
18081171
20866016
17211000
15943158
18372975
19450916
20684381
18084368
17260531
17163003
16200512
20155989
20227674
19642899
16512054
20937737
16159066
19293173
16198219
19059087
18340975
17908529
16838090
21239908
21508175
19914637
15897499
16430350
15906896
17638595
20716978
19879093
19908926
16352514
21709298
15756360
20495648
18803881
17052558
19856860
17584351
16618486
20089488
16101858
20545592
21471886
20722880
18725035
18246448
19229401
18727768
18823325
18461517
15632388
21144191
16690691
16192192
18667874
21281772
19892383
20306839
19062773
17327722
21337991
18828255
19308827
19208816
16103035
20349649
16464798
18018751
16981989
16166871
21489164
21957820
17472165
17460308
17467495
16398039
21071568
21294353
15629730
19192089
18275405
17081744
18715182
20822848
18364061
17519031
19592989
21530414
19880842
15931440
20929617
17987416
17568871
19297876
18442595
16541307
15815966
18802808
18837657
20864908
21086054
15744445
21683474
21500700
20964750
16707289
16302551
17240117
18295846
16401532
16237987
19027089
21463803
17035435
16456641
16535909
19898097
17438705
16339336
20599101
21194458
19266114
20356790
20236522
20816555
19072193
20636584
17514730
20000268
16494663
20719586
16736630
17556325
18291010
18349768
16771956
17162119
16273797
18522561
17509048
21478696
19247542
18716530
20085958
19958064
21208485
20819781
20650026
20500740
20715707
20473643
21140554
16777687
18044415
19204646
16116922
17622492
18412588
18414953
20434096
19263156
20351917
21615196
19055303
20393104
16511687
20713533
15529283
20690391
20487072
19032208
20393350
16964771
21595376
15690283
19583899
19050194
16765535
18458853
16897374
20525464
18320994
19134487
19407054
18350993
21164402
20075540
19418982
15704593
20706099
18803742
17418194
21232162
19915873
18364612
21426286
15561156
21093376
18981213
15530763
17283846
16837693
16109046
19695973
17935844
15921988
20439095
17142408
18490164
16032567
21148268
20675834
16579824
16775869
18410057
20181431
16857200
18478489
15557911
18160993
20191888
21139047
19456247
18726814
16262830
21703675
16338597
16636090
18580396
20507569
20356794
19032074
16052178
19387871
18360246
17434236
16431262
19384131
17146310
17006005
15911931
20432110
18664802
16225029
15890300
17207239
18844274
18448502
17852888
19195050
15920707
15921098
18807299
19775850
18835724
18584521
17496444
19573958
17627408
19165011
18592950
16963660
17035433
16330966
16572026
21519723
17624898
19619369
19378859
15853233
21612667
19165548
21223400
20183538
15797156
17037342
21294061
16889949
17108883
21859274
16550700
21178218
15602144
17364798
16793492
20438199
19425342
19196640
20486093
19602539
18405170
18241761
21068639
17415578
16927579
20963669
15579609
21599531
16343906
20182364
18947091
19283233
18606581
16982254
18336450
19161748
21651382
19067298
17181679
21684600
16626100
17355362
16873848
21862079
16291385
15698450
18581017
17885971
17935242
15614663
20443427
16567752
16767019
15774047
19259865
17079618
15690145
16931476
19601420
15749138
19084880
19136306
17577159
18284834
19931708
18727765
20508148
17269542
19085668
17394520
15561662
20194608
16466085
21343937
16618589
16619472
21354820
18672347
20458647
19590235
16555754
15713926
18551151
18240023
17873662
15994471
15947903
17658028
19448581
16909074
21507193
15546535
19553634
18771643
17624815
16514388
20949867
16676339
16793836
19926243
22028288
19156472
16474249
19366837
17546787
16836999
18926447
20653421
20728393
17094873
19447272
16117747
21334787
19096850
21439658
20126958
18985624
15915059
21670456
21336134
21283025
17502632
20050427
18482557
17537612
21213962
16884798
17623502
18664961
17544683
19541573
16267145
20423409
17276540
18564295
16398383
18678718
20921487
19644973
17851348
17983361
20008737
16549036
17549829
19896733
17696675
19411789
15717240
19018751
21703808
18075637
20503033
21449779
20419746
17284552
21059150
20573641
18350511
18064839
17446244
21186954
15889866
16449087
15855951
19837459
20929651
16477410
17726671
20060719
19550350
21050203
20693206
19413614
16757388
21256570
15977240
19319000
19557481
20934952
17913771
22010498
19824096
19254194
17352993
20303665
18198364
19840275
18405397
16927582
18803549
15726869
17087708
19526413
21951494
17537082
20570292
17120941
15768587
18002880
20435665
21331556
17276065
17981374
20806611
18026052
16533678
17525086
21473530
19660617
18814778
16342837
16206332
17254493
16324951
21879648
19723861
15723152
17236855
19774354
20938625
18418177
18662214
18214334
19105559
17244299
19916360
21146658
19031483
19852714
19431249
19774913
18990325
15671770
19538693
16635161
16121650
17349950
19690306
19584211
17194403
18377579
18683450
17657419
20562371
21532046
19235784
21413676
18595987
18425075
19106344
16702081
21801517
16719606
20871804
20880367
16117265
19826998
18320628
20187428
16863041
18414179
22011868
16455020
16145365
19735763
16534765
18051970
17535945
18021136
16686813
17544677
17163222
18257457
17655694
19522911
19346565
18376524
19886088
16273024
17413676
18940027
17001432
17593633
17988048
21855839
16793488
21721162
17112119
17137141
21516003
20691493
18197437
18998874
21359504
17540191
19204226
21711124
21689425
15931045
20970059
19427812
17535178
21349446
20513463
18171634
21074961
20615181
18608613
16897270
21702238
20097932
16988283
18449046
20121961
19282245
19637008
19647598
20640516
21276980
17975253
20180498
18344784
16879381
19849752
19745635
18420747
19034423
19210155
19387912
16137578
15824657
18202986
17720359
17444399
16443958
16777796
20017115
17326916
21899982
17251796
16320641
16492010
17149083
17118659
19621493
21342420
18656276
20019515
18038294
15819535
16604796
21910375
16509387
21725218
18814304
20696792
21172073
18402382
16009066
19580195
15776123
19768640
19736574
17233146
15928222
19593076
15673647
19717839
19401098
21473969
17635953
21371292
18206309
21745141
21140884
19104316
18542008
20121006
21590566
17077752
17963493
20186874
17443610
19455861
15633074
17686713
17219938
15536379
17623242
20443408
19161172
16584106
19917849
18336958
16011227
20865605
19957463
15793979
16010225
18266573
20345521
19207173
20143739
17570677
17956529
16605232
16798179
21744630
15532174
17394226
17135646
17470871
20488605
18677715
19719366
15832639
18197590
17962180
15968445
15999081
17090723
19642436
18837986
21446195
21376433
17701622
16060328
19115893
15768652
19250522
16704611
16294628
19836276
18314427
19793720
16557152
21534878
21141263
17476209
20467306
15751628
21383301
20712666
15999855
15930218
20194561
19931746
17286721
21639966
20167615
19288473
21514554
17630270
16438787
19582822
17214007
16983267
21320661
17319568
20662284
18484975
16387109
20055721
19585071
19708805
19318986
20689196
18489666
19068687
21793460
16212517
16835566
18038299
19529041
18463838
19591106
18060500
21281024
17048754
20801275
15757049
19728434
17368975
19856591
17135845
18564587
21905564
17135647
17414331
16607870
21476861
17581242
16995935
19907370
20391657
19148340
16420107
21696077
19291184
16408461
21513534
20541064
17162877
20569870
19596930
19167554
16926561
19550234
21690602
18209218
19160881
20031864
16096151
17714995
18544976
21513000
20142405
18044411
17063404
21680668
16287559
18179373
19901351
16775904
20688541
17062520
16604800
16374169
20932394
19926646
16466404
17196716
19741432
20180056
19637357
21368551
19300078
16564170
20568551
19481655
16465982
21029491
19788774
21302877
20654824
21507257
18297984
19777727
15863624
21524661
17324772
19528436
20024774
20981638
16326211
15992240
17506869
18756158
18160893
18561846
16608940
21799379
15593323
16650586
21457180
17152914
15715073
20091227
20437252
21326027
22030513
18811781
15693577
18794751
15759071
16467285
16153378
15633341
18584997
17761619
17365375
19581026
20166455
19120081
19542423
15717962
17209898
17728557
15605758
19291187
16502384
20486085
15911198
20026651
18564996
20030702
20155642
21527006
16885551
20224999
17715168
19445700
20189682
21378648
21056316
21619766
20606138
21449986
19775467
17603834
18044231
21057232
17474912
19448584
17975399
19541547
19669104
17635257
16756187
17714050
15693990
20397808
17605287
16437328
17263049
19768660
19664525
17022877
16119296
17956915
19652590
16215368
21466754
16005341
15602164
18194405
20621533
20508682
19635764
19212250
19416041
17161127
19669071
19935609
