16709492
16719132
16719039
16750798
16719606
16117265
16784064
16781973
16779953
16773862
16770751
16767014
16766684
16764559
16760768
16756529
16826442
16822110
16817671
16805186
16805075
16800327
16798655
16798654
16796079
16793044
16789675
16894927
16889781
16889318
16887392
16887319
16884120
16881753
16877043
16876802
16873146
16872789
16872786
16871101
16871094
16870996
16870534
16870387
16868473
16868472
16867885
16867302
16860524
16860522
16856104
16854247
16844126
16956851
16943381
16942769
16939851
16923678
16921859
16915743
16913432
16913240
16911175
16911174
16908470
16907786
16903582
16901874
16900278
16898099
16897569
17052089
17044346
17042818
17042466
17042399
17041607
17041248
17039988
17039753
17036462
17034679
17032087
17017584
17009342
17007695
17007155
17006108
17004425
17004212
17000350
16999743
16998406
16997634
16991107
16989295
16987574
16986357
16982103
16980794
16980730
16974168
16971816
16968759
16968429
16968428
17142408
17141572
17139206
17135851
17135840
17134941
17133893
17133141
17131283
17131277
17123215
17118054
17118052
17111645
17109114
17105634
17101624
17099116
17098156
17094360
17094359
17094354
17088063
17077787
17074947
17068679
17066965
17059981
17058756
17058750
16594229
17250963
17239073
17239059
17238947
17238944
17234418
17233665
17233147
17229532
17228210
17225769
17220384
17215199
17214422
17214007
17213738
17202527
17183937
17182970
17182477
17182195
17181681
17177907
17175591
17173280
17171723
17164639
17160869
17152454
17150325
17149757
16092572
16082914
16075692
16060584
16046887
16045414
16035471
16024480
16020073
16001821
15999859
15991107
15976046
15957874
15956871
15944166
15921985
15916501
15898701
15887817
15887765
15886547
15877684
15875456
15861915
15857858
15853090
15819265
15812732
15799889
15774361
15764640
15750050
15742746
15730184
15722845
15687761
15681311
15680611
15678026
15675780
15663314
15656851
15653250
15651055
15646122
15631568
15624638
15612429
15612400
15612239
15609477
15608097
15600037
15599695
15582636
15580108
15575117
15566162
15561160
15554800
15545244
15543443
15541620
15540498
15530751
15518120
15515442
15513798
15513615
20194838
20131149
19480076
19005688
18987086
18981814
18981812
18978693
18959283
18947076
18927261
18927141
18924529
18924291
18856174
18850534
18833453
18825851
18822554
18816280
18816011
18815950
18809125
18809119
18786059
18777145
18772654
18754982
18723257
18720891
18607014
18709593
18707620
18697346
18689533
18683524
18677715
18677689
18669900
18652002
18638672
18617709
18614447
18580280
18500140
18445862
18445647
18434872
18429006
18426469
18412839
18403715
18391804
18366363
18359879
18341071
18339641
18339336
18337617
18337183
18332360
17482878
17475988
17468685
17464738
17462039
17462038
17461371
17455518
17454286
17454280
17449215
17446134
17445135
17443196
17442030
17438929
17436074
17430444
17430371
17427666
17416716
17413780
17413370
17409024
17408858
17400289
17394620
17394514
17392931
17390967
17390927
17387304
17387076
17383236
17382848
17380387
17375769
17375276
17374473
17368100
17365897
17353810
17345558
17343091
17342855
17342854
17342853
17342852
17342851
17342850
17342849
17340708
17334167
17327750
17326727
17308311
17305265
17300544
17299901
17298263
17294683
17291832
17290065
17290052
17286192
17284556
17283956
17280672
17270279
17266420
17265661
17263056
17257782
16629008
16624890
16616643
16615711
16615260
16594860
16594293
16594284
16581630
16551583
16551153
16551152
16543743
16532479
16524206
16521901
16514258
16512271
16502761
16493308
16493302
16489390
16483098
16481778
16451425
16451424
16450936
16444104
16442473
16425810
16422743
16415627
16393097
16382795
16380306
16379471
16373183
16352515
16344202
16334972
16330518
16327346
16317330
16314384
16301939
16292723
16287816
16286324
16275704
16268229
16265798
16259187
16231615
16231609
16231569
16231554
16220889
16206915
16202837
16189987
16173854
16170429
16150875
16149236
16144242
16135654
16124694
16111061
16106491
16106155
15853073
15822662
21988682
21744564
21645111
21635281
21469371
21324847
20654986
20654899
20575323
20574180
20436032
20368483
20102810
20050445
19858343
19801007
19736742
19707083
19701013
19689699
19689634
19689239
19687468
19687464
19684494
19684373
19680792
19664905
19650070
19632052
19628390
19618705
19614880
19591026
19591021
19588661
19582943
19581197
19581196
19576714
19538693
19534368
19528102
19488997
19486790
19476248
19474647
19463678
19461219
19460667
19448133
19429770
19422945
19411789
19409867
19376598
19321037
19306789
19298361
19293307
19266973
19254276
19241143
19216985
19216983
19203678
19200287
19186786
19182216
19177431
19176862
19172450
19158236
19134499
19117501
19054983
18090141
18073702
18073657
18058833
18053001
18047593
18050243
18049141
18044415
18044414
18044231
18041355
18041329
18039730
18036470
18036125
18036122
18036015
18033724
18029543
18026998
18026004
18023256
18022046
18019114
18005127
18005124
18004189
18003870
18003593
18000439
17999008
17998407
17988364
17984641
17982999
17982991
17969826
17969663
17966300
17960433
17960430
17960429
17956371
17954441
17954440
17953245
17953061
17944314
17942364
17942229
17937446
17919355
17910315
17910032
17907738
17901190
17901189
17900907
17899216
17897829
17896122
17895491
17891669
17889734
17883648
17880483
17875621
17855231
17851385
17851368
17851348
17851317
17766672
17727738
17727583
17727546
17724401
17721968
17719364
17719361
17718039
17717804
17712891
17708181
17708039
17707902
17704676
17700975
17689082
17687657
17686604
17685911
17682686
17681078
17680514
17674615
17672411
17671027
17667488
17666979
17666972
17665207
17663416
17662568
17658007
17655538
17654419
17652952
17645955
17645954
17563425
17626507
17619326
17615464
17613485
17613157
17605627
17601843
17601109
17598627
17595408
17594409
17594301
17584422
17584341
17582019
17574501
17573295
17573272
17571468
17570967
17564297
17560953
17553021
17551855
17544129
17542785
17542721
17540320
17526308
17524962
17523577
17518886
17518864
17518825
16972607
16463928
16425879
16353827
16331229
16295792
16294947
21667714
20949870
20940569
20931414
20929944
20925293
20878830
20875179
20875178
20871497
20860336
20857889
20812027
20795597
20713857
20698414
20690276
20687974
20686925
20670270
20658424
20636159
20635280
20620810
20618596
20597731
20584625
20583316
20551743
20551742
20549916
20546470
20531108
20514884
20479136
20476519
20473793
20472608
20458987
20438015
20431466
20419564
20409122
20406531
20395733
20386962
20386374
20380496
20372996
20371053
20349851
20337796
20232252
20227922
20218450
20210265
20189061
20186648
20186647
20186518
20183681
20176916
20175316
20158550
19146559
19146557
19143235
19127438
19125131
20830989
19091313
19077807
19072191
19068898
19061176
19061173
19060802
19060279
19055138
19030690
19029105
19028141
19026477
19021125
19018218
19017370
19013884
19012786
19012713
19008760
19008695
19004639
18980104
18975844
18974406
18959570
18855169
18849513
18848413
18842456
18825582
18819225
18808733
18808589
18799159
18773795
18772663
18772659
18772658
18768007
18758334
18728949
18727763
18724786
18695617
18676960
18676119
18668482
18664907
18652065
18649816
18636026
18632780
18632507
18622998
18613299
18608475
18600601
18600037
18598253
18591640
18591304
20088062
18577323
18569903
18569897
18569854
18563026
18563008
18561011
18557569
18548869
18544727
18544043
18539337
18528821
18519819
18504095
18500136
18496089
18488881
18488588
18484440
18482146
18482122
18481737
18472683
18467294
18459622
18459593
18459592
18459277
18459068
18454614
18448134
18444721
18426451
18418177
18416794
18415707
18414335
18414327
18413876
18394032
18394030
18393217
18386606
18384590
18380299
18378512
18377145
18376741
18373613
18352962
18347927
18344453
18336687
18335259
18320301
18302651
18297317
18297316
18295540
18293224
18293220
18289187
18283770
18282346
18281641
18280584
18279924
18277222
18274880
18269541
18269426
18269421
18269419
18237621
18235162
18234036
18214777
18207643
18206382
18198359
18192156
18192152
18191769
18191768
18188973
18187011
18182469
18181890
18177356
18176135
19402357
18158495
18155338
18096585
18096353
18096228
18072525
16274169
16267982
21902107
21846402
21590575
21590572
21517883
21488536
21486437
21462058
21434742
21421648
21414811
21404876
21403487
21401255
21395911
21389169
21359504
21333847
21314594
21290960
21268521
21266145
21240727
21226411
21224329
21210916
21191034
21141295
21110401
21061867
21057073
20621274
20620809
20609033
20601549
20591747
20584237
20579161
20576072
20561851
20557395
20554475
20553584
20550076
20546168
20541903
20531197
20509306
20508976
20500651
20484058
20446192
20444771
20440106
20430210
20423442
20422746
20418163
20397348
20390486
20390485
20374981
20373630
20363189
20357661
20337801
20222486
20220670
20204991
20204938
20204704
20200583
20188629
20185972
20182364
20177024
20151163
20142744
20142739
20141026
20137029
20122033
20122027
20118035
20117687
20106664
20102784
20102143
20089625
20089310
20085116
20078007
20069940
20069472
20047354
20044588
20033786
20031809
20030772
20030696
20029822
20004740
20004298
19998333
19995291
19994653
19963149
19962846
19955101
19934838
19930356
19899647
19892890
19838845
19874096
19863219
19861106
19860041
19858822
19850502
19843967
19839679
19835742
19835228
19826952
19826116
19824977
19824279
19823974
19823972
19819191
19819050
19807245
19807236
19803561
19803291
19788774
19786527
19783333
19771573
19771517
19760582
19756766
19755973
19750969
19740145
19738146
19715097
19712124
19709792
19706350
19703383
19702674
19700651
19692929
19674171
19673014
19632876
19632844
19629848
19629778
19619376
19602683
19595570
19583645
19581222
19574107
19571514
19570200
19538801
19531265
19524441
19515394
19490004
19486788
19463677
19461551
19457559
19450039
19446709
19445342
19444526
19426371
19426368
19401499
19389671
19382112
19351302
19318286
19297250
19295227
19293414
19274623
19273394
19267730
19256761
19254201
19247542
19243522
19234429
19228305
19228233
19224878
19187163
19186674
19180719
19180530
19165757
21957799
21941706
21896439
21894840
21817993
21809292
21749243
21747417
21727886
21727884
21727300
21708521
21703897
21702205
21692585
21688903
21642931
21626479
21625662
21624867
21617788
21601010
21555751
21545640
21545572
21528629
21500016
21497248
21471874
21429954
21426615
21413846
21406010
21404880
21401285
21385448
21382072
21375574
21375573
21369722
21345737
21329271
21323974
21299290
21278668
21272307
21263348
21246967
21244252
21214691
21193164
21141293
21123958
21116179
21114055
21093061
21087301
21069603
21052731
20970632
20942256
20921888
20879903
20878855
20875203
20869329
20860575
20854334
20849291
20836636
20834202
20810416
20800766
20727191
20726928
20722812
20718235
20712664
20710135
20678968
20678886
20672255
20659196
20634280
20631595
20629463
20581648
20467306
20236433
19482512
19423391
19273399
19143233
19092597
18983652
18955845
18808300
18771828
18588372
18482118
18463016
18363490
17969829
17445107
17370455
17184377
17131247
16690144
16689412
16689409
16673625
16650591
16650032
16641651
16624451
16594423
16594289
16594285
16581077
16568813
16566531
16563626
16563624
16562385
16546447
16542838
16537281
16524996
16523036
16516655
16502003
16499462
16499461
16493300
16492923
16492644
16489958
16477819
16475078
16473357
16469470
16466482
16460760
16459890
16443997
16431262
16431006
16430762
16427761
16426935
16402334
16398299
16396922
16393486
16371822
16361596
16352514
16342631
16329131
16317178
16294656
16294612
16289803
16261850
16257625
16255838
16253509
16252635
16240882
16238853
16210023
16200526
16167449
16162290
16126602
16126004
16125026
16123720
16109515
16102152
16102147
16101857
16096252
16095151
16060579
16055616
16033446
16024021
16022890
16008136
15994143
15984560
15967550
15963172
15960246
15946281
15934559
15928530
15923006
15915060
15907850
15887875
15884269
15883465
15883463
15877640
15871746
15841026
15832874
15815967
15813587
15811201
15807759
15804903
15800768
15791783
15781177
15775808
15759524
15750995
15748679
15718186
15715696
15669928
15669016
15658736
15657688
15647735
15637956
15637949
15636657
15633341
15605747
15587530
15586183
15582642
15582349
15576258
15562048
15561156
15558082
15555721
15544665
15543709
15530753
15527474
15511744
21471911
19443876
15553059
18641112
16144146
20047175
21888007
18022831
18564695
18194594
16823536
15689593
16716871
19138378
18427612
16143267
15688334
20080305
15801370
16455726
16548700
16865561
17526445
16817296
18472623
19351529
20818469
15807801
16324070
18226676
17693680
20883230
17679164
21843128
17873253
21168114
17524799
20708031
20858296
16509952
20846019
17033234
17194351
16004155
18346405
21083366
19272585
20183899
19081417
15704514
17128756
16614844
18638367
17707085
18240655
18078210
15720311
15794667
18578273
21375892
21477376
16550700
16108880
17406167
18828255
19732169
21820539
17366090
18365349
19445645
19930080
21507187
21243870
21926560
15760300
19100943
19635764
15724947
16424714
18562224
20222232
19500886
21898329
19200465
21311260
20728066
16722853
20003446
16925241
18951825
20818991
20029053
21396508
17152455
18037602
16048867
18779735
15870663
21181630
16499309
15815958
19657251
18339337
21905476
16372717
17659724
17426936
20054158
21587063
16731071
17853842
15575035
16301940
21387580
19241788
18071762
17973810
20628787
18580717
20689929
18824621
20302257
21693089
16280926
15701108
17342002
16565867
20873534
20033624
20827237
21176251
15513613
20076927
17526293
18318852
19251829
17060267
17273081
20210865
17611110
17213498
16955055
15633432
20682509
21693356
19097470
19327293
15591917
19525720
16835551
18298989
15855951
21045577
18159718
18928079
17846091
16878675
15706278
17493307
15933310
19756511
18435310
19629602
20977993
18335903
20812124
15622672
19382989
16802263
21820837
19499993
17409919
17451880
16477922
15902166
20163758
21702113
20029343
20022601
20519188
21692378
15715808
16301469
16998363
18650767
16908229
21404720
16942702
17446023
19660639
16046896
16913309
19926344
16376137
20364647
17724101
18097138
20800800
20420304
21110121
16493298
17320785
16116847
19349502
20827451
18669704
17044271
19894010
17298133
21689042
19560317
19054959
19811169
21780096
15707097
20022909
20102928
18616633
16915111
16084475
18340990
19820484
21129010
16111603
19064601
16162387
17086162
21140065
21469369
17412032
21343503
17605458
21323088
17446195
17718747
17332210
22046673
17621446
18190775
20506122
15639679
20130828
17060291
18781251
19719516
17386358
18638031
19573401
18020847
19995133
16398194
20602585
16361938
18560849
20178873
16815115
17881194
15521111
16027349
19024067
16054544
17587355
17523332
16689120
21566417
16684724
20164666
18661159
17317085
16553671
16624316
15984437
16261779
15916209
17212895
21029220
19266765
18585539
20449991
17569459
19300071
21610597
18219243
15853873
19105821
15798453
20922979
18693400
21156305
22021547
15624549
17176304
18480204
18300277
17139578
16986577
16551318
21208704
18586341
16754571
18604321
20887402
21901568
20484722
17666293
16905489
16457308
18259718
17879602
17013869
20511243
15753636
17201943
19247014
21236411
19627048
15807052
16421464
17803415
16755942
21047195
17100224
15788981
15558075
21114911
21173438
18603173
16884570
18251424
17574188
19955390
19489940
17578455
21935800
21131854
21778910
21323081
17153132
16287794
20851265
16200512
15579609
21976585
19299758
18979697
16733953
19278889
20795613
17261205
19480279
21839879
16514475
19005091
16711185
20068505
17900477
20125045
18842971
18461296
17394615
16690581
18414334
21910386
21109915
19375525
17302137
20128250
15658734
21322439
16939565
15726463
16796234
15629990
18710057
17145224
20925564
21803278
21840545
15673205
21163648
17129326
17233386
21823881
15895550
21377679
22164936
21771357
17579308
15944499
20446141
15711101
15891598
18545842
19751898
15948479
17844860
17395968
19018902
18452594
16297467
19164133
22039729
18788364
17458356
17477232
19286341
16420107
21247924
16221800
21315289
17180845
19936604
18654837
19851137
15564731
21507257
19390422
18808596
16822718
15730598
21470467
16206537
19739878
21485620
16528928
16764150
20234993
16225029
18405469
20081695
20487490
15651946
16512032
18973640
15799432
16449393
18084967
17205853
21063675
20811744
15776774
20387500
22025436
17853172
16447529
18260038
21329506
18210983
19366937
21467897
22049636
15602279
18318922
19374646
17101620
16584673
17917946
21818983
18584389
20066486
20305532
17115134
16246653
18590091
15951582
21056316
20386257
17384930
20825533
16981981
18797217
16475408
18705181
15765641
21106655
22032571
18158292
20959587
20211305
17507591
20492053
20194254
17122430
15917259
15573072
20229190
19716070
20935603
17906058
18328638
19297363
16543791
18468879
17420944
17329313
16011137
17563050
16268341
15911187
21361927
19753425
16338814
20679971
16245560
15894761
20638866
20082633
21649700
19565687
16563995
21476419
19585920
20592254
15566435
20483875
17458539
17349439
15894602
15802340
19685099
19386879
19121194
21158890
18774362
21460690
16446335
19773697
18344890
19054930
16697601
19379454
16850023
16227770
21501726
19910394
16862950
17361502
17000480
18853662
17125050
20235082
19898766
18812795
16553120
17396058
16239412
16884132
18261541
20722312
21226439
17907276
20886631
16332187
21486148
19683950
18021136
18578198
16036251
19877094
21632665
18823688
18475104
16358174
21481736
16980683
19136335
18237347
19010732
16225666
19386368
20054464
21591328
17518122
20413752
15636409
17972533
19908947
20469571
18504332
21591329
18341724
16334819
16128652
18653816
19951637
16594419
15526877
15890289
20103833
20138379
16044791
20837293
16244849
19243459
18941437
19757735
20029563
19420035
19338730
20859052
17727589
18852639
20738745
20050336
16400218
21519723
16009286
20185054
17824264
20579149
21450679
20125106
18777963
17419573
19410214
15754194
20151345
20929617
17972783
16285321
18279449
18562740
16199460
17174511
18195302
18797227
19771410
15798871
21241983
17591341
18347487
19955389
15999894
17292131
16960933
18363454
16202728
16391318
19119575
15946460
18794751
18246391
16958164
20935561
21478683
21667548
16965891
20549122
16933670
16449886
20924255
21977821
18825852
20802908
21074075
19302728
16034297
17210426
20548254
17695580
19005190
19558737
16602515
16395020
21991894
17146726
15792264
16280397
18478644
17288320
18817023
20403550
20394119
17133305
16050891
17258056
16521899
15848819
19757870
15931492
17559612
16222065
19998905
18447987
19197571
18302874
17877872
21577078
21806560
18815503
21169795
16522492
18353387
16766909
21745141
21340716
17302096
17229790
17378291
20145234
16791758
18073544
19412094
17304075
21748623
17263098
16791534
18591306
15646750
17378520
18560068
15807758
18370970
17924270
20104404
20503838
16739812
21429702
19343870
20841979
19535214
17135904
20083916
16567994
19793235
17006113
15754927
16471291
20879815
20175258
20398146
16878218
17352695
20671079
17942501
17328146
20482950
15933272
20182988
21894126
16184696
16847172
21173494
19951786
18186907
20868958
20507692
15553330
17292025
17646998
20174934
19455365
19751500
15993259
20307367
17244999
19061787
19621201
19273777
18206144
16651054
18501434
18826901
19419344
15853233
16736371
20571733
15529892
21048474
17845972
15774058
20424256
20608316
16959677
16881590
18578798
15677915
21548477
20454480
19552247
19106729
16434755
16247636
18544718
20722311
19788555
17614071
18468922
17720453
20508558
20001335
19899669
17430777
17951939
16645497
17218721
17494525
21257230
19170377
20557260
20354928
15539975
18270924
16793330
17936542
15984364
16390892
21398238
18519522
17910543
15583505
15743439
21417056
17602317
17130700
20678887
15832639
19444809
17708328
18173848
16566612
21511786
18629359
20049081
17594378
20592707
15653252
15643250
15983282
18021781
20032757
21944158
17461316
20570462
18006131
18077277
16529030
18580428
18043787
20131584
16295514
21134297
17151804
18438533
18240628
16521642
16035980
15744761
21834378
17346025
18769981
16204142
20799894
19542495
18629746
17603972
19085003
16026188
20564415
15921133
16245480
20370860
17446773
17078236
20853050
16336620
16987113
19780854
17009572
21823498
15887792
16627545
15777874
19327598
17058722
15669577
21393081
18504057
18613459
16781241
18780855
15573006
19256263
18074870
19192841
18164455
21401482
16313292
16637941
17299180
19945320
17872834
18535316
15997955
20545873
16691214
19945102
20404691
16035246
16687336
16295340
19651928
17562661
18474847
16933155
19626739
19237903
19482401
19186281
17379058
15633384
16092300
16295024
16338918
19070193
16986566
19692541
18789742
18161180
16600959
21854234
19175587
18321837
16132002
18657759
18320908
19930228
15720030
16979082
17503752
18769315
15850019
15808121
19541547
17540639
19810665
17286723
19596930
18272212
15863800
17133142
18095889
19965903
17187534
20857671
21470607
19261362
18211483
19794321
18335899
16977900
18724547
20231494
20575199
18197916
21121500
21448054
18952262
18668612
17071841
21123022
16025636
19239511
15893217
21411839
20431793
18625761
17070032
19076464
17076800
17336373
16808088
21114909
18693411
17462137
20678610
20162914
20236239
15980295
16356205
18604724
19101209
16443958
15936406
21501900
20397538
21320347
20189267
16227562
21868479
17594219
16927575
17504589
19150911
16466350
15717526
19219412
21969479
20935272
19947817
16273024
20535902
15868587
16920652
19087052
19085668
16109681
15552501
17966309
21378689
17507825
17345603
19306370
15990428
16240973
18592618
20850843
16899002
19519232
16404082
20619034
15589081
17539985
20370644
19663573
20833622
18579928
17958297
19259073
20353527
18772208
17262741
15839234
17103344
20680355
15785330
16879793
20039842
18774997
19376682
17933370
17430373
18488864
19268886
17687192
17729170
16174201
19860304
19632805
18432048
20694757
21765257
18844274
16408188
21306019
19541573
17601474
15530599
19702489
15624582
20005027
16444925
21314574
16335351
16260702
21912023
17418522
16379513
20845194
18417441
16228169
21463817
16995478
17592106
19888953
17558067
20464593
19042887
17147713
18678149
18495415
15955403
19256742
20337952
18654957
19759423
21097976
18271288
17944133
21457843
17225335
18763014
18279067
16607262
19018641
15860031
19084890
15533351
15678925
20396850
18831671
21449779
19944324
17689366
20835964
20002480
20597404
16796448
18302971
19065370
16195185
20674108
16643176
18378464
18257492
19736818
20194561
18019286
17059642
18644746
18988620
21444841
18399614
16489576
20351023
17556899
16527004
21401687
16585114
19674761
16426798
19240494
16889162
21329281
20414945
19754498
16214624
19263156
21448038
20223156
16530604
21428230
16722122
16865618
20120639
16827400
20536490
19300851
21356601
20196310
17134633
19450074
19335526
16702820
16261791
17567672
20878743
20630804
20184108
15853091
21198280
17577555
21462062
16411421
22096814
16564218
20925288
20423471
16215421
19715532
18164467
20569870
18578795
21526689
18581198
18375670
21075319
21742485
17294777
18634745
15606832
16495923
19239527
16192779
17525086
19593314
19457893
20408762
21725218
20467020
18646587
18369306
19018550
18695814
21476481
18073389
15951312
21863029
19659663
18382249
17598932
20520995
19509522
19177816
21361830
19806370
17543579
18358119
20607085
19090405
15761454
16430602
21133213
17996173
16786829
15800127
19321069
17803413
20171827
21879671
18411890
18309585
19793947
16837805
20886773
16439497
18997557
20542366
20585080
15807796
17825730
21223462
18028388
17913778
21788540
15829452
18777974
20373169
19571728
16563315
16682919
18607555
21949183
17084759
18681246
16413434
15758704
19914955
17462984
17939218
15980925
17591410
19292905
21059150
18652666
18248404
19547957
21111557
21727832
17727181
16433804
18349574
15772137
15840895
20214245
18333732
16143750
18448500
17462089
20621897
20144366
21164408
19444721
17418194
16850245
22053499
20506928
19006956
17445329
16184072
21717678
20634397
17153565
18928190
17387415
18302556
18752527
16553757
18630781
19388866
21207723
18710620
15780018
18030959
20163484
15983285
17823158
20121338
19177891
19689862
16573310
21233663
19228245
20690339
19896893
21464103
16019771
16267184
16416459
20524976
20852469
18261064
20509060
17205003
15949738
20194643
15565902
19636497
20547645
20015357
20077801
16516070
16484923
20083373
15815966
20018543
15707568
18768286
17256392
20483635
18853532
17477482
20667173
18090516
19960809
19930483
21635629
18195298
18784496
15723743
17182975
16218031
18848958
16193229
19887343
21500738
20876045
20091763
15877552
19025590
16274372
17329504
16443994
16550675
21240098
15928365
15660144
16452905
15722840
15655338
21226409
16310195
19526684
16680206
17179062
16046914
18097144
19692967
16905913
21150420
19331307
18653427
16955579
18210184
19671642
17623953
17552954
17616336
20433438
20077795
21145577
16203846
19172364
17290696
15836531
21301962
17170595
19899198
19725423
18382695
21439170
18025431
17678684
20964161
20570080
16783865
17393568
17947752
21415766
20822733
21145614
17826070
16378790
20347311
18773704
16902372
17494454
19005339
19174962
18420747
18275405
20925292
20810420
17917844
19204127
17217131
16361395
20498144
20837253
17208924
18385589
20338599
16796483
17546367
19240613
17366916
15646394
20519008
17413669
16988307
22024309
16830256
21135296
20590509
19072193
19152992
16969984
16331371
20932505
18241631
17852982
18638011
21084575
16518951
15717876
16027647
18398664
17174652
17270326
15760811
21690465
19000907
16713336
16135878
21488327
20795874
20610490
19636171
16168038
15784208
16926306
17966296
20308222
21853698
17997494
18163855
21295485
20085690
16870815
15542506
16872794
15934386
18808644
17699347
21207189
19207559
20970051
21394017
20564932
16925539
17122589
17241635
21132559
16755394
16911051
20594791
19012066
21093373
19438113
20230176
20537837
17354523
18071353
21504962
18350510
20852840
21240088
17985679
19730982
16967647
16311521
17174516
20963720
15695832
19770109
16423791
17515684
21469497
20829721
19535791
20889847
19137480
18082665
15833477
15776123
16898370
18834730
18071175
19925747
17486722
19338185
20735468
19124630
18396610
17133883
18614905
18311438
20803390
18090376
21615196
16520265
15756360
15612340
15640293
18360205
18954877
21416901
20514949
17324098
17109081
15690896
16720484
17287143
15639032
20643629
17920226
18382164
15561456
20935582
20485702
18507893
16527150
17850523
15970747
18382191
20303029
16288149
20671744
17911863
18704869
19050972
15809792
17546860
17967296
21182444
20712216
20825836
20524383
16996898
16515253
15866650
16608466
20508952
19902646
15916380
16370481
17464569
21628032
16922985
19495942
17014931
18768518
21499887
17935257
17111727
20473457
21553575
17064819
16129011
21367822
17356442
17926263
19955971
20578470
19001918
19874523
18836326
16408461
15789678
21118867
16596081
17579800
18297974
21265629
16822099
20150849
15557353
15641401
20405326
21553968
16640130
20414822
15750484
18836325
17000478
20527446
20088397
19181371
19933540
16287789
16857200
18154492
17824870
16728480
17412843
20843886
19817592
20099431
21898328
17571336
21319427
17634894
21999063
16548474
21116943
16239239
17245204
21493298
19260370
19437396
18451385
21087948
15645770
18649812
17183621
20416998
17300306
20443260
19104171
16282005
21742733
17763110
15795336
20711916
16764400
20422449
15586550
17591002
21841282
18678961
16794557
16860242
16979173
20005147
19514531
16134620
16986670
18495548
19659491
19925650
18846216
21449227
16134467
19651933
16815489
20142407
19344264
17137938
20628817
16308129
17287244
18564295
20193881
20123337
16808715
21553576
19180370
21298947
20505610
17621785
17994508
18209780
18580518
16317429
21239014
19103693
17702666
18762140
21807681
21317601
21942003
17040156
18823177
15782836
16331362
19898787
15580023
21768616
17925140
18032198
18082068
16512582
21801399
19120855
18308220
17375032
19693019
20652466
16021555
16418201
19473064
20113917
18854974
15624695
17210494
21169745
21684417
20153230
20552906
15602142
17664515
16285061
15840068
19473204
17066967
20210527
18302759
16988605
16825133
18005781
19694530
15757374
17988613
21278690
18186494
17316426
20633738
18492634
16848897
18380645
18265910
20888737
17556743
18315681
15968968
16301902
20042780
17040546
15992203
17657857
19657622
16550840
21188513
18328277
17443361
20515884
21558774
18334678
17513535
16488347
19271090
19289338
16834579
19741445
17348358
21162621
19707118
17667001
16192189
21050340
19824908
20647786
17620394
20593596
20526983
19032132
21753452
19903737
20579122
17851360
15870587
16403149
18076814
17873256
17345755
17697762
19488838
17949622
19954315
18275399
16213693
21073122
20202778
15772362
20567208
18597695
19602606
16200515
20512350
21131605
18486458
16882002
15947381
21071584
20003967
18369593
16640136
18561586
17039997
16125480
17069973
16238497
18774663
21434510
17892635
19953755
20082898
16556885
20653376
19753807
19811596
18065922
21458151
16203057
18501031
15982192
18478489
20962121
19361307
17612846
21961386
17999211
16219589
18520654
17845887
16316440
16729519
16834875
16926739
19525763
19815903
16903529
17352772
16404800
16355916
16760680
18372975
16088115
20621751
18997599
18528621
15692292
16929457
20654823
19548177
16798563
16170422
15656240
21559751
21246171
21608344
18286995
15858686
19941582
15748057
20210824
20656422
18394529
21090159
16718841
19683408
21595360
16821481
18295104
16826957
18556864
20655625
17924559
16447024
19345891
17412037
17679246
17552039
18054872
15933396
16334774
15580015
17161807
19328742
20183366
17178766
17899453
18378349
21052568
17060300
20486522
19476229
20831004
16255527
19095105
19327186
18222479
16606431
15700864
20072975
19702979
15658244
16526061
20814276
19694620
16205552
17518878
19060727
17225654
17499955
20878862
17971562
18855828
20142264
19250152
16473734
18942134
16552615
16376598
16905630
21535275
17847992
17257396
17519024
15902951
19577418
17873711
21521951
19129052
20379915
16266638
21844508
18819206
20732787
20633749
19645153
21287145
16122538
17109104
18443803
17373353
21837847
20718390
21495851
21418755
15581955
18041235
19583899
17329464
21546742
21045575
17958720
19395973
17317576
19440177
20443318
20122627
15739740
20418007
20000014
18394106
19545658
20453061
21614763
18195312
17911883
17584352
17058415
15761453
15810750
21447047
16451411
18254830
15832071
15599652
16336481
17784901
16163427
19674176
17061594
21874660
21055494
18973710
18498924
20498101
20442353
16417412
15966461
16131443
17219497
17419057
16621784
17419034
17582316
18620598
16733116
17654158
15784104
18086965
15580819
21244493
20214702
18548793
17667006
16125810
16184946
18486879
20884894
19694843
17372185
16035081
20129271
15963168
16533903
19298681
16215523
16173909
19847570
15726622
17655685
19915454
16866824
19717690
19815915
17998715
19797496
17615076
16484871
15707102
21135781
17633340
16202888
15975757
15817597
21491756
19042213
19926646
19861674
16324953
21393292
18649107
17364250
20375814
16446555
19629746
16518620
18603033
15792063
19552272
20623165
16192823
17983928
19697568
21071434
21642927
20103447
18194397
20735507
20653724
20716657
21298276
19536388
16449676
18477179
18517102
16717521
16184617
18832510
15913271
16512438
16752294
19761745
18306916
18467804
21459686
20870419
20369119
21602631
21169868
18507193
20830623
18787486
18662421
16874910
17043950
17397465
21267949
19092481
21636616
20391795
21056869
21787981
17899993
19958064
20672247
15994387
20007642
17413403
16524967
16511612
15996975
20595274
17323665
18809064
16102145
21432787
16112540
17405747
15661585
16875532
16565634
18807396
20217046
17260531
17327248
19012140
18057473
18697966
16339675
18004627
21126130
15653241
18974987
16316872
17394012
20218152
17937946
16675765
19199183
17605949
18158508
21149243
19127130
18764787
19507555
19380956
17551596
16908743
19480375
18827642
20863176
16007738
15720867
21402307
18499604
17352706
16683507
17274147
17132383
17478471
20869886
17102447
15689645
21884609
16787475
17200062
15969707
19962716
20444765
20642215
17033569
17548447
18287897
17519992
15923409
21057395
19418982
16449395
17207743
19648201
21197905
17574193
19097041
17942272
15638448
19075451
16909729
15590227
20804886
15560596
21208669
18191669
18489892
18600113
20517725
19775200
20369755
19804437
17221082
17583284
21599529
20955563
18536546
17664093
21465926
17824562
19064659
16253788
16027595
18443713
19204212
18353750
15889885
20591733
17244287
19282266
20435496
15913722
16789335
19397096
17344262
21366932
16848967
17636805
21308217
15999081
21158652
19955045
20491209
17940343
17325834
20582753
19962580
20529149
16287927
17514399
21519674
18398799
21244668
16678696
19104246
15590037
19576793
16602548
20675292
15549584
18808574
17115458
15757233
17701163
19659407
18182924
16863894
18834015
15616146
16330606
21605261
20444569
19702526
18073618
16581257
17340180
17513011
15631418
21440523
21148579
17257444
17998111
20598831
20173270
19438100
19147647
16928714
15532442
18520428
19142085
18431302
18235394
19710660
16550080
20167833
21481732
17196247
20168017
16096146
17505331
21692436
19106431
19479283
17272898
16450630
19513956
20467018
21119100
20712716
17474573
19701731
18709041
17042319
21182382
19383116
16299191
16228632
21637973
19962737
20351544
17941772
20839549
21952066
19144053
17030842
18431285
20940586
16481838
17523990
19391468
18083689
20532923
20213799
17583067
21862067
19278098
16257618
18316939
17763050
19688998
20095068
19669923
16868233
16944362
18594243
20590511
19139443
18481483
17989130
21655973
22041951
20387296
17133193
15626893
18520672
21403453
18556638
19385424
17592105
17547099
16140129
20977435
17197293
20881679
21145404
16638028
19621493
19181674
16755664
17657670
15728419
17175651
17124186
19371558
19131417
20570484
16831791
17978607
16541307
20638322
16441278
20819304
17458027
18032210
21680669
20377091
19234424
18041866
16253944
15819975
20042988
17582028
20801967
16222396
18443144
16684172
18250241
19375235
18000079
17609331
20233676
17804591
15530763
17294063
16997055
17955355
18796337
18335901
18090138
20443290
18505800
16791759
19361775
17268940
20297951
21394618
16497309
20601527
16436161
15762102
17486915
17990717
16911054
18725845
21209139
20606653
18384589
19243519
15965386
17629906
21571237
18023611
18277638
15918864
18812614
16443085
20402165
19134488
17696982
15650500
19861025
21490536
18636011
19437856
19523057
16372470
18019116
21739793
16182675
21545358
20688190
16832224
21159197
19783081
18617920
20890143
15670006
17455181
16856420
20939945
16264037
20384642
20965610
16739323
17207278
16159705
20558561
20932433
15935426
16533682
21599845
19306632
21098154
17699001
16762121
21789980
19275841
18563023
19860072
15706158
21678368
19293224
19704285
18266568
16181798
16244850
20064961
20378184
20099755
21122731
20554626
21518976
17502632
20617280
20919464
21429885
15993978
16608671
16004094
16846509
16728866
19695079
17822429
18783502
20584361
20202278
17551869
21186282
17667289
16131769
20838112
17912644
17584305
20602700
21809283
18035070
15925079
19949221
15697099
20360186
18724524
20505425
18489686
15706006
19390250
18482557
16328394
18278637
21624865
19610525
17162119
18244998
18451024
19380360
15616404
16420822
18186374
18779461
17013073
17996057
21823409
18365156
16823650
20850426
15527591
16965255
16106335
15578149
17382032
15659032
16618059
18051963
19856591
19008269
21476388
20374986
21138069
16021802
17182640
17874488
21481994
15887923
21345297
16636040
16848352
17337588
19835495
15997347
20643729
17079620
19530026
19014424
19530124
18589900
18561924
16818834
19374034
20185608
20370766
18242936
18157004
18653445
17472500
16477862
21131574
16215518
18242323
15960554
17564360
15960018
15782878
20526867
16478890
20638035
18690574
17470093
17149993
16850778
16997025
15812994
16015513
20132369
21276958
16937871
21322197
17425793
17250941
15729991
21415614
19184444
21565682
19841482
16633970
18566204
15857442
18261063
17146138
19335487
20000249
15644700
15520941
16921337
15861917
19156472
17536994
20078439
20363578
17915971
21336136
17299031
20687824
21813026
19504083
19050082
19046552
17970363
17378836
16830268
17139665
20941968
20521919
18057499
21172921
18005562
16204264
16596859
18062730
16636361
17221041
21772125
16220649
17958467
19373050
15978783
21139464
19827205
19916140
17614177
19349260
17548908
19546733
21888068
18402236
18928960
15902607
16434415
16924180
20442362
19771645
17870643
17042817
19900323
20216111
21736236
17609929
19454871
17100157
17476076
15655132
19487940
21486126
17308454
17486358
17456540
18798875
18556379
19035033
21575842
19654222
16796497
19878341
18482485
17096369
17441929
19038746
19454203
20950434
16321716
17978322
17257977
15640681
18474979
15965395
20211588
17260594
16002947
21123751
17324101
19133108
20367716
20463515
18342201
17880978
15923281
19479670
19055303
17207014
20469612
20963630
15911916
16566101
16026187
16378773
19060805
18379239
16462443
19237043
16352959
15605916
17427483
21044481
20077799
17826312
21102244
20064198
20723771
17701118
17592980
17967220
16471091
15749322
19999254
16620354
21364379
18467475
17989984
21323978
16093890
18000700
18484601
20659198
18681344
16550986
17703821
17700299
19830610
18066718
17427878
19069462
18551856
18501765
19280664
19777096
17062592
15778076
15869559
17630271
16764198
18457065
20507555
19864039
16097606
20622795
19104293
21170554
19276734
19227021
19056617
20415672
21074332
20545802
17003138
16115175
18930913
21744584
19638741
20437330
19318659
17022324
17345754
16883079
19934858
18796510
16564198
18418016
20363709
16530117
20852566
20696498
18065030
19020364
16961102
15569130
21531685
21062722
16360557
16979083
16810084
17557437
21164402
19366408
16198213
18616438
16101202
20586987
16439929
15897772
20800458
15548249
18061797
20964750
16769784
20664379
17516351
17084321
21060123
18539766
21068548
21938975
19708422
20235342
16788840
15955762
18053289
21268518
19096897
16553193
17135994
16961101
21841286
17485221
21456939
20597336
15662490
21077525
16018132
18455404
18212587
21135606
19507299
20306640
19004171
20024774
15517161
21691239
19340778
15693577
21164394
16760104
18690003
20533023
17427669
17169127
20592548
17720691
16398302
17499569
18298777
21513533
19753803
20525170
21732723
15915408
18505556
20229072
17464813
17590212
15573671
22032021
15848317
20403904
16078398
16735204
16956498
21442644
21108739
19150591
15647224
18554852
17138524
16749658
17016990
20811334
16449995
15637849
19777385
21497505
19402362
17699226
19253116
16608371
19538715
20103070
18544186
15515856
20305310
21510261
17972138
15646757
21099396
16911048
20442352
16416155
17451834
16640275
21383301
19584762
16472481
17001264
16927479
19559315
17955396
16008133
19584638
16018134
21266285
20109006
20510949
18185124
17671054
17007161
19403202
18612897
16076893
19011232
15526664
17157557
17478309
16343637
19922930
17844727
16769908
15671770
15561022
21825946
20221646
15603703
21031129
20397503
20795829
16214450
16880487
18524373
21552066
16354240
20937448
18815500
21712255
19366017
19436690
20729045
20806648
15644645
18412034
19602641
17158184
20080808
20443986
19753952
17636624
15916038
17037319
15729796
18840327
19682134
15794199
21189516
19640011
16278959
20040605
16418828
17474128
17879373
19014408
18457289
17334508
20434252
20147807
21033018
19209566
16321687
19474372
16688101
17519031
16401532
19945634
19496995
20690373
17439448
19647506
20552779
21284037
15791784
18397719
17476900
19278185
19287262
16438074
18038294
18844794
19442539
18689581
21749555
17494443
18182629
18552410
17927991
20496423
16979535
18477721
19199137
15962843
17018834
17402802
19828645
20013862
17766519
18392370
16905437
18409832
19772239
18517064
18618958
15603602
20846004
19133492
21964272
16334495
16285120
19184200
18706865
22128511
17294706
16509434
20490794
18809147
21111980
17432564
20044690
19025484
20663077
18845046
17147081
20439330
21164414
19042824
19670955
19568684
20738741
16095071
18044825
17087176
21063182
17539455
16434220
20209718
16115252
21350889
17214891
19303680
19467998
17564539
19088482
20691476
19736574
16794094
20726410
20065310
19106205
21486146
16900452
19577702
20222245
18484321
18448047
19945101
20853586
17475363
15672013
16445483
16686959
20927695
19087464
19294827
16649849
21521954
20452847
17624134
18620101
17556921
21121844
21576537
18496659
21220848
15799305
18414324
19366441
20447800
17576245
20958203
16274558
18181670
15792747
17102288
17905364
19271694
15896412
19386366
17636459
15694504
15793322
18047450
20964477
19028827
17598458
18358444
17047201
19393415
17075658
18639409
21717676
19515272
21041194
18280210
18754818
18752459
20464071
20383478
19008870
16422737
18232061
16739202
15851622
18542082
16082915
18762751
20950198
20934952
21125968
19388370
20557005
19029123
21214716
19204855
16150775
19468965
20420542
17921106
17354473
19244564
19770117
17880351
17310748
19694621
19593076
20841983
20603732
15907668
20547596
16706810
17145490
17714579
20713422
21051386
17712692
20702444
17221295
18676136
17407632
21120766
20125069
18207353
21546382
17394731
18347907
16098383
17452601
16278532
18853903
16751153
15575566
19863442
21569613
18724571
21139521
19289216
21739899
17324636
15772510
15740630
18648890
18478297
16362937
18251445
15835336
18402738
20229076
20403490
17715167
21128694
16776858
15536971
17004698
18347357
19578801
16821510
19769205
17999094
16333538
17400513
21617091
20879134
18032364
18299778
21605267
21134125
18522522
21608508
19449272
17225627
20431450
19164821
16915542
17964892
21416864
20629297
19327224
19850549
17851374
19858126
21471081
20047063
19927850
20184420
15852657
16094550
16740565
19555541
17086940
20713655
19241511
17245200
16186080
20698187
16536397
18571213
16836472
20427003
16487425
16676675
15994126
18588787
16388791
16123894
18612865
17702483
17664443
16045054
18269894
18568455
21382306
17160375
20040632
20537216
20564714
16566617
18682996
19699445
21182434
16523100
17351321
20852523
17323873
20302385
19917650
19245724
20691142
17806036
16448864
16464768
15581299
21524448
18926930
19448582
18327061
21084087
19681711
21504548
16565461
21724787
21712372
19188879
15671188
18226315
16860043
18209771
21244248
19782530
19723268
21555477
20359386
17633908
17192152
19899020
21592035
18399374
18711418
16821682
18019268
19899258
20332309
20044327
21810580
18789048
19937614
20697235
19785974
19256208
15541128
18790102
18607872
16413431
19820478
17475127
21167022
21916145
20572537
18649644
18999009
21413594
20149236
17098356
18309722
21621942
15667378
17190756
17725265
20727547
18322707
16948725
16128137
19919195
17516350
19217600
19788369
16624189
17649750
19706349
18217874
19140196
20182963
20060719
21118013
18385225
20064056
17273114
16626100
18431289
19170041
18829184
18520798
16850003
21792943
19255127
16910140
16323463
20964266
15966471
18220677
20930157
20427001
16830245
19425876
18843605
17116539
17720434
19590471
19294937
16238905
21430524
15588367
16352944
17942270
20935008
17539206
17615842
20215888
17709166
16826470
16384766
15930200
18308632
19588792
19719030
16373137
19528407
17966313
19784493
20386307
18723247
18090868
15917739
21304154
21714409
18675179
21598810
16756849
17299466
19522884
17601235
18511614
16259231
18157581
18216633
18692395
19304806
18346988
21879652
18497510
20951873
19517617
17332456
15551847
21199129
17707080
17038840
22203544
16370545
21476412
21246866
20797948
21526685
21368519
16581636
18997901
19842953
17382044
16533678
16124685
20405680
16836283
19055663
19490772
15604644
15609748
15727355
16086547
19426930
17967374
20221338
17703386
16444399
16011908
16802535
16902079
17547027
15913169
16166617
17823100
21853633
20581734
16218241
15618105
15851384
20601727
16170545
20923281
17920823
17917411
20352647
18678817
17599583
17404131
19471050
15625950
16514937
21670456
20337804
20554423
16357657
17762817
17306547
19948634
15776073
19142781
20141095
22066294
16010902
16174598
19012768
20095202
15566452
15748072
15973772
19366472
18774193
21110882
20869466
17682410
15618092
21474806
17312215
18923870
19538798
16227942
16549347
21990415
17009802
21741007
18301115
15639043
17260215
19127234
16776308
19337187
16052880
16757403
19254200
18360840
18273564
16573021
19820574
19750383
17135059
21062591
16864132
20738432
19596964
19670995
16129380
16340114
16244821
18375671
16714910
17475738
18701322
19416050
15530750
17311238
15521384
18504691
21989753
17151565
15535336
17352704
21270070
17239235
16501135
17401756
16077286
16276471
19218328
21368531
19502852
16413800
19589709
19039051
21219423
18385406
15786795
17679264
20875208
19358074
17235044
19142227
18505619
18265714
20357652
19697531
18334055
18989880
20965866
16306279
20712108
20931098
20470955
20722798
20477765
20949798
16895249
20469777
17115974
17603983
21244656
21555746
19534811
17075365
16489897
20610983
20093280
15717239
16289797
20464523
17252963
21557168
18053101
18584908
17254667
16823010
18721358
15990913
18178698
18564949
19365651
16100130
16978554
20740710
16959747
19394226
16519091
18564324
18018818
15804125
19939723
20121775
20437869
16239231
18570223
18980712
15947643
16280833
19721927
17411757
17311239
22041954
16898050
19153954
18856147
17359902
16865053
16140699
15921987
21576638
20023561
21134155
16308503
16813541
20500704
21553513
17095498
17678828
16911172
20095297
18644177
15587603
20038194
18172381
19811553
17000583
18232065
20360145
17668340
19368569
19517050
20159350
17541693
17612998
16566822
19534192
19189153
19267124
16858002
18198360
20731978
17964976
17151898
21839899
19118927
19083561
19260899
17785688
15646867
21376443
17555150
19343871
15921798
16582971
21667813
19723866
17421094
19141025
15819127
17974094
20827259
17578968
15780330
18593228
16215795
16637416
19939303
20218162
19411101
17115284
20517109
16268854
16010963
19186517
19035076
17213982
18427782
16176899
22033731
16134630
18372380
17091657
19449710
19052185
20420999
19947046
18445825
21150582
20163700
19405453
20675953
17803419
18399361
18046517
21695383
21337988
16636090
21507232
19504737
19940457
16096143
16604921
21086668
16239820
17573297
17163120
18708533
19387286
20172393
20597608
17474289
21555667
18387070
17249281
19224955
19480793
17265703
17929400
15763610
21959637
21434826
16133644
16228146
16784048
19066143
15716822
21042862
17880481
19700889
17474614
15741716
15564997
20799497
17941415
20486500
19880910
16261384
18300619
15774332
19577005
16680222
18935702
21543407
20615678
17689955
15720608
16988951
18618579
19084786
15835629
17760300
21504599
18709273
20088231
21183505
16423118
20532131
20678874
21877634
19999602
19625831
20665409
17108723
19487533
19959840
20718597
19445338
17035877
20564063
16409600
17641318
21558769
18814197
17040152
16803806
20970840
19778670
16385863
16405709
16323712
17673094
17375766
20939228
20690492
19538106
17034285
18664739
20635252
20397808
20579332
15714100
17494245
21539028
18989681
20510839
17196902
20519004
20077962
18648956
21590628
16786951
19154565
16625801
18323555
15845689
15856925
15665265
17431697
16903305
18446175
18558263
18162746
16455323
17701117
20532649
20346894
15548410
18617708
15662174
22044336
15800346
21292359
16612288
17169232
18462285
19422147
16205352
17087174
19816624
20870663
17712233
19300080
16101854
18294873
18386952
19587248
16702587
18843635
20558650
18155398
16466349
20564070
19456057
21483251
20729031
18693996
17081940
18574269
20181318
21263347
16687147
15781598
20397545
17684111
17312040
19804629
17289465
16259344
15855863
20131581
17147994
16549028
17324193
20505412
18069316
17355362
16677387
18328024
16456367
20925303
18689293
17494444
17965396
15737160
18197741
21848199
20032721
18196690
17478643
18521649
19283868
18445176
17523031
21255542
21462466
16601610
17988048
20667584
18630018
20309740
21189819
16335552
18496021
17635299
17671005
17337155
21307728
20803408
21253839
20473187
17515311
18535255
17896155
16287523
15891317
16224611
16955435
21228097
19596287
17517268
21210926
19282245
17998364
21471765
16989234
15782876
17102403
21299991
15525860
18465381
16360700
16353495
19250451
20380501
19390208
19259924
16483724
18398082
18036478
16754815
17019446
16672005
18019285
16137369
18460201
16315390
15536883
16953356
19244562
17379353
21721874
17273492
17033277
18087681
17672899
19292020
17223939
18223578
17977796
16464206
17890348
17851016
16703874
18581017
21550543
18427444
20735245
17523371
17108841
15800302
18072381
19651575
16468503
19922005
15616378
19300218
16356871
18207046
17300001
18039550
15696835
17379682
15527232
21810723
17059971
15598066
20953218
21261696
15614663
17160432
20108049
18753685
18047457
19744031
16159977
18269678
18695816
17994499
19961973
19726398
19895408
20840381
20235422
17102716
17168043
21480493
16459905
19218945
18997550
16962458
19632969
20481080
19282060
20211856
20642198
15680834
15686094
16435526
17116781
17670952
17966259
15751330
17044441
16843744
18047642
17534866
20690996
20510843
16012933
16287559
17541514
19430507
16415412
19686269
18926180
18411581
19362841
18703922
19136228
20525777
17632126
16011227
16018107
19744889
17917439
16797268
16148573
20540390
21860933
17238699
19826332
17440291
17041799
16434935
17218869
16624217
21485452
17803578
19136677
17898929
16953946
17999293
19664877
16111880
16236952
16242295
17524720
20331914
18539544
16573731
16911057
18302595
18356715
21868477
16473065
15696111
19051953
21224258
19557481
20025804
21273220
18786218
17336875
17111944
20010411
16550074
20347839
20796072
15949176
16849306
20868254
18036013
20550081
17237128
19934461
21129159
15674138
16355050
18633015
21521213
21404638
20331392
15672850
21131115
19236288
19558770
20071219
17136375
19780018
17948846
19719464
20443645
16432391
19935609
16128974
21485897
19591660
21724134
18507575
15691442
16897374
16790946
20959735
18501836
17020240
21060118
15679279
17875027
18052559
17650973
20804882
17335528
21142678
17214274
17990424
16516665
18038518
17828475
16882000
20853355
15595510
21198461
16710762
16887022
17901824
16126316
17270044
17087673
21425070
16718578
17389413
20047029
21221001
17061471
18030944
16801882
17381482
16841828
18190558
19448495
21034169
20836948
20080821
17416366
19629748
16800117
18694981
18777026
20841695
19879036
17022877
16055340
16468255
15858623
20803673
16893307
21527510
18766108
19155849
18470844
19602682
20119873
21998983
22066277
21660534
17617014
18269305
21115629
16579282
16355575
17345975
20636586
21807292
17125956
20395948
21198803
17081913
19104193
21118603
19462185
20525464
16448491
17026435
21321466
21294061
18711951
18332812
19051992
20860260
19161085
19907237
15667358
20043845
18048882
19289320
17081921
16606425
20578046
17911722
19335095
19127229
16904860
20367725
19021613
16257620
15998926
18970983
16401179
20833382
20424920
16483094
21216318
21154090
19530300
21938970
20699039
16006844
21099068
21250405
17222961
17654156
19377017
21197830
17223479
17489320
19813081
19060794
16085210
16708576
15602707
18842916
20000070
18238838
16787467
18588646
19221763
16536768
21466965
17441293
19257798
21058097
17346296
16983965
16680061
18221541
18596630
16292130
15787231
16117095
21554061
21383358
17908745
18378086
17592168
17356359
19381051
17162992
16533623
19745628
20833825
17103033
16402231
15775004
18709900
16469149
21223409
19772703
17322095
19682124
17391424
20654793
18426418
15639045
21680668
18787441
19382079
19344605
18394515
17265662
19262064
16789331
19268327
16776489
21485420
17852006
18667654
20967528
18341751
21097756
16224984
20586623
17540322
18808578
19153413
18548416
18195311
18512659
18756372
20067668
17549576
18079085
17477219
18580394
15970024
16829724
19232221
18394450
19592081
19644350
18256976
21439174
17489875
18195639
21378658
16543096
17341881
19573210
20846045
17544677
18266575
17468606
19884234
17002177
16498900
17675114
19237963
18241954
20081729
18838702
18082836
18541641
15681216
21424942
21736109
15962534
18853911
15750525
20623685
21402634
17036695
21058163
15914746
18388647
16427833
21206250
19536426
19124631
20836340
16522511
15526186
19527383
15544662
21675152
17679641
18715389
15851046
18848181
17356443
20362383
21610614
16780085
21572855
21743269
21242775
18377572
17492990
18176852
16920649
15526491
20592066
21678698
19129293
16604910
18625918
19345537
21269668
18034817
19697196
16045423
18442677
17252970
21384792
21089143
20188623
18485225
18056562
19909009
17723968
21178355
15762209
20508241
18377155
19438080
17116767
16752962
17474629
21214976
20117674
20207191
17641073
19837703
20926407
15788043
15978874
20432115
19959057
21090217
21392804
19231935
20823355
17944701
19893849
21292214
17851297
15792501
19189601
19009464
21127449
20736398
19629534
20471731
19553634
20201365
15853789
16281967
20541072
20123266
20598768
19828279
21341639
16318052
19248439
15867741
16460387
16613409
20565872
17105743
16858533
16636322
15789360
21464205
19779768
16274940
17184099
17316150
19037192
20230178
21252660
21684404
20431501
17133682
18486361
19080751
15635139
18569887
16308168
18616200
20098176
20068415
20211394
19672055
15850430
17005817
20715299
16787539
16496812
19342149
17087492
17430537
21814477
19835240
18200895
19197686
20719567
17343021
17365375
17900485
16377365
15529457
21938966
21222328
15739633
20737319
17554946
17897420
16332465
18542104
19856643
17455875
18022523
17872907
21258663
20568317
20196650
20144523
17102643
17229425
19586569
19743910
17610020
21129950
16110129
16225336
20435435
17295602
21218211
19255336
16043979
21693715
19560303
18550780
16613302
16096447
20557534
16307627
17564864
18224504
18546569
21155406
18619086
20163229
16635052
17929734
17331693
15616943
19736262
18578641
19426945
20712549
21359269
17591998
21259067
18971810
21332373
15761344
17439386
19653439
18982881
17186422
18171306
21205046
16359207
16398604
21216890
19670361
20479642
19097209
19430389
18042131
19009937
15996361
16282082
19772558
16895823
21869769
18087682
18830810
15648127
15648370
17085615
21819365
16891192
19586390
20966842
17539699
21765244
20044846
19390902
20660528
21533867
19364895
17849911
17121761
16698335
21835282
15900432
21831277
16012417
16741840
18771076
21540684
19794306
20451816
16007454
15910821
17544247
15853085
18305331
20464519
19912095
20929589
15662189
21541806
15606985
17334734
16029974
15926762
17387060
18418569
21810722
20578313
21674430
20495594
18838899
18320956
19388372
15534341
17265412
19824256
16062166
21533865
15791873
21876449
19022074
15561158
19851140
16410111
19966315
16704391
18190683
16535903
19670002
19856149
16246515
17217319
21682855
16840923
20001544
19426932
17671078
19806254
17258670
21655407
21070357
19476234
18635237
15931015
17535343
17034396
20866016
17429914
17156424
19694852
19060821
19503766
20959738
20443320
18557284
16125606
21254468
20335648
17000483
19014704
17397708
20848072
21108661
17142592
17446595
19143579
16879418
17883715
19863767
19814883
15912808
19114579
20696792
18716737
21488559
20385565
18513244
17851820
16020009
18295924
15798043
18160245
19256770
16085105
18799642
21257948
20048265
19728524
16938788
20579137
20716901
17950964
16643265
17261965
19832891
21242528
21402963
21767163
16810040
16157943
16948417
18774670
21166109
18388715
16045413
16827456
15551636
20113535
17630451
21306858
20450999
16934295
16465090
16258714
18990040
19485862
21536953
15660147
16943308
16043982
17290095
19606235
15852799
19875529
16424962
21306029
18519312
21977771
19188467
19067063
19665919
16323488
19430929
16051110
18643803
20166480
16859867
19054648
16688495
16799755
17671240
20922344
21457825
15684776
19233704
17070487
16843066
16277721
20127602
17595276
21486337
21375199
19592838
16179169
19462336
15644699
15717079
21087817
18856076
19943593
18522372
21572298
18653515
18454927
17316936
16216378
20879611
15555785
18157360
15609747
17394619
18019902
17152915
16198772
17313908
18214226
16361837
15969230
21632590
16132895
18000317
15587606
19924580
18096716
18258575
17921937
19271597
18647977
19105812
18973056
17090901
18636228
21591406
19320387
16388973
18226763
17183933
19119734
17378865
20510948
17626147
17367901
20082064
16174815
16529850
16451360
16291479
18258697
18187408
19698038
21426616
17553402
18821287
18336817
21150531
18452367
16600559
17962875
16850288
20502864
16139638
16882179
17203130
20940270
18038746
18062753
18080334
16827534
20386231
18189045
19397148
20163760
18825835
19333659
20590816
20920725
16455463
19648012
18425653
19098508
19478572
22028288
18001148
18060841
20104631
19594346
18580506
16050827
15605298
18580222
15525861
15576756
18319382
18197510
21375100
20537592
18335873
16509940
18281352
16182821
20123762
19609133
17335535
17584265
16460982
16554694
19250559
19017601
15895765
20029309
19249637
20479043
20232046
18216617
20220287
17885771
16723947
15860051
18793379
15797150
19195491
19077024
15583907
21614944
16721664
17092777
15865270
21900133
16163438
21293882
19651395
19285301
19154295
17118239
21236585
16422748
19096357
17924373
18372954
16398069
20433130
16036011
18667357
20227811
19918690
17071835
17012495
21666406
18215499
19686275
19193590
17304983
15981744
15911501
19762416
21411079
19715087
18446181
19121052
20350926
17653493
19466754
18401054
17011217
15794420
16631822
21182343
19735607
20187545
18850371
19264058
21140074
19837351
19494055
17653903
18344781
17875270
17602321
18622960
17069572
21311695
16511687
18412311
16138487
15949068
19786448
19935593
20511179
17240603
21183759
20392667
21053704
16905784
16440248
21198742
18495432
16528905
19349935
16029978
17058721
18856075
19017602
19886974
21029998
21675468
17969576
15960689
18340076
18758747
21406428
18845070
21035012
16188426
15850153
16846826
21798074
16430336
20010728
19592436
16868266
16553507
15998996
18041567
21768819
20449969
20629606
18814476
19416036
17803022
21473434
16829829
20969617
20938365
19798773
20443308
16481639
18715245
15824937
17885971
19629691
19263354
19954537
20843424
15714015
18031843
20534276
19798047
17601181
20334767
20964049
17385970
17443556
17187548
18611318
20191796
17052090
19958147
17962011
20406872
15654612
17197061
19207055
16060296
18435303
18751575
19901016
17461706
15557421
21175121
15651955
20434950
16687723
15660140
19620220
17524736
18588800
15991591
18026022
17462042
15802413
16403763
18291465
16829776
21299762
21538039
18597730
16878191
18344784
16195110
18612053
18308281
18086763
21659397
16523990
17108883
17637761
19233105
19041212
18656842
21057070
17028978
18947093
21682924
20677684
21488415
18808636
17325121
18256038
19715080
17003545
15816424
21345380
21326245
17337517
18060216
18346629
17601465
17664055
16126566
19723869
19813370
21661281
19603567
16171122
17615073
18726656
19225847
16921728
21639615
17823782
19715029
18392384
17518160
19435112
15607150
16913579
19560760
15966617
17584430
16498196
19374313
18385402
17981088
17303385
21276700
15810190
18926047
19494680
20883636
19223842
19041611
18586130
19776255
16791111
21194807
16956927
20540834
17044575
21972662
19865012
21252815
17601256
20487062
15797358
19472490
18293235
17608889
16584804
19514540
16584467
17700332
16898939
18316489
18560956
21334556
21724547
16096596
18157583
17705217
19951084
20393224
15987611
16762127
17934058
20688541
18680925
19738219
16116831
19538796
20922772
15634639
18295382
18021169
16102625
18809120
19203330
17464112
19109334
21440219
17706756
20841838
15626632
17083753
16965244
19444814
16622583
17063631
20329473
16331789
16678599
18822707
19435113
18222586
19708805
16679331
20871495
20830638
19819095
19495779
17054862
16319257
16719180
20934543
17666224
17421107
18075276
19744291
16633711
19892383
16810718
16841340
16078182
16176494
16145237
17600243
19039055
19819206
20103511
19875269
20051159
20438371
17020113
20551726
16799364
16629575
17228826
19121927
16750799
19944357
17996820
19626260
17853369
18307602
19450260
21893738
21273219
20136958
21675476
18376081
17786743
18537602
19514130
20168010
21572358
20589446
19212250
17658564
19791679
21510891
16783255
17088221
19555475
21265631
21862044
17855042
16098705
21679419
17582021
19910155
19388991
20101551
20512079
18386455
17913498
20541354
19892217
18669810
21770881
16573774
15759663
16549036
18707565
18789191
17361501
16400368
16218150
19521648
22005230
17194987
18044413
17072507
21298904
19643950
21563540
15536973
20679556
16341623
17919216
19341547
15855177
21196567
18384672
21654240
18814735
15913239
20090656
20029006
21214379
21531670
16039465
16050860
21125069
15835062
19203823
21215489
18702787
19936424
18608064
19326638
17506893
19130783
17546760
16224670
21195944
19878479
21702413
20662865
18558894
18027518
16215368
19823090
17976292
17034601
21544044
15672431
17065869
17636723
20860250
15869231
16442476
15818343
19195038
20478508
16856896
17925030
21513050
17268140
17457397
19762106
20530526
17597413
19054958
20394268
19670018
19066984
21126816
17650971
16174137
18411387
18069432
16632992
18435869
15965384
15750527
18439049
17469376
15920457
16452697
15701204
16050889
17204565
15526053
18942244
18853713
21622488
18051970
19050996
20583104
17917948
21375430
20601725
19496380
19273474
19526887
19399010
19059872
16585806
19126176
20064134
20132365
19865006
16547452
20979605
17162114
18773583
18092916
16752551
19399982
19752152
17515785
17765496
17722793
18066631
16944381
21137705
16368586
19682848
17335522
15719011
21501725
17708488
18316826
19751037
16208656
21387976
17626961
20455379
15835372
16405711
16002021
16382647
15673348
19541452
18050530
20880922
18414295
19281447
19370563
19064979
19886872
15812616
21102295
21971887
21863697
16953999
20453176
16131639
20357650
16217714
19918153
18000485
19444288
19263959
16949942
16583872
20131741
19414298
15710642
15659089
17128680
16450449
17726711
16168031
20662908
15699874
17011190
17938785
16861719
17683300
18159973
16775519
18609739
19901182
19365937
18240989
16276857
19246845
16774021
18245167
21163726
18518885
17440290
21402456
19222490
15754538
18825572
18280735
16553257
18163140
15741593
17630864
18634731
16907686
18165591
18376498
17333651
19725216
16533227
16362718
18809647
19023951
18657761
18575174
16996457
20403479
16629255
21138894
21191819
20831287
20123175
19780853
15895142
17855822
18727752
20015757
17599469
17593767
19580105
21417749
18520258
19066477
17352780
21845553
20830821
15954200
19740141
17802732
16983267
19348818
21742562
16965558
16175972
20507287
17259029
20937146
16182758
16625890
18406037
16698621
18188104
16403225
16180556
19161172
16752582
21700562
19761173
20446045
17170691
17298255
21184987
19859862
15540574
16209695
17914295
16040178
15912377
16387415
17138496
21419684
16387907
16579332
15899099
16520677
20403896
21186320
18027520
19650923
19811195
16103670
17589980
16122641
19577704
15986315
15987406
19807240
20452243
19219362
17266008
18297971
18078617
19477716
19552141
17200636
18197862
18328963
15952491
20693520
20538421
18595416
19553067
21936076
18388682
17530677
16937216
18710703
21186465
16183003
19650684
20228359
15520054
20073114
19635400
17453363
16012558
17593456
21040012
21533288
18188761
19306563
20552764
19514802
18361143
20431857
18829604
17385042
16450230
17249472
16466085
17084337
17563920
15974371
20202395
18578442
17108599
19284169
17319451
21644028
17133892
20165846
18076697
21262007
20706295
17157243
21103767
18796048
16260484
21072007
17006873
16826966
18705737
17327759
20932316
17828326
16643589
17715731
17914542
17477226
16372238
16146487
17434280
18676528
17333116
