16732442
16729493
16723061
16721605
15597828
16786806
16781441
16780085
16768131
16766785
16766784
16766256
16764198
16757225
16754815
16732103
16832210
16829830
16829724
16829723
16829717
16826416
16810037
16799247
16798492
16797428
16696763
16696761
16890882
16878411
16850778
16848354
16846695
16843817
16962408
16960491
16960485
16959747
16958233
16947045
16937284
16935205
16935200
16935191
16933450
16932007
16931976
16931972
16920531
16920527
16920526
16917424
16908363
16898640
16645462
17056942
17056936
17051986
17047236
17038840
17037342
17035913
17029954
17017685
17016943
17016942
17016940
17016939
17016938
17016937
17002627
17001937
16984015
16983954
16977713
16962924
16962407
16960722
16637537
16628993
16619472
17142653
17136375
17119142
17116556
17105535
17098002
17094754
17093368
17077788
17072286
17067898
17061582
17058248
16609081
16609080
16609079
16602548
17243650
17240603
17240602
17214919
17211165
17190317
17179239
17179235
17177076
17175351
17174776
17162877
17144052
16572981
16076056
16075997
16075865
16028803
16019771
15966391
15934553
15933964
15835829
15832243
15830766
15818355
15815886
15797757
15794103
15785351
15781508
15754187
15744445
15737518
15737508
15737497
15726240
15725324
15717467
15710806
15710805
15710804
15699861
15699850
15698730
15678965
15672743
15635517
15632464
15632388
15618805
15614646
15614543
15606832
15590257
15586550
15584686
15581720
15581248
15575105
15567653
15565901
15565900
15562035
15552201
15532222
15521337
20194643
20151102
19507536
19419347
19387518
19357516
19348827
19345537
19260354
19260353
19247738
19179560
19176194
19016996
18988582
18984381
18959071
18938264
18936371
18922414
18922403
18848181
18846807
18837657
18831306
18831305
18831294
18811573
18807903
18807892
18806058
18800630
18788386
18788226
18777821
18705438
18700531
18688951
18686423
18685320
18673158
18673155
18672634
18652223
18649645
18646587
18638011
18635457
18633015
18633008
18629359
18593399
18580222
18574371
18517146
18512305
18512304
18486854
18433579
18407002
18391260
18386554
18380059
17494454
17494180
17491241
17479031
17471871
17457867
17444174
17441480
17441465
17441456
17441446
17437071
17433615
17430769
17430768
17430373
17429601
17416117
17392114
17380255
17366921
17366920
17366918
17366916
17366914
17352299
17342039
17342003
17338592
17334545
17326916
17326598
17315739
17315728
17285389
17268158
17265804
17265803
17264042
17263262
17254493
17249154
16555640
16533623
16527178
16519201
16500429
16481096
16440710
16438063
16436857
16428518
16411537
16404062
16398010
16395017
16384766
16344256
16327952
16324039
16322679
16296376
16295986
16251063
16249425
16244039
16207695
16202911
16202910
16202887
16189758
16185637
16184721
16183564
16138487
16136738
16104555
16101709
16099124
16098309
16097606
16075256
16061888
16008005
16008000
15934547
15931124
15902608
15883504
15847865
15779441
22108268
21980022
21925397
21803278
21736100
21694507
21646289
21628643
21612437
21611898
21368723
21248497
21233663
21180310
21180300
21176661
20643330
20547913
20545223
20052931
19941628
19933533
19880843
19880829
19895928
19702221
19696663
19694621
19672190
19672169
19669716
19665625
19665619
19665613
19647816
19606562
19602745
19591323
19584222
19522276
19500750
19483405
19463414
19462790
19448549
19439205
19420153
19394791
19385529
19361040
19352141
19348817
19348816
19342766
19306640
19306632
19306628
19306627
19260356
19236646
19231621
19224812
19224804
19192758
19175010
19151850
19130685
19090315
19068556
18087780
18082534
18078190
18074870
18072442
18069214
18060203
18046517
18046209
18035070
18034982
18033192
18023576
18019986
18005902
17989555
19238647
17967667
17966635
17966631
17966619
17928964
17927012
17912777
17909431
17903151
17883362
17883286
17882096
17879032
17877056
17875845
17867427
17845925
17803578
17803576
17803571
17763576
19998898
17727772
17727771
17727770
17727769
17711974
17711973
17709760
17694881
17682627
17672187
17664122
17657857
17653789
17643620
17640243
17633849
17633838
17633836
17633835
17627885
17624212
17618802
19126949
17589977
17581493
17578321
17578050
17571618
17571617
17571606
17571604
17571603
17571402
17564102
17564063
17544882
17544881
17544880
17541523
17541069
17534085
17524829
17524603
17515091
17515088
17509425
17508658
17501881
16750714
16428519
16363310
16318057
16318056
21722765
21710775
21675054
21669433
20966842
20949806
20934543
20888947
20870990
20857671
20857639
20857638
20839582
20827451
20816103
20732621
20796092
20740354
20706298
20693881
20678605
20672399
20665357
20665356
20609119
20593644
20585021
20540326
20531493
20530602
20511083
20510949
20510946
20491572
20470955
20461349
20441459
20435944
20435877
20408107
20402176
20402165
20400045
20387500
20383478
20369757
20362219
20362216
20232270
20229751
20229749
20184114
20179518
20170869
20158116
20155649
19161748
19142552
19141403
19138911
19132174
19125654
19119689
21083530
20597404
20530946
19111480
19108596
19102040
19101379
19097849
19092588
19077819
19055829
19052707
19052703
19052702
19050082
19038750
19031133
19019659
19016997
19005634
18984379
18972895
18928488
18928485
18922437
18828166
18818135
18813052
18807895
18766354
18757651
18757186
18705437
18704341
18678199
18649647
18649644
18649642
18574269
18574259
18635465
18635464
18633036
18607555
18597062
18594376
18592965
20715398
18580221
18575419
18564295
18551933
18551151
18536299
18516893
18516892
18516890
18512595
18501134
18302579
18494391
18494390
18492558
18486858
18478819
18464486
18463039
18461895
18456214
18454927
18452792
18442579
18438567
18435634
18416388
18414965
18405691
18405690
18405689
18396225
18390484
18389265
18384339
18368376
18362008
18333352
18297976
18297971
18295846
18277576
18274245
18274244
18265651
18260714
18248470
18241563
18240628
18228643
18208418
18184255
18181320
18180181
20091975
18156920
21756579
21558774
21547880
21534301
21519226
21484621
21484620
21476419
21476416
21475090
21458212
21449185
21440212
21417749
21416904
21404141
21384659
21384657
21381954
21375203
21350889
21348256
21316907
21316906
21316306
21306474
21298841
21276550
21276544
21266877
21258232
21240561
21239908
21235850
21229685
21193088
21189821
21174657
21168114
21162357
21155925
21155402
21130207
21119139
21113074
21112732
21109139
21102312
21094053
21093297
21067080
21058198
21040816
20610983
20574762
20571361
20535621
20531173
20489798
20489604
20461348
20420145
20415078
20406508
20402170
20376496
20375299
20369755
20334556
20333415
20332744
20229765
20229764
20229758
20221646
20202136
20192095
20169964
20143218
20124994
20122595
20116145
20104453
20103833
20103383
20103381
20103023
20098136
20096834
20082898
20081134
20081127
20072975
20068113
20066735
20060139
20055199
20052932
20049603
20041625
20039986
20037847
20037833
20020552
20020551
20020550
20020549
20015818
20001885
19994626
19966730
19962475
19961977
19961973
19961007
19958877
19955503
19954315
19934912
19934858
19933534
19928035
19927964
19923526
19921368
19921367
19918707
19917174
19880842
19880841
19880835
19880832
19880830
19880828
19903186
19898790
19898789
19898787
19898786
19898785
19897801
19895933
19888031
19884474
19884473
19861358
19860235
19842518
19842513
19841366
19826032
19826023
19825494
19825482
19823781
19821345
19820478
19820474
19813773
19801932
19800816
19799534
19798508
19793191
19786861
19785885
19781265
19779947
19769422
19768972
19761135
19752726
19750847
19750836
19747679
19741501
19725144
19725143
19725142
19721929
19716082
19715404
19707118
19702515
19702220
19698054
19695929
19694620
19694327
19691710
19669705
19669104
19665620
19629534
19618835
19568723
19541014
19533287
19522273
19519723
19492151
19462798
19462796
19399934
19379889
19371848
19351529
19319772
19317164
19309245
19303328
19301726
19297196
19295299
19280201
19275021
19263830
19260240
19226881
19221767
19219412
19213401
19208507
19194167
19194144
19194142
19183542
19175633
22015880
22004653
21987904
21982517
21976704
21944790
21925409
21894075
21879650
21878695
21874793
21860205
21860186
21850914
21842250
21823308
21802544
21800672
21800671
21800656
21787973
21787965
21778726
21742461
21722771
21716110
21710778
21703808
21698855
21689509
21674718
21668911
21644378
21636935
21636927
21568698
21568696
21519730
21485105
21476417
21452535
21450368
21447047
21435000
21422131
21404485
21385977
21384673
21371292
21316908
21293746
21270588
21258976
21253876
21252650
21229687
21123234
21116888
21066914
21052724
21033018
20960911
20942266
20880153
20864829
20822386
20716071
20701237
20701202
20673155
20625693
20572375
20402172
20357152
19502977
19384235
19127792
18839840
18635466
18334081
18207538
17655694
16831236
16706126
16701190
16680267
16633769
16618324
16608780
16598674
16586027
16563995
16552228
16552215
16547434
16547428
16520927
16475048
16440722
16391984
16359735
16325027
16296362
16268918
16249417
16237776
16231816
16215713
16206543
16202888
16192540
16192507
16131443
16104544
16103381
16061890
16029296
15967628
15948435
15947898
15934550
15934549
15934548
15915023
15866701
15824300
15781528
15756154
15690145
15679279
15632810
15605298
15603664
15599203
15573263
15566592
15565902
15565899
15562069
15547486
16449395
20888787
17518878
17885633
16434113
16864638
18469606
20686431
17187534
15998598
19707769
20581734
16468503
19182216
19269915
17688564
17878013
20386309
16444082
19772170
16983102
19065505
18446745
19825894
18853911
21564520
16021802
22066284
17179462
19535939
18660737
18517071
19328742
17244008
20165520
20197457
21417050
21577059
16873812
16332472
20010014
17236322
20390637
17390192
16568450
15546482
17935242
15597290
18849894
17260598
17239059
19940819
16471091
16392268
20626578
16951292
15890286
19906428
20801450
15893218
16381366
19380360
19249189
19076464
16319704
17467557
18460954
21193620
21087832
20358731
15930917
19221164
21158339
15614663
21062592
15805555
17585613
20056722
21575224
18827088
20841984
15911959
15902611
20803167
20141259
20423288
19614880
18439609
17375276
20728325
18828929
18293247
19635302
16490912
16738981
15861915
19568684
15934975
19833478
20868254
18639263
19369681
17323334
15749791
19433848
17108883
16332396
18265436
16678180
21353130
21647078
16704400
18030102
20227793
21488482
19116531
16503843
20351555
20595487
18675766
20299369
21221659
17676236
19224518
18625920
16890708
19826095
15657688
19719375
20187349
15974047
17592294
17169231
17094359
16475874
15933914
16980515
19651575
17967588
17625659
17019348
19554798
19535791
21322197
16622643
20077750
17676216
16368908
17479949
21366009
17697197
20338599
21504962
21301284
19191621
16685542
19568225
20967869
18213506
20552764
18026200
16162586
21047648
16634446
18029541
20649872
21684479
22110098
19596287
20947284
21717470
18681106
19597228
16996787
21187738
17973705
19290712
18365197
18496089
21068614
21278322
20469767
21742562
15861916
15810190
21815451
18165376
16174201
20515880
16807169
17349147
21368524
18999031
17109246
17001836
22164936
20586987
17063614
20297901
17963972
20085991
15781598
19029919
19103895
17482418
17305036
18647787
19472959
15604637
17540013
18308499
18336706
18612381
19648384
20299651
20513681
19711048
16048857
18464488
15850266
18558181
15662172
19536372
20956663
21507193
16805764
16554394
16715210
17012130
16671980
16435925
17187696
17473811
15869214
18952393
15899227
20505610
16381351
16984684
21355759
21208412
15992184
20660873
20875213
16858114
19748202
19343858
17626116
18667872
21184362
19797752
15714020
16394454
17224696
18075446
15644692
19299671
20008737
17900907
17402802
16224626
19485424
16214514
18755564
19160921
17167709
19947187
19269708
18974186
16488418
15524055
21590574
16703230
16313379
20934681
16132002
15797153
21194048
21501727
17220744
21542775
21272371
21301983
19745348
18438277
15734134
18773593
15970856
21239085
17850526
17449215
19288649
18462407
20934952
20067668
17062525
19124813
18028838
15875449
16261779
16843778
16380575
16268041
19320339
16521254
17264863
15580441
20589609
17087174
16830236
20144399
16584106
21063799
18202986
15940024
16330969
17364243
18057810
16339613
18191764
19449606
19266739
19806711
17270089
16268229
16902075
16401766
17948953
16277721
19376278
18577132
20104634
17004023
15789885
18272612
18332276
17595811
16136201
17126457
18680809
20558972
18443391
17938785
19892889
20006413
16153768
19810308
18309722
19306565
15712680
15760808
16629964
15791765
21674471
19146089
20386231
18584521
17153572
20432216
17496369
19628353
21813621
15573331
16404326
19481046
17629664
16566177
21459183
18682013
17978360
21762839
17069205
19433836
19492647
15625220
18225675
17592980
16756051
18595577
15611432
19219358
20149163
17334166
21573122
19473526
16035510
20176463
21429956
19142111
15931800
16925344
19430414
21528081
19885649
17518245
18387006
17552337
15789292
17659765
20654897
16845764
20557416
17019547
21910318
20667061
16316438
18220067
16383053
19593488
16681554
17133202
18727715
18399369
20235400
17624678
17081919
17120130
19202116
19143235
16921803
19731345
21428230
15680611
17559917
19358029
20151345
20513695
16681197
19124861
16061312
18684788
20373918
21476161
15962401
15609748
21360862
17522003
20140833
21308343
20077805
17542030
19429770
18220677
16652413
18805668
19565050
16135165
19558736
18018819
15826479
17182445
21244256
17963880
18441628
17580126
18777972
21166109
20419747
21149395
20502864
15674925
16477286
18021164
19761173
19329944
16573720
19343033
19923948
16106210
20695949
20618522
21129007
20384666
17976799
19451460
19592952
18563015
17895495
21702353
19730813
18775835
19700966
15730610
21186164
20230620
16298283
20049378
18358259
21456490
15637990
16076234
20564714
17949622
19965037
19018218
15929166
20833622
15931412
21568118
16358174
16477862
16930901
16676021
20405680
16395020
15865552
16751464
16447522
15910821
15741585
16224411
20181412
15944499
16124449
21462857
16261273
18835701
20524383
15971383
20466370
21146876
18928964
20465974
20541884
20027967
17430832
19719547
20369442
21615457
18073643
20102143
16050892
17450422
21349007
15841067
16205432
17242314
17937971
21277030
19968454
16334082
20921475
20966373
21123751
19754014
21642906
18563017
16777687
18361948
20720084
17351825
18700984
16014595
21787162
17211876
17766519
20972689
19194160
17015810
20150849
18063043
21658779
19331247
19606660
18820545
20362791
21655407
20163702
17512880
20931098
19266354
21464103
17597262
17642451
17454796
19823898
16815234
19729322
17606959
20393431
19481879
20486522
16508481
18498922
20502146
16319561
16523603
19020144
17468928
20357652
20581166
18273581
19227633
16883975
16543791
20200830
20514909
18355797
21632664
19735334
19646176
18270772
19854611
19632561
17539695
19476865
18457065
16268341
17926280
19925650
17879677
17694419
21938970
17433966
19674454
21197771
16526147
19627685
20201365
17354135
18374638
16922252
17726405
19088236
17475606
17017324
20063198
18780925
19294824
16373293
15572574
17100219
18668482
18235160
17083558
18677078
20066851
16681708
21391837
18928411
16208656
17382033
17718649
16594429
17308454
21620311
22021547
19072490
18073248
18357423
16423789
16184617
16954006
19022029
19714597
17992134
17893379
17133206
17565284
19400363
20071868
18555560
19258829
20487059
21384609
20168097
20393224
19399008
16970561
18459591
20415672
16925000
16093369
17958909
20490455
19000401
16086729
17827082
16175113
17479329
21382079
16843468
19076664
20550653
16938225
16892675
20958203
19822289
21789289
21368513
20175794
18997557
21314849
17652180
16430335
16434935
18273567
19363884
19094876
19731446
21678804
16827455
16866837
21824389
15566600
16605041
17886262
19932475
17299466
21867855
16941134
17009569
19088482
19839679
19635339
15857740
19250150
18256844
20536757
20926167
17057138
16213236
16273993
16443087
19052704
17356435
20663812
16323256
19751375
18350774
20171037
16454153
19341547
20662293
18544154
16823953
20459997
16102160
16913309
21942157
20306940
16821510
18308982
21339199
20821832
20655660
20602584
20061834
20051430
16081319
21665161
16825669
19139382
20036168
16789370
17251796
15944166
20644182
19167767
17948846
20855809
15831541
15721977
21888068
21635795
16912577
18640446
19756766
19035076
18998190
18524380
20857805
15935032
16861198
20055188
15924037
20403305
19995831
20433728
17487537
16442430
19237100
19390341
20437738
19534170
19843342
19381730
18758334
16263648
17954440
21519043
16286324
17509285
16954123
16866801
16403214
19925747
20431457
20432851
18951397
16010471
20714272
19701013
20426359
21218728
17181683
20380228
19057484
15833479
21145470
19465344
16563316
20298326
17418848
18849089
20478797
16932121
18370970
15912690
20458677
21857859
15559103
20006644
20860246
16370481
16332553
15688543
19461068
17622603
21478756
18710703
18257761
20108885
20850031
19202038
20486343
18327398
15704769
21311260
15962843
17499955
15931644
19770471
17001949
17917945
16362937
21228438
21037270
16926726
16539622
21404638
16267979
16809119
20882732
18798531
19463080
16265960
18344784
17421095
18804727
20113269
18308023
21480493
16529288
19265731
19039679
20712210
17548400
21605382
16522662
16172844
18702787
20451303
21285393
17584389
21069122
16181404
18380372
17158048
15611486
19797698
18709836
17426499
16463647
18375671
21442345
15687899
16821050
20813494
16717084
16377011
20542793
21587272
17679120
16541932
21483008
16892691
19581228
16406035
15699089
21415766
16061596
19901745
20354928
21044135
17718377
19133849
16679331
15904885
16499307
16813879
17116448
18548869
20947449
17655530
21404797
19357425
19493137
20082054
19187167
21040004
18440792
21629357
15673205
20215615
19692674
20826510
21700562
19032012
21402400
16449087
16374184
18678961
19042527
15984399
17329464
19118293
16265962
19833007
16334086
21844435
15785330
16703745
19461551
16555754
17674397
18588372
19534387
15563853
20547596
19061552
16162578
17102217
15548439
15615170
17144913
20185972
19806817
18374561
15893166
18664778
16700232
17665763
15517741
19327963
18244995
16799016
17699347
19592823
18322028
15673647
17138178
16913521
16398039
15633403
19734976
20376994
18715972
17064964
17219938
21041348
15960999
20945719
17355362
19248449
20439590
17951982
16844895
16817916
16898370
18507600
19345298
17074865
21768323
16595542
16690991
19819169
19542495
20940270
19286279
20443321
19054959
16719900
21545616
18788974
21696486
17283703
21426523
19005956
17640108
17645956
19385269
20568324
16570558
16201605
20610316
21469417
20074438
17285381
20722840
17892990
19915983
21110401
17967220
15655239
16282012
18059464
17176942
16704183
16584673
17230396
19539814
18258975
16045420
21277804
17040512
18482120
16430339
18548420
19954266
21467937
20605268
17651561
15711229
15772484
18047252
20127602
20938632
18601725
16263201
19285168
16060584
21135788
15704636
19650610
18618954
21676333
20810257
21916145
20233574
16965468
17712753
19100146
17133685
18164791
18836687
16537580
19339431
21281772
15551638
16340019
16543740
20070794
15671318
19485873
16533537
16563077
16773862
17193943
20887842
20484916
20061229
15841895
19495535
20436336
16109462
17272730
21751732
20693890
16464329
20887904
21062546
17136988
21438866
17267389
19256295
19051791
16602661
20517975
21717676
18754523
21563739
17695557
15825590
18567130
17565139
20527623
17929748
16524029
16227665
18359112
20957393
19939303
21346708
17605569
16570749
18716485
19538799
18388682
20055980
18757313
17851379
16701771
19157813
18183643
21394569
20031782
18603377
16500073
16674782
16755314
18520461
20441119
20026686
16899987
17194678
15917368
19300218
16515282
19665617
20846225
18410819
18832287
20127059
16739207
16234910
20933146
17581708
19357936
21291064
18269894
15546895
16652069
19583665
20565969
16638260
19087473
18764853
16194498
21780091
20167838
21228661
19269911
16923645
21309200
17370455
17041786
16299432
17941410
21457625
18434103
15719585
16171237
21359690
15976565
20722812
17294020
20168188
20403641
18401054
19550215
17343245
21105305
19381055
16730491
20580142
16617243
17054735
21536367
18196711
20853212
21279938
21488034
16876802
16526148
20372677
15943622
18164458
18989134
17035406
19041611
17108641
18161468
16712491
21117327
16398868
20050447
17936549
15991586
16932134
21449510
19748861
21371373
16939948
19811215
18401644
16378255
15531554
18769104
18478275
17276065
15847905
19014132
18458291
20807893
21744518
19806416
17704670
15812732
17893380
19371935
20150603
19920832
19858959
17309806
19835240
16731139
16784530
15741477
17966292
20813784
19324026
17603832
18502175
21343503
17212859
17556991
17403832
18520368
20838315
19589668
21387976
19068152
15904742
16035081
20797376
20841722
17475724
15704622
15924900
15802407
18923216
20336644
18808578
16159733
16873146
16566617
21497320
16735260
18437059
16483424
18804999
18644204
15994340
16624777
19912619
16703873
19764360
17951213
17678456
18768026
21121508
18347482
18832500
16808770
17011267
17371557
20956769
16148497
16121653
18426103
21450679
20921249
17676967
20405768
18777696
19636497
16826759
19502852
16964812
19077024
17721144
19581027
15658131
21414688
18237064
17175591
17689462
17907007
16396713
21089733
19832815
19755882
20858692
18078550
18243334
19177891
19060433
17611783
21459866
20443427
18489665
19707139
15529892
17533563
19554988
15630864
21207009
19675401
15956826
18335829
20516766
16677191
15624582
18992701
18261701
17002786
16419672
15970780
21517787
17110087
17534619
21134185
15588358
15690834
16081572
15616404
18295924
18188140
18590881
15630818
16493937
16872121
21193332
16834773
15641948
17441293
21805952
15971555
19438135
21210926
21178749
15962427
20658353
18705781
21294876
19472551
20684381
16750798
16298287
17112119
16297568
16733004
17636151
18600037
19437378
18923330
16454855
18395145
18386693
19067933
18803547
17933498
16923431
20878855
17141638
20633073
19911538
20642845
18189045
19949764
19179322
16708576
17010181
20974905
19751935
19209469
15847683
20446141
19890896
21041006
20081100
18312641
18069066
20500704
16983267
16535909
21311444
19580054
19947049
21270920
19382989
16033623
19233353
16161896
20455148
16434415
16567238
16834461
20556491
16006462
16829828
18281407
17604557
18454613
16466484
16297577
16060201
15912353
21708522
18774436
15966780
19272784
18555252
21492285
18241761
16878008
18333742
21737898
21358407
16389010
18666912
16289803
17035080
17302137
22030933
15876302
21612477
16498926
16002947
16784413
18073358
21290863
16035267
18713199
22128511
18497510
15712624
21600378
19025956
18578801
20562607
21653495
17324293
20795834
19444408
16704384
20346894
17340855
21114720
19900646
16887888
17601833
20580605
21365191
20674068
19875841
18763662
15550092
15582349
16370506
17256293
16055616
18528621
16502965
19846861
17552406
16513352
16881942
20083918
18550360
19135910
21102244
15772212
15680117
21272764
15718178
18085339
17212893
16520526
16332190
19648985
17904337
21178553
18082671
20008625
18703922
20093994
17583067
15761629
20346092
18977994
21394618
17565147
20946115
20137838
19243526
19722298
20528990
20417783
21086799
18568872
17152914
15770505
18587619
19306974
18667958
19097874
16925372
19756491
21323974
16531858
17239232
15537189
20128760
18275539
16526061
19476248
16893143
17062154
17074871
20443260
16174925
17535600
16364952
18020063
19936838
15923994
18844763
20421019
16711074
21359548
16294804
21484016
17382211
15864824
18827093
16438068
15537718
20174908
20067356
20545236
19566991
17508236
21140721
16325407
16001587
19445567
16830008
19874330
18271762
20397542
15947296
20137029
17464602
18461523
17544129
21376188
17310344
19744291
17088574
17285953
20712459
21333060
17762817
21932493
21467002
17666609
16490543
16027421
17620205
19921997
18280963
15644674
18609242
18466617
17133883
19303947
16752988
17672906
20604910
17850937
17006963
20148769
19331034
16301958
18097144
19283233
18814197
19037137
18649585
19457153
21522019
17111639
20552859
19251167
16630317
20510837
15898822
17940783
19289338
21536953
20150604
18522604
18226132
18539879
16825668
16719130
17978377
17008942
17322095
20163234
16468256
19134493
16536725
18971810
17133307
18036092
19926344
17077716
19777359
18161452
19795499
16033497
16166865
15864663
17135066
19856075
16050889
18820880
15735596
16937891
16676811
20673307
21724547
17826652
19090405
19740139
16513055
16965306
18821031
20217293
16608722
15820426
18362004
19711633
17274175
20841651
21156291
19625557
16187933
20669833
17040417
16770370
16110012
17291832
20564090
19788756
20224406
19634528
17037708
17433183
16318875
18365349
20694757
18417233
17019446
20920073
20371031
19134488
15920357
20579159
19371991
17352706
20626833
18155575
19805462
20214255
22013829
19203485
19000337
19337714
21444597
19659717
21406010
16025893
16358483
16001612
17210326
18815527
18283770
16722887
20486613
19830951
17468458
17018170
20052891
22096876
18987511
17452604
21416898
18714747
21204979
18465174
18038520
19036675
15759073
16253066
19007709
21526523
18328244
20451794
15889874
17601470
19886298
19683664
19231928
17522866
17715731
16434815
18197862
17131640
19448927
19644973
18954641
17591411
20163700
21136032
18767470
20605530
15768648
19811109
21542189
21291329
18951753
17313089
15668373
17219519
19318963
15936427
18291722
17502229
17460135
16376522
17096051
16608721
15816424
19192004
16597495
16138488
17662156
16190008
19288345
18460169
19448790
17175651
16895823
16255328
21296482
15579354
19318459
18972089
19995268
21443066
17130700
20144029
16323132
19120748
19565098
17147069
18075408
21424075
15573667
16830239
21125755
18357420
21473953
20943615
19142066
16859565
19775309
21824224
19706198
18666451
18488425
16874603
18157830
20608484
17263098
20122779
19279478
16190838
15853099
21624702
16452280
19070193
15952968
16720517
18193593
17708039
21307770
15626072
21089989
21764011
19204130
15710728
18246391
16464327
17459820
15914746
16274169
16267977
21729155
19121927
19293717
18711454
19068746
18825572
20593569
20488605
16959677
20869678
17723982
17464377
20121338
18714603
17375341
19836276
17086639
19878783
16301565
19700041
21071434
16023455
19293316
18378725
18550568
17515782
20932498
20068485
21368527
17098106
18535736
15542538
18423644
19386388
19388383
15813804
21548351
19115893
15603333
19694884
18205680
15887320
20593676
17570194
15946901
16006914
17851360
17407213
15754538
18395309
18677873
20693238
18803742
19497898
18057844
19534811
15999001
16013014
19361132
16802428
15868984
19374611
16522492
19398326
20540165
18586130
21575257
18433476
18350458
16075692
16026696
16189947
16648722
18953226
20636192
16352983
19044312
16279964
20447220
17143017
20187548
19404286
16985408
16683877
21456440
15757883
16372152
15804323
16163227
16818841
20452169
17629737
15799588
19343292
21359507
16929873
15518120
19368285
18330626
18036120
19136329
21198244
16792759
20554626
17253070
16151865
16214476
21744675
20444774
20737319
21638874
18725038
21404289
15994387
19154861
18364172
17560961
15834838
18453347
17969576
16491996
19572068
17237128
20817494
18561848
20128543
15632754
20056309
21208587
20846562
17785486
20825820
15736762
18333733
21034233
15697099
18192260
20182813
17593456
19824282
20722311
19013743
21500178
17356958
15632795
19184498
18840126
21652134
17389726
20923281
19778429
21825936
16813544
15635492
18322027
19232929
16227544
16830247
20019727
19228413
15669516
15818360
21155399
18814476
17523332
20372899
19061787
17727406
21112453
19088487
18237065
19602641
18405012
16562808
17593767
19125754
20642219
19411018
19536965
21037474
20218136
15735491
18395025
18235118
21113566
15630932
15530172
18700088
17483997
18283996
15763713
21207823
18217541
19076663
20655522
20440410
22073586
20429124
21280286
19292020
19889474
16121873
15772919
16594969
18390051
17244852
18786082
21208669
17118307
19952335
20697241
22039681
21136034
20467018
18179667
21206288
21481113
17936452
17720192
15870615
19525764
16788256
19339005
16318233
16416235
18324557
18560281
21212438
17210503
21108960
20464883
18454825
17389541
19323846
19860067
18248699
17993276
20331544
21216792
20036193
15743047
19590205
16905030
18421809
19464761
19947046
17319372
16978939
16098703
20443408
16436327
17724240
18595709
17641077
16215345
17365378
19602682
16290129
18999275
21308645
16719673
15745441
20926407
20469561
16703440
17079533
20737795
16212719
16759755
18981812
19440177
18477272
17521795
17481486
15690591
19770174
19566517
16259049
20630889
19240187
15589081
17470927
18505800
18701851
20153911
17912822
20686399
17872907
19752639
18520670
17354352
20039968
15540669
16872786
18320956
21644295
16530117
21209138
22128565
17051292
20467718
19036805
21591431
21227538
15920374
17337872
15612421
20201147
18478644
15544295
19590465
17295055
20229072
16438809
19767023
17634001
19089722
19151859
21139014
16410101
17523034
19351302
18065365
19707128
17044346
18983065
20457313
19952652
16926735
16903407
19734397
20195554
20031901
16219516
19093681
18395724
18953194
19368568
16706705
19046185
19735394
16533954
16594224
20508952
19718056
17956371
20466229
18456539
21221001
21910368
17592971
16927953
17063585
21167110
19105559
17900485
18713540
16949271
19205735
17234071
19689634
18184218
16199464
19128728
18609800
15791784
15722583
17686712
21165654
18073657
18694250
19690256
16315391
20017938
20869182
21711124
16081435
19587619
19688367
20443291
16501133
20738451
19962618
16340688
19300002
21209136
21511883
16045118
21138883
15655132
21606107
18360202
17561212
16285120
19418751
20568322
15797359
15737277
17728557
20162906
18709273
15566437
16715902
21365982
20151212
15961348
17726411
15727086
16969015
17552954
20030498
21330327
18706865
21717149
16679437
16769908
18715184
19522554
18472622
20535907
18003681
19092597
18689712
18828315
16253797
18538262
21943076
20063516
21266888
17993929
21302596
19549673
20680124
19968691
21222427
20509347
18692395
17269542
15763120
19196248
17193764
18360178
15641944
19663528
16393438
15520762
17568328
21137701
21617267
18302653
16793783
21943293
21569172
18039298
20532657
19028827
18203534
15673655
20956639
16111443
21639747
21906721
16192318
15533479
17569375
18378726
17394520
17845383
18788339
16797811
15573451
19425342
19337187
18422823
19188133
16703525
17502632
16155776
16248259
15682724
18958985
19156467
19114844
16918864
20177045
18727763
17334253
19293224
16297662
16086983
20085025
18828703
21647082
19240682
17040607
19648096
21244671
16287811
17348119
16292467
20647800
18443803
19270238
16870385
21167326
21991894
20722810
21159278
17079797
19216483
20664547
19468259
15837028
19344586
19675402
21590575
15987229
16044727
16669213
18928132
20122508
17911722
17202551
16915611
17234107
16278532
15822460
16722957
21040025
20055985
16352973
21372646
16490633
16675762
17436479
19095334
20711916
16756731
19573661
19723861
18365775
17001260
21586220
17261820
17913338
17653940
15936561
16925257
20946861
19175591
18402420
17707718
16991132
19358065
16438812
20448272
21128694
16160925
20846085
15624405
17710479
17054207
17048360
15716811
16436084
18856094
16137241
15902009
19482259
16334457
20029311
20187531
21544044
19858395
20890145
19430416
15884244
20667700
21708368
20841690
15637511
21576012
17105539
19806607
17289540
19300070
17132376
20054837
19879711
18360836
15817021
17489960
21162621
21879649
21678746
21154092
18183802
17249283
19062603
21298947
15650632
16847172
16629089
19769566
17435991
17669690
18287979
19133042
16878074
21503460
18578607
21061308
17306911
18496086
20334875
16450631
17205835
20471723
17919355
21534823
19324922
21219423
19680301
20377091
18624704
15667389
17144841
15940881
17986710
21823527
20510409
16927904
18294606
15576420
16870534
16440978
20153537
17441796
20047740
18344821
20965103
16003596
18336519
19729964
15958358
18005415
15591759
17505368
15880977
16827838
17324692
17652646
19117310
16978554
19833425
20713425
17502809
19567755
16276220
19515394
21197791
17427878
18332357
15851794
16915542
16372713
16636958
17290696
19281128
17218873
16966670
19634381
18372833
20170460
18092662
17678828
16043982
16432594
17949401
18018351
21320347
21135301
21436706
18463840
18041361
16246994
19576265
19861029
16951435
19368755
16271652
19414234
20079645
21488763
21857242
17712259
19426929
16015522
16299640
17388824
17221178
19430507
18068011
17472499
19122982
16520571
15835213
16996320
19199137
21298906
17443600
17621446
18399374
17944801
21879667
20003039
19445338
19531081
18945360
21038969
20541284
19161815
19645165
21385082
19570200
20030696
17336875
21171126
18422265
21444937
16430332
19360982
19646190
16941965
20040605
21192136
18924272
20831738
17116952
18171322
15761453
20881713
15967625
17536991
15825592
17978371
16624890
16875796
15850858
17264698
21949275
18562861
20000054
16581636
16062085
15715124
18180989
18358685
19681711
18494101
17533927
19256051
16770368
20540408
16252381
19843967
18650054
20116791
16024149
18571013
20709279
20033227
16522452
20655643
17365449
16648083
19298976
18051978
17685161
20605266
17474588
20350912
16847682
16321733
20684413
18954244
17228508
16502830
18234365
19905038
18788984
19955243
18448702
20621905
17153132
15984560
16802425
20622795
19923969
18025431
16825920
20025452
16423103
19141180
19197608
17945364
19646175
16229400
15895550
18043980
17182417
15747703
17356934
21665873
17383115
20858037
15853281
19847381
16109119
18827760
17342852
19413074
16469620
16112526
17944769
19260369
19557400
19538795
21171494
20550662
16193603
15940836
19397163
20174996
19378218
18075637
19375235
15909778
17951224
17955685
17512100
21824226
17162639
15807057
17338740
21679547
16218153
17846046
19655667
19667032
19418284
19384738
18357955
17038085
21340716
15629558
16524996
16650118
18198360
18091287
20639654
15844846
16273784
20642198
20843982
15604183
15981065
17394620
18240837
21782541
19637076
17270326
18768243
21391944
21248573
21476481
15899763
19394524
19096897
20597745
18758363
17931329
20818991
16034316
16061158
18840327
19247014
17003220
20563404
19359090
17188221
15822708
20077984
18828168
16461447
19590818
16617958
17874488
18951864
18588400
18483818
15912291
18333552
18053268
18644668
16740822
19706071
21916094
15835472
21126816
17577174
19368089
17577002
18641496
15540666
16950516
15964735
18206522
17514382
15696899
16848256
15891381
21180834
20305590
18219247
16840363
16211440
21651366
21823368
17929740
17850531
20565328
18346629
18951399
21382216
19521648
20169368
21033406
16418606
19941582
16499792
19630996
19845963
19559166
17054446
17564561
18394030
19579066
20929382
16858741
16270812
16471297
16613286
20026893
18075922
18372817
15655973
19477647
19058503
19019462
15637958
15838407
17038755
19237957
15720608
17708328
17238947
21655408
16212824
20657888
18562985
17601841
17594828
16412443
20590483
16735082
15666263
18705120
19263162
18602791
16198213
18086764
20855994
15995043
18681977
19638142
18682352
17003536
16529850
18951120
18354757
16178342
19958418
18377550
18332509
19353313
16869525
22046739
16157434
16495493
18321905
17669849
18964105
21404783
17540908
20008828
15708101
19291184
21537192
19763699
20054163
16842397
19918217
18768411
19568440
18978694
16531938
19560245
18677075
18535255
17785687
20231189
21148268
17308220
19517763
21426286
17323204
19068687
20368657
18236723
16872790
19411188
17038965
20804880
19929646
15829458
19583666
17956605
19165757
15570493
18056599
16827769
15853088
16528928
15650863
20825871
16808724
16813258
18784496
18349327
17457779
19648596
16846868
16834883
21106660
15720485
19173756
17412031
17763050
18798897
18453099
19405456
21714444
16759851
16730784
16135721
20420549
19836188
17684773
18687627
17701118
17725913
17618630
16915060
20510841
20667584
17098679
16607139
20822362
21701043
17413678
15760511
19793434
17680330
21639079
19728198
16951011
16681199
19810627
19174943
18493127
15785293
21333847
18267993
16869180
18282270
15991276
16584804
16909729
17393814
19639811
15857533
17600598
21724786
17974292
21301699
15817908
17446732
15878842
19846270
15878536
16248861
17963973
18090167
19878036
21444830
19806254
17345598
21332034
15868029
19218308
17129206
21504546
17575756
19430828
21410372
16837693
17099197
18789191
17464153
19033833
16637448
19423987
18196490
16393479
15921985
16628312
21561507
21473318
18275533
16915724
16178829
17262005
20027507
20675424
18063543
17494817
21306645
18280252
17474573
20597453
21806560
17718727
21692595
15964672
15706160
17412049
18474979
19251761
20004490
20860015
15704379
20180338
17668831
16887470
21801562
15986788
18397949
19930228
19829388
20726268
16842059
17890042
19051976
18194099
19278185
17411927
18352918
15766335
20338377
19449613
18238790
21831025
18786017
17378189
19167212
19571638
16045048
21469493
19175249
17137938
21667055
18021512
17619323
16005415
17371147
20414822
19363928
17714050
19786676
16809789
20131106
16387907
21558484
19387272
16733116
17150257
17363936
21109807
16403243
21214989
18321837
17577165
16843871
18513354
18565693
20042146
20064224
21485620
20490910
21765244
20542236
17557215
19507369
17716787
17269947
16865618
17163458
19116820
15805812
19765116
16340692
18216083
21087239
20568026
21336196
20356353
17489928
19557481
17452019
16594246
17147856
20538363
17958128
19239542
19139928
17700975
19402447
20852468
18380998
18762530
18197449
19029206
16436586
16390518
18454614
17110302
21445517
17298612
18558170
15677596
16753727
19832891
18753685
17439386
17851308
15701193
19261362
19819501
20496305
19033167
15688545
21337243
16605094
19934239
15519482
18613786
16682941
21219087
19874643
16565792
18187011
15608590
19584762
20187344
17187032
19482542
17054862
15921988
17343661
17365897
16617638
17849911
16184946
18721332
17656407
19013121
21462098
16324544
15554800
20031825
16802682
20043817
17290085
18452048
16767870
17210996
19283562
15945229
19370630
21902971
16387251
17144574
21231882
19422687
17137425
20006316
15961913
21275976
18568455
16506380
17573682
16716875
19283247
16974137
17582726
15639044
17685827
19207800
17156424
18304125
20200818
20660633
15736511
19127422
18584797
19594606
15986315
21038178
18980036
16274940
20502170
18229771
16821679
15999092
19334007
17468793
18465717
21140874
18428416
20863521
20188314
18462285
20522620
22040852
16673256
19061281
15774063
16029978
16336481
20144028
20209007
20152221
18030197
17687656
19482401
19106282
18332402
19453658
17347659
20643629
16706322
17620533
20217048
18574411
19719062
16910034
21954764
17955303
17394619
20218030
19365937
16482752
17851298
17158184
15835336
17611213
20381081
18218265
16931414
21211988
16735523
19865028
16884888
20879497
21876014
16949289
20207191
19884808
16764560
20882730
15737235
20630284
15891317
15671191
18251187
19252202
15692082
20443294
18761842
20630197
19186410
19780368
21456496
18044985
19525769
18622457
16304881
21991889
18000485
16913337
15712470
19786681
18275359
20687037
17498426
17823840
16926310
19648386
19945107
17889971
17057641
18022492
18039550
20050487
15952435
16107452
18952706
15909012
15526664
17521248
17592168
15663350
17390924
16573020
20850713
17579615
16411549
20402751
21489164
15540672
19216317
17727404
15778075
17644700
16136358
17604936
20513688
17237557
16374262
16471099
17851820
15620127
17088700
21644886
19204212
19643353
19433953
16322176
16688495
18429450
20228641
21972312
20614644
17427669
18573961
16198571
19910835
21138561
15956267
20536590
20010176
18612091
15710799
18389047
15859376
15918426
17427483
20356794
19716070
15980081
19056614
17010034
18711905
21591405
16877656
16628180
17062420
20189748
15789938
19767501
16466277
16724286
15965388
20380720
17396058
18215499
16724882
19941195
21322904
15741409
18157449
18485225
21062464
20841550
16121874
16479203
19006595
21129950
15798726
20662292
18789425
20091965
20561882
17263097
20703145
18216884
15961289
16485621
20370449
19410102
20439051
18606935
15918345
21500003
16394818
15762390
20604649
21462659
16603778
21602631
20438034
16953020
19067161
17872786
19466754
17062591
15640647
18342823
16955453
16719018
15952477
19533894
21155363
17963657
20159456
17907051
21491223
20158137
17190276
17270279
20841683
21306423
17098513
18243707
21303772
19183496
18272777
19753508
15696568
15658244
16175716
16115252
19250023
20151088
21294769
20195948
21171844
20118704
17456702
16229314
18612092
20019512
20869329
19480799
18284670
16443958
20435211
15717675
17824562
21621408
20364411
18496374
17826709
16839819
18684186
17504584
16398097
17389540
20083373
19592365
20356429
20702057
21295755
18307598
16025441
19955045
19188529
16739323
16354863
19682828
20205481
18355171
18560068
16995935
17872818
21966720
17098368
17391559
20561387
20970883
17727181
18091213
19317314
21977769
19817274
17674216
21043559
19582465
17006005
18216074
21661481
18846365
16019865
16922980
17640283
16615711
20201667
20216168
18511614
18974598
15751625
15646122
17105741
21614939
15758593
21134177
15588366
19285283
21067379
18442595
16709465
16944994
20711941
15952969
20044162
19586354
21979543
17902526
19916075
16972449
20229076
16096726
20374101
20617280
18953193
21478458
20443305
19103690
19506170
16010850
17634055
19779771
16054544
16342350
16149703
16320432
15746595
19667887
18459277
19017599
18930913
17577186
17584422
21693527
20335895
17191599
16303701
19850437
16352961
16646218
19920405
19289342
19140357
16848352
18693140
20443425
21526583
17937946
18065029
16741840
20067667
19255106
15902033
16260054
16236656
21140345
17335533
17017049
19024782
18462854
19291075
18573540
16393557
20099384
18693587
18364475
19232221
17324181
15960461
16055241
21534109
16686964
20616116
19216989
17877565
17344264
20823077
18982881
19750318
21124264
15831885
18548410
19014143
17181500
19041210
20449983
16541164
20222486
16268854
19901039
17303018
21695383
15802284
21150517
19287264
20799394
19164212
19307523
20177859
19295422
19247874
16916857
17348334
17599966
20191059
16301940
16233998
20014540
18698189
21646916
21500507
15584143
17895720
20337567
22029758
18070254
20113535
19159543
20113524
17467992
20540386
17376345
18006884
18577171
20940272
15534339
17923784
15984505
15899604
20056018
17327740
15884265
18041421
20473648
19536389
17588851
20063908
16464264
18561924
21334541
21577079
16135861
21178218
20492070
19897696
18252071
20847020
17152029
17254924
15603245
20526684
21046170
16422053
17402945
15656249
19826026
20003446
21726796
21069600
20158980
16442453
16198219
15644685
20636510
16438810
16857051
20551430
16332181
20483875
21119153
18657425
16210023
18830841
15515471
17579304
16423099
20802908
19704188
20008315
18372809
16186454
20871511
16150775
21301689
20005147
17492993
18489687
19698037
15748123
15948080
19198129
16466891
17387058
18757381
18194405
18335259
17412717
19482810
17326016
17433462
20561147
16254388
16192178
20533145
17986073
21877622
20146820
15693928
16546345
21894865
17998111
15527474
17118075
15624641
21608275
19941779
19066147
20562603
19403495
16494663
20423428
17351224
18849508
18186035
20736669
15777141
18022039
20037151
18574368
18037283
18025362
17120955
17551869
19288372
16739183
16775907
17057050
21294061
16106764
20851681
15565596
17013821
15610989
18227884
17381826
16051927
20566991
15913127
20042988
20731978
19259269
19103693
21661489
15636652
15985647
16796860
19181500
17855822
20560683
18648204
20008765
17893415
20860257
16740232
16292095
20542403
18595310
16700689
21224945
20552920
21194663
21483251
16989129
20367805
18822558
18724915
16839431
20159458
17972468
17726172
21598893
20529780
16822117
19185977
16456568
18459622
16681300
15635558
16215523
20690964
21623216
19143580
19947125
20099773
18504093
18410867
15974112
20695144
16351522
17956373
18201598
18322744
16327510
19813557
17268928
19193548
18996787
16238502
15640632
15692139
19048409
15999857
15532174
20123337
19936554
15744328
15659007
19186446
17320785
15759219
19919172
19708928
16843645
18422053
21647900
19786671
15959733
20185054
21402203
20443326
17727133
17512862
16439775
16879172
17325560
16083490
17352051
19939813
18437935
16024978
20194809
15955295
16649653
16053415
19922930
17472500
17340848
15793022
18371169
18318974
15715277
16594252
16108777
20427298
20063584
18538725
17083559
16500251
19029156
17925588
17623953
19363868
18775401
19671170
17083557
20137027
15779699
16104457
16703991
20019345
18206256
15794420
19476232
19648091
19720056
16704395
17266765
16021741
18581690
19609271
19008737
17011088
16796505
16193229
17457778
20204421
17919216
16430386
18453350
15571851
17822705
16990318
19721997
16173913
20602701
20185980
17685995
19896893
16843575
17088170
16160192
17901010
21776828
19370563
18605628
15778151
21078683
16515009
20553349
20516770
15890046
21393616
21337991
20234199
19656753
17456285
19590439
18038297
17035471
21215489
19492760
18574393
17042837
16034337
19024424
18038531
17092777
20541072
21692591
16316877
16756658
19750566
17074872
21130967
20642169
16406471
16554157
20501561
18356768
17196716
17933417
20853250
16492489
15528290
21178788
19282245
18181352
19268092
18709831
18322760
15566611
19714953
18203554
20947721
18344781
15513613
19050937
19667006
19017773
21480788
19395889
16838090
21539690
19595418
21655804
20391855
17524799
15557569
18080170
19674171
20809853
16119628
20082061
19785570
16008037
18234699
18033724
16604867
15552803
17380366
21592433
17215597
20946504
16371122
20584809
19665338
19388410
21877634
21315289
18258575
21877578
18158440
17945160
18724118
17453993
19151964
16850003
18653816
17497483
21296322
21243870
18503652
20483677
16529849
17203541
18449046
19042213
18982964
17939237
16025260
16351714
18678073
16836763
20503838
16035634
20517109
20077795
17890979
18514585
15848496
16604851
17954864
19900323
17541514
18953199
19630447
15903277
21301273
16281205
21812953
20639745
18080336
18444857
18819066
17359606
20618606
19341594
17310663
20044690
20557391
21684416
17061473
18982781
19771393
17720289
17845887
19116737
21610597
16435312
20064142
19072468
21267949
19779052
18775398
15565499
19428214
16301454
18296928
19171334
20147807
18379839
21350271
19437080
17169127
18724112
18773982
16625128
18203568
20581323
21601533
16294516
16374169
16128363
17504589
19263564
19751500
18548416
21504264
15837666
20058533
19018911
17879568
18806192
21277126
15554514
17077223
20555261
18439163
15907850
15920363
19397146
19427776
18845416
15618764
21209568
19256322
20560955
17847975
19181201
16916668
17346355
17662689
21740655
18663348
18368873
17624815
18700871
16932230
18821088
19945081
19589164
19303168
17323816
16282079
18684103
17187348
16250163
16945469
20095874
18613459
18784227
15772507
16215797
20354409
20868958
17326368
18694242
18202987
17987539
20525708
18786214
15921798
16779349
15931440
17375226
17059699
18985370
20890147
21723025
17139034
21207723
16721137
16482478
17914337
16879096
18975485
18449822
15732620
20099654
17955794
16930268
21810724
21130202
19325506
16351527
15942376
20178873
17242858
21439184
18044231
15924027
18666923
20868929
17001264
19363932
16633276
17137254
19395287
18414324
19539413
16529285
15999538
19402860
16024480
19155996
16287523
17855818
17936550
21486352
20441028
16005633
15686810
18088263
22005604
21670090
20166520
17960430
16331429
20637390
16039809
15974137
20815908
17298243
21854249
17177744
20142607
16179813
17580773
15712681
16289739
15911728
18588395
15576258
16708629
19580440
20349421
19496031
19738146
21094440
20510700
19534222
16356875
19348820
21227633
19782328
16699343
17885379
17665062
20405969
20973740
20841530
19323160
17804941
19165089
18812148
15519919
15846672
16200515
18644323
20541076
15757520
17454287
20813336
20813997
17002249
21513049
16557124
18429006
19957463
19090412
19788748
19400339
21061899
17689916
16273781
16637581
17929709
17102341
18370897
16827202
16418410
15971877
17722793
16644400
17363884
17828675
18805619
16926716
22053391
21894840
15910230
21476861
19255100
19720683
20617931
15834528
20158320
19351795
20500967
17316458
18430621
17982871
15589438
21272197
19657622
17693836
18279122
16500868
16276203
20650025
15961915
19739304
15892507
19501426
20358517
18999065
17069235
18641112
16814217
20377778
19896325
16299190
17380340
21409708
21435146
17412187
20842609
15653253
19996467
19583654
16026659
21809283
17108547
19777727
15865624
18454821
18829016
21487344
21747644
17898401
18360149
16448970
17494508
16651897
21325098
19075081
18772209
16462446
16236850
17407632
18776748
20538441
17394516
21301277
16443997
19264839
17828432
21838107
20102928
16551817
15729159
21199305
20305592
17727690
16438787
15590215
16222646
19761023
17151163
21162380
16756185
16981157
21104565
18328683
18301231
19631684
19116822
19005686
18190558
18489892
17060300
19387912
16330791
16512977
16911054
17550689
15688334
19969443
15980726
21788541
20654899
18032685
17828655
16521364
18313501
18661191
17361930
16627240
15732211
18363454
17401770
21682924
17027221
17488173
19726207
16489576
15835222
19538607
16891277
15608864
19543101
17317434
19491738
15860051
18204991
16315889
17333040
19373185
20925303
17457775
21242245
16483724
20529469
18715966
16034853
19132791
19363949
18316875
17874873
16008136
21173365
21462754
17063648
18955599
18559797
18361952
18193482
15943406
16138793
16316441
18570188
18260370
19390111
16677976
15590341
21072010
20684345
15798871
21724790
15576526
16770842
17329607
16099138
17219502
17169966
19665915
19560693
21820589
18019268
20806865
21224258
21796547
17845656
20000306
17584338
17235044
19826325
18664509
18372997
16376480
16158034
19130783
20433438
19493177
16997849
17996802
20090339
17201943
20370644
18416395
15944496
16509175
20662283
17193946
20950442
17987458
20439631
18286995
20920084
16036549
15797358
17727759
17385732
18444395
18977628
16181185
21243878
21536815
17224839
16028852
16239239
17365203
19067315
20044846
17660859
15795803
16174814
21047589
17099116
21214974
18533377
16838663
21126191
16220058
16159705
19348818
21340210
20639572
21317959
19022071
17853260
16671364
17899995
21040107
15905484
15720482
20422231
16313292
19186400
19634603
17170582
18219244
16425947
19543807
18725035
16006186
19407054
18202732
19216759
15543443
20357149
17348964
19855258
17184377
19500720
15665634
21266145
17252970
19360395
18421925
19525767
15933681
21193946
20965942
15584489
17461512
15569900
20049369
21642927
20713422
20884163
18551855
16835551
17467120
18989880
20669785
16023942
18844528
16533676
19100667
19473315
18560678
17477232
16687336
17598894
20392805
21353918
18789413
15782838
20801715
21418560
19653332
16234334
21916319
19174529
20196712
15680527
17650357
19627913
20658424
16867885
17353747
18656079
19645537
21632000
15794199
18664821
19832893
20875204
17122761
18497190
17522346
20531197
17703795
18257492
20551695
18595587
18804915
18715456
20031864
18237062
21383270
21785482
17071367
17651162
17405577
18653426
18937591
19597806
19577005
18849513
15782448
15674831
16543906
18839514
20963673
20505424
17042818
18211529
15919572
20103029
17705873
17929507
20081735
15798501
19253116
20002419
20691557
17253331
16304223
18082665
21325796
19176847
17883647
21664719
17608889
19118972
16495871
19167928
17469364
17917941
19382488
16458648
16517009
20153555
16192176
18032986
15626189
20081732
17019462
20354924
16086411
20890137
20427312
15744694
20050336
16951780
15526494
15917361
21246967
20601549
17898930
18652002
17996057
20833704
17998119
20843650
15625528
15633074
21654602
16013906
21427419
17963335
19392639
20669872
16776858
16825133
17504597
18411581
17484652
18429371
20636180
16503108
19104316
16295340
15754510
17898243
17469347
15616237
17977309
19925463
21770227
20659400
19688643
19372538
21612624
19146553
19228236
16548320
16470155
17700902
20440781
20137026
16922985
19457010
18558278
18286911
15620049
18573425
16003098
20636672
18073710
16476842
18672147
20142131
21787434
16594428
17087177
16175025
15537067
15683749
18165591
16504130
18411890
15856925
19844758
19738215
16212517
19204854
16084483
16200525
15883467
16122084
19963148
20661038
19101822
18282342
21866728
16982298
17238391
21596217
17215607
16403190
16039180
21661617
19395896
21781218
19517167
18515436
18789048
15802414
17397447
19534368
18838730
15703338
17414613
16178340
20736665
18588397
18182306
19124620
19017370
17060222
15671584
16844795
15875447
20458195
21999065
19014424
16965886
19944357
18831440
20222404
16020574
19305226
16546507
18520798
16286904
16970526
16543513
21972461
21218571
16555020
21051326
21570018
20353542
19391234
16336620
21476388
16606913
21404770
19648599
17825730
19247218
21443806
19366389
17636805
19258835
17194351
20302257
21751718
17897115
20592552
16544703
16188036
16034758
16688052
16470717
18562872
16301934
19839292
21893738
16708137
18044411
20227648
19942697
21469038
19051974
18023256
16010963
16698510
16459340
16426935
19811559
18662950
17184379
18754982
20922979
18051963
16622817
17427666
19388901
16955034
20980380
20663701
17437616
17883806
15805359
19839782
20337831
18070223
16868266
16323619
16720000
17116184
16085466
18450675
18590978
21478782
15624349
18196291
20663934
18570598
17873665
19345629
20739577
16878516
17064413
16376137
16537855
21548505
18196842
15644541
19454193
17259199
21359504
15948048
17879820
19112086
20796072
18295458
16981981
15639045
16447241
21448042
20699739
18087985
21980630
17906083
17828004
19266356
15718187
20351861
21445554
21795301
15898701
20018543
18245212
16439321
17332210
15558987
15727546
18802717
19244562
16542812
19177916
18195192
16200695
19752680
20473643
16405207
18849744
15776991
16517778
15722963
20921487
17344254
17985960
20642088
16425812
19062470
17985748
16153378
16618235
15919008
19285177
20088318
15600222
21788005
20665409
17188939
16783255
17448401
15759161
15850019
19886328
15962433
20017115
18321445
19509598
20807992
15656846
19535558
19273874
19194128
19378396
20699313
18609240
19690306
18655507
16521895
17633908
17667253
18193623
19386879
19765123
15946117
15902758
21862812
17108594
16623314
16340622
17261454
17164685
16604910
18796337
15549004
21649843
17259566
18164249
17633340
19155613
19845717
15784065
21144199
16608671
18004627
16841659
18725833
18431302
15707095
20197226
16014173
19805708
16159977
17855821
19754941
20529186
19917175
17100224
17230545
17851299
20031168
20043216
15684841
17701384
16298088
19690816
21068548
19128648
17117446
19703037
21966769
18725355
16983457
19490552
16794104
21246451
15625798
17524863
15828597
16579827
17901828
17664534
17319382
19430929
17065869
19395649
17270044
20364762
20722815
21702204
17244291
17967975
20336354
17931328
18717767
17460308
18349768
19395709
20432883
17764556
18946745
19125119
20144180
19913187
20056005
20925290
16015516
19018550
20384527
17610734
20821958
16557117
21253839
20889634
18589314
19632550
18928465
17409214
19086282
17147081
17515265
19959048
17158381
20108146
18211656
18058184
21761957
16495324
20428391
17066970
19839214
15993257
16967393
17361585
17605056
16551208
19689699
16572536
16996124
19817520
16997055
15662171
19061024
20532923
18343252
20124890
20665341
18644481
16202839
17131302
15801998
21531963
16781241
21039231
21489721
17551855
19579398
18399021
18158292
15886176
21079908
17984641
20377400
18577170
16173895
20515883
17434737
20381155
17907011
15774399
19585177
21368489
21683491
20558366
17216974
17635299
19813296
15700873
21725239
17366250
16479681
20806671
17410748
16901253
18202927
21494694
19573777
18856018
19642759
19227019
18337183
19242328
16944378
18796016
20011751
18157958
15544701
20804928
17719344
17715168
21591378
16448964
21336136
18814735
19148824
17054752
19297119
19070470
17301210
15566435
16276205
21106084
17123215
21430524
16729477
21135081
18425027
21382252
18298686
17556918
17022797
15602166
16052926
16302552
17413782
18825567
18240985
21521566
20438384
20122509
18036470
15636657
21057144
15552511
17619235
21226784
16524967
16944683
20826840
19339450
19947784
17473981
18720676
17200477
19507755
21255708
18580428
20884700
18517102
17364420
17472517
20210824
17601180
21465894
18702421
16505421
19835535
21093369
21156893
18208614
20935008
18751608
18375783
18973640
16263865
20921889
17516905
21382078
19398823
17349500
16192811
18247177
19837351
16052127
18024715
21693715
16303228
20869652
18985081
16114760
20833706
19717753
20081725
18280584
16879092
21317630
18768410
16511612
17691478
17640844
16101852
19901672
21344984
20406498
16646728
17400033
17999294
16267145
19112628
16128659
16710764
16096150
15576756
16161707
17933804
19529045
17903162
17638030
19609094
19888021
16324951
15750527
17348381
18309941
17645195
15562345
21707473
19683253
18302874
20827062
18391673
18670837
18392637
15923985
18825367
18546072
20066693
16641821
20390659
16270404
18426460
20004439
19749653
20870663
19473739
20546463
20873902
18547298
20448233
16295518
15542872
16386668
19025084
20837681
16282819
21282676
21714409
17977500
21414701
16945884
19823963
17547270
19021492
18321460
17167364
17492407
16954004
20879014
20838362
17132416
21708003
16545033
19374965
16199445
18777789
21090991
21269668
21033236
18591173
18299361
19497746
18438134
18619086
18827642
18377576
16427965
20101546
21315215
16493324
18519997
20482461
16672069
20578075
15934264
17265411
20675361
20216073
15820427
21382202
15643827
18216632
19057466
19444721
21591406
18403816
16355916
17594405
21834431
21385531
16450511
15803325
18809119
18510762
15632894
21067891
18990040
17385042
18176135
16148249
18350755
18431881
18264188
17559659
20211953
16448450
21417558
15939515
15802000
16263639
17086298
17511206
16210466
16823646
21675891
21091020
15804337
16669589
21046383
15751628
19808471
17601846
21338292
19680792
17760529
16525230
20825823
21457695
19342260
21413898
17206082
17490922
17604173
18441971
17240282
20069308
21884356
21255542
17491169
18373108
19120741
17388770
19718995
16107598
15819834
17697095
19577704
19591659
21356566
20562249
18707598
18614452
21841115
18378825
20841513
17828836
16027580
18941323
19152989
15602303
18597187
17604553
21217609
16948420
17324093
16980791
21182440
18579340
18972100
16470251
17557028
18386455
21684388
16171054
20419324
21552127
17868410
19437914
18083170
17960683
16135878
20935237
21394017
17588280
19744192
16604908
17985983
17315298
19101921
17563046
18378147
18295102
19449711
17976352
17203451
20013760
16379510
16834578
16249136
17874323
21442324
17518906
15799505
20858885
18510832
21416409
20541074
19642146
18243580
15882364
21343431
15612340
17683303
20562562
18448714
19008269
17074942
18402680
17418677
17095336
16808144
19955388
17057561
21053708
16794557
20555239
21411257
16796234
17515018
19635277
16803806
21624536
20016955
21178540
20174934
15856171
18588727
18343000
21495237
21281293
18172797
16021067
19892820
17291340
15718326
17545348
16224112
19967948
18521045
18512409
17610158
17559731
17937656
19956979
17192174
18188161
16708669
16968424
18377579
18546568
20305444
16953999
20975552
15557354
18026029
16114647
16889162
15973840
16861719
21263279
20586892
17478645
16043552
15715075
15558973
21789291
18591305
19422112
21156351
19281088
19154852
17032196
21121802
19700779
20188623
16426516
19175188
16227511
18355227
18459592
16164509
16983851
20117001
19962845
19963385
19856149
17667488
21240103
20201665
18490663
19283634
19383069
16491935
18427612
17141350
17638798
17315408
15904552
17000345
17459139
15837453
16733656
20419982
18041968
16522503
17283959
17187718
16969616
16631670
16422732
20525777
17516350
21193785
16630899
15690831
17396240
20464884
20535908
19290975
18414179
20081635
18224504
20442352
18713160
19068581
19682775
16754772
16387415
20172393
16250390
20010234
17283706
17925041
18833884
21555746
18296844
19117827
19936994
17441822
17160733
20712866
17279204
19056206
17170671
19430246
17641078
20822037
16671414
20508682
16623375
16531947
20230391
16759068
21131265
18299494
18365567
21319577
16907982
21803279
15731976
18712258
20147798
20093280
19484840
16649640
21684463
21730988
20537837
20335136
21192167
20131582
15638354
19797185
20485702
20180156
16474244
18574369
18160864
21718624
18269441
21879680
20570080
19268165
19933067
19365991
15809816
18160993
21430036
20152055
16617637
17659422
15846195
19957348
16583529
21449225
19101219
19824261
17974595
20583104
16050226
16752414
19538566
21317786
19662791
16516552
18412586
17304428
19239676
17201722
15569811
17663793
17880661
20064056
17934058
16986584
16696861
17099465
17413676
21083894
21664135
16996187
17205276
18337271
21034238
16563626
21473513
16466059
18847170
20171307
21941706
19906525
20030843
18709840
16138633
21675662
20507043
21906397
19843273
19293284
17671802
20674846
15789678
21424304
21121113
17384356
18931273
16110227
18360221
17174511
20737232
18715245
15635886
17906310
17562661
16101202
17427368
21191167
16492923
18245419
15782876
20108142
21206273
16783865
21431387
18459697
17305269
16170429
19624268
19933540
18614447
17671005
21214399
15550360
16027505
16061444
18261155
19492212
15745282
16411006
17627742
18641520
21504259
16777478
20574104
19420279
18198804
18375677
21735668
19705315
17549616
19245645
17470037
18341751
17057640
18096585
19765427
19584211
17598687
18414266
21525806
15807929
22053656
19124977
19146205
16055493
17312408
16018272
17262843
21241205
21450207
21554289
20090663
16598326
20158127
15789386
15904503
19517890
21404158
19020265
21636870
20122028
17826070
19016363
16850152
21488327
16689110
21127090
15640264
16713763
16945784
17197058
16905437
18026054
20079761
20450999
19184061
17414277
17300133
20602138
15941483
20831106
19560303
16124694
21409996
21166869
20446410
16967108
17312040
16978417
17987541
16650591
20503672
18362259
21336134
16435530
17470720
19682124
17250941
17727738
21095276
21473669
19250026
18211559
20738855
19317191
21694729
16960535
18365772
18445861
17666224
21102295
17260846
21242800
16529595
18330192
19754633
19187877
19341545
16162637
20089197
17479356
18307851
19207369
18555001
20605087
16769550
20183681
18400529
18300320
18156955
16279895
19119730
15992240
19463672
16870972
19034836
15997043
20404623
21367389
20536954
18219695
21532043
15718186
18447987
18020847
18157360
17071299
20626482
16571840
17626523
21123237
18555158
16247636
16489972
20084872
16128424
21285463
19999602
19623042
19253701
20644491
20638690
19506434
19740063
20873399
19804482
18558907
16033446
20890142
17005817
17025000
16863896
16381161
15797852
18665069
16635222
17686390
16341117
20173475
19318678
18164933
21112455
19823093
16028434
16905489
15774332
17992508
19856089
18387880
21121815
16930787
19731990
20063282
20235774
21103848
18051488
16379462
17884363
20614429
20351917
16076318
16011908
18091633
16106155
18779186
15629875
20453825
20526901
16040376
21143428
18000242
21060101
18290408
15942397
15750050
19146069
20085970
18477723
18161229
19768806
15737858
17356436
16756518
20064813
16483091
19731892
15640659
18353493
21239422
16805192
17000942
18090775
20146022
20602280
19660639
20739151
21659317
17007885
17137943
21490536
18512144
19123072
17473543
18981549
18267995
17388763
19153322
16170510
19998333
19288473
19734191
21223414
15686076
17287374
19606731
19708805
18815509
16466119
16728385
19101804
16479655
17500503
21207772
21436708
18394032
17014467
21268385
18563023
15833464
18314388
19819095
21382214
15537585
20393753
18642621
17608050
20970632
20047627
19268327
19741432
16278959
19639922
18655669
17455140
17343534
19576714
19293173
16641651
19995466
18549063
18936325
17679583
16529591
16624226
17950964
17113281
21941812
17445329
16263537
16221314
17606335
16318672
17367892
17116781
19354085
16769120
17139036
21092429
15684211
21398153
20549166
17907348
21174173
19286877
16097256
21121234
17549829
16951021
18394871
17500344
17249281
