16750682
16740565
16738502
16719746
15779616
16784919
16776955
16775907
16769529
16758516
16757089
16826863
16822995
16818577
16818563
16799364
16799361
16798756
16696140
16893468
16882102
16878036
16876234
16874642
16871911
16871057
16866839
16866692
16860192
16951838
16950056
16948883
16941128
16927733
16923433
16923092
16921324
16910804
16906322
16901699
16897270
17054862
17043003
17029679
17019558
17006392
17005817
17003545
17001116
16998363
16990736
16988283
16968119
16617893
17145224
17133180
17128680
17120922
17120921
17116010
17092375
17086298
17084329
17083749
17080004
17080000
17075658
17075010
17067375
17057925
16585353
16585352
16585351
17251883
17240282
17219527
17218558
17213999
17208120
17207305
17206166
17205003
17200477
17196847
17192174
17184372
17178074
17167953
17167709
17164455
17149085
16092303
16045097
16021265
15999958
15962493
15959758
15909169
15865270
15859106
15848454
15818096
15782836
15776344
15756888
15749321
15745282
15718939
15710799
15707103
15644675
15644652
15579355
15574646
15563663
15516535
19433945
19403574
19383956
19383955
19011318
18989880
18989556
18984906
18843068
18839050
18816581
18773982
18761850
18761842
18729815
18725848
18725035
18716737
18716050
18715968
18713160
18701973
18686836
18667875
18667874
18667872
18667869
18667868
18667867
18664802
18618606
18562862
18562861
18519933
18469615
18382186
18353493
18326127
17488520
17488415
17485577
17485242
17484705
17475606
17453071
17452926
17448916
17446738
17442619
17440423
17437656
17435390
17425236
17421106
17421094
17414731
17414613
17414333
17414079
17402601
17386230
17378934
17376562
17374279
17357358
17352796
17352662
17345760
17326021
17326020
17326019
17326016
17323334
17323333
17318499
17316458
17304428
17302659
17299466
17290085
17286217
17274042
17270062
17266006
17258670
17258046
17255863
17253909
16585328
16550938
16544556
16531954
16515426
16508492
16476221
16471099
16411359
16356261
16354863
16343687
16342351
16340693
16334076
16331429
16298284
16277706
16235483
16186879
16185526
16179855
16172843
16158150
16153206
16148829
16111072
16094039
16085952
15948354
21248525
21178540
21178537
20501561
20501560
19742352
19714765
19682011
19674428
19664525
19634381
19592208
19573957
19567898
19559216
19525762
19506274
19452487
19406528
19329723
19307806
19291075
19265607
19238355
19231935
19186027
20351861
19061471
18090383
18071076
18068061
18068053
18046336
18041421
18039381
18039254
18037096
18031195
18029830
18020062
18005428
17992507
17992299
17985969
17971308
17968197
17967975
17962879
17962875
17953334
17953173
17943272
17938785
17924888
17913777
17913771
17901842
17878013
17875542
17874183
17850563
17850043
17823734
17785643
17768578
17724291
17713113
17698503
17694419
17693836
17685208
17681832
17666306
17664534
17660736
17657926
17646128
17639097
17634420
17628839
17624201
17610440
17609227
17596003
17592423
17591134
17581485
17572603
17568328
17564687
17564279
17562738
17562661
17550750
17543654
17536991
17536983
17536978
17534900
17524866
17524720
17522534
16469132
16373032
16352973
16352972
21693742
21692724
21654227
20961272
20959728
20959587
20955135
20943293
20935603
20889509
20858372
20858315
20855994
20849009
20843961
20819267
20798620
20707264
20662948
20619599
20617280
20605991
20604649
20579125
20578468
20563398
20547077
20485212
20463086
20462746
20457682
20442008
20440621
20370758
20360220
20335587
20329679
20217119
20201656
20143222
20129215
20122607
19116393
20351948
19114915
19111783
19091089
19085957
19084483
19081413
19077648
19064524
19064035
19061509
19050194
19049697
19049478
19041225
19039213
19025590
19023352
19018126
19017605
19017604
19017603
19017602
19017601
19017600
19017599
19017598
19017597
18974237
21348972
18952359
18951660
18849015
18829202
18516462
18794716
18788957
18787440
18774001
18769983
18766093
18725038
18722940
18710162
18709238
18693400
18684367
18682142
18667870
18664778
18662261
18656195
18652942
18641112
18623172
18617475
18601834
18584502
18578452
18578442
18574978
18573675
18570807
18552687
18545760
18544719
18544718
18541752
18539768
18534284
18519926
18516750
18515809
18508820
18504549
18504063
18503036
18494393
18494246
18487755
18487210
18480204
18471674
18446319
18436289
18431892
18427782
18394871
18386110
18385977
18385264
18381184
18379261
18379239
18379234
18379226
18365169
18362259
18348307
18341455
18329460
18326130
18323736
18319292
18312751
18312617
18304356
18290898
18290880
18285590
18284691
18273872
18272735
18249332
18234365
18219238
18211524
18209667
18190569
18178411
18166728
18157583
16260139
21848358
21820221
21803534
21757045
21610345
21605323
21587063
21576612
21572855
21541772
21526689
21470031
21433215
21419522
21414009
21404886
21330339
21317786
21314868
21257655
21248530
21242800
21242422
21238893
21218737
21207167
21199129
21194757
21178553
21178547
21166869
21166109
21152823
21145470
21132553
21117327
21108014
21099425
21075262
21068107
21050708
21041782
21036534
20605087
20581323
20578919
20576446
20549184
20529039
20517727
20517725
20516417
20499790
20482816
20439590
20436064
20428727
20428601
20404284
20398426
20393365
20364558
20363840
20307368
20237006
20227811
20221748
20213720
20207619
20196712
20178667
20173056
20132571
20121954
20119741
20093713
20075558
20074907
20068485
20065195
20065194
20058533
20050336
20047786
20044156
20043565
20040087
20034367
20031893
20031892
20031870
20031841
20029341
20023466
20022198
20019069
20004550
19963352
19961630
19961629
19961626
19959844
19944369
19937614
19927625
19914795
19914032
19873868
19865014
19846579
19836195
19833331
19827377
19821262
19812099
19795164
19789451
19782928
19775850
19775042
19774078
19770744
19768288
19761173
19750318
19741445
19736189
19734514
19715830
19712030
19707139
19699884
19687374
19685038
19674427
19671170
19671136
19657219
19623843
19623042
19606235
19577415
19560760
19536006
19531946
19488602
19477885
19476865
19419271
19404580
19400489
19390178
19386366
19366775
19364635
19353313
19345442
19339264
19336709
19325480
19322941
19307523
19297447
19287112
19286676
19278889
19276758
19268287
19237903
19237100
19234008
19231928
19221321
19220521
19196586
19179837
19171805
19169342
22071936
22071916
22066336
22002648
21995256
21991703
21985048
21941813
21938975
21876016
21876014
21863584
21853848
21825936
21817972
21817968
21786526
21771371
21770881
21764557
21745651
21741566
21739823
21725218
21704974
21696320
21683625
21652175
21644886
21632590
21617585
21615911
21586185
21576622
21576609
21556848
21545985
21532758
21524205
21483387
21478775
21478588
21477429
21467081
21436595
21418560
21418095
21411218
21410372
21383568
21382202
21377423
21356566
21340210
21306645
21304154
21282695
21282694
21282503
21277030
21272380
21269458
21265918
21261976
21251331
21244671
21242123
21239954
21232123
21221958
21220533
21211010
21186206
21175315
21167110
21150582
21150517
21127449
21126335
21116947
21116945
21073845
21057316
21056869
21038702
21036522
21035300
20978451
20975553
20975552
20966661
20959735
20959579
20959564
20939228
20935561
20931513
20925008
20920077
20888787
20838131
20817591
20802323
20799934
20715735
20714151
20711069
20699731
20690914
20686431
20658124
20624923
20345503
19706163
19645537
18392384
18392313
17883635
17636805
17417099
17379228
17263098
17111757
16688065
16651317
16651296
16647889
16639736
16636733
16636732
16632069
16631716
16617636
16612299
16582971
16582803
16540951
16536768
16532220
16521254
16515712
16515430
16515429
16507152
16506641
16505667
16469149
16466277
16454393
16450742
16442599
16434113
16360567
16356225
16352966
16352961
16352959
16342343
16342012
16308136
16304250
16272977
16261779
16258096
16242452
16236952
16213693
16176315
16173006
16151722
16148810
16132895
16132893
16132892
16128653
16125480
16107598
16103283
16092319
16077053
16049209
16045660
16038163
16018429
15995713
15985441
15970780
15942343
15935099
15923212
15912385
15912052
15894777
15894761
15891316
15876255
15867182
15866018
15862985
15855951
15837777
15831194
15821560
15782316
15767217
15766475
15761334
15730598
15713860
15707102
15687312
15650863
15647985
15644644
15640647
15640632
15636652
15629982
15622523
15621478
15608940
15608895
15608864
15567551
15556262
15554540
17707710
18248404
17254823
16225507
19808192
20307439
17053819
18644511
16056112
21459871
16477819
18684407
17007650
16526147
17828010
16503005
20533572
17547282
20694761
18849894
17325834
19203678
19581110
19048642
19837259
18687120
16468256
21298940
19891397
17087679
18164114
18089545
17177041
16819564
16102767
19773503
15986722
16143267
16306755
16602515
21668722
15946437
16671980
18045368
17611213
15931043
21043321
21321466
19244697
18619794
21486128
20382963
20965943
22203544
17505563
17139889
21211599
17057639
18519312
21242453
17093033
17547027
16620251
16869335
16817331
18289142
17059028
16937758
21121844
20450324
21744630
18785885
15664089
17316936
19906059
16288093
17506899
17621450
19644900
21772000
16413839
18156920
21057971
19379538
20598385
16219112
16677715
21527171
18223158
18714744
18164451
19811630
17650090
19618578
18694981
17727609
19750861
20632014
19189153
21333588
16854567
16270668
18480675
15715179
16393557
17152915
20137030
17314586
18341594
18664806
21140624
16411347
19081704
16224626
18242323
20447510
18340076
20510700
18363454
17061659
20088177
16161382
20826494
17650971
19427757
17639837
15778173
17719850
16983900
19306604
18692813
18460201
17068029
16473357
18301112
17140420
19785821
18787451
17945010
16145182
20083934
16481838
17564102
16323132
20578470
18520461
20558650
16837403
20008424
21526714
16162578
19573958
16351539
19360982
19402366
18853535
15559624
17958056
21070646
15767953
21233663
18797726
16376739
20541077
17244297
17989265
17558578
17953235
16164503
17604967
21071501
16122885
17386358
21554021
15521853
16889318
16845764
19338115
19621441
20879903
20430562
17591806
17942458
18983365
16218548
16389010
21359258
19329101
21535275
20146000
16424717
17942499
20170325
17727770
15752893
18785884
15592814
19350214
18666885
15965996
15684906
16047500
17099466
21442334
15895548
19383069
16045423
20926743
19318833
19666950
15684026
15602164
16969724
15620384
19294747
16511579
21771129
19663714
17714579
21268517
18624019
20541354
18493712
20597748
20149956
20170596
15819525
21437745
21262084
20157884
16846539
16198219
15801387
17434280
19752639
18448710
19588512
17059490
18547298
16176116
20690492
17726172
21348217
17091073
17973622
16318967
19571322
20084316
17136936
17118052
19820225
16350596
17826070
18070788
18307701
20225102
18483818
21532081
21736075
20169818
16914106
21954793
21727290
20216073
19880319
20719811
16817296
20824070
16215395
19379889
21565652
19815903
20843425
20069940
20222635
16877190
20331486
16035412
18460066
18500138
18182469
19495810
19383048
19441600
19228509
19640011
21140874
21382216
16358969
16728290
20005484
15785914
16970526
20675981
19235252
16009066
17958467
19112277
16502131
20860257
17545348
19892293
20615181
15525848
17016987
16261715
20411481
16340403
20669596
17083319
18949763
16425756
19567753
20861288
18719058
21139020
16624316
16310436
15686094
17803419
16493304
16771956
19453658
16489707
20880819
15534306
18538214
17935835
17102396
15789292
21586993
21051257
19723325
18587082
20565016
19517050
19425342
19765116
16148468
15785178
17476076
21807826
16304302
18333555
16683641
19552182
20598493
17917945
16240973
17010034
16471166
18985882
18606290
17400084
17593643
18580201
18545132
18441273
16551315
17693048
21111952
17115458
17727551
16643265
21787110
18340990
16130927
17143814
18595993
15537585
17394939
16918787
17617090
17007309
17342824
21302596
19735394
17593305
17711144
17219935
20486500
17504589
16817494
21388098
16043009
15920357
18608368
19380086
16384746
19375521
17382210
21459270
18469617
15625220
15737508
17591343
15797150
21717635
17516352
18380372
17462137
21417056
17620921
16534034
17272792
15690215
19154311
17433183
19910727
21598809
19378218
18761294
19523058
17873711
21072010
17918074
16114732
21723025
19064226
16915611
19037137
15598067
19383062
16263854
17760529
19157813
15993257
16312204
21707004
20948485
20711651
15684845
17368290
17544250
18365349
16887247
15964445
20557260
21189516
15717902
17823567
18355593
17311239
15998164
16965886
19694105
16449883
19519752
20180665
16902075
19901854
20218274
16342648
15537856
19160356
21075729
15798508
21136237
15722806
20938894
17317576
17682743
20950073
17970459
18797222
19446716
17568491
17443553
21459254
16186451
21636927
18690788
18819691
20399491
16313377
16484923
21612477
20495584
17210503
16475463
18807041
20799388
19473315
15846592
16983965
17116841
17404896
16675776
17761230
15646515
21384467
20509723
15669577
18791862
18625761
17929507
18164466
16696818
15673348
21306060
18411816
20709554
19225908
16670509
19479548
17579302
20177166
19474588
16594284
21288311
16050628
19531558
19685099
18085911
19338524
21139016
19902646
17717285
15970016
16425903
17340848
18789018
16620945
15630930
17486722
18769845
17721844
19081417
19516910
18490685
17359562
15759524
16035678
17577177
16026188
18270498
15746595
16436857
20375299
20594791
18260038
20878830
21784286
18460077
16843468
20722810
16534044
21910386
17689250
18554911
20386504
17351690
21882986
19682828
21468485
17664443
21138697
20543369
19852799
21910307
16870387
15660041
16739441
20057330
21381579
15743647
20443072
19239525
17786522
17483680
20438384
20558978
19771995
20550639
20350619
19317164
17936640
20102555
16023901
19324241
21572061
18165378
16014211
17328662
18373314
15533098
17485266
17955732
21776834
18442305
16122538
19128314
18608068
20671564
21446971
18180658
20946564
15847905
16289739
16544715
17353757
18248947
17601846
17380340
19095860
17427985
20158128
19170377
17063105
21113075
16956743
15997975
18514824
17678940
18360139
16403991
19173940
22030513
21853069
21350870
16281977
20397542
18655863
21349449
16512049
19289216
16325408
20873397
21087474
17125050
19130684
19645200
17462801
15900432
16885652
17478471
16706810
19150201
20009750
18829417
20879014
21601533
16029976
18702651
15619178
22049812
15567217
21469291
17490918
19862696
20485287
19349935
19468037
15792746
16469276
16969245
18271769
15892423
18399369
16124075
21280285
16759755
18850764
19205473
17342850
17991928
21646564
18834055
16464275
15642500
20636152
16021802
15921005
17063404
16776847
18335829
16385863
18577762
21890093
18688058
20381916
18000317
20085175
16305854
16312256
17332173
17456121
15913471
21862193
16333558
19357603
17518890
18813775
17899990
15997045
20868958
19657497
19249411
16339250
20888647
18638330
16178342
19787525
17439590
17323873
17400518
16681123
16562640
20123819
21894868
19827968
16871053
20356794
20620810
21371155
20388863
21272958
21039750
19220917
15565363
17187617
17448662
21094792
16966913
21389942
20104453
17299901
19920746
19702979
15664106
18419892
20416240
15994981
16261786
20980846
19830610
21247367
20158544
19851239
16634446
19396710
21592027
20234993
19248431
17351195
19661195
16111880
16440106
18499460
21495431
21510891
17580003
15554356
20392641
19091725
19581196
20230391
18982364
18552084
15735199
17445329
18670199
17975462
19811195
16423118
18552111
21495197
15946171
16844888
18039447
15600231
18488575
21402458
21659483
19843492
19445343
21063675
16141458
21888007
18931903
15714072
18799004
20210865
20361444
21572328
18694471
19549993
17581244
15925287
15793025
18647977
15732622
15871373
15741003
16698344
15899604
21456398
17601183
21474201
20920232
18271288
16162490
19497746
20831287
20436060
15960558
21404158
15603634
21477457
18399392
21542189
17472829
16925002
17037115
21144403
19335479
15871827
17903718
18977994
20001195
17115513
17905061
15951582
19656110
19943991
20006644
18193482
19892678
19539106
15686323
19343591
18551885
19845193
18548410
16334774
16550800
16855039
18074490
17365159
21388102
17540553
19405300
17578060
17954440
16627372
17224822
17130096
21877622
18488881
19906503
16928282
15966629
19617356
18813142
17249472
21815794
19413197
16122361
16878675
21638822
16259344
21678368
19112812
16760680
19283563
19004172
18226542
20158126
19671620
19292655
18792734
21424296
15968801
16441388
15997043
19441657
16506932
21434742
19436695
18831477
20051847
17545823
21644295
17089490
15871873
16874640
17973700
19370563
18356346
16200514
20337725
15570771
17355362
15777026
20675362
17034396
19457893
18435244
20013757
17617637
20639709
16282334
20594340
21526526
20390615
16253113
17438472
16594881
18989681
21070702
19879711
15714716
16358084
16823650
17356933
16213234
17990283
20202779
16629579
16842475
20873675
17394636
17298244
18840859
15609257
19883486
15746587
19748641
17464706
20884161
17094873
21355762
19541101
17253146
20127602
17601474
22010523
19094876
16396413
17539557
16470251
15785991
17564548
19637769
16076796
16829776
15971555
15947898
20387332
15918435
17563426
20568379
17888990
18171493
19749658
20482425
15690831
18075965
16005631
20508682
19845963
19807240
18362008
17194351
17909433
16789983
18622591
21719000
18997550
20838335
17024614
21595906
15853090
19668280
22030634
16441401
17379353
15750507
19573123
16808724
17091657
17236322
20720084
15582830
18811573
17849678
21206250
19525085
19502224
20362792
18953729
18510965
20517975
16197319
15752835
19730813
20804224
20571224
16227665
16353320
20870181
18513526
16866824
20490794
16206915
19827576
16167658
19740063
16446335
17313915
15617401
16227770
17684165
21167086
21078001
18316450
16352775
15618086
17704874
19276318
17049797
19117219
19917650
19022071
18048503
20357661
21406572
20205481
17479528
18053289
20369441
21544044
18243580
15691442
16623314
15898822
18955608
15765642
16507503
21542914
16879793
19665915
16258402
17582866
18663540
16974168
21242390
15951523
18839886
16266421
20444063
18496893
20409059
21545663
20514712
21141161
18701322
19549623
20078013
16060300
15845958
18522667
18302851
19646191
19306632
18004617
18389838
19003799
16183359
21574247
17555150
20648099
20338980
15946460
16788840
19581180
19345912
17182525
21464103
15624706
17685829
16856286
21425070
16174925
16341623
17639635
17133898
17400078
18773330
21515894
18577171
20218471
18773583
17459139
17182454
18641591
20393971
15727355
19144283
18489446
18799469
19197815
17090996
19967659
21911633
19847381
17089175
16296417
19141403
15566559
15916987
19462185
18817024
18703445
16423111
16972162
17522829
19232221
21087817
20091628
17330996
18000269
20346523
17515785
18548416
18250266
18302211
15514170
20579137
19772247
20690890
17137277
20224058
18164350
16923100
17459386
16610298
21528081
16137269
15605747
16777833
19826341
18705120
19916360
20452243
15913679
15557918
16104457
16957462
19579843
16084475
15835081
20684398
19644008
16450665
17598627
16095803
16381100
15654612
19088351
16294947
21109782
16114745
16492098
21441308
16938672
15805447
19216759
20716389
17462984
18711895
16677192
18802808
18848753
19032711
21302595
15999352
19300289
18304246
18222219
19537534
15890509
17207278
21243878
18209669
20697132
17149529
18216608
21566469
19194128
17954441
21486724
19073784
18312785
20664547
16286324
20526867
21234856
16336025
19823898
17727589
18720108
18427778
16326783
17873255
18379664
17274424
21744722
18160864
20694757
19056319
20142607
18551890
17478415
20496298
16101651
21059173
20510842
17356442
16215498
22040852
15869232
17233863
17256708
21642732
17228785
17702101
18270931
21198244
18321620
19105559
16238512
20543720
20661211
16427762
21743269
19067298
19953866
17336868
16648349
20659270
21922698
16781986
19148818
20525649
20032766
15853073
19449270
15918453
16443154
21464063
21519300
21314756
15630062
16838676
15911198
17219504
19177431
20368654
18629507
20597710
18708533
16869921
18414329
16876004
20173631
16150875
20211957
21473342
16195096
21692258
18757586
16702081
16128430
19565108
19389245
15776072
21625663
17238307
20391688
19879093
15990739
20092512
19438100
20406550
21169251
21539746
19845200
16720485
18315585
16441541
20673244
19264074
21355831
15728953
17901010
16630335
20309740
21813026
16899002
20862625
19563356
20127059
17852241
20598831
16441395
15609848
21128694
19117976
18387147
16720484
20122474
17171750
18694194
20617291
17105743
21957801
16418410
17925041
21273251
20682509
16083530
21576613
17931538
18817698
19925743
21138894
15895550
21322451
17850396
20823348
20665353
17405807
16921728
16825242
17617757
21576544
19653047
20925288
19698140
19921996
15854176
17803414
20887904
18359378
21725416
19249189
18725833
16511612
17171770
20424256
19939813
19273779
18216414
19120855
19960128
19525764
20801997
18798531
16609081
20843882
18445850
16043087
19933044
18477393
21476315
17003144
15575521
17010557
19184062
15755538
17695557
21218739
15685816
20175316
18358116
18724601
21796547
17242314
18773215
19194456
15903277
17897147
21224945
17385735
18839514
17508236
20800415
18549066
19899286
15791785
20970062
20009280
20408275
21099645
17500283
19685532
16814955
19209533
19793865
16440711
15868029
15665264
15852699
16170545
20222964
20541832
15942366
16435158
18612739
18927962
19201172
20595211
19583860
18332510
20207927
19065434
17689462
20871510
16266638
18182541
17931319
21618552
18545069
19948517
15833226
21651653
17102156
15544580
17506162
19225067
16306294
20816339
15544016
16450230
18656276
16198571
19108047
19227631
18063543
21398370
18566078
20509805
17029628
17158184
16634710
19448358
16483096
21317095
20526901
15766339
19265731
19356323
19327069
18338341
18384920
20004798
17935257
16925375
19216482
16001753
19747200
21032961
21068614
21715558
19559565
16222396
19099570
18445861
16671364
17060268
16182124
18720891
18057810
18840287
20507046
17481458
21147658
17850665
17491357
18942567
21051389
20102267
18564295
17257601
16418145
18157449
17878216
21748998
17575756
19592271
21169745
17079999
19719464
21667812
17404677
16368096
18055892
20522880
16125030
20050447
19789389
17341248
20922542
18038524
18157484
15763309
20053542
16498926
17235044
18464443
17418125
16468082
18315829
17356093
18690005
16704400
18710374
16824222
17601465
18394512
16032567
20305532
15971736
15574526
17168043
21591329
17238944
20804882
20060970
21107063
18504095
15884501
19042482
17510850
21404720
17467992
21268519
16153300
16479362
20559160
19835287
16541720
15987336
20971519
18941437
18827080
18191669
16962910
16846779
21441151
15853785
17883985
19012060
21343431
16859867
17360150
18982989
17907550
18084967
20502146
17661968
19107835
20485702
20654897
17558067
15523255
19188529
18038104
19913928
16860261
17094366
15793019
19823972
17763706
17505366
20921888
19944324
16244534
19153394
17565096
20453701
16879183
16022238
19704212
15573675
21595608
20438281
16371760
15727086
15754925
18318852
19440928
15566443
19363751
16639203
20688252
19350695
19694337
16816766
21557102
20056018
19259858
16403225
17387076
17658419
22049806
16518951
15727546
16914938
18978694
18343866
16430346
15803333
17022914
19639848
19501034
17828655
18463838
17525086
20514909
16586027
17542030
19786421
19254403
19073518
20338377
19793947
17122715
17629751
18462407
17419799
16372599
20110605
19740145
19182274
16041448
17116539
18085602
17366949
18345997
19536426
18849089
20408762
20481417
17430444
16143440
18321394
18197941
17088920
18196387
19415965
20064142
16621145
16174817
19288372
19281289
19896029
19707978
18657425
18181357
16024147
17901189
19120733
20935215
19368569
17569459
17363884
19437250
17332807
19435160
19000601
18585838
16335335
17262860
21108960
19243591
19115998
15970116
19259073
19605422
20473648
19757735
16061443
17971601
18156955
20157933
17665067
18845509
16380306
18788958
18595309
18805619
19495556
21273206
18838722
17760913
19489757
17853842
16048856
16434916
19554891
19753869
18033724
16442438
20736669
16075256
21364379
20078437
20234207
19559334
15566600
19142365
19652231
20191796
21029496
20045622
16265962
16019261
21478458
17094819
17939227
15578252
21473240
19720766
17014467
20073551
19899258
19049479
19117504
18501836
18328282
18274244
19183094
21341443
16803769
19694530
17827839
16680049
19101777
19152777
20854334
19839214
19104476
16167849
20039968
17551558
17193943
20415291
15677529
21702353
19406507
16858001
19486503
20850426
21478683
20678231
18362004
18397719
15599652
18032687
15788917
19731345
17577533
19923302
16478414
15875162
19565687
17280921
20556491
21626482
17348964
20536757
19036805
18064843
17347505
17943465
16177584
21404999
17895516
20832743
17546784
19327070
21473814
19531081
16105792
16215519
20391855
19376278
18791425
19455544
19363444
19793245
17924269
17876985
17355405
15698450
19027434
20942327
20235302
18724915
16632078
18069441
20202506
21480493
16557069
16250430
16001692
17637761
19012146
16463599
16162413
19442479
19146557
19960847
15937632
16111067
20546373
17709760
21457624
18560145
17141719
18816746
19140366
21862750
15707221
15641074
15997895
17846440
19450916
18410785
19893465
18803842
16450630
18090367
16234299
17958940
16751635
17469703
17937946
17686713
21378301
15953132
19771410
20092514
16405386
18842157
16945198
20923482
17020719
21086713
21268489
21135080
17467406
15907666
19189151
21257948
15623251
15834342
19694621
15699565
18856173
19399527
17004660
21857859
18386952
18595494
16235582
16766684
21191254
17720289
21242775
18640446
17624156
19515476
20019120
18652065
17646502
20841984
19307390
18212587
18047457
16595543
15656472
20803408
17117194
20121010
16515148
17902521
21553513
19735497
20674651
17320552
17116556
18600601
16535925
16964896
16566616
17210879
19056614
19849904
16307954
16880222
18361466
20309895
20677392
20967480
21716217
15914767
21724782
17263096
20040555
19172980
19901541
19219920
16352980
21137701
17469493
19771573
19008695
20360409
18793446
17643574
18459622
18788956
17591514
15937267
20649457
18767472
21191819
21404781
19423472
16126054
18702408
18091628
19328930
18086399
20500737
20554140
21495237
16529213
21672116
16570029
21615347
19014704
18374823
15658237
17966731
19564327
17519048
19826116
17968039
15596630
17541554
17927072
21334556
16830256
19437915
21651371
18042470
18378512
16498154
20602714
18350859
16511576
19671133
16445483
17907011
20586354
16507506
18701851
18528821
15835223
19132235
21938970
18198973
17028632
19062357
21699428
19595416
15750504
18585535
17375240
16650120
16021411
16029495
19603165
15856333
19959057
19278184
19332716
21146668
16130944
20157947
18392632
20662293
21294359
18206256
20923287
15640681
17087492
16275704
18638011
16446268
19788773
16311284
18302015
16847172
15912283
21592063
18697975
18177364
20841664
17844840
21679547
21736109
15996975
22164907
17646501
19437080
18216765
21052731
21070435
18180517
19745504
19066981
15890289
20614707
16953162
17087708
19473526
21314772
20552779
16088115
19772968
19880956
16627325
21486321
17690523
20204420
18931399
19402022
20182162
17272832
18953206
16805075
18049253
21144400
16927721
18232612
18622999
20180498
17604936
20437114
17665536
15686158
19134494
16491937
17135067
18990207
16497427
20690276
21180834
21429717
16464258
20152512
18457289
16421363
18456983
17985948
16786423
17160215
16620354
18085429
17717449
18501835
17187548
19390760
21346708
21393123
16503108
16945199
18670837
19689634
15748123
18534948
16273797
19444493
15986788
20155642
19005091
16680055
20978458
18184255
20798619
18208604
18586993
21941706
16039735
20078215
18278637
21703010
16355710
17099193
17227877
17310308
19527506
16401158
20925291
20058098
20123326
17560921
20215334
19358096
16226862
16195185
19687464
16285199
20719586
20656603
20919483
19120382
17826709
19662923
18705090
18041413
19426945
21253876
21690465
15554800
17998378
18209158
20799497
19760371
20390637
18663110
17169966
18031843
16477862
17263734
18786712
18726796
20833285
18769996
20699313
20469620
18198804
19117644
20675167
20509306
21570527
19785581
16160587
20667350
19197690
18418569
20629463
15590225
19646130
15535005
16392441
18582145
17131901
17074872
20650593
17357240
20485943
15692292
21142988
16024978
21243328
21252889
19208648
17336866
21436708
17062536
18380266
20397508
21089989
17470274
18064812
15720488
19132174
18539766
20706098
16449838
20853355
19433951
21492799
17312419
17984217
19055272
17212816
18451627
16468503
17720453
17186221
21226559
20869024
15695474
17936358
21499008
18496086
18365512
17149560
21439109
20431785
18988072
20182970
20009695
16685153
16080648
16136829
16134627
17051891
18728518
17365897
18578765
18021145
19323699
18841254
21366204
19632735
15646166
18539874
19302695
16295605
19996471
17181604
21076722
17635299
17131640
15789943
17914337
16199445
17956915
19325482
19619095
17395673
21091702
15643921
18656072
21198233
19402362
15615215
20848981
20497268
18065039
20828851
19502977
19684558
17174436
21672366
20959368
15608042
21685762
17015191
18462854
21090989
17967588
17077795
22021547
18157830
19073412
18725355
20654872
16690560
15984286
18815509
20966849
16602433
20068311
17804518
17160874
16556885
18616052
19326723
20176351
20561840
17175653
21236585
17360995
18073254
19490598
16220649
15712674
17855818
15576873
19492760
17324690
20617931
21108908
18390466
18051975
16387467
16014173
15999538
16424959
15528578
19544089
16532787
19945081
20857374
17122680
16153565
15738843
20441108
16703229
17126968
18755423
20124024
17949624
19857153
15718326
16048621
17695729
18551334
17485752
21265584
18751593
18768025
15890071
20978003
17306911
19255106
19592813
15754927
16923659
18698396
16050860
17509284
18800356
20160552
17655531
15620049
19390094
15913239
17937252
15570515
20455842
20195785
16466326
21966720
17160541
15644682
18275359
17699356
18590250
17572055
16476875
21411079
21254304
16595201
16100540
21040017
17286868
20701230
21030490
16755127
16353827
19768236
16190838
17163314
15714933
20121577
21422361
21442644
21282220
16136927
21413577
19131884
18843442
16922753
21119309
17138524
19250128
20080462
18662249
18564695
20538959
21132601
18564324
18945708
20493590
20399093
18246886
21608508
18547435
15683749
19789447
15587461
17299180
19546455
21349007
19999957
17188939
17328816
19495942
20661038
18347357
16584467
19260354
17158830
15661258
19339314
17444407
18515442
22017017
17072284
20525777
19184557
17173659
17626254
18261063
20946861
17264354
18795636
18548869
18578681
17214274
16084447
17998835
20624580
21394618
17533547
17923968
16968373
20510949
20801916
17228437
17062903
19762418
17709166
17569933
17574192
19147989
20528990
16915743
19072012
17874323
16287056
20147807
20964469
20370860
16689411
15893208
20505419
15638043
19366017
16505989
16944220
21418288
20701762
15550363
19255264
16850929
16552615
15720030
17547983
16819563
15518001
21894784
17826312
19907012
17941552
16830843
16879381
16708137
19952796
19033871
16921327
21404142
16618023
21123196
20082061
20952030
21306347
18689134
16260342
17601832
20351544
19837498
18690127
16904367
16583727
17553107
21080297
18457803
16475048
17063103
20736832
16594969
20511104
20532131
19745313
19306021
16178344
21292049
17170639
20807893
17583862
15560900
17402572
15944496
18980914
17156424
18588397
18175192
21577079
20211439
18636007
17352705
20235896
20618187
20719008
19581664
17724422
18194352
20166425
18258697
18693140
20163296
17454342
17710479
15733808
19192896
20624148
19422632
19201260
17767631
16114804
19494680
17044631
19919731
18415919
16163954
18536588
15700600
16096152
19354150
16495493
21138497
18373049
19452811
17250948
17116515
21162153
17697218
17457121
16504481
19054953
19591660
21316540
16950187
16958818
20599101
15960789
19912095
16999178
16010213
16006416
21060121
21343503
21619740
21386747
20675736
21414688
19555954
16310195
20144399
21126299
20455111
20607432
16161896
17040525
19191251
15985647
19507540
16996898
19138911
16373183
15728223
18543349
19160179
15913722
16332470
16759068
20152089
16102708
19588158
21191212
17095422
19436297
17949515
17115974
16827399
21613028
15540702
21282277
20804891
17205276
20581652
19901141
17667002
16849941
16467176
18396504
15660137
19921079
17486705
18635372
17667018
15518359
20480775
19906428
19778422
21605267
20433546
18700870
21771357
17244852
20351333
18385570
16723104
17661967
18414713
16638158
15741473
19442585
21425710
20552857
20077790
21751760
17638030
21943294
17574187
20125211
20923990
18579319
17929738
16877191
15884478
17229425
19263906
20935011
17094359
20516765
20430489
18066718
19745593
19138389
20141024
16010188
21131175
16719415
21783230
18661459
17696675
20677444
20374101
16525523
17700945
17934965
16526152
19845734
17656742
17122659
16473694
19465583
15560706
18535316
15750521
18847103
18277552
15857961
18291010
17615718
19204619
19853936
16422267
21068639
18272212
16259049
21654376
18288500
19394792
17678824
15605326
18675766
19549673
17286721
20214779
19913187
16806933
18307461
19829099
18564949
19785363
20099956
19689559
16848967
18206309
18065030
17935600
16153476
16208592
17443630
17313909
15742451
21343566
19591026
18954930
17577085
17925496
21600368
16457405
16355065
15595989
21260936
20174947
17526470
17723989
19343845
20675734
20693520
18571134
20825270
21141405
20502177
16293508
18985547
21560480
15618088
18192110
20929625
19018650
19026922
19298094
19370381
16366867
16445251
18853846
20498011
20494356
19369508
21121845
15962843
18226153
17022918
15893216
21532075
21749772
17383600
16690393
16523796
19108596
19956923
17983361
17973717
16321533
15679025
20446248
17298284
16600012
19490004
21460672
21217440
15605916
19033252
15711812
18714719
18986074
20429974
20592609
17654380
16181185
18819045
16529850
19338401
18324996
19444814
16332469
19441659
21403042
19996808
16752193
19176797
18328683
18636026
15533143
21654240
19420035
17574188
18827611
16148573
20706180
17724401
17443610
16115114
20682953
15831609
17201336
19655502
16091027
19623798
21361235
15860054
19124630
22041949
18240989
19181500
19117527
19729568
17000388
17655571
17352780
19525769
16951297
16192192
20541075
17966188
19366791
16689075
18787448
15615170
20472840
19276768
16808715
21425045
15747886
20544471
18775348
20131443
19900250
16943731
17014931
16923645
16087824
18424862
21599896
16802680
18422262
21218703
16889912
17365370
17352299
18624088
15576694
17466754
20488863
19765742
21602631
16436327
16438074
21599844
17259029
19147425
19393482
18429449
19352161
19386368
20303575
21112677
18360201
17828400
18765177
18604934
19923027
19469434
16629568
18486552
20545805
15921474
15761285
19497899
16423121
19426930
18163408
19664877
16594433
16331371
15564228
21667703
17116952
15992192
15837667
16480351
21570018
20536093
16477415
16358953
16363417
15897499
18429006
21063182
21278032
17909221
15526306
16295991
16451360
19745474
19602290
18501087
19525743
20597336
21537199
20025454
16451340
18384358
18460906
15977519
18677782
20849278
19719892
21057839
15630872
19434024
18404061
17140421
20553535
21066953
20362383
19665624
17032598
20189911
15529485
16213645
20178185
17175872
19343871
20825369
15658837
17027072
16404732
16238541
19487739
19049481
18475104
18279766
16686075
20036168
20552854
17951072
16276956
16617638
19150591
18999275
21616582
16243678
15840163
19726783
16960322
17207005
20188506
16227942
21932716
20171775
19577419
16379129
20401678
18810901
17966259
20923511
20642732
20054464
18163140
20626793
18450873
17138496
19460281
16547452
20057231
16109195
15824941
16779356
20044332
19720706
16541932
21564396
18795509
18314223
18195302
20363444
16315815
16816513
18709273
17828142
19826332
21207825
21718982
21037457
17517285
18649812
16307634
17139816
18506543
19748205
21160141
15955146
19628353
20201248
17142527
20951873
17227356
15844846
20673970
18333352
16988287
19467120
15536815
17206551
16688662
18306650
19963303
15911054
21406700
20198835
20945719
19104475
16985479
17998410
15656150
15924034
20451763
18705724
20841979
17064747
19388901
20148863
17944314
20146829
18625927
21481519
21168943
20123825
17576893
21504962
16287886
17040156
18923249
16369156
20458677
20659201
20378210
18459277
18648947
16088857
20869319
21391446
20532135
15552384
16616398
17692636
17041293
16046892
19179486
18417961
20194401
21879646
21626612
17766905
17668835
16183574
18438162
21605382
19698054
17355644
18480649
21677532
17695979
15719417
15656463
19948026
16234631
16050226
15558403
19094155
21135693
21601725
17256810
20158137
18240839
19892820
20833937
20573434
16846818
17892574
17850938
19805792
15754509
16097619
20388935
17667289
15548934
16456394
17340711
16877620
17619125
21068178
20147798
16677180
18846974
19263162
20007819
21977677
19011486
18649717
15533081
18973994
16516560
20083918
18711905
18314233
20552920
19320988
17183937
19284169
17958972
16756518
16178312
16770370
16443811
19175680
17017760
16009743
21823409
17625004
18217541
18073710
22049636
16289065
19544075
20495488
16023823
21584945
17385057
19367243
15738547
15812732
18405494
19811835
20191888
16424711
16304881
20716477
19183496
18837659
17184377
19387272
16739186
20662284
18271767
21557016
17482300
15609749
18193356
18094791
18330581
15636657
16254537
20621533
18566204
15751435
15602144
17502444
18484975
21625661
19076668
18652727
19428869
17290065
19167212
15940881
17221082
17971562
18401650
19787380
18451024
21736078
18088524
19124176
20541811
19037225
19422989
19448484
18655730
18481922
15640264
19739424
17605056
17727744
15612429
18420323
20969741
16609080
17662809
20418251
16111947
19222604
15707097
19515683
19771588
18583447
18334052
19012761
21146116
16814678
17475123
20393350
17040358
21141295
20227639
18477272
19090405
20802421
17954381
19418228
16579326
18173051
17824409
16979173
15823381
17503119
16547944
21220389
19302422
16222065
20552906
18547413
20696951
17877868
20662343
16020853
19242350
16624481
16688967
19882396
15840077
18536884
18465381
18085601
20351555
18519997
19299400
20077799
18256115
18580645
18816369
17491352
18513390
18662657
16359677
20177024
20178429
18187916
18461517
19995133
20478554
20381155
18292359
19008870
16264317
16241168
17353753
21912775
19833671
21701448
18073618
17007330
16186450
16997425
17199198
19018885
19381078
18824833
21055860
17624053
19256761
17984650
19320566
21039087
18651967
18155575
16481639
17512151
18924291
15841423
17070487
21158903
17906311
16980636
21234746
18410449
20695950
19735562
18614905
15625966
21624536
20427002
21162325
18754190
16376472
17853584
16636096
16919748
16996137
16273024
17609024
19158646
21613917
20671338
20064805
20097397
19036364
18956493
16507096
16730728
15663534
15751434
15624293
21685721
19892509
17059611
16050400
16522346
16109296
20155792
18162794
17290079
16925241
17852926
21366115
21684679
20663830
18563013
17438886
15778075
17304983
19642431
17872552
15921808
20077346
19283868
20207658
20302625
19793235
17929153
21082874
16192189
16531781
19743713
20384183
17728565
16958724
20186032
19000602
17210544
21480005
17139036
18257786
16438811
15561380
16471375
17352778
18035261
19833007
19239078
19386826
16563144
17062592
18695814
15739637
16263782
17412032
17072358
21122731
16639199
21317601
18081434
15667699
19665939
19603321
17630076
18723729
16651353
16839431
17625659
20077139
21874637
18847170
19529991
18642609
21062571
19501549
18947120
19060609
18520258
20598282
18609505
16259838
19533437
20800458
16164533
19725299
16083700
16764929
19621532
18822998
19483114
20469996
16202125
19018218
20212368
20007003
21156657
16651897
20228634
20142011
19485858
17953297
18468015
21531940
16762794
17933613
17606591
18000128
17452733
16950996
19485862
19204222
21862067
18649644
17356351
15567874
18558181
18769182
15600110
17171497
16794438
16025441
18719332
20027876
21507187
16881337
19926344
17474361
21039226
15888855
16802653
20649439
19874330
18693963
19922024
16885678
20961414
21122084
19219362
18165898
21477274
16116369
17580773
16378582
20123331
17579308
20355312
19958418
19655667
18051970
18282270
19773732
16846509
16368362
19317204
18482116
17785024
20530305
16732017
17539695
21129832
19514540
16432830
21494694
16912338
16395067
15836534
22049637
18611104
21610242
19097516
17397374
21247825
15914375
18092572
16826058
17639388
19751935
17473542
19118468
18070254
16611513
20116893
20532134
16553707
20046134
19289338
18613797
17216935
16166409
16103670
21533867
20529495
19244785
15722845
19551607
18179258
16316440
18218265
19777385
21492337
18026029
18581021
17210502
18705739
17507697
16438787
20546466
19556094
19204224
20467018
20582852
18831870
17008942
17628462
21160293
21218728
21287145
15636733
16350354
17420109
18928079
20857889
20722884
18521649
17705217
15994471
19133494
20211856
16187477
21675472
20344988
20091964
19770295
19444671
15548410
17386151
20557413
20186518
19551433
15692195
17283956
16260138
20601725
19672933
21397877
17889498
19133042
15721977
19371558
15732427
18079569
20628655
16601947
20177950
18545764
15620077
20444774
18224504
18724537
16896860
20443260
18594232
20829721
19594606
19247883
18758042
17518878
17917470
20512350
17085607
16302156
18981790
18317802
16997025
17183353
15608590
15994028
15611423
15552460
16929420
17988429
16212217
16523589
16052127
15788082
20439049
20308084
19192897
16758331
18780903
15980092
18387006
18214782
15833473
21246171
18482121
19060791
20942883
15553058
19958936
17661258
20419745
21146167
18700088
17666298
17156997
19161645
16900281
19084972
21204697
18609242
16628511
21418623
19281088
18942219
17001260
18522701
16893875
19448466
16913374
21097967
19093905
15852657
16466891
20579755
17513011
18557069
21112455
15574111
20879874
21079484
19403464
17544248
19187418
19619375
18290938
17883628
18580222
21446599
20102928
18595942
19187882
15820427
21647082
20409528
16860417
16913240
20859114
19500706
15807758
16255838
17972297
21227538
19006956
17992346
19293717
20220657
21135785
16629547
19957463
18380934
20559181
20180380
16227544
18399739
19773028
19535929
15910825
20548268
18254830
19531773
15964735
21718988
19167670
20380496
21131636
18718991
17664526
19051953
17455181
21835282
16796267
19007689
17035446
16500073
20873399
15812095
16052178
19673057
15794420
19203299
15753505
16722112
18096038
21498789
21497250
17991366
21051386
19436778
17998344
19207055
18018955
18093117
19921222
16765506
19696572
21107270
20346092
16734650
19012786
19739307
18812370
16020051
17710962
18386100
16148827
21609422
19112929
20715299
16586308
20465078
15822648
21817993
19770109
20390485
16892935
21534900
18492558
17492990
20008217
18973056
20101942
18636011
17356959
16353322
21456440
15988947
20671612
19242853
20386257
15934264
20889847
20841749
17285832
20521904
18269421
16848897
21694570
20302210
17542045
19335154
21226784
17454239
16562800
21618688
21073679
21411824
20438604
15857724
21457601
20802434
21807707
20466108
21727300
19876941
19842785
16987574
20964750
20411410
21531580
21146313
16830268
17442030
19001919
18725033
21322157
21749554
21777096
18032992
15896625
18951747
16315527
15826434
15999966
16045054
17037703
21786715
19642744
16930268
16307637
21427366
18069516
15985504
16875532
15588030
15819839
18843531
19593312
19502217
20697235
20676583
21717792
17723977
17720692
15544701
21159278
16885475
19552677
19366937
20307195
19525768
17438994
20307367
19536963
19927863
21378658
18500140
16818841
20133957
16534554
20192817
18633020
19430507
20940569
15780330
15923939
20137849
17635624
21486352
17014748
16496812
19018902
17430711
17595440
19467430
17449324
20049773
21284498
20053197
19246135
18635237
21046968
19430414
19299102
20378676
18697967
19816334
19331126
17442028
17427669
16614882
20869182
20056661
16060296
19699382
19908610
19901745
17400862
15675780
17021282
18558019
21150531
18474884
17524406
19362841
19915838
20220643
16192540
20500349
21113566
18579272
17349147
20972381
21387580
19025084
18260198
17565451
19843620
17377917
17567672
15624349
16982230
20494279
16082831
20146803
16274169
20118697
21566455
19646176
17116448
17645955
21767254
19271220
16303690
16424983
16034297
16434935
17129206
19842862
16267966
16301934
16832335
19237411
18803496
19659846
17540805
16915975
18324313
19024665
22058396
19667686
16436161
21144121
18491685
19191941
17214223
19242654
17152454
16030369
15587831
19126176
16584454
17955895
20458987
21558769
21087372
18928411
19715514
18283966
20173271
19092588
20499710
19118927
18829213
19711048
16900915
19380123
17352584
17901105
18330386
20830815
17518245
16493302
19965953
17091058
20223156
18774193
17274566
21191577
19258829
21349446
15928575
19799738
16409571
18038515
20471438
20084785
17068679
20354878
16542661
19576714
16711287
16799355
20514880
18050531
16425897
20372890
21525806
19671645
19365164
19793413
18510832
16575376
20221862
20230518
17667052
19127123
20391269
21417050
18243632
19651575
19901662
20189136
21576064
19358074
16548408
17620397
17705836
21106993
15603094
19882975
15966126
15533992
21418235
17300638
17622032
19771393
17030842
20029970
17584822
17601180
17101036
20352506
16013344
17047644
18597409
16821050
20078405
15646757
21627573
17477224
21304383
20833455
19449614
21337988
20422746
16510373
17518141
18022492
15644685
15758594
16756051
20578046
17211732
20853581
16215345
20177040
21646588
19182305
20629945
20133291
17050085
18375677
20623554
18202986
17315298
19906279
17635953
17993295
17702150
18718887
17530539
15960406
16553752
19207052
17096051
17718727
20726471
16972449
16226650
20069918
17189284
17641073
19309414
16319757
16529363
19770174
21491223
17625724
19566989
18549843
17483919
16134540
16984535
16825851
17099134
16793492
19824256
16115583
19250365
18230646
19122950
15555721
15722399
15703338
18580046
20229845
19548599
16905784
19097470
18803881
15752321
19715800
17948844
20338599
16503014
21426214
21045570
20122779
19670214
16337561
15763910
16701771
19485248
19282060
20613692
19782979
16997633
19382488
16468255
16119570
15915735
18797211
17160375
18163855
17619235
21943344
21658713
19937340
16394905
16835514
18375258
17099573
20738390
17540090
20693726
16625131
18286990
19264941
16389157
19736574
15931307
16938143
20387186
17901832
16051661
16046887
18019769
19541138
18520670
18296123
16617243
21404638
16767634
18327371
16119628
21218208
16840484
20175794
19221164
17515018
19753473
17951213
17030295
16959677
19304900
19694519
19475812
21972312
17103042
19961038
16802312
21214376
15692130
21693723
17263926
19564256
20028284
20665409
21606155
19091333
20453351
15641635
16442424
17592105
20053226
21122014
19937780
16205851
17323665
16379512
20194107
21058891
19508132
19720056
19289320
21069272
16850774
18957455
21585696
18956505
17368174
19398823
18618954
21255714
20505999
18577133
16860432
15983308
16247355
17893380
19167200
22000190
17022891
20873068
16018132
20860336
18075455
20977435
20812584
18563995
15656846
15570485
16618916
16514388
17019350
17518886
18947382
17392931
20227642
16004677
20564932
16546057
16354885
21683491
17015522
17591411
17304570
18722942
16476683
17018460
16416763
20964266
21999067
18221469
18241311
18773774
16387412
20400134
19467755
17140539
17477485
21226411
20001167
19629536
20654827
20572537
16711083
19573777
17056418
17131247
16351714
15527229
21516595
16764502
19685611
16341904
15802413
17266008
16823536
17095424
19377017
17333637
20487613
15969765
21178152
18158212
19806535
22121557
21429528
17434621
18265822
17038104
21709298
19564323
15743441
18251345
21429989
17325272
20646901
15552807
16858457
18951399
15583501
19267384
18310624
19539455
20064210
18592950
17047227
15780549
20802908
20227674
22030646
19159977
21295485
19388410
19924580
19283233
19259839
17079797
19744295
18425653
19378523
17363850
17472508
21624511
17707149
21557378
21764242
17421111
19331257
17486951
16002021
21394017
20047029
16186637
21069600
16103035
21809517
15581720
20308351
18569199
16323254
16224238
21218700
16869522
21922724
19528407
18838182
18494288
16027505
19234760
18297976
16779441
17927846
18385992
20050465
17470919
20358731
16411028
16418606
16457728
20422903
19304803
18997358
19774909
19024666
20880922
17895631
19093352
16246470
17109104
16689110
21205946
16096155
18424872
16963668
16815053
21145491
19493147
21322884
20519453
18494203
16623603
18444044
16439771
20075123
16708629
21645114
16174561
17179844
21123234
19680301
20654820
16761661
18087876
19917578
21631371
21510151
18030151
20427001
18610591
19775309
16808770
19880528
18448500
17147994
16723787
21294666
20383490
18751575
15957698
16106331
18523565
17142604
15513615
16192823
20507287
21756522
18320301
15915702
17627837
17163497
19743910
21371292
17520998
17299869
17988824
19721997
16894616
17601217
21228095
20390659
21368548
17342851
20479713
20031009
19012724
21749555
15818264
21090159
16456477
18333558
18324983
19181175
19656719
19638023
15850430
18407380
16791667
19404286
19656149
17118116
19282506
16406620
17786870
21367379
18035375
20148864
19185977
16047074
21098046
19491574
19143579
21825946
19808471
21057070
20110524
18330626
15961915
21624907
19719547
20432110
20156313
19536026
17635307
17238454
15720482
16141775
21866726
19858431
20501431
20220525
18440354
17604262
19046185
20712549
17217319
20731978
18856125
15684853
17925737
20207924
21495851
15538641
16128646
18283559
17505026
19073656
20806560
17490762
16268854
19170781
18189089
21173281
16836761
21266085
17533960
16143751
21178788
20306839
19783333
19446709
17175975
17715601
18426789
18211483
19898698
21684463
20083953
21679585
15992203
16736371
17936549
16219589
17623502
15603695
18539544
18786057
16569981
16162468
20026475
19746251
19432982
21539700
20363075
15850266
20619034
20881798
18164458
18298865
20435665
18525311
19184498
17339093
18423347
17970363
19907389
19674003
16295512
15728146
19118246
21223462
20536632
20033690
16808197
15642753
16110129
19336753
18350941
20583316
17956529
16697601
18313675
18414336
21638217
15615569
16141782
16517337
16004837
19257859
17335522
16396140
18277554
17331693
17469360
18310160
17499569
20531197
21488808
18689581
19528101
20349850
19212248
19319635
21338233
21266886
19354155
17523273
19467147
18347365
19080760
19351312
20029563
19863442
17949401
17457776
15690896
21784764
20387594
20443383
19009889
21254161
15838419
18243334
17114062
20399949
21316908
18453347
16003482
16266648
19412673
19172302
16500868
16311135
19723869
20436336
17934968
21129179
18999009
18601725
21526313
16887022
16050856
20679618
15540670
18207643
17723981
17136927
20683299
17017842
21182797
19253199
16116358
17054311
16501127
18414297
20030498
18186494
17387710
19596287
20306150
17949625
17960669
16112527
20305461
16061907
19750277
17132380
16316437
21837886
21189816
19375613
21368542
16802484
17825729
21160294
17425151
21388015
21288124
15924900
21668320
21575530
19018899
19204102
16381372
18417021
17364250
19103585
17161807
17098101
16422486
16125027
19184551
19154304
18595423
18199848
16445071
17884600
17049860
20825895
19298311
15635790
20407030
17550689
18765325
19916758
16332472
20303029
21729112
17951224
20117687
16493307
19454208
16996767
20857125
20357082
16889781
16465982
20378073
18727336
18349430
21197836
19785093
17727593
21211483
20675424
16913335
16440429
19177816
15835836
20338814
21083804
20510824
17613686
20929461
18520672
19736720
17681268
20193799
19910601
20419748
20123876
15789481
16698659
20625568
17727546
19564003
16294146
16951021
19177859
20671001
16635161
21492274
18374638
17223004
16440044
15736516
15569900
17427603
18294599
16756849
21435571
17133892
19703042
15782448
20063616
15985092
19167554
16627318
20299410
17943595
19274623
18649588
16412445
17824267
21969476
17656226
19418242
17950508
18364172
16511737
16374184
16268467
15683266
19624268
19761024
19341069
20536490
15913127
19038900
18368318
15927105
18797237
20354925
15961914
21936076
17689082
17201905
17951230
17108883
17468606
15650513
19006625
21322860
20615920
20598987
19932475
20956663
18275605
17883663
17671027
16048867
18288485
17059163
15566022
17942058
20634397
17627726
17149165
17190121
16250385
18847430
21474806
16027595
17679641
19456086
17643607
15609737
19489086
19642434
19321807
20232127
16821682
17207014
20104395
19273989
16451411
17456702
20951557
15750524
18402417
18657928
16450722
19420403
19924474
16523570
17563600
16862025
15648127
21359106
18157452
16425856
16102697
15810747
18549138
17617501
21941162
15779615
18217474
19430509
18803547
20044163
18942565
16908918
20159129
20498416
15575137
16101854
18362090
17250941
17310343
21180300
18215499
16263613
17090222
18316929
17805222
17139665
15644760
16006844
20964817
18050529
17062818
20514960
17318364
16691092
19850180
16394838
19177814
19847645
15868031
16078182
16815278
17284550
17436178
16475462
20141461
19385348
18333923
18394515
18586140
18756163
17025000
16094133
19256298
19826024
19927503
17366919
18564956
15609214
17385042
21219527
18753879
15919008
19952545
19543809
18512305
16902338
20956707
17934984
19064871
18325458
16960276
20530395
19132574
16704382
19898925
16092779
19254200
19377027
16398162
16529594
19343870
18605349
16130343
18377145
17001071
15736905
18561737
15737287
19621342
18359388
16970657
16613286
17601844
21739743
16757775
20484996
16750499
19115880
21309200
21736977
18019268
17870643
15797158
21123504
17903162
19461569
16489518
17397975
16471165
18794475
17006963
16573015
18982881
21639966
20878840
15715365
19064387
19745637
17476209
15671191
18226132
17701118
15805555
20597709
16406471
17149086
21608314
21214399
19284635
21345818
17974094
15891350
20412357
18355699
20727086
17352397
18649716
21577161
16259897
17261144
19382863
20230169
21481259
18422053
18649818
20550841
17383322
21539028
20024709
15576420
21205258
21510149
19430828
15667026
15534269
17414277
20822848
17333798
15997576
20431793
20019350
19302213
16188034
18302653
15821204
16529590
17607616
16517778
19271090
16439351
16326261
19492178
19775924
18853532
20530312
19577418
20731597
17059979
16796079
17157243
21268518
18727823
19051992
19941730
17559612
18266225
19524432
16763332
15765635
15911159
20356950
15812748
16290977
16528112
18180903
20137027
15869559
17395604
15891317
20169368
16490950
17965396
17419883
19118771
16216663
15691240
19707769
19962500
19388898
16473734
19450207
20848187
17952627
20873534
20511193
16075473
16650239
18180181
19235496
15920105
21546382
19559290
17284277
17269542
18984375
19253241
15910587
21480494
16356875
21771359
15557569
19027618
16372238
15887319
16850245
21294425
16059538
19800205
16671414
15830766
18341724
21841286
19809014
15773964
19422945
17081921
18219695
17215415
17611238
19589164
18984506
19471139
18951344
18535426
15637956
19342036
17516884
21240171
19955983
19524911
19592914
17895495
19151850
19272291
21294833
18370889
19077807
17098155
19888969
21095840
20467339
16352970
20401971
21831021
19861376
20824736
17201722
16817493
17000483
17151163
17050086
21504240
20126819
19172574
19722302
17565284
21494781
19116737
18036015
19136330
15701193
19171727
20932498
19008269
17166062
16546053
19060804
18673155
20662908
15947809
17059497
15887949
19157281
19860059
15832644
21533865
16387948
15801370
18265820
18808601
17354523
20834202
17240252
20436062
21087832
19289932
20597630
17300493
21190493
16212517
17220677
21553968
17785736
17539571
18274509
16420107
20178300
19473064
20625297
16155356
20615739
20044327
17885971
17985961
18259897
17162639
21661137
17065659
16475465
17095439
16605284
20476511
15755411
17520351
20956769
17129326
18395724
18639263
20532531
16101709
15570333
16867302
18810650
18797571
19165444
16855955
21494113
15980733
18787958
19890818
18342766
19549716
18649109
20124020
19127422
17473397
18494639
17565432
19459753
19959482
16834883
16175716
18046201
16180112
21134155
18856128
16604799
17435400
18044195
19938250
17478122
18497006
18038297
18030155
16310323
18536825
19253701
16206396
15575423
18467531
17436785
17929740
17614882
19827966
20379908
17891047
15748678
16607262
18974699
16835552
21450779
20646708
19152405
16877622
19326611
17942588
15871403
18380768
21298941
17966300
21820589
16264176
16722893
21058896
19047453
18417441
20570484
17112147
20819049
16698621
21675023
17464153
19012820
21402370
17933152
17135647
20094109
15939673
19106285
20695347
17888108
17482192
21239101
16623624
16326224
16618471
21375908
19222661
19061197
15793551
20949798
15811201
18198964
16775183
19602971
18468879
21292637
17904133
18693411
15957301
16321198
15557421
18765706
19055303
15540666
17347295
18950333
18785099
18041868
16427131
19601420
18671752
19711655
20824612
17257396
16567994
21341221
17150325
20430944
17243022
20004396
17766498
17695825
20181318
17268140
19212225
16739207
16810084
18414207
20425283
21916106
18200894
19728660
21219619
17600867
16192176
19115710
18979706
17985962
20022909
21706451
20875168
20935272
16286353
19250092
18520315
17081930
21428029
18007252
20837612
20425962
15827431
21807684
19660328
17325298
20520264
16450449
19804482
16456207
19750436
19232691
20930157
17654419
17559973
18377448
17686604
19603223
20650440
20007818
18219247
21496804
17253013
21878863
20586992
16871377
20598832
16160678
16169794
15751628
18049154
19664905
21409666
20211089
19958421
15850870
17194412
16361938
15962874
17464122
18197759
20367716
18289829
21319591
17441456
15682879
17655694
17285390
16594399
17540530
17537116
16821695
15655433
19052156
22046017
19968770
22069920
20200830
20194419
21717470
18455793
20402172
18681348
20167834
20393431
15931440
21700562
19735334
17563290
16799710
18361087
17342789
21228097
19147646
17011088
19820231
18808636
20963612
20091058
17432372
17344981
19883352
20425956
19625557
19708098
18637637
18705720
20797365
17267671
16879383
16091096
16878218
17874269
19343858
21730240
16151563
21777396
20031171
21419254
15914132
17551855
21387661
20729253
15660140
19722298
16116366
21254824
15555717
20087122
15993675
17344264
16082913
17978377
17901828
18431894
20585211
18349006
18060981
17473956
20095098
21649768
16033595
20593987
16462349
18344834
21063546
17582726
18988729
18190683
17502441
17488173
19507367
20654815
21069692
20934210
18313632
21426523
16640210
18032997
17115134
18783001
21129950
21042946
18174780
17510154
18649699
15641613
19648525
17064961
17148527
20236792
18630360
17182474
16848881
16978923
17978615
19189064
17945013
20188320
19386583
17349646
21519425
15771661
19673713
19583666
15883469
21145150
17603832
19686324
16783582
15711342
17344670
17936452
17874230
20972949
18540687
17334271
17190942
20212029
21539654
20144398
18029543
18518961
19416049
20630159
18382703
16076894
19925271
17850526
18979547
17224695
16377365
16485621
16752961
20857674
21949145
16271294
17095396
19344882
17766078
17233143
15960570
17077718
20217293
17556220
21813731
18849465
16911051
16134664
20108713
18519311
20039842
16222404
19538796
15667463
16521899
15867079
19501021
16943381
17588161
20937936
15673643
21762827
20795588
17942584
17606178
16045420
16372152
21244668
18184218
19107723
20875880
16137141
18256911
20031887
19367231
19596420
20163229
18787902
17604978
21273573
16450521
20026899
21689864
19772784
15737222
21523983
15833477
17257516
15800558
20471628
20875203
15866650
16354844
15984399
21826674
16110012
17443368
20508687
19025956
19715494
18979996
15667359
16719900
21123236
16353288
15894994
18295615
19261362
20413414
15754510
19733118
18710376
20955186
21223592
17365392
19395700
16927646
21560950
17302137
20642219
20656695
17200636
20660873
18227889
19467998
16899843
19218016
19663240
18762528
17319616
20964950
19530636
20889067
16638028
16189982
20009825
21605732
19072468
19449746
17718641
19055253
19102433
15618092
15833466
15660548
19112628
20511244
18414358
17068804
21119150
15603513
19530633
16512977
16835551
17418194
16724314
19467756
17855485
17433113
21906397
19576529
16719012
16613409
19375525
15999663
19269150
17348119
18633680
17133494
20081100
18427444
19945320
17469706
17873730
18320903
19365396
15587605
15833008
15968267
18273482
21388007
20045990
21664135
17766668
21761614
21684468
18021137
16275365
17468940
19901005
17474629
15628643
16944362
17309812
17142610
18033645
18505152
18332383
16100629
18306916
16997822
17030826
19819761
20940576
15699080
16109462
18997357
16027580
16532164
17956646
19795499
16047810
20593678
20487075
21569172
21311695
19753572
16215795
19160631
21314572
18950076
20178697
17477219
18256859
19734100
21164415
16308129
18241871
21519423
19419589
16775869
21199138
16855483
21196137
19521949
20827893
16161964
20135072
20932433
17425749
21245766
18021512
20508241
18433963
18308499
15553361
18192152
18766108
21477376
19448584
16218031
16076788
18519819
18373613
18608613
20924337
17691711
15862743
18820832
21299757
20299633
19855037
20461946
17570967
20798621
19879730
19203378
16986577
17613594
15632464
21904104
18444866
15591920
19801225
19999040
19963149
18090138
19013743
17177907
17124908
19962618
20012253
17176303
16490013
17193794
21826042
19663713
15779248
19365314
19195441
20685686
19563323
17540139
18813003
20023470
19287262
16449676
21129077
19450260
16594224
21626479
18815991
16543743
17564864
19273399
16771260
18589900
17580014
16816348
19250362
19280664
18727992
19263812
20237760
18959280
20407841
17260233
16124685
15850331
15948047
16721137
20675819
18248395
20636159
19590235
21928599
19170862
16316869
16086411
19485874
15955293
16338569
17055694
19242482
17165327
19517668
21846340
20647896
19717991
21188513
19195741
17952258
15669928
16480558
20477855
20038194
19468089
18788226
21176131
18834538
16507290
17593306
16430355
17520993
17060313
15916501
17266078
17724638
16168306
19423171
15552388
20708866
19748869
18076919
17145490
18777654
16279964
21542913
16545514
21242267
18838492
20101059
17178765
16516461
21462098
19372127
18499815
16613801
18083167
16119142
16905933
21665873
16494151
20308019
19248650
19836194
18041511
18984379
20846004
17133682
18163863
18594164
15812763
16282827
16633386
18208418
18702620
19232916
18020847
18091199
16249592
17241252
19734535
18848415
20551743
21905317
20094936
20381670
19175587
16374176
18715349
20649437
21368658
16388791
17521255
17666296
21932708
19832891
19880918
19768640
20466693
19856643
21476166
19114689
17849911
20619602
20569188
21044481
19823974
16759386
20192713
19184240
19788748
18358296
19249736
17901190
16295153
18453795
21299599
20023561
15580109
16372663
20362713
19209392
19171291
20230177
16452704
21569978
19127448
20568317
17823476
15767197
21079529
15630059
21436338
19764379
16951513
16801360
16499459
17378818
16913238
17406015
16483091
17085980
16567983
20543239
16534045
16686267
19186492
17557464
20335913
17145910
19826078
19731990
18752096
20830822
20377091
17627836
21919294
17633836
17983989
17133010
20233574
16510172
21717676
21333018
21824313
17082957
20735245
17293717
18983418
20658125
15920317
15673647
16532379
15739128
19065370
15788080
18176852
16102398
21029491
19169382
17574437
19202248
15566598
18331965
16010910
18388841
17565809
21091899
21088636
18465228
18194797
20192888
16861132
17222832
16004157
19882490
16300460
18467475
16182528
17765496
16267985
16334495
19241143
15564731
16257620
17727581
21521624
17610107
17533936
20005027
15952946
21270920
16354240
19038750
16563767
19875841
16161717
16921803
20439208
21639897
16968312
18650034
20203459
15774368
18363064
20630000
18796049
17672411
17719362
16610604
19017897
16162775
17702522
16226861
16410620
21478756
16309073
18435314
18097853
21244255
20948245
19527449
16669477
21118564
16433263
16329222
18616858
17356440
20568026
18538965
21568720
17284297
19301486
21784328
20426359
15558075
19088550
16204445
16469470
16769339
16939565
20566987
20131587
18793099
20922921
16318826
17180845
20586908
19388385
20975399
21105636
21113847
19592950
21283025
21375410
17438929
21094440
19956658
20103029
19566998
21109549
21323089
16364573
16844417
17102477
