16712851
16711185
16740571
16740570
16739771
16734044
16731878
16731876
16730621
16774186
16773918
16773862
16773859
16765863
16765862
16764304
16762052
16757722
16756517
16698510
16823997
16823890
16821201
16807309
16797394
16887888
16884813
16874603
16862033
16856700
16961108
16960177
16959798
16948635
16937350
16927541
16921008
16921007
16921006
16921001
16921000
16920999
16917187
16917184
16913305
16912099
16910197
16910193
16903616
16900452
16900449
17050749
17045718
17042351
17040142
17038104
17038076
17027628
17027627
17027623
17025045
16985398
16980637
16979091
16979088
16642588
17132974
17128734
17118080
17116146
17099138
17095422
17095421
17095419
17095418
17090766
17087714
17086639
17085274
17080373
16614592
17245204
17244244
17233683
17212260
17211780
17210497
17205835
17204825
17198490
19348051
17183421
17170670
17167191
17148539
16551327
16083490
16050515
16033449
16004096
15983309
15963284
15940935
15934353
15899602
15894253
15890308
15887359
15884502
15871936
15871895
15871891
15862727
15810495
15803542
15778147
15768532
15762102
15756985
15750052
15736762
15730184
15709065
15685473
15647120
15643044
15624695
15601781
15598249
15580752
15580071
15570543
15550953
15533992
15532173
15515440
19492612
19411882
19348406
19348405
19348401
19331114
19274816
19170795
19111866
19009801
18975485
18955722
18813086
18770101
18761934
18727353
18714605
18713215
18713200
18669940
18669006
18649212
18602805
20077963
20077962
18510190
18454586
18412839
18394512
18388169
18361706
17498608
17498605
17498602
17494429
17462050
17447603
17444984
17436867
17436863
17429213
17429191
17427851
17425151
17416702
17413132
17409044
17407612
19343903
17373037
17357794
17356440
17349950
17342824
17340774
17336874
17327542
17327536
17310663
17310659
17310456
17304985
17301038
17300724
17289542
17289533
17275954
17260558
17252750
16671037
16600433
16599365
16597559
16532478
16529285
16526148
16503006
16503004
16503002
16475579
16475464
16452293
16451517
16433643
16422489
16413434
16406462
16380072
16372715
16351452
16350498
16333120
16296667
16281798
16255103
16243684
16225146
16221876
16215526
16208588
16206539
16182089
16177578
16165080
16163682
16163675
16155309
16140128
16136844
16130359
16109300
16109293
16106762
16078984
16025883
16013288
16001576
15995394
15992184
15966454
15966453
15952478
15952477
15912827
15884499
15871889
15852073
15786682
21991889
21957801
21939009
21928571
21649621
21642641
21638872
21622672
21527175
21266283
21266281
21266280
21220670
21220645
21214076
21214075
21214074
21192392
21047876
20816331
20601731
20552920
20552913
20507043
20363823
20047245
19716066
19716063
19697299
19694388
19694067
19602705
19592932
19565572
19536425
19514695
19485656
19475901
19463676
19460091
19435928
19429847
19426572
19411789
19377042
19366980
19363950
19347695
19343891
19323253
19308827
19292660
19266981
19228634
19227101
19201787
19198958
19192726
19188936
19186880
19182546
19179791
19174828
19147254
19142149
19137452
19113002
19111855
19074647
19058296
18087296
18080970
18069621
18069438
18069436
18051620
18050575
18048265
20443252
18042607
18036012
18027522
18025752
17998119
17991911
17990723
17989404
17985968
17985958
17985067
17985064
17982999
17976839
17959874
17955733
17939468
17937798
17931574
17931573
17931572
17921751
17906546
19343864
19343863
19343862
17899997
17895516
17851384
17845952
17845950
17845945
17845944
17825116
17760801
17727643
17727589
17727548
17715868
17711082
17701829
17679583
17668829
17668828
17655547
17642100
17631233
17617014
17608893
17608889
17606527
17595430
17593305
17584305
17577479
17577192
17565096
17563190
17561015
17561014
17541093
17541050
17532895
17518878
17508078
17500344
17500341
16972607
16460401
16447617
16396413
21717682
20934616
20929657
20922983
20879698
20873689
20853212
20847487
20828048
20819106
20816344
20795597
20704136
20699048
20695954
20694761
20682964
20679969
20667814
20627185
20605266
20603299
20582852
20572093
20559162
20553535
20528742
20521467
20511094
20509762
20509593
20503678
20503037
20478083
20469571
20439049
20439041
20429739
20429493
20415802
20407294
20377798
20349626
20225727
20211953
20188314
20159129
20158550
20142062
20129215
20128524
19134063
20642192
19112266
19112240
19111853
19104477
19095315
19095312
19079420
19068043
19054212
19052671
19046552
19023953
19016937
19013934
19009793
19000464
18985627
18975844
18959470
18953459
18947457
18855169
18821134
18816418
18755423
18728297
18721221
18715975
18691277
18656320
18644916
18641496
18637979
18600113
18598439
18587461
18573996
18557966
18557965
18528821
18524311
18519118
18519116
18519107
18517058
18508392
18492642
18491440
18486133
18483433
18482303
18482301
18482291
18481699
18468358
18457809
18457803
18457798
18457745
18454772
18441868
18419369
18389403
18366782
18363678
18346801
18341752
18333736
18326188
18323356
18314207
18306650
18304925
18304924
18304921
18304386
18301857
18294606
18294596
18294593
18286792
18273432
18271346
18261702
18251345
18241624
18238726
18237674
18235957
18205680
18187111
18187108
18181440
18173865
20078017
20078014
19361115
18161434
18160542
18096585
21899226
21767378
21568119
21564396
21526533
21520518
21485988
21450173
21436394
21395942
21368683
21338502
21336024
21333914
21291018
21291016
21282277
21278671
21243836
21237533
21194663
21194657
21140859
21138884
21131677
20516771
21051104
21029997
20584341
20564427
20561147
20558436
20511104
20511100
20507046
20492053
20492050
20487483
20480416
20478099
20472461
20449664
20439042
20438049
20429492
20425649
20422746
20406320
20398154
20398146
20398120
20386329
20371551
20345863
20215750
20209088
20202633
20188318
20188317
20174996
20133957
20131115
20123817
20122301
20113526
20113496
20110768
20109002
20105313
20104634
20101011
20081672
20078242
20077989
20055338
19578801
15636591
20507569
20698187
16736371
19023890
19267028
16085210
18796049
15782581
15631929
17024766
17597350
21047589
16594461
17135646
19221164
21473969
20441398
15685004
19184498
18973896
16528610
15547486
16273794
20194809
18357954
20519188
20010373
16708309
17335523
17927116
20841722
17708328
18822708
18488748
16288581
17685993
17479528
15999858
21076264
19012820
16773482
18578798
18582304
18712798
15709320
21644434
16484121
21073566
21642331
15741428
21635184
15897166
15781592
18459622
19091091
17101624
21220392
17382211
19157813
17443664
17242389
16469473
20570443
16680209
16798177
19100944
20064134
21229930
17891081
17509336
17474128
19143235
22025436
20126958
17879549
20547077
17584625
18533013
19424811
18496887
19225908
16259795
17601834
16431830
18795509
17526308
18567651
15564228
16224112
19260366
18000675
16690581
19000601
19484605
16340589
21419253
18391248
16457728
15984498
20418352
16610497
21635795
16162565
17848395
16304223
21841061
21495557
21258976
18447890
16960256
20416493
20552914
20872146
16228106
17571336
21378301
18957464
17657178
20889848
18181419
21804485
20039822
20024697
17027072
17077800
20547285
19060803
15867652
17327759
19490773
18334689
19105913
20942889
20578313
19400397
18698236
15598725
16859868
19438080
17923730
19711135
19917650
21477376
16594413
20208049
17142595
20661053
17341751
17042021
15920317
19104220
20333924
18988729
20116308
18522522
18202431
17332101
19573473
21042243
20600516
19782791
21456994
17544139
20579296
18775827
20965610
18999164
21350870
16464871
20202506
17213376
17081913
20826840
17177041
20660633
19183318
17803401
21196728
15721968
17079764
15883143
20527623
17240561
16824298
16310137
21462907
19304806
16620317
19250365
19793277
20143102
16552215
16815489
17194372
17667289
20837282
19024823
17356991
19485869
18210983
15786888
15986521
21264758
17617333
17625081
20550690
18261219
20046133
21615347
21248207
20436032
21675887
19065748
20575730
19017603
19319576
17851345
19255127
16443154
18573120
20979001
16835557
16996372
19495863
17581479
18777713
21111678
16749538
20395837
18083238
19812092
21692591
18586140
18606581
16570778
21165654
16789331
20110333
21513000
21473210
16683507
16546508
17149088
16164590
16403991
20679636
18324329
17900444
18256115
21291329
17112781
17993929
20702057
19383958
19672696
15932385
17324178
15592955
16509953
21689037
18278840
17412032
20442154
16047512
19132791
16097619
21675090
18358259
20229139
19582523
19930654
18571013
21130695
19014117
19549716
16473357
15886547
19223813
18524160
18214226
20426656
17556220
21068488
18676136
18832107
19358797
21898454
15617215
21359632
19042266
20065168
17901175
20183681
20712207
16698113
15618104
16191139
18164944
19343434
21362582
16449952
20473643
17939464
21480490
20447149
16207002
15656240
17046220
15965386
18524338
20804880
20531197
19146205
18796048
17998408
17416366
17505380
15796943
19032122
16700241
17577420
16898907
18164351
16801655
18773704
18985843
17001260
20919573
15739632
17728557
16147725
21418235
20551738
19053915
15844291
16594433
19894155
20848187
18996713
21678259
17199198
18807675
21757083
16553193
19793434
19042512
21053441
17510820
18398757
15904750
16570029
19521272
17590302
20488746
15810190
20443264
20479545
19036735
17375753
19534170
15687449
18830764
19023446
21324243
20055188
20305569
17804213
20397545
19822289
15794199
15577498
17361691
19236287
18652065
15596920
19183307
20890142
16751464
19384206
19460597
20736665
18429449
17549829
21057070
17123674
16551152
21344721
20003040
18411816
16986357
17969796
19653153
20148864
19119701
18606290
20816567
19738216
16708980
20484948
21309404
18797209
15620830
21112677
21044136
16004106
18506658
17213260
18030686
21462581
18412034
17352705
19056614
20921475
21439174
18266568
17515261
19674935
20438384
19443876
20738742
16910802
20036168
20297871
19491355
20003967
15589705
15566435
18520461
17010012
18517166
18573675
15537137
19171995
19747200
19850182
18352918
19634310
18777789
19172364
15946924
19175249
16711307
21091417
20838121
20846450
20957594
20880051
15966124
19901135
17063419
15616404
16820831
18265802
20394460
17640364
18380934
17179844
16770034
17171723
17996763
19673057
18976246
20222486
15947898
19665625
20173056
18824835
19878036
18688055
16547944
16456752
19664905
19366775
21957803
19739424
21477274
16690691
21235844
20057158
18483456
18431881
21191196
15801350
17589214
18765325
18434900
20109006
19179790
18591304
20233574
19066140
18981213
16981076
16444400
20192080
19116974
18414331
16685051
18417961
18360141
21649699
17683304
18567387
18720108
18325112
19836205
21493298
17449521
20179254
17942761
18312752
19238355
18544196
20530403
16634899
18589900
16301934
20888544
19661825
15578149
21285970
18502421
20017788
18320903
19715532
16469223
21066953
21521954
16499301
21092723
15528284
15920105
19026922
16116369
19085356
19665860
21617585
18755564
21685721
19657936
20182814
20371031
18689575
21473240
19462279
18337439
18819212
20629934
19388410
15995152
16391984
20623165
21471578
17477219
20694757
19848030
21080105
18198363
18951383
20391041
15871932
18270845
16471166
19779771
17444316
19647956
21393043
15947296
18028832
19777790
19729322
21086799
15520054
18849404
18681339
16784048
17609848
21524930
18474760
19768288
17701118
21084087
21637155
19860295
18543799
20630926
19428869
21486337
22039748
20675827
17334271
17934144
19176862
19280438
16676288
16634121
20855994
17187348
20592010
17963880
16489390
19143956
18801512
16617918
17461369
21462635
21463550
20083916
21790094
17363323
20940175
19228413
18080932
19626739
18300320
19705315
19402320
20471731
21097770
18975584
20618596
20029343
19161815
18926453
17924270
19507357
17273492
21511353
16206375
18392393
19395700
17991978
17457778
20123828
16635646
20063908
17017409
18755830
19791679
21094792
21093297
18580384
17099195
16834461
21693697
19432986
18264835
17433966
18777062
17220391
16372656
20973307
21471880
20978458
19181500
21778801
16757711
19811596
21375102
18953469
18199282
17130980
18068026
20564060
15718191
17518245
17592217
16219931
20127127
17007309
17156416
16333006
17375232
20658541
16430612
21393616
15596158
17071367
21888221
19780853
16858004
20801967
20888647
15632346
19900250
19681210
18063317
19936449
20157947
19165685
19962697
17339811
17054735
18322412
17447086
17521252
18216079
16768335
18018667
19250092
18716841
15896696
15640264
16215498
18988403
17603972
15745875
20811744
18438277
20461785
20562607
17314743
19182457
18389265
21462098
20147805
18835124
16456394
20050487
17102299
18435085
18354333
17824549
19389014
21831325
18802985
19715093
19768806
17440640
16443994
17125956
16315527
17638181
19005686
18082416
20698021
17457775
19088620
19134496
17953298
21162325
16379510
21835292
20056018
20306940
16457308
20194153
15992984
19890086
16533418
20545802
19251831
21644295
19385387
16050887
19755822
17286868
20160554
21879663
16431328
20070598
15608112
15713182
21164408
18282342
15907979
17803363
16977713
15800825
21424311
19328930
20648582
17996512
19901662
19824256
20587678
18243580
17244999
19381051
21329123
20081722
18076127
16808584
21488416
18177975
15846012
21121847
18462407
21566455
20590514
17036618
18289142
17210876
20092452
19919731
16169727
18786285
15987058
18844529
17040546
17524190
20083537
17177907
18216075
19261205
15842680
17040509
19501307
15517169
15517746
21332775
19004659
18385007
18052521
15793979
19957353
16951011
21153461
15574622
19622467
19018751
20190666
15809816
15984437
20432637
16126601
16861720
16834581
19945101
17533491
15791370
21664737
16518180
16255737
20398294
20000031
21409996
17676697
18226272
16449684
19038900
17303267
17084843
18728518
19066350
18231111
16442424
15656469
16171054
18787438
19650610
16449394
16759783
15778173
19378610
20174934
19926387
18505800
16955055
21572262
19813386
18724535
16688967
16121868
19535791
20055066
17470666
16737503
17349439
17094645
18164472
18853532
16223107
17397447
20393350
17013869
17310739
20008625
17516009
20646387
20397537
19866508
21176661
16236108
18085429
20550562
21599844
17873711
18076814
17123214
21051386
18452048
21126291
19632735
19107304
17418071
21665873
17339313
20499769
17662689
16489480
16469126
17452026
16456206
15516535
20381395
21601010
20584278
16143750
16181798
15995096
20932193
21600361
18985910
17508658
20658430
19719908
19171291
15858624
16925539
17828004
21281841
20636670
16725021
19578581
18096918
21322904
20586987
15552539
20959727
17573983
18601834
16907786
16866238
17339613
17881194
18779461
17918303
21840840
20101416
21184115
18763657
15893212
17069270
15932068
16121655
20179106
19370467
20045208
20515432
20370862
16450237
21499008
16810624
21471897
17054752
17476553
18703384
18550437
16936604
18019268
19018642
17577174
21050340
17517114
21537150
18283135
16216793
16253788
17933083
18580645
20501560
17413404
17332570
21801562
16690991
19519752
20444063
15537122
15559103
16207264
17717750
21132866
16478905
16771281
20091964
19156389
17414333
16310599
20622762
20123337
20362492
19961973
17264354
20074905
18375626
17924286
18538195
16135861
16178134
16060311
16208656
16059414
17582021
21706994
16078524
16400508
20599101
17583079
18842616
17042804
17347875
16464798
16872034
16553507
15575815
17766519
18349733
18072461
19811559
21768584
18751998
21789953
20506928
19854611
18460169
21453525
18355171
17333490
18316655
21218571
18171971
20636585
19364896
20965942
15523075
19067063
16821510
17370895
19036805
17234566
16919162
22010598
17925737
19619375
15920852
17556927
20169368
19372540
18520653
21787981
21793374
17397490
18515441
19061024
16296927
20394030
19628149
19912124
16398251
21989747
20096114
17070341
21185989
19398823
19807240
18075922
16398208
19695286
16547388
21709523
17925109
17947907
21162621
21084890
21309200
17851378
16501141
16629568
20940270
15595907
19265365
16340472
20171827
19247696
19132344
17679120
19209570
15718179
17985783
18072357
16954053
19380301
15980295
17300638
17624134
15927296
16102398
19369508
20726268
16268876
19104262
17601843
19653439
16430335
21714925
17931143
16580262
19345629
18460078
19635764
17662156
16227866
15871467
17617757
16620181
15897772
16649402
16758331
16178171
17803799
18354843
19353407
17022856
17626523
21419258
16572746
16779140
16476881
19366017
20675346
19016924
20609033
17331245
21116179
16353511
18040272
16997849
16675775
17546364
17342855
21719626
18187280
21134916
16969724
21073122
17183940
15782878
18431260
18575943
20423374
18494638
16423111
18482121
18484323
21175971
15810747
17844723
16842073
19630538
20142607
18760247
15703338
18174092
16155356
19537347
20443402
16490633
18264897
20331914
19855258
16989417
20675026
18202732
19756491
18280735
15808027
15622814
15605276
18443803
18648986
16256049
17054152
18555682
19125754
16618863
18273872
17178737
20230518
16729475
16044934
15896261
16882375
19617282
17038300
20107351
15544685
19591020
17873564
18620104
17686123
17243271
18617706
18158440
20089197
19158447
21413588
15854933
20738054
21143502
17711974
20385565
17320337
17568491
15746480
18251444
15930933
16916190
18662950
17852259
16362696
18294511
18703306
19609542
16683641
18269539
21090520
20079565
16625128
15785293
20873399
21366115
18401226
18003422
20799934
15919693
17939006
18597574
17276649
16342912
16100531
19997934
15540835
18297974
18489673
17103344
19142799
16360567
17179235
18525311
20503161
15641523
15530752
16398385
21499887
18442105
17503752
18356003
16579282
20142581
15549016
17119752
18779459
17664515
19942114
20098168
20718595
18476636
18936325
17308311
17314741
21507257
16434935
18450878
20961981
17591411
18693795
20183387
18826611
18829202
19538358
21537317
17202084
21879680
18444043
18377448
17505366
17035672
17606178
16252635
19348816
15673363
19380956
15656472
21242800
16315890
19847570
20449983
16286324
19227688
19321807
20657338
20172190
21208669
18433476
17914293
17855728
19433835
16238958
17202904
18269735
15842183
17724401
16316434
21742461
21813026
20162971
15857858
20964266
19020364
19589766
21610353
16678340
20044765
18951753
15754735
16371822
18314427
19966749
20426298
17265703
19461593
19720810
15705243
16190837
17561599
16008037
18039440
20532131
16968615
20171448
16203280
20099439
16612921
18515605
21840519
19648525
17883459
20676776
15915843
19735585
15532174
19390531
15850430
16688101
18238990
19203464
17000476
16537580
20876553
17450708
20727086
15904503
20837253
16036272
16530604
17633074
19456247
17786070
20525962
21791261
21414063
17849824
21247444
19146557
21807689
20206787
15540619
17959642
16545744
18479506
19748861
18240982
18414953
17217133
18511768
20602848
15949171
17990717
20555239
21632664
20427807
17826210
21457410
20339604
21555752
19864966
17901826
15913403
18435319
18069066
17133494
17094754
20585080
19333659
17726636
18586816
15727086
15996751
16780008
20002421
20121010
18164458
20538256
20802421
17616456
19261362
19785093
19234760
20920105
15998615
21129159
19015926
20924186
19418228
17983360
20107414
17362216
20041384
20708255
21702113
17044443
19148340
20383078
15686079
21299417
19397222
18813003
16825668
17505864
17897113
18540798
21776834
18165798
19912306
19784493
16835517
16118105
19550350
18182885
18490078
19230110
16676342
15960052
19098944
21424965
16430336
19887345
21351191
17207239
20872193
17200276
21420535
15532251
18075440
19225055
17627200
21684479
19706198
19224878
18388647
19419342
16835514
18258650
17448401
16894924
16597495
19718664
16923932
18057011
19762418
18240837
19952152
19387294
16884888
19667684
17823782
19238059
18973674
17443196
19120746
18562872
16336547
18352971
21409790
19723271
20423383
19901541
16379513
19317857
17355488
17350981
18657759
18247270
15674925
16823009
18722655
15551638
18321445
18701158
20131149
18259816
19646176
15660491
19036485
15915606
21362719
20690344
19175188
16895488
20306839
17263717
18252071
15695147
16875100
21232162
20860336
19685441
17718747
17420649
21605514
19835549
15630872
18799496
16638778
15853090
19140402
16787476
15916380
20849686
17491503
16266648
20163979
19673014
16034853
17493780
20923287
19180370
21307391
21267565
21161873
15537856
19670967
19735335
15690283
16186438
20587105
15970783
18364061
20878041
17287841
20085970
17484413
19239827
19063808
21520697
21505224
20924304
15561155
19104321
20836633
20113269
18794474
20440781
20449991
16502760
17727182
17091597
20530305
18826994
21214498
18453795
17966743
20201667
17560952
17653493
18596501
15768652
20455122
17901823
21352270
20211957
21125707
19012140
19595570
18043787
17622862
17204732
18322130
21308343
18051488
21244247
18080336
15756880
20509403
15583501
20934210
20011806
16862198
17078236
18668488
18595821
20940568
19891018
21097761
21190464
15898822
20193832
20727647
17351690
16604799
19291075
18059398
15737497
16945065
16776955
18656195
22030933
18524550
18363510
15730173
15690865
17071841
18638047
18684127
17378236
17326544
17844859
17403563
21894868
15969706
21144952
17185207
18288500
20167834
20423917
17264695
16372911
20375983
15793320
17849679
19708839
21104506
17951213
19591578
16789370
17324636
16161861
20629297
21545936
20465974
19293223
20586173
17168043
16624450
20615739
16153709
18560849
21087239
17571608
18245167
20500704
18693980
16340686
16513713
16612465
19425876
21094440
19659706
19204300
19251167
15687721
17506231
17474629
16442452
18039518
19859000
17518010
19237957
21673859
19629602
20170911
19549993
20009052
21218304
20125094
18288117
21211961
15946831
17715454
16894800
19939723
21862745
16099126
20471628
15893213
18952748
21957798
18705737
18289494
17404126
20122027
16773316
18661459
19813048
16041236
18440532
19643437
21152996
17707077
19824989
17569295
19155849
19813165
19052779
16153565
18509146
18097893
15825592
16969164
16585436
21439173
17346316
15984731
19777204
17679265
15800558
20030432
18096354
16489938
17961885
17671005
16583872
17093983
20367806
19222652
15836551
17966819
16893875
17181679
15731998
15535336
19590818
21322460
20591747
18492551
15866395
18754523
15933354
17483923
16421657
18758277
21395110
20927739
21798119
17536221
15573242
20501510
20636153
19907393
15532176
16402231
16850023
19304900
15568585
16488296
20519453
21181560
18774630
18316869
16469469
16936529
21496748
19957420
17335534
21734133
20935215
19563625
17515088
16544674
21666406
16055340
18657425
16677191
16224670
17328146
20799296
17971554
15780342
20170308
19390094
17931328
16108932
17430312
15719585
20574186
19768468
16676338
15642753
16711175
17620395
16160587
21590636
20155605
20220622
18927141
18269678
21366204
18455949
15712465
20827358
19342836
19914795
15836555
20882730
18667874
17152915
15784135
16300211
15807760
21644872
18179365
19475458
20629606
20011187
20711678
19038750
16425947
21462765
19246247
16881942
18664907
19191621
21703010
18388681
17257985
18546568
20595216
16965244
21807274
19703797
17533960
17966313
19370286
18307654
16455417
17274042
15882512
21585591
17442835
19571728
20496559
18926715
17443115
21905489
17495549
21879659
21486361
20428727
19058073
21692595
17615464
16045419
16440509
15639679
16082793
17603377
21268385
21214989
20083421
18785884
17892759
20006196
17099415
18626060
17651561
18451627
15804337
21343590
15890057
15612398
16779535
16041553
15956862
16964771
16509438
19289346
16652013
21626612
21344984
21087832
17626910
16156194
16286904
16816766
16225709
17666609
18237621
15824291
21473965
18409832
18516462
16607139
17171563
20533572
15696631
19180404
18429749
15612399
21843848
20694764
21335741
20827068
17929401
16842042
21140065
18262139
21392804
16971829
20145963
15853087
19594338
15591920
18844763
15540550
18844560
18638031
20515602
20617716
20508687
21304154
20946861
15890289
18837657
15837667
18922342
16221314
21255498
16137578
20929461
16893332
19656149
15561160
18382703
16327362
18574156
17305299
16185923
18335901
16669563
17983334
20625568
18368655
15724563
19847381
15626870
20605754
20590515
16791668
19297809
18066353
16410111
18475107
15904886
16756215
22071936
17249904
17368297
16475048
20307361
19267033
17443921
15881732
21473695
16119661
16719930
15551979
18198570
19896254
21365982
19528137
19899401
15923994
19583899
20409102
15718187
20215615
21099654
20860250
15710278
19952549
21457726
21605323
21783090
18832289
16077286
17468728
18650767
18474503
20552929
20609099
16700500
16878218
19916076
18302759
18808464
18047461
19656225
18631915
19893369
15588358
20723173
16267184
17656203
21150420
21158339
20517109
21704974
19106281
16844888
21165842
19406735
21876891
19233689
19899286
18235160
19437378
19582943
21041537
21494694
21393081
16911544
17139815
15755262
20071719
20069824
18359872
18661614
19463672
21102317
19694872
19716704
15640535
21240787
20081700
17367091
15992979
19740444
20799590
17713866
20083373
18727763
18071076
18198365
16385863
16615004
16372888
20679161
16841376
20963720
19243526
17443600
18689712
21371983
20633939
17544247
18517171
16095450
17243519
21229868
18365512
17689462
18365567
17849931
16856896
20359145
16151493
16869335
17847665
17985748
17521053
17650354
15526491
18725824
19807808
17724244
17049696
20712421
20586893
19588080
19697662
21774667
19664527
18047450
21134185
15951453
16774177
21619609
17582015
16330968
17922326
19485873
15671354
19297115
17340706
17309897
18275590
15723024
21132294
17448916
20116145
16398864
20508558
16867302
19011318
16950056
19046244
19046651
20950875
19240494
20857639
22031346
16117209
16948883
17479949
19946946
16262969
17314586
18204844
16172296
19091333
16960661
20187719
20587048
17702516
16109192
18666406
21352225
19695086
20374986
20547725
18535074
16318656
21306019
17544129
17878013
16280090
19922955
20426633
19543807
16511579
16440044
16332465
16302543
16999613
18064867
19017602
18420526
16958724
20662272
17044575
21338292
18098304
19735339
18774131
17655531
21805809
17766759
16498154
17401252
20822733
20128984
21400967
19239728
20803167
16669477
20886631
15720709
21478709
21557016
19382989
16624553
18382191
21171905
16848354
17128395
16004157
16545033
18223158
17029679
20850709
15588359
21876014
16770842
21475053
21162694
17425278
19369143
18643803
18287900
18484381
21943293
20672247
17901596
16515282
21569471
19017675
18351478
18977559
20142131
18718887
18380313
17300493
15985092
21506058
16638773
19417044
19933287
20669872
21952066
18412912
21844765
20722323
19492659
20678968
19575791
21558105
18781367
16883119
15984303
20408341
17335528
17211769
16618486
17332215
20888949
15918435
16129006
21902115
16302938
16081334
20222392
21701921
18388840
16427057
17505377
18341751
16608371
21748998
19229970
18445862
19077835
19442968
19687374
16806220
16402447
19965954
16889949
17975253
17409671
15654187
18512409
17443455
21325099
19528101
20222245
18584930
17896155
21486321
16531352
17413906
21186954
16981981
17966203
19642433
21212621
20890220
19486444
19924474
17939237
16447784
19218328
16647644
18039550
17343037
20593644
18792656
17582316
16406133
16292681
17006108
15920457
15754538
16505701
19704212
21473328
18274852
16821385
17514730
21320230
17953292
18254676
15857724
16647834
15715757
17669151
21336010
20829721
18274509
17038965
19066984
21335244
19084757
17575440
20225409
17610158
15628658
19250791
16441335
20889246
18561586
17636688
19365929
20631595
19260581
18385406
17304080
19105562
19763006
21404770
16230764
17563332
17551452
18299968
21977677
20841882
17187617
17137277
17184377
18477124
18058117
17724680
18448858
18066618
21473663
21317601
17091893
17366839
21496754
21666960
18350770
20830638
20446387
15946171
16862744
18036123
15816201
16969749
21058163
20698096
19351578
21593246
20055199
19144159
15566443
17198051
21416687
20042769
20044163
17925412
15947992
15659922
18488775
17176942
18211531
18600601
15994387
20360456
16752961
20075127
16416762
16030369
17921106
15679018
16106771
20441394
21411849
17559731
19661081
19167968
21208474
16521189
16309069
17116453
19623798
20424920
16294656
21291509
15708162
18218265
15670006
15770114
17313908
21576537
19625565
16826773
17883630
19080875
17704880
15707259
18384423
21280548
17591532
17674610
19895595
17045788
21421991
21807681
16102697
16151586
18272613
15695832
17074863
19931713
16877620
21098322
20502467
16879091
20528667
18946578
17525963
18493090
21664719
19502977
19473498
21353120
16849750
20653724
20831004
16431256
18006201
16047417
21462469
21122463
20168139
16926668
18073635
18608064
19184127
17935242
21863606
20852566
18655644
21108014
20176351
17265562
21323081
15622523
18613797
21394569
17935257
18771539
16999379
17394226
20823391
18214232
18442579
16308098
16821695
18794714
18026055
18036471
18198364
19225272
20929109
21938975
20683302
21634146
18577922
21046968
20088320
20125211
21224329
20025749
21188331
16447529
15822460
18171322
17611983
20514949
16484923
19634528
15663534
21644028
17327750
17240636
15725981
16583532
17352706
19194308
16450660
19365250
17400033
20863345
18923098
18283061
20875207
21262007
20974025
18681106
21124264
19789455
17222294
18803842
21158904
16547452
18321837
18674500
15987226
18272638
21938965
20361726
21540695
19958421
16284050
17047227
21763216
19064979
21086841
19894359
20427000
15924039
18185124
19548177
16266649
16520999
16182120
17486679
18429368
17012689
17717442
20532530
18808432
16548947
21301983
17458412
17321850
20443383
20871495
19553067
18990207
21586258
15738547
21240098
19024183
16534045
18848181
19014228
16773863
20510839
15816698
17962875
15627022
19762549
19950034
17953919
15678927
19152777
16524996
16353659
15878490
17717804
15593323
16582803
17446075
21205555
18669709
17886262
20679561
16487899
21315289
15586154
17000478
19134488
17409919
20359655
18991012
15892722
16366181
20001883
19538556
20972377
18575344
19855271
17060267
16865618
20390486
16312084
18577762
20482748
17128912
18808574
18431289
18816373
18079569
15750493
17337152
21714418
20650025
19686553
19194118
21119382
19364996
21108856
21164391
19567690
20410778
18649963
16926310
17363848
18812614
17244852
17322095
18653000
18613355
17354232
22030934
21302595
18723729
15835629
19687698
21171494
17640844
18573018
16195085
18295216
18560063
15586075
17242600
21111375
16227544
18600107
17852110
16027333
15842683
21727856
17599583
17065788
16493936
19804994
16712757
16603782
19057466
16240861
16629565
21642931
18069623
18062804
21617504
16549390
18561011
17727581
16122857
16711623
16158010
16566345
18211951
19967948
16231614
19378523
20237006
20834022
17449504
16093369
21247924
19935082
16186080
17402209
19753869
21722164
18232065
20849006
15850331
21246379
18071175
15518001
15606832
16527004
17430537
17492411
18675188
19573630
18464488
16167453
20231340
16028434
16870387
18376498
21470427
17826967
16019768
18090186
20592048
19584211
15645771
15887805
15987407
17060279
15559043
17059642
15926345
18091554
21797726
21398387
16334968
18723450
16687017
17176984
18411890
16789335
18358119
20228332
15892316
18650639
19833671
17941553
17288704
18610591
18787437
15704591
21422361
21795289
21157240
17892241
16937599
18955440
15533100
16844340
18826731
16972161
15947333
17135066
15871756
19521293
18489686
21985048
20382366
19039213
21441795
15960570
17722681
20864402
17496828
17567835
16050894
16533416
19632912
20524498
15924900
16492923
15706278
18812148
17464595
19112328
20006316
21869668
18367911
16250197
19349457
18615959
18922582
17901454
17350378
16443087
15958910
16426799
20132576
18766417
19550262
20031896
16710911
20564932
16006829
19263122
17472506
21383360
19248650
17708128
17162877
17461316
16227511
20683659
15926638
15571883
20925713
18564969
18384011
20800719
16059538
20530395
20129262
15827908
19084897
19486762
15640639
17373396
16368095
17353752
17269951
20620623
18828293
18513379
16630194
18762753
16708752
16124847
17007650
16612826
17827466
20418007
17562442
18395145
15965384
20480870
17674201
21516595
17546575
18688054
16687696
19020703
19629691
19863769
18513106
17263052
17326557
15704062
18320453
16080388
16175972
19327772
15902873
19741333
16224646
16803741
20359809
19725398
17700945
16574536
20144032
16112526
16563315
21280285
20605003
19564002
19948461
16862605
16502003
18633015
22011868
19782530
19446459
17075366
21718834
15514186
16740006
16631294
17718731
21402971
20235422
15618805
20963271
19121054
18590520
15789509
17872818
16245756
20047627
15618764
15616146
20218270
17998407
21679453
16451720
19340778
15699089
18796047
16573020
20378184
16406620
18951864
17575756
18347907
18164791
16000293
15580109
16802502
20624751
16735204
17216945
16390534
21504962
20440621
20333596
16399090
17178766
19793947
19049481
18572480
16528905
16027421
18209158
19298312
19160881
15537718
17244295
16594428
16419405
20667350
19780692
21466754
17356989
16461443
15933466
19280664
16801205
17698343
17972138
17136375
15654775
16606913
20386059
18563013
19115446
21302877
21095320
17636820
21857326
18178411
15715179
20044669
17001933
21398153
16396128
20182988
15852052
15560706
16228169
21048474
16272425
15614280
17964976
17475940
21899982
17479031
17880978
15949738
19359084
19925271
15931045
18437030
18630251
16464205
20558978
17564063
20804881
20235896
20642034
17711808
17989130
17067674
15677576
19998833
18709840
17257964
17152454
19850598
21140320
17032612
16330821
17546787
17534469
16364573
15566022
18513247
20434080
16294182
19437915
16380575
15712510
17187538
19131417
16151722
18847652
15597283
17955745
21266287
19731892
18724547
20378204
20176916
16340688
16648090
16972449
16620258
19103329
17238623
15988430
16419448
16360700
20438399
20920067
19482221
19559565
15608941
19880918
20660873
22147374
18816202
18774997
17379353
19011173
16632217
15665634
21088736
19581664
16764155
17168042
19423623
18655507
19244564
16245477
18678960
16875119
16238770
19423987
15778816
20974414
17482301
15862499
21117305
17433183
21702400
21149243
17488173
19471140
20162794
16926949
15951311
20660885
16219048
16012448
15838965
19626346
17091047
18197542
17095179
20719811
18515607
17941245
21456398
15675780
17060182
21411839
18277552
15904887
18640406
18448134
19650511
20299047
19142066
16532151
20677478
16951616
18478819
16734038
18390019
16341295
16111880
21165735
16436296
20458677
18762529
20373479
17518885
17987818
20712664
19811155
16595344
19221080
17523034
15999639
17855822
19545096
18449574
17941522
18433658
17927072
17617090
18979697
18058184
21309430
16918755
20393104
21112453
18762992
18399387
21449803
16478414
19910195
20870685
18757353
21600363
16263613
18809150
18936266
21534498
20350619
21217440
17112842
19263156
16772832
21531934
18181352
16449699
20803405
17414580
17085608
19331253
20414615
18808614
19048409
18488801
17432306
21371646
18501144
19825895
18042484
15632795
17003253
15956826
17618032
19831158
21300647
17347846
19680588
17397465
16893334
18363459
18349651
17207005
20598589
21471428
17269436
21917221
15735561
15853085
15545242
15742987
19620221
19382434
16585087
16361596
20217268
16450630
16964812
18555165
21575530
17624645
19397100
19930228
16835522
16423441
16272971
17152029
19366411
20858296
18519522
19186400
15550092
17019547
17405747
19366389
16144146
17581244
19820287
18271769
17681117
16126376
19698025
17097988
15605916
17082010
17335530
16236662
20169949
16641657
18514585
16101091
16510743
20337801
17577164
21456440
17620404
20696953
17083749
18578203
16769244
15644831
18842971
18572721
19747383
15609803
15706006
19966558
16153372
20499711
15723908
16317330
19882975
20334002
19507359
18066739
18955735
19875841
16206681
19898097
18042596
21503596
20716551
16687378
15871403
16547787
19103895
21114909
18667958
17849823
17060109
18073638
18332357
18335842
16170416
19536006
17411580
18075446
16710428
17185925
18778909
19436695
16816513
16442453
21744574
18424318
19436690
18787441
18757528
15529485
18946244
15626072
21320942
18785194
20548254
21079464
20645461
17240917
20524383
16964900
17205276
16631176
16505458
18651967
16610506
19645537
18243334
16035336
16584674
19878341
21035383
17470871
16673673
18187135
21830643
19839214
19318659
21488034
18390020
16728866
16529289
16426696
17375230
17985965
16569981
19623042
15931047
18402349
19253130
16454978
20924007
20597336
17029658
16326789
16816541
17851088
16675772
20878862
21109125
20121936
18375258
16549574
20851696
21642520
21176258
16424964
19939223
16956743
19686224
16287524
21248445
19081019
21039750
15730610
19909009
18671752
15543709
15612401
20297901
17695138
16890708
21882621
17597556
19746539
15580363
16341904
17268039
20059394
20629279
18423067
17062525
20951557
16755942
20306844
16403109
19830610
15871791
21382202
17610991
18630217
20124020
15674950
21592032
20193881
17250963
16937871
20848259
19024591
16781890
18632997
17345975
20478866
20631593
16581638
19085896
16257882
19287269
21641519
16998363
20598825
20453732
17554946
15800770
21060118
19022074
19200763
20669596
19803665
19477779
17088223
20805071
20214769
21639615
21722223
19365396
20430210
18251578
18460266
21381554
16374179
20107815
17102253
16173854
21358312
17017751
21574144
19224518
18374431
21162357
19798837
17187032
18057844
16036507
19007095
16609344
18595871
18359430
17563426
15580091
17458819
16256291
19461229
19087006
21085886
17089175
15559340
20149236
19625210
16326263
16629008
15780324
18030102
19879093
16968437
20099755
19743910
16182094
19646175
20947577
15548461
21987988
20523150
21067272
17290089
19157185
18001185
17964577
20305592
17558490
20340063
20158980
15625528
16052732
20662284
15750484
15756984
20166480
16200515
17156447
19560245
20442658
20851294
15643827
17441929
21838107
18648892
18834730
19435160
17443403
20804878
19067499
18678148
18507601
17823459
17283821
16482394
20029750
19344882
18751608
18226315
21532075
16469976
19487615
19955300
19558289
15825120
16712701
21041324
20043502
20172559
16337565
20659976
17988186
18437070
19014704
19014410
20433117
16059836
16938786
21125755
19207066
16569412
18175192
19537389
19536578
16350524
18316826
19575308
17046808
17342849
20166914
16933450
18353608
18936371
21946881
17451910
18164249
21576596
19036675
21419259
17036421
17994508
18644481
19088647
15539531
16821202
17222961
18853541
21463803
20615297
18281407
19965568
16036728
15537189
17319567
19577418
15908676
20632648
21957799
19412936
15750527
17035553
19364890
21568118
18032682
16082238
20712554
16608671
20979988
21317594
21830648
20669833
18488966
17646502
20713655
16478844
16292060
17336866
21791063
18666873
17681111
16872789
17659005
16964792
20630118
16988951
17601109
18342823
20868958
19263354
17992508
19874099
19715087
16343026
15893185
21147003
16822090
18599259
20200284
15674879
20543249
16511576
16793330
19536019
19966703
17610107
18483030
18180134
18005124
21239954
21139501
16485800
15576420
19783768
17957917
16235071
19714953
20393224
20027287
20064882
20549122
20425520
18359431
18457289
16284983
16875116
16672005
18510665
21545951
18180517
20185059
16723061
20581917
17943620
20486528
19013884
21559751
20170460
15875446
19813557
19669104
17395673
21791093
17468458
19495779
21800522
17884363
20016955
15553754
16565030
21626356
15683013
20965402
16334509
18787486
19221763
16215350
19995268
18409256
17667018
16464934
17986878
16722861
16923195
16116847
21987993
20100361
17069230
20952492
21239422
17966309
21051175
21524329
21320157
15521337
15987336
18673155
18804235
18161384
16841828
16567668
17958467
16538669
21466965
18309585
20539149
17611783
20113524
18535316
17562661
18328244
18051970
15967039
16355710
17494444
20815880
18632877
18240023
17562720
16441396
18174867
22003535
16409174
22039681
16925180
18928411
19067982
19116531
21910318
18704869
20334556
21805755
17348282
16249592
20568324
20394518
20467018
17347828
16633255
18329222
18563001
17212894
16180953
20443326
20603391
18300619
20510837
21848165
18312059
18257047
16050827
20087554
16308175
21467077
15994709
18300660
17126270
19448477
17644700
19154307
19898785
17443556
20346111
18506339
19597825
15590035
18555252
17394734
20501486
17883985
17486805
19700583
17541514
17452605
15847735
18365197
17007722
19487945
21136032
18946243
16218148
16218772
18390944
15791782
19232217
20938625
17365786
19941223
19357516
16465982
19197588
20449969
17868762
17032087
16430332
16421464
19884225
18257966
15906896
17062591
19948566
17359615
16509940
16174144
16758516
21307111
20655165
15660137
16776611
16757043
18421824
17886525
20731579
16039937
19434948
16429949
15865552
18466386
19139443
19028922
21740729
17261689
16116780
16033595
15668270
21492277
16297662
18551968
20568975
18642620
19743495
18414339
19753425
20505412
18649244
19374691
21504599
19546455
19826326
17116114
15610991
17942229
17290079
16469104
16332185
17157754
15794915
19108529
19667776
19239078
18313675
16677192
15724831
20569869
15642851
19302213
21605365
18719004
20833706
17941521
17844907
21317659
16190011
18714744
17284556
20309560
16266959
17402647
19694521
18293811
21991720
19729964
17167364
16623030
19743604
17352993
18950298
21187745
17521767
18999031
18158212
15520701
16048663
20869329
20367805
16722853
17491498
19345609
16720089
16629846
16119672
19931746
20522076
17679663
15793024
16906322
20657269
20682914
16537303
18560955
20409528
17414595
22010523
18727597
18673569
19671620
16260822
20144398
16426516
20054081
16894222
17348358
17102316
20574104
17223479
17266405
20359397
20412357
17093912
19357148
19737125
18036478
18768005
16845682
16441393
19060794
16565792
21102170
15896603
15842658
16487921
17138496
21036689
19544089
17096051
19093407
20840827
16160067
16340019
17353816
17224822
18514819
19119830
17679585
19601690
17655694
21502238
17679660
21825946
17310344
18413518
20963673
16124075
15597001
16227942
21439176
16441392
20966842
17060287
19824260
17017312
19915902
16207267
17718039
15737508
16835566
19736832
21460690
17693836
15526822
15924033
20535797
21714409
15925500
18556643
16594410
18639796
21492030
18056599
16850778
18342201
18605513
19575719
21127109
21684404
19263564
18159047
20843650
16783533
19290573
21324099
17444851
17445834
17712692
17966935
17658008
20091507
17233143
19228637
17630383
16889326
17020240
15584496
18184597
16876728
20560853
15981744
17158834
17035446
19350695
18515437
18777821
16083190
17310302
17353842
16827534
16126459
15611316
19072186
20602139
15805437
16609079
18046139
21091087
21504240
20526867
16133229
21883873
19291197
19769206
19745637
17874086
20973851
21598809
19426945
18311396
21747417
16632478
20099383
15998996
20085175
19349456
17283942
18430276
20196713
19888969
19399636
20640393
18668187
19252456
16101852
17069923
16501401
16356316
18395392
21279938
21388095
21209353
16020414
17987348
16015513
21469512
16302483
17916302
17641120
21534403
20926743
19321069
20421226
20050478
20333597
19468090
19963352
21378658
18460077
16523587
21813388
16532164
16865635
19384131
15943155
16905784
18845476
17679224
15867495
17331805
17040159
20922344
19246146
17324293
18557993
21577078
16134659
16060306
19247874
19525719
20421061
15756120
18259897
19207052
18978692
18459593
18423347
15832071
20735468
21220533
20725708
19203678
19171059
15757050
20232252
21475089
19008272
16670376
18435321
16823953
21548789
21288124
18538999
20716477
21295485
16829723
17504584
18626532
15574033
19932933
18360205
21214680
18710057
15580023
19665620
15993960
21205599
20010176
19384194
17346321
15621478
15544662
16350390
19448581
16393233
19848032
19457559
16649653
21810722
15656847
21030490
18954877
19541573
21540599
21525436
20034367
19753807
16193428
16689075
19568215
19771825
21301962
19255336
21801928
20591803
17181683
19745504
19397800
15542003
17367303
20122474
16370922
17667008
15840070
15895176
18794475
17189747
17352584
19353313
15576756
17538449
19832982
18551225
19237501
19339407
18375632
15646867
16106330
15957821
16427564
19644419
16582973
16183574
17901010
20427634
16997055
21236585
21430003
15557354
20843886
17083558
20598494
17699151
15872180
16504890
21143303
19038753
20122595
17346324
18665411
21570527
18219252
17394519
16706328
16273797
19374646
19308830
17557215
21143428
20653376
16024857
16986670
19008743
19124670
18301109
20663934
15984561
21055651
16282079
18195298
19297876
15793551
18033634
16533623
19179313
17342854
20890138
18069917
21228097
18191767
17250771
16250163
16287886
17908082
20135072
18701971
19471050
21762837
18020064
18843564
17418656
17953245
15644644
18240881
19084891
21355476
19054958
16489576
17045129
19842862
17941410
16475874
17326727
19398071
19458511
20922802
20384510
15957453
15984223
17061778
16730784
15822735
17370897
21781627
18334052
15750504
16630413
16419213
19999948
18822554
19067893
19650950
17681830
17592973
20699313
17873734
20511356
16173957
18209771
18772658
16054544
18264190
18622980
18068939
19835228
21817971
17953293
19437955
16043553
20008828
16423164
17042466
15732888
19876856
19403235
21969476
19029206
16302552
21565446
18018819
20699739
18644005
16894670
20236501
16772628
21128576
18834023
15766335
17540090
17664522
20101059
20615273
20922339
18824621
18546569
15788294
18193726
20481198
16358969
15971934
17004173
18295432
21500700
20825512
16091895
17192116
17211000
21041191
16617638
19281444
20345827
16995935
16336588
18073702
21214691
21035300
19730104
16043979
15513613
16259493
17210396
19148848
20609010
15654291
17969829
20002715
19499731
17196716
21447221
19653152
20858371
20716389
19266123
17522184
20836940
20027897
17472508
17076800
16826949
20636582
15966089
16185590
17404191
21685744
19018911
21432840
18789742
18184255
15778132
18663532
18617824
16022033
18191799
20380501
16567238
20031823
18041500
16088017
16840923
15860240
16183359
15989412
19501034
16508481
20674500
19621201
16515257
17092453
19061731
19785564
20029413
17584389
16315889
20430775
16054867
19525718
17548273
18335899
18075408
21418461
17660736
19295422
20220525
17157092
19849904
21155363
15864918
18157568
21478774
19554988
19449614
18404019
20398957
17983362
17905061
20649665
19128863
15566600
18346551
17302870
19416038
16130343
21624702
16368178
19363379
19839216
21220848
18416790
15660147
18321620
17970363
17658028
16021258
20945719
19281345
17580773
17767754
16049402
20015357
21537787
18194523
18682014
19646887
21545616
18980927
19231904
15672029
17627885
16148809
18811573
16515373
19103342
17066970
16893307
21857323
20042146
18533377
18216617
16524206
16076793
17300919
19199071
19383620
18075945
21282676
17998355
17019372
15884254
17230396
18625755
16091160
16988287
21652134
18335670
16012933
18400203
19627894
17441796
16907794
17581367
20839582
18563492
16604912
20564063
17436178
20674768
21865921
17560953
20674108
19853967
20179960
19651465
17512151
20403550
18655425
18612031
17060292
20530172
15732615
16918745
21295300
15920650
15698807
15896238
18849806
19018515
18234324
16253113
16903401
18405017
17911861
20653432
21726687
19585884
15942376
17618630
16492010
17158277
19192570
17069957
16531781
17723977
18558892
19513956
20173267
16941132
17334167
15776072
20722840
17146311
17895631
18321460
17432335
15861918
15619198
20009750
21724547
19386368
17589550
19300082
19127163
18454613
20155792
17293365
16258117
20144180
17876209
19013047
19878479
18779884
18667357
18663465
18282346
15831541
19608199
15982465
15598066
19807236
17065659
15761646
15557355
16284522
17264032
15941843
16033144
17293181
21527135
18399057
17494482
20237760
20514884
18756166
17406173
21555284
21537070
20847193
19137483
20350694
20690513
20050789
19517763
18595931
18809064
18580428
19284808
19479311
19161645
19995134
17904337
17872670
19665619
20853211
15813396
17149083
17641318
18981967
17087177
19263821
15756360
17284952
17524008
20063282
21639966
18513825
20397529
19409635
20220631
18234035
16162413
19105561
21690434
18545132
21768616
21262611
15904879
21112849
21894104
17515857
18503838
19337187
18684367
21952573
16643262
17926660
19960890
20825667
16896861
19069739
16011496
18830718
20399352
20562249
21048210
17989566
17657658
19307390
18194624
15566611
15819495
15939673
17508949
19070934
16637452
19394603
20463515
20552854
20507557
21692435
17966250
17043950
20450324
16808751
20579640
16376598
20182970
16637944
21674471
16326211
19167554
17251796
16501534
19228800
19528436
20078323
19546118
16423789
20350886
16085745
19632805
17619125
20521572
17828142
17687066
19556934
20590516
20210865
18974186
16446856
17571783
16629007
20026921
19057236
19534387
15998926
17170778
18346405
20926407
18246862
17290649
18724590
21404783
17632126
20031841
18578681
15548413
18777026
15720481
20509888
15603380
16617893
15980750
16514777
20554626
16023433
18953221
20064961
21868479
20219269
17594294
20225779
20069363
17191676
15714015
17228210
18086023
19416796
21625663
18843666
18719760
16521003
20616295
15771652
19926243
19772168
20544041
15686818
15624405
21800707
18558248
21235731
17133142
18808596
16769529
18267993
18790477
17141719
17591404
18441627
19514692
18923330
19818547
19430507
15789386
20633749
18957381
17242391
19169903
15853073
18497190
19576793
16719186
21440817
15714097
21651372
20491202
17469706
20110816
21492337
15692139
20859114
20583316
17987541
21591376
19652745
19536988
19861368
19629746
16026659
15909778
20185413
16244204
15993260
16045420
18220602
16082914
16554157
16760104
16178829
19438889
18815843
20113915
18950921
19247542
17543009
19745478
17304074
19590205
15515306
16842793
15853783
15552808
19445700
16160551
18246888
16783248
16844895
18395481
20949838
20827259
19170300
18775259
19091725
20718597
19935593
17927095
19666950
19372121
18157484
20810417
17710561
16908363
17172785
21302649
17485577
15778070
20451295
16829828
19691463
17220384
18080334
20666035
15717707
15920691
18082005
19263816
18842968
16650123
15728955
19945755
21459176
21146991
18641110
15552222
18067659
16792045
17073196
15626522
15659085
15836532
18544186
18709229
18846216
19457727
19816153
18664235
15961912
21422383
16047637
18374638
19943226
19370691
16859870
17562524
18290751
20712866
21389164
18800356
19288649
19635159
17151804
21605382
18755766
16639199
16519372
16878675
19567756
15853841
21805931
21322884
17151829
17394639
21417558
19009889
18474978
16604795
16342920
16468257
17461803
17111941
21324126
21485420
20572627
15575423
18089545
16877656
18330057
18487805
16401704
16431003
16719900
15853194
16824170
17376129
20107294
20435206
19043330
16960491
21497320
17766740
18193482
22024309
20666297
16153563
16868869
22066336
20012253
19732243
18275399
20102143
20048268
21991779
21391944
16862019
18381184
17341881
20693881
17410013
19804680
20580606
21957764
17478645
17589371
17074947
20519373
17519992
19243778
17668539
21879662
16332602
17148526
16311134
20710135
18022588
21471893
18710678
20557260
17244186
18604321
18082068
18757768
21791352
20947405
21278650
18248406
21457624
21473324
16779281
18978011
19422687
21668722
18040889
15527474
17468928
19010600
16499681
19062704
21954764
17517081
18221465
21078007
16002028
20101546
19433843
18164469
20158138
20099773
16215518
20570321
16703874
20716871
21041282
18272777
15799485
16894224
21789980
17459542
18296844
21093373
21099065
17198229
16403214
18477178
18515435
20636180
21460349
15788081
17902537
16045413
19408494
16242295
19651933
16515009
16310569
16088857
16706322
16107598
21394012
17310052
21694570
16253153
19594975
20724882
19525758
17992134
19064862
15921987
16513583
15656857
18387147
19804437
19490004
16161717
19033177
16430347
17618118
15632801
19553705
15707107
19552323
18816009
19182265
17102217
19900257
15982979
15693971
21056869
17914661
17973694
16905437
19942108
18073705
16634321
16455726
17462801
18997901
17391424
16482375
18578676
18197437
18422266
21770350
15706158
16430341
16857118
19117717
21478085
18552269
16532787
19263162
21222328
18232242
18583447
16515148
20551868
18414297
19209392
18242922
16738983
19839679
17998715
17652683
16641083
18806331
20823348
18807244
16203647
20355342
21392764
17130381
21309380
19711048
18425075
18632034
19706673
21140319
16843066
20958203
15739922
16135654
17092858
19565050
18678729
16731093
18519600
17664502
17972783
21419261
16520263
21443066
16500578
19188464
16703755
16926365
16114761
18719161
19174943
20433728
18698597
19457893
16061907
18379664
15928575
21764242
19697594
19593312
21386081
20922979
17915971
20051615
19037192
22008181
21129950
16823650
17594409
19060821
18924272
17678833
16102147
15771153
17385361
21348546
21667648
19085666
16757794
19276225
16215345
15646166
19573969
20066735
17959922
19423963
19010605
21977770
19773562
20431857
21625660
20525463
19683664
19182274
20671001
15612340
19680301
20440869
16205241
16686244
20858338
21275120
18663033
20191711
20605062
19619206
19680310
18838722
19592208
16521715
19781420
15805358
17963493
18839731
17133202
18608824
21477981
19326611
18942628
21359504
21557378
19033590
19655602
17828432
20489767
16010213
19524494
19567755
19559195
17635953
19678919
15630975
20523217
19827576
18370563
19383116
21229820
17527028
17560916
17238391
20121353
21640285
18087681
18274426
16210023
18849894
16535903
17300001
20158127
17417043
16459140
16192176
20660364
19189601
19144970
18501044
21266889
15808145
17296688
15993677
20850713
16311521
20854602
17998411
17411640
19545399
19642148
15595585
17486528
17222832
19008145
21298939
16750499
18985289
17111727
21243007
16858001
21561513
16498196
18761849
17061337
20570080
19229064
18517071
19961816
15536113
20546095
21943294
20684426
17545823
19460680
20582753
19642899
18358116
17826070
17485266
19371417
16450520
16943212
18236309
17718035
20397538
16223168
18767386
21160294
17542789
19851239
18165422
18788386
15723743
19207049
20440409
16609081
21621729
19634607
19444288
20978258
19463678
20113704
17664122
18660737
18269549
17685912
15861103
16172088
20538823
21314756
20394886
16436171
16903305
20632191
17695825
16331364
17438472
18605272
18029956
19811195
18812804
17467117
16154225
20435435
21268521
18619799
17623824
20230620
19448358
15645894
16728354
17689082
19788369
20397523
15633341
15749396
20105588
19306974
17974595
16566100
20722312
16093254
18560281
18983352
20656695
19685532
18180471
21462852
18451080
18494639
18694714
15651946
19044312
20679556
16024213
20797356
20653585
20403479
19024427
19101777
20464883
18646359
19363928
18284317
17632445
18771637
19465344
15604634
21323087
19881464
16503005
17614071
15935032
19514804
21910386
21632000
15778641
17381876
17205015
18201030
16180386
18324582
17470274
18578185
17556743
19807230
16571423
20123825
20946495
16125027
16226862
17053853
18053623
17542172
17524406
16850781
19400489
17540639
19006589
20937185
20802274
17039988
19685099
17420944
17083753
20081731
19744889
16393440
18678718
20507555
16168306
17704678
20706178
19855272
21786574
20955480
19011877
17496709
19418242
19637769
17958720
16422732
17578583
17908233
21941040
20008824
19197777
16977402
18674978
19500886
15619737
19219362
19141403
20092528
18711418
21223592
17536978
19487940
20503162
16835672
18856123
18778553
17058889
20113708
21278670
19887343
16620251
16523796
16488418
19305226
18405009
20043845
19167767
19930285
15913121
15644645
18826650
20693569
17043050
19921996
18997557
17133761
17853168
16945784
15899229
16809064
17227358
17514708
15868031
21121113
17394615
19482768
19087465
18791862
15913074
17085607
16330592
16278571
20619232
19394018
21721874
20808105
19697568
15635790
19326301
19330348
15587606
19437904
15894234
18341594
17131534
18393965
20119828
16002947
17300571
21261998
16856090
18389047
15945574
20169371
16977987
20713857
16779441
20889517
16908470
15789481
20802340
17089452
18973994
19688998
18302653
18668612
18569887
16259232
20428969
15789943
15529457
17170646
19681535
19418075
21218737
20054163
16569795
17665207
20676573
16938136
17524799
18556638
17453872
19117271
21661658
21199432
15717905
16938096
16985479
19998333
15987399
16764223
16547786
16162586
20537931
19023840
17546860
16786757
16706261
18235162
15639032
17694484
21534439
17852888
18845413
20225985
16893727
18664502
17243516
16876922
18603377
16202887
21625662
16239412
17927764
16365607
19419344
16675475
19441657
21717794
16925614
21123237
16174925
19813773
19092474
19309414
17084769
20795423
16860853
18655709
19656231
17963335
16354865
17042020
19736652
19637555
18704341
20495474
15670225
15884205
20534872
20586993
17389412
15587715
18693963
15554540
21060016
19556412
17167014
20527597
17524004
20404625
19825711
19899289
19247218
19794269
17007885
19056206
16620253
16014262
20816555
19152057
19343560
20500349
16808088
17877653
16892657
21216888
15960062
17488415
19626443
19880843
17090790
20403173
18373578
21939002
19184390
18613991
20374101
15522491
16137072
21122014
18305331
18604934
17207010
18041968
20674528
19029005
17364783
19150944
19709315
20008217
16770116
20628305
21486116
17270279
21388007
21434742
20112458
15657160
15966159
18708533
15682879
18241776
17703113
20868887
16114804
15880339
18343857
16006495
18381020
19648597
20377091
16307629
18984376
15672603
16689409
19240784
21512849
18414713
17851353
20701999
20007654
19450916
18434893
16897940
19273868
22000872
18616438
17601849
17034903
19040407
17050299
19765126
15887817
18204377
18773498
19706829
21305423
18430621
16868335
18216081
20529186
18503534
17190276
17994498
18372887
17369044
20806707
20801960
20077790
16978554
18648768
21163478
18775348
19064871
17514382
16369277
15687140
17518164
16817076
15630823
19729266
20077809
17678456
20607085
16925241
18827610
19831146
16174908
19339323
18286911
19255264
17470927
19580194
17000994
20187428
20431439
21514244
21936076
20339200
17228437
19534811
20545592
21108661
15999894
16366867
16830245
19695878
21426376
20810416
16923100
18613247
16002034
17041607
16966667
18676507
18381830
16281889
18284826
15916506
20830621
19699445
16119655
20878861
19863823
17575444
16155809
15561662
17898930
19506170
17992507
17028632
20966631
21263077
19487354
18559797
15889867
19046558
15641613
16047810
17641348
19851232
18549063
16439499
16607127
19930016
15569959
19480279
19770295
17328482
18042103
17233303
15764743
21702413
20031809
16425009
17335529
19319760
20628656
20142405
19793191
16604979
17394733
18587257
16572406
17581185
16873812
21717817
20800143
20729031
17051292
16890438
17608648
21519226
20222223
17587533
18928960
21761614
16035510
16318967
17563322
15944495
17101620
20426301
16677180
20122779
17509425
20189061
20541272
17102447
19243317
18987511
19362841
16696601
19940420
16307624
16524352
21148593
17708186
19933886
21648220
21139016
19715800
18613851
18685318
16923032
17066971
17162109
16609824
15785178
19237100
15751625
18051971
17715601
18582380
19274906
20964049
17924373
18548420
19480178
18539278
18784496
19701761
19883996
17280672
18779663
21104452
20105088
16867198
17621356
22041949
20408275
18806595
16766784
19017664
17713192
17932992
17619235
18464128
18786128
18034182
19754686
20536632
18461495
15876244
17873255
20846085
21492285
16686888
18810928
18708837
17175717
18279999
20050465
20484722
19635400
18156960
17375032
16119570
19663288
19567626
19845963
18443263
17071835
17269854
18701322
16096155
17024614
16703832
15588372
17383299
17850291
21646997
20390617
20667700
18333720
18942568
16723959
16179855
18378147
18278566
19244475
20961374
17207214
18463938
18041361
16866806
17035877
16293538
15548440
17544250
19373053
20952143
18219238
19381078
16796079
19377807
19860315
19273410
17350559
19201260
15765823
20846541
18678074
19962716
19122987
20948248
19628236
20426359
20394119
18955430
20565872
17419468
17557934
15932487
18269426
20164474
16248861
17486951
21041539
17949424
20415078
17477232
17158492
15681217
17316458
16139910
20949772
21642334
15853091
17098160
15876255
16618023
17803419
21560480
16610485
19926976
17768801
20452243
18670199
21694567
19194128
20882210
20603732
17257782
16818563
19841400
21089733
16303228
16769550
21612517
16920526
19619368
18026806
19458562
16324962
18038294
20424868
21154081
18036092
15569130
19130360
17411894
17058818
19260354
16181155
20177038
20500967
20028284
16738453
20480597
17403838
19250152
19150220
21316564
21941720
17666298
17280928
16938143
17073187
18322029
21536502
16009877
16153768
20422964
17984217
19772784
21234856
18362820
21382026
21619644
20713422
16395947
19048698
20688876
20684415
17908068
20738186
15762406
16939948
21306017
17011154
18428001
20356794
20841749
16961102
17033234
20039530
15717463
15980925
21282279
19346565
21890093
16137786
15687761
19682828
20920267
21696286
17459128
19566991
16513850
20391148
16431262
20931917
18241967
18021164
20657305
18315993
21486483
17342852
16509952
19731887
19074690
20000016
19169311
19709790
19944324
21050203
16837520
21471595
20529039
18637637
15684204
20367647
15994126
19282506
21670615
16182821
17163458
18368376
21626269
16200006
21378693
18429700
15683056
19650034
16112979
17898401
17206877
18669711
16879537
18826976
20177043
20128887
18592393
21218702
17055341
17096305
19115893
19694843
16441526
18216884
16246470
21609422
19573401
18512658
17461754
15804321
19800997
20562253
15965213
21879998
20513459
15590232
20404691
15580111
16353322
20358806
16374162
21306347
16829722
19418275
19197608
18348350
20008424
19473377
17456000
17053179
16300862
17101077
16796239
16843239
16231554
17469364
20592706
18784967
15913271
18551890
15744194
20972381
16879506
19294371
19667775
19536389
17583862
17557486
16964793
21554063
15911931
21355759
19033173
18382197
22053499
15527591
16332470
15750507
19858792
19300218
21098628
20401356
20470951
16502227
17929734
17724535
20541075
18314234
18298865
20647800
21298906
16235285
20979574
19219920
21276199
18539766
19294365
16251161
18540121
17122530
15993531
18083167
18560296
19538799
15730365
15748069
19386388
19464761
19707840
15865114
16546053
16676754
16158203
19674171
21866726
17516378
16827838
17705211
19901582
19116700
18022039
21172921
16260054
17318951
19625552
18299497
16202686
19233502
17254667
19232221
16635939
19817592
21323978
21188876
20186647
20660851
16215353
15753505
15942857
20838269
21457903
21205046
18803881
17668340
15750995
21265354
18648202
20113263
16134471
16534400
15655132
16594409
21464264
19429734
21469038
19679422
17906596
15998606
19678469
15662165
17056898
16795977
18351625
15904537
21857343
18593836
16264037
20827777
18004189
17321854
19123265
15789292
17803420
17571468
18390479
15957700
16131284
19938331
16001821
21121508
18228671
16438717
19821345
21116090
21572855
19396710
15746132
16700786
21893628
20706096
21333923
16834881
15573834
19671645
19211100
16393557
19068052
19630849
19940010
17828630
17628971
18423732
17595922
16767012
16925372
16863896
19106884
19373953
17056771
15742907
21519399
16378527
19647663
16647360
17909433
19901005
17509280
17996548
16125480
16563769
19902573
17948844
21488563
19233353
16730491
17179531
21404289
15877689
16599038
15948479
17235250
20675981
17432992
17594546
16046887
21090991
15866396
16970647
18391293
20887840
15543443
18038531
15683019
18193593
21942149
20926545
17384313
20546292
16018107
19152405
20105589
18091199
19437396
18357845
17516489
20687955
20367868
17124615
15917066
18520668
18186824
21177745
21173716
16648730
18386962
18982308
15763848
21034169
18657761
16438766
16426798
21089995
20414559
16878532
21186157
18494406
17851820
19502224
19565098
17392945
18763650
18085971
16026188
18535893
17470093
19917578
17875566
16333772
18184869
19565441
21156305
19523580
16646758
21563900
17610440
19960809
20162341
16334082
21675383
19537535
15917739
15983886
16378566
17645791
16374136
20044332
17364514
21617510
17695155
18578607
21141295
19838840
15893216
18464129
20377778
21414143
18521034
15587605
16903589
16598356
15709443
16109296
21865222
16212849
15833469
16968424
16324951
16081574
16125016
20586268
19385362
21124232
16602663
15526494
18828830
19236288
19812488
21982519
19588856
19096290
16546776
20217293
17033207
18206737
15717239
17415619
19450260
16427833
17421088
21718624
15633384
16529213
15662792
19851140
18453845
20927695
18630213
