16718513
16717521
16544559
16755314
16755234
16752582
16752060
16752053
16740337
16740006
16739888
16739390
16734038
16732859
16728867
16728302
16722919
16721708
15744187
16785478
16784155
16781961
16781851
16779463
16779402
16779279
16779161
16779000
16777504
16777051
16776847
16775650
16775649
16773316
16770168
16769716
16769525
16769120
16767019
16767012
16765872
16764391
16764387
16764202
16764155
16761662
16760680
16758650
16754815
16835566
16835563
16830631
16827770
16827400
16824844
16823280
16822470
16821472
16821322
16817494
16813854
16810084
16807267
16805192
16794886
16794094
16782514
16690264
16893334
16891193
16891192
16885652
16885556
16885551
16883462
16882843
16881502
16879798
16878516
16878413
16877191
16874579
16874578
16873848
16871377
16869526
16869086
16867133
16865053
16863477
16863041
16858894
16857051
16850001
16848330
16842298
16963548
16956155
16956074
16951616
16946440
16946121
16943212
16942451
16936615
16936599
16935733
16935459
16932134
16928714
16928246
16925546
16923932
16920220
16916061
16916058
16910138
16904860
16902573
16899938
16895243
16893727
16866801
16649318
16638028
17050229
17049353
17047177
17044433
17042319
17040525
17039682
17039328
17032196
17024613
17018460
17013753
17013069
17012130
17010555
17010181
17008829
17005359
17003220
17002186
17001432
17001227
17000218
16999747
16996828
16995610
16989993
16989417
16987111
16984678
16981970
16979096
16978966
16977441
16977440
16974138
16970653
16968511
16967734
16963677
16963660
16962925
16962462
16632765
16619895
17140906
17137454
17137449
17135838
17133923
17132351
17129333
17127115
17126046
17125095
17125050
17124874
17120925
17118306
17117181
17115359
17103108
17102664
17102294
17100157
17099199
17095426
17091278
17077752
17075789
17074822
17073073
17072512
17071936
17071252
17070106
17070032
17069973
17064747
17064198
17063358
17061662
17061659
17061427
17057639
16615735
16579216
17241188
17239329
17238448
17238428
17238399
17228198
17224880
17220159
17215675
17214110
17212292
17211578
17207035
17206204
17204825
17203451
17203130
17202153
17200636
17197768
19348051
17193942
17193941
17192525
17190931
17189744
17175872
17174631
17170608
17170547
17160338
17158184
17158123
17152326
17151566
17151565
17151564
16571840
16570558
16089249
16086138
16046579
16035696
16023942
16011009
15999942
15999927
15999092
15999081
15997354
15985092
15983476
15966629
15960195
15952968
15952491
15935627
15921475
15920374
15916231
15906748
15902006
15892507
15870117
15866008
15841528
15835336
15832609
15805934
15805455
15796322
15794420
15789292
15782751
15779737
15779211
15778076
15768587
15765358
15765230
15763217
15759161
15758003
15756731
15748138
15739633
15737324
15726869
15726867
15723152
15720608
15718605
15715808
15713915
15712681
15707146
15706160
15704596
15700864
15700600
15700599
15700596
15700595
15695833
15695832
15688924
15686166
15686158
15686081
15685004
15684841
15677916
15677915
15672566
15672336
15656472
15637955
15633491
15626042
15622672
15599658
15597007
15597006
15597002
15592952
15580084
15578379
15576890
15573668
15565757
15564997
15560706
15557569
15552539
15551638
15548439
15543896
15543242
15537209
15537122
15532326
15527614
15527604
20301859
20212368
19502217
19497912
19475909
19474626
19469125
19437903
19402320
19365991
19364033
19325182
19302633
19276146
19255127
19177859
19176847
19176308
19161815
19149316
19088358
19052943
19042850
20443301
19020401
19009889
19005123
18999065
18999047
18999031
18999028
18998939
18998475
18990949
18957455
18951753
18951383
18951381
18947967
18942244
18936266
18850401
18849371
18841343
18841185
18830226
18820561
18815473
18808432
18808080
18806335
18806331
18806325
18786285
18785655
18772290
18724958
18719161
18717274
18717098
18710895
18701971
18697657
18697655
18693918
18693848
18693194
18688048
18680895
18678360
18676408
18675032
18672782
18661614
18649819
18649080
18647988
18640423
18636298
18613998
18587082
20201248
18557284
18548145
18521045
18515611
18431896
18399397
18399371
18390787
18376252
18369299
18358793
18344812
18344781
18331480
18314427
17498153
17495563
17484709
17479528
17478309
17477884
17477858
17477184
17469706
17469703
17467615
17464377
17459812
17458010
17455570
17455101
17449410
17448416
17445133
17443369
17441465
17434309
17434280
17430746
17421092
17417932
17413676
17412271
17412255
17412115
17412080
17411882
17411691
17411533
17409993
17409924
17403380
17400124
17398219
17394783
17391808
17389415
17388819
17379992
17377376
17371209
17366291
17356957
17356435
17352993
17350310
17344925
17342824
17338800
17336875
17335358
17333637
17332173
17331245
17331098
17330709
17330127
17325835
17325272
17324689
17321932
17320312
17319298
17319187
17318752
17318747
17315489
17311184
17310658
17309018
17309015
17308556
17308220
17306957
17301206
17298256
17293628
17290540
17289538
17285889
17284952
17279019
17276649
17276540
17276145
17273022
17270089
17270088
17269834
17263096
17260599
17259922
17255865
17240875
17238506
17072507
16634710
16627086
16622650
16617939
16610775
16610485
16607870
16585106
16572536
16570555
16565644
16562702
16555752
16553097
16552270
16548947
16548262
16547067
16546063
16546057
16546056
16546013
16543909
16540788
16536397
16529078
16529030
16521899
16521365
16514924
16512270
16502830
16500578
16499465
16496842
16496788
16493293
16492288
16483064
16480351
16477561
16471295
16454092
16452905
16451781
16448450
16438121
16431830
16428689
16425680
16410620
16398039
16390604
16378773
16377295
16376788
16365465
16353416
16331548
16331364
16331000
16327509
16326213
16326212
16326211
16326198
16322418
16300463
16300462
16295155
16294092
16292480
16291314
16282235
16263537
16262436
16260823
16255335
16252468
16244204
16244203
16231164
16227666
16220730
16204264
16202839
16190311
16186637
16180548
16177584
16172344
16146245
16128645
16126717
16122058
16119142
16111083
16106210
16102708
16098654
16098333
16098332
16084192
16081435
16045174
16021555
16020836
16013291
16011065
15997359
15974046
15931412
15923985
15918646
15903278
15900038
15850266
15840978
15839199
15839161
15822046
15818133
15799261
22029758
21990386
21957801
21903694
21693527
21661267
21627722
21610702
21610353
21329857
21214132
21189756
21177511
21155397
21126664
21097757
21097756
21097754
21055578
20923843
20712206
20700873
20649918
20647810
20647577
20645625
20626804
20551122
20530562
20449969
20081697
20057231
19857216
19745393
19706827
19703795
19703640
19653152
19647816
19641859
19637769
19637008
19616156
19605805
19604212
19597222
19592371
19592362
19588697
19587582
19577208
19552293
19546743
19543018
19534234
19531072
19514390
19499857
19469434
19469433
19461515
19460680
19460283
19446095
19442912
19442325
19440127
19420152
19421085
19416585
19400363
19400339
19399202
19396642
19396071
19388374
19361059
19356497
19353979
19351218
19345893
19327326
19321893
19287253
19265753
19261142
19248375
19242654
19198958
19190017
19183306
19183236
19155864
19135618
19127228
19119701
20229715
19114844
19106278
19101804
19100930
19099005
19092590
19074050
19059552
18708675
19068162
18091633
18090367
18090148
18086965
18086958
18085599
18079569
18079551
18077831
18076464
18075142
18074418
18070254
18063549
18063540
18061405
18061006
18057191
18053777
18051913
18050531
18047443
18047167
18046810
18044379
18043275
18042484
18041456
18041339
18021523
18021522
18021518
18021504
18038830
18038515
18037193
18036465
18034277
18034182
18034180
18029063
18025394
18022025
18019518
18018571
17994879
17987841
17985751
17985748
17985485
17976123
17976116
17973708
17967956
17962509
17955888
17953919
17939229
17939227
17939225
17939218
17935651
17935243
17713993
17929281
17921106
17915593
17915083
17911835
17911834
17900505
17885268
17883674
17879557
17876985
17873567
17872612
17855822
17853949
17851375
17851308
17761109
17844710
17804518
17786870
17786869
17786863
17785690
17785487
17766740
17765159
17760570
17728797
17727131
17724947
17724680
17724424
17723966
17723113
17722558
17722223
17719134
17713866
17690086
17712891
17712297
17712233
17701334
17698684
17694489
17694281
17692112
17691708
17540254
17539695
17690354
17687128
17685116
17683304
17683303
17682222
17679663
17679401
17678779
17676420
17673769
17671242
17666301
17665623
17665540
17664242
17661258
17639230
17635261
17633340
17628462
17624156
17624043
17618078
17617086
17616456
17615073
17608748
17608256
17608042
17603972
17601183
17594526
17592989
17591453
17591411
17591402
17591223
17590366
17588891
17583592
17583231
17583165
17581367
17579322
17574928
17573299
17562847
17571222
17567229
17566497
17565433
17565432
17565431
17565402
17564488
17563025
17559751
17556900
17544140
17544139
17542470
17542322
17541876
17540835
17537010
17533563
17531914
17530143
17530138
17523326
17522582
17522577
17519992
17519443
17519376
17513619
17513549
17510154
17508658
17508093
17506878
17503161
16477754
16471291
16471289
16462918
16461258
16436544
16415297
16409333
16401013
16374198
16339250
16322192
16296260
21717817
21714405
21705772
21700562
21685741
21658648
21658337
21672292
20980380
20974071
20973307
20973210
20972381
20966866
20956232
20956226
20956219
20951557
20930622
20923511
20919445
20879642
20869200
20868958
20864908
20864275
20862889
20861590
20859039
20856082
20853521
20847199
20847074
20841855
20841729
20839143
20797561
20819054
20814276
20813275
20731579
20806208
20802262
20799570
20740710
20739360
20735876
20726381
20693521
20682137
20659623
20652527
20629461
20625568
20619773
20614740
20586952
20607569
20597671
20597336
20585748
20585219
20574853
20570869
20568551
20541069
20527450
20522453
20512534
20503672
20491354
20486489
20485691
20485687
20480209
20462571
20432782
20391667
20386972
20382366
20377771
20367703
20335895
20234993
20226918
20224459
20220626
20219841
20217048
20204898
20194153
20193918
20184999
20180499
20180482
20180056
20173171
20168268
20162763
20160543
20159530
20159423
20142581
20141090
20139656
20131106
20130292
19152562
19142109
19140757
19136403
19133042
19132186
19128347
19128346
19128338
19128310
19125896
19106334
19115885
19112812
19102436
19102433
19097844
19092588
19088351
19084892
19084890
19084846
19060801
19057804
19057466
19051985
19042476
19038976
19032469
19032212
19025503
19023890
19022071
19021950
19018920
19018916
19018913
19011877
19008984
19008975
19008145
19000604
18999287
18996708
18988072
18979856
18974707
18949645
18954779
18953070
18952401
18941032
18937736
18936029
18929343
18926144
18856096
18852404
18849816
18846984
18842974
18841253
18838454
18832499
18828193
18824907
18823358
18822708
18814449
18807897
18806318
18797444
18794700
18793869
18791406
18789150
18787716
18768285
18766107
18766100
18765177
18762992
18752527
18728518
18728507
18725033
18723582
18717450
18705779
18690763
18689581
18684034
18678729
18676327
18672347
18658198
18650236
18634731
18631389
18622192
18605628
18605344
18598386
18595591
18583105
18567475
18564600
18564587
18564436
18563006
18562824
18487873
18548412
18548410
18548409
18548141
18544122
18543799
18539979
18539977
18538725
18538296
18536216
18535074
18534075
18533152
18533013
18528781
18524596
18523695
18522532
18522531
18522335
18515610
18510665
18510414
18505152
18501029
18500273
18494430
18493864
18493712
18492971
18490078
18476452
18472689
18472592
18469606
18466826
18462542
18462289
18461538
18460906
18458961
18458622
18454927
18443830
18437837
18419985
18416396
18409254
18403926
18402418
18394437
18380679
18378464
18372678
18369591
18350446
18343857
18340990
18340076
18337739
18334982
18329157
18317045
18316938
18316921
18314047
18310191
18307685
18299357
18293248
18293247
18291720
18243863
18284826
18279295
18274594
18264188
18247270
18240982
18240881
18236723
18226785
18226272
18219802
18214335
18209000
18203568
18202927
18198962
18197196
18196495
18196490
18192863
18187590
18184116
18182945
18182801
18182800
18179129
18178928
18174789
18174094
18166538
18165798
20701840
20054163
19471072
19294824
18160890
18158508
18158392
18158314
18157005
18154854
18026008
16728301
16723947
16710764
16706011
16699343
16681199
16275969
16274348
16272215
16270409
16260139
21796844
21771359
21771358
21770355
21729111
21728269
21602318
21599730
21597662
21592518
21585590
21571385
21568117
21565885
21527592
21504637
21493407
21471893
21465012
21459183
21443434
21430003
21430002
21426600
21422329
21395088
21381579
21375621
21365059
21364438
21359266
21350870
21346388
21344984
21337987
21336465
21323231
21312002
21307770
21277528
21299629
21298936
21297150
21296784
21286905
21277721
21266887
21263459
21252200
21251771
21247026
21229600
21214139
21209146
21207009
21206294
21188878
21155756
21148593
21144966
21134125
21127105
21126665
21125755
21122950
21118603
21109101
21107969
21097150
21095608
21081751
21078738
21076310
21068644
21059173
21057232
21051389
21045217
21042245
21038830
21029491
20980772
20622690
20621868
20613660
20610314
20604910
20598411
20595274
20569716
20567208
20566813
20555239
20536115
20533641
20530127
20529367
20522069
20502400
20500652
20500510
20488928
20487178
20485702
20481430
20479207
20478448
20467018
20466229
20459717
20457985
20453758
20446632
20444063
20435432
20427302
20420938
20416493
20397808
20389248
20388644
20378396
20378073
20367722
20367714
20367710
20364564
20361848
20350326
20346894
20345863
20309560
20308941
20297746
20238129
20224861
20219745
20219028
20216385
20212191
20202949
20202278
20200655
20199822
20197792
20182268
20177051
20172675
20170999
20164816
20158320
20156862
20154558
20146982
20142573
20132576
20127272
20126962
19338524
17397608
19428093
20552920
20509500
20203459
17034678
15540666
18090376
21139046
19237476
20738185
17323333
20921918
18801188
16481897
16875796
18357933
15809792
20430944
16926561
19490004
21987993
20175420
16617943
20207923
18662241
19333659
16641080
20132978
18813142
21307687
19530636
19884808
18656195
18959283
17000483
20528290
15547486
18856174
21067779
19594341
17003536
18416925
16648094
17059699
18360141
20876086
15819836
15789379
19395701
21413849
15966628
20557261
19739452
17626256
17572276
17171741
16966043
15540498
19764360
17152453
19299400
19942702
20000254
18990043
19189579
17953060
20817564
18405351
18335685
21480489
21420535
20718390
19920747
16415735
19351009
18982990
20146202
17221295
17385361
19655502
17977309
20003038
18725828
15916259
15765635
15716890
19678797
15948080
17621580
17420109
16822995
15759663
20471723
17704480
17412236
17763110
20122774
15837453
19549716
15833474
19535934
16377451
21038175
21184628
20875486
19951431
18714603
19267033
16603331
19268165
16980794
18712239
18689530
19555968
17059606
18363464
18251444
18626034
17386230
21353130
16670509
17895516
21727791
20031009
21117508
19429770
20233574
18362066
19342036
21572328
15856168
20687974
21555284
18096716
20857189
16633237
16033144
18578681
17522003
18336692
21095690
19052703
19084880
15983308
20175280
17222413
20026688
16807571
21764005
19504160
16555756
15644541
17339811
18176125
20489767
19152154
19263959
21646983
17728362
20031841
19527449
15587603
19024183
17205000
17095418
17970363
19923945
21145470
16086618
19437854
15582349
17020234
16186054
20404284
19146519
21130967
17169084
16638831
21966720
18488774
15852052
20227811
17145253
19317857
18178132
16733953
18365197
19648983
15720030
19753930
16920526
19406563
19467998
17949622
20646956
18679147
15707568
17846046
16988283
17112842
20141467
19010641
15678925
17244999
16088009
16215362
17712914
20564090
16996124
20473456
18971645
16669589
17383600
18754190
21185989
16873922
19589766
19455932
19948297
17366916
17467557
16173860
19661081
18717235
17828142
20010203
15970856
15854116
18370885
16857074
21030729
19734191
20177037
20144399
18830841
16290129
16494284
20552377
17128680
18401226
16092163
17111239
17064202
19173940
15718326
20107339
17436074
18519819
21083804
19251548
17943605
20085431
15627921
20849796
20091475
18769104
17725119
16508814
18348350
20580415
21631943
20117971
19147425
21323080
19585884
18713160
19797185
20081721
19266765
17173161
18983365
15832243
21136034
18950298
15717905
17481983
20873902
17493371
19923969
16056117
18414965
15711229
21902971
20192712
18687231
19650749
21325796
17468687
21290960
18503016
19202247
17069235
17542391
16702587
17533547
18285435
20679971
18282346
21515541
16044978
18811613
17305036
19544075
16116369
21818904
17053154
16001760
19587619
18675030
19945815
18639410
19766259
20708255
18519625
19798837
18481613
19962737
15992199
15614280
17518890
16050363
19122982
19958410
18519594
18392546
16923183
17336819
15628643
21756619
18536587
19723866
15818343
17906058
19576803
18262656
17906311
18715456
17564561
15704379
20614429
16802428
16381349
16802313
19441659
17360150
20509888
18638672
20651302
19351407
19088667
20836635
17708181
20936898
16877182
18710678
17365159
17198620
17353987
21277589
15848454
17140795
21258318
15897446
16342351
17976436
15797158
15950834
17784867
18393058
18647787
18544718
16775914
19171091
17275601
20429124
19300221
18671146
18279999
21300228
18079085
21497636
21493699
20381222
16515148
21277126
15728953
16706322
18431289
21486483
18799514
21707939
17383236
20353542
18664927
21540683
17701393
15973342
19365651
16474244
17167953
16500071
21905317
20018960
19890818
16048857
20974416
16272971
21244247
18461296
19567757
20072029
18997557
17823705
20351911
19694388
16426426
15876255
19770733
17542794
17879568
17310429
17629242
18373574
16808751
19685683
19060818
19845963
16234014
17580769
17250948
21541017
19489944
18082666
19709171
17520538
16879506
16092744
21340369
17685830
17873734
16123894
16732581
17124615
20220631
16356875
21373820
21711126
17261532
18376246
16612826
18038525
20706836
20630363
18923333
17284297
20140355
21440523
19806287
18043783
17330272
20395354
16224984
16401024
18695816
20561882
17110823
15935081
15735597
16814217
20889513
16870815
15525860
16061762
17660496
19032711
18562985
21551221
18849363
16508483
16842475
21074114
20414114
18283966
17591606
20426359
20812495
16507152
21739793
20702679
20189342
20151212
16841813
17012080
18611307
15687761
18453350
19488602
18435314
19721022
16036273
20851279
17616432
21911555
21456315
20695669
16436171
15870615
19797499
15605758
18839723
15971877
21610614
19420413
17914337
17969290
18831016
19958908
19193242
18974174
20391676
20172190
16931976
19293717
17989265
15876883
16671311
17884591
15709563
17004173
20602584
18429749
17635952
16331828
21949145
17185208
16686100
16195110
21730912
17062536
19396648
21406010
18390944
20802274
19838884
20070633
19845807
19365250
16908363
16622986
17678607
18284834
20211953
19275021
17916308
16808754
15902027
16678340
16791758
16443137
18036016
19002473
15973941
19300088
21226784
16523818
15890040
18390466
18356346
17524736
17165205
17996753
17993638
17335738
17362517
19116800
16335558
17322095
18998806
21727290
16192540
15590037
16239819
18164114
21266886
19335154
19318286
15709850
19920434
16443313
18449346
19754498
18774048
19833331
21888099
16596081
20236501
19843130
19013404
17425125
21416864
15891346
18462477
17268910
17221178
17544181
18974186
21601724
20380966
20541272
21689425
19670357
17354473
15875456
21226559
16844126
20622795
18075446
20083972
21784286
19680588
17710658
16431006
21786736
20210658
17472499
19065621
17560861
16249625
19287112
19028331
16717381
19175249
19281541
16874440
17764076
17898931
18843666
17371423
19758738
15941078
20512449
16982103
15788081
20538256
15640647
16036406
16260357
15999001
17397490
21194458
17877653
20434642
17650973
19354150
18297984
21189821
17500283
17562307
16629569
20421061
17697676
17326598
20590889
19647956
17177028
19133191
18779735
17210494
20718644
20406549
15660321
15633072
16084483
21209139
20524070
19130225
21668722
19090387
20097932
16550074
17654190
20581321
16996901
16253789
15692871
18621778
16781108
16735523
20806579
19558787
16161717
17154112
15788062
17089175
18347750
16305016
18350755
21489842
17902555
20423415
17116149
18774997
19003797
18519997
19899597
16450449
18769691
18386110
20178588
16439269
21332838
17163394
19689480
15566437
19394226
16310569
18806650
16236108
18622302
18403998
19269375
19345609
21092359
19957348
19855037
16952402
19896893
16161707
17328473
19154304
15640361
15933272
16689110
18703444
17894246
16046892
18947121
17258361
19519232
16768542
20860257
19096290
17397690
16390525
21035383
17979951
15730173
19543407
21069122
16022139
16449246
21039850
21593012
19119095
18329222
19662791
21610645
21276337
20131443
17194372
21053718
19670995
20677392
17153572
21178217
15644012
19834802
21333923
17700299
15767958
20492016
20397523
18478270
19752082
18494393
21696481
19293173
20799497
20103833
18637748
18333552
21294353
16155808
16607898
18036123
18982233
20032169
15681217
19106884
20131442
20092226
18455960
21875843
17907738
20178300
19632975
15940891
17204732
19820231
21062591
18975485
16488347
20363840
21388042
18580394
18037096
16247355
20682969
21141295
20842962
16938225
15887616
15550092
16496812
17110874
20133477
18976191
17470188
19122987
15780330
16862020
21134155
16686584
21244255
15832644
18971811
19039213
18377464
19711135
20195008
19199850
20050447
20162878
16926968
16797268
20423392
15914055
19260369
17907692
16711307
16872487
16543743
18022045
17039753
15918426
19874496
18435319
20159456
19485868
20438199
17901611
16471153
18181438
19660328
21521429
19448581
21321420
20540614
17828010
21069603
17064819
15896942
18023615
21397288
15979627
17126968
17591412
19893369
17497483
21443066
19124670
17238947
21879667
19117798
20978458
19785974
16213236
21353126
20091058
19915902
17592976
17194398
17633982
17514730
19900939
21068548
15581255
15626893
18990007
21460672
17762417
16326224
19485873
18627328
18171306
15700156
17955077
19445567
17478663
16092779
15955293
20379944
21453525
21420214
16001821
17718641
19185397
17278339
17426499
20690994
20173438
19904852
16202105
17542719
18593228
17484214
19302728
18337271
18988729
18089545
16182675
15947296
15947809
16441388
17901828
15532812
21080297
15657689
19022029
15920939
19446779
15717908
19657936
21733103
18957381
20408274
16951838
20710129
17382211
16351527
21382217
17116767
19852799
17289828
19065868
20465743
17124908
21804485
15751625
20088177
16120895
19342527
17667785
19851233
16429683
15579352
16825849
19165089
18241775
17353491
16111947
18405494
17684169
22005243
20097148
16377058
19651938
19681533
18563995
21317508
17598141
20605062
17375232
17691479
19960016
20459997
16629917
16294612
21134064
20697077
19440715
17496819
17056043
17343319
19482810
17142604
18669711
17266405
16704400
15934264
17544247
17595921
15774361
18998594
21303460
17319600
21941806
15562740
19077011
21426615
20486522
20559828
20584341
17962172
19537535
18080170
19308830
18496376
20190682
15883143
20955563
19638741
18051975
21130202
15625661
18029104
17120921
20411829
20729511
15665264
17087399
20622762
16158034
17394095
17110813
16604921
17192220
16499789
20682929
16358969
15840895
21854529
18043344
17042820
20360186
15889304
17643979
20950073
18213506
19797339
21034233
20098139
17261820
18801274
18095044
17119752
20182814
16800219
20221338
18998972
20626947
15920105
17925617
19594608
16768082
18795905
20934210
20441398
16380574
17241252
20087548
17557316
15536025
16968589
17658028
19719547
15811198
18757347
16116371
17344264
19656719
15532523
22041965
17684905
17577186
19200400
21122014
20436243
18723367
21749772
17304983
17711769
16082616
20420548
18768286
15762900
19696568
20495488
20722477
15960063
18414179
17100219
20394476
19345442
15533081
21570018
18777821
18972089
17427369
19346160
18982395
20940073
18610695
16218772
19837259
15630864
19172980
17991908
18181847
19718664
21675887
21418095
17990703
20606611
20838266
20552855
18069494
18560955
17543431
15528285
19283233
19843046
15653940
20483875
20142285
20194254
18955599
17674615
16700689
21418461
15685816
15974112
17664511
16076897
17926263
20869886
18832510
16172091
17718649
18431285
16163576
17000476
19844102
18924544
19685099
19847722
21276338
16556183
19902898
19125233
21385531
15852076
19244564
20524498
17492411
15571853
18534688
21164389
16910375
20523350
18290751
15990739
15590035
15792019
20103067
18496022
18525158
19105558
16295605
18814424
17665763
19010600
18613991
16996857
16114732
16711076
21278673
16511581
15992332
21191196
18160861
20032989
15847905
21841589
18929340
19085668
21265584
16507619
17257978
19433845
20647236
16643176
16422479
19472805
15677780
17142592
18165752
20221341
17468685
19487940
21172073
17568285
15945229
19176406
17515782
16419405
19847381
16476748
15573804
19860235
17890042
17229029
21278690
15763713
16100413
20024732
19301153
18758315
17004212
19186786
21211714
16171122
15754927
20925192
19080034
17259050
17310422
17099117
17375032
17640283
18019971
19801016
17414595
18487796
17493780
17571606
19183318
17915628
18085971
16398009
16512439
15553754
17182445
18158212
19061281
21459864
19927960
19128650
18350859
15825891
15985504
15579477
16457272
20424500
19017675
18974690
16911172
16327841
18216081
16868468
20564714
19887655
19706198
17954070
20487490
19327772
21865921
20927774
17158127
16049062
18336450
21667010
17566541
21145628
18653816
18783458
21906046
20103447
17992104
16879094
15705271
17694419
18251194
19329101
17332119
16951780
16209223
20949753
19608038
17302084
16123011
21214076
17991367
16511687
21083806
16263992
17313516
18560062
20829259
17202551
19271625
19258094
19130685
16834768
16893807
15771650
21121847
16370922
16324938
20410778
15553330
20572431
20053236
21517704
15862642
17116841
15857724
18334678
19476108
18195309
18007252
18826783
21692724
18261063
19279478
21456939
22030670
16151493
19661195
19858807
18033724
19104290
16242298
21725247
21447231
16323619
19516910
20653432
16987574
21307118
19104475
17487704
17187546
17240040
15787899
18155386
19653387
16096148
21410585
16937216
19227592
16132321
19711655
21598810
18072381
19594344
20716901
20121010
18834019
17976128
19574762
18926163
16157462
21896227
21788541
19605422
21570888
18000079
21503506
17978322
19459404
19884410
15864918
20858247
19193548
19027628
18674500
19629748
17067375
16779356
18760559
16447241
20104404
18360282
17268138
17405775
15602309
15841423
19017597
18266568
17435991
16700166
16128137
17476553
20118699
19492613
20654870
18427398
20937544
16302860
16472477
15904503
20511244
17068427
19703637
20392667
20193935
15573675
16425810
20000304
16333641
17234071
18032199
18210735
16126376
17294063
18343252
18513280
21460710
17065946
19501034
20500305
15818096
21641503
19937780
17412049
17348119
15595510
17943778
20203635
17180555
17414733
20660904
16053527
19112022
16338800
19259858
18929435
16245674
17436460
16128658
21514839
16460387
17033601
20302385
17111495
21591404
19526413
15849619
21143961
20423389
15528288
21560480
16101852
18184983
17375341
21316785
21853824
16949271
19937919
16926735
16227511
16254388
16214146
15587130
19418751
19752053
20609099
17300614
19526443
21838107
17017584
16099552
21060101
15598248
21367369
18358506
19288562
20159863
17760651
18261219
16846509
16358953
18538214
20639232
18053101
17290089
19120718
15775827
20070812
19150944
17285832
19092351
17252963
20501510
20362944
15918239
16124420
18397405
15907676
17207743
21655407
17048753
21812953
19757187
19448790
15801370
21535275
18248406
20426656
18433963
19382866
20671510
16566612
15839046
17668735
20082633
15840079
19001611
19491738
15994981
21299757
19537534
21330485
19267028
21416687
15796324
15730045
18843442
21365191
19473498
21634261
17550936
17279450
17387788
16242295
19773028
18273530
16143023
18765325
18600601
17524004
16822715
19101219
18549134
19260240
15880706
19865016
16134467
18208956
21283004
20430489
15713859
19692804
19235252
16036825
15516535
18809589
20022909
17084321
21103767
19874304
17233257
16686873
16003482
20066814
21709550
20590510
16039809
17707251
18410819
21943294
19106281
18177364
21127092
19260354
20478554
21736168
17988769
18709797
15789509
19418937
18824833
16645494
20497991
18837896
20950124
19180581
21299760
20592707
22066336
19584343
16344203
22000872
21457880
21531940
20959725
19445341
17405747
16106331
20712210
15761310
20825536
21387580
17982999
19653388
16756843
17290030
15986840
21646289
18535316
15603513
20879497
21073063
19066147
19650511
18380372
16091028
19249515
15963172
15875162
17569375
15659922
16487421
19363840
16883975
20738054
21464456
18501055
16905933
15896261
16699800
15999958
17122526
16802080
20633749
17564550
15572574
19300433
21788746
17485755
19019621
19457513
20196495
17874688
20564128
16078968
15635918
16355559
19114882
16603060
19684373
18395397
16871980
16926365
15822735
19250128
21591405
19785362
16498196
18301089
17655996
16523587
18077751
18326285
19396575
17505366
19394105
21535274
16729624
17991532
16387810
16524940
17269608
16572671
18632671
20546464
16076791
18184424
16542838
19842586
17334721
15608941
21672116
18425603
21299758
17852006
20825515
21323254
15533366
20552859
16183574
18320988
19632844
16598326
16926760
17088119
17413404
18701234
17927102
20963720
19152282
18478819
17896638
20491383
16594245
16130343
20801715
21228095
16332470
18971493
15667371
19160631
20825667
16421854
20108501
17095326
19496031
18171394
17723957
16084178
17823734
17983479
20531194
20535503
16902372
18008106
16115175
21555477
19366017
16685542
17088920
18535459
15798501
20935272
20975324
19243519
19270238
18817023
16620172
20001195
19136356
20351917
16297467
19291271
18414297
20388309
19023522
16713336
20873068
16386739
15740172
20118886
15962493
17443362
16550127
16749297
17462808
18189206
18190479
19197571
21533865
16982230
22032570
18262005
20617280
21635629
17311238
16340403
19841400
20656491
21988870
20697235
15646106
19841548
19817163
21560957
15956871
19480376
20642183
19405301
18397157
21901876
21367389
16446555
18727763
21055846
15619737
21174855
16443154
17350559
20171937
15835369
19437910
19687374
16001692
20958178
17653940
19204130
16766785
17356989
15915735
19374682
17552406
19201332
19229836
21197829
20425520
21676675
15671326
16505392
21108014
18953199
16537856
17285381
21879661
21208551
18402417
17903080
19688998
17500344
18984378
19258555
15635886
20938894
18351478
15730542
20040563
19508712
19908610
17943595
20848072
20675413
16879542
17397708
16476040
19656225
18411581
20351163
16275365
19697196
15913403
19796589
17933368
16430757
16132893
20654829
21466575
17592982
19865028
19210156
18839663
16234744
20598987
18079239
16390528
19121052
15797153
17257805
17375276
15946924
19883996
15810747
19327312
19362841
21160341
20565496
21166761
21576606
21116090
16149976
16821349
17356440
19033166
16141104
19145517
20537586
16948417
17543654
20495334
18668359
19731990
18953193
20049773
19386879
18417132
18294873
21480493
21108770
18672634
17925587
19915441
17181500
16718578
16756517
17696675
19010639
18439169
15756154
19263635
17071207
21205258
15531554
17033527
15536366
17086418
20970062
17102407
20636180
19968578
19433841
19363751
19331120
15780145
21457695
20371073
16751966
17083100
17115458
16894877
15899727
20514884
18297317
19470719
15762406
19038750
16318034
17149526
19072456
20888944
22071936
21418288
16552615
17999300
20416998
19354156
18988391
19836188
17554835
19009802
17847574
19264937
20158127
16170482
19294937
20085025
16941128
20107856
18604144
18412034
18295440
16002021
21534878
16243085
21273627
16327104
21040182
21449803
18066718
18334517
19363884
16198571
17597675
15883463
19341594
19042914
20439095
18411391
20610133
17468142
19585320
16594432
17923989
18041968
21436595
17321850
18708837
21437745
20087034
17276512
16462404
16061139
19824156
17042055
17147593
19300080
22046673
19244631
20045622
16922988
17396530
15812103
19444721
16752967
17944588
19860304
19843273
17083561
17991255
18373030
16595543
16817076
19422687
20825856
18005630
20536540
18260576
21428239
18157360
21473975
19559512
16445833
20057327
19959745
20619919
16388772
15966460
20946564
15511424
19051008
20357707
20569711
16704847
15653051
21152823
20160554
17934943
15713168
15939673
19027445
20720083
20508148
21941040
19356517
17268039
21095840
15887805
17490787
19893845
20855660
17398233
16003060
17218166
20711651
17440782
17061759
19579540
16594423
20876553
21148521
16858457
15532222
19879782
20636672
17263734
17370790
16092572
18158489
19858792
16054867
17925077
21266280
15650523
17935242
20434292
15813587
17202518
19750819
15537067
19890896
16441526
21933478
17785736
18573120
20962307
17115134
17146139
17066969
20590506
16963195
21488034
15889885
20654839
17219465
16368178
21440219
15991756
19033833
18156880
16456209
15672062
20946009
18775348
17122618
21242219
17205001
19126255
17987759
16629567
17343091
17160869
15924027
18007210
19196860
16451360
21952064
15544663
16929715
18694479
17099365
16918864
18480606
18617706
19745417
17073190
17722681
17605786
15660491
17257396
19998725
20104813
21672366
18625920
17901176
17900444
17988048
17264354
15631643
18981814
19919172
16515698
16688495
18361954
19733460
18165422
16675762
17958697
19788773
17063585
18646587
16135724
19623576
15635352
21111926
20824612
17445641
19068917
17272730
20122065
21255500
16373908
18504095
21771371
18506126
17563109
19164821
21592062
18580384
16484903
19091933
21079263
15810760
17510001
17419783
20456340
20368660
16293161
15967558
20684760
20423368
21424311
19023953
20861620
17264698
17785024
19826078
19225027
21839411
21464420
20230173
17123438
16622459
19574107
17491445
17999293
19558943
18314388
16501268
18545069
16248863
21516003
20306771
19874096
16569249
19647970
21839909
16651301
17245547
16145186
21644886
18605513
19201322
16341117
20031860
18340988
18780855
17851299
17111645
16849913
19672055
16550072
20920067
17646603
17348964
18719849
15526053
20466108
19103613
16642748
17368100
19653332
17069230
16443974
16423771
18393749
20163754
15805142
15664089
17249472
19695776
17343952
16363311
18482125
15726463
21406671
19073784
17258801
17473811
18990207
19216759
21723143
18815983
19522037
16184715
19041611
17727050
18159047
19239593
17606178
18436493
16970808
18840742
16308174
19910835
20066693
20875213
16783248
19109572
16387948
17169962
16898235
21078002
17962875
20604652
15866396
19265074
17653393
19331058
15839524
16162565
21225585
22128564
15912827
17219360
19121194
19653438
18677715
19641933
17893931
20367734
19157813
18425602
18956282
16459208
20628656
17565451
15566162
17306249
19965954
15710589
17574193
21141265
16024556
21736078
15853241
20355312
18502421
15674138
17996004
15529102
20505610
17287244
19771588
18317029
16363310
18164944
16062085
19901182
19317314
19017373
19819660
17803401
17964976
17020238
20716071
15694103
18365512
16466482
16648349
16817974
19883881
17903572
16813267
19349457
21596217
17872834
16613291
15583712
19480834
17168069
19542198
18048882
16310679
17462142
19485138
15689089
18555560
16023455
18835124
17886262
21398320
19996023
20601372
18186994
15518592
21298898
19455544
16711175
21679419
16088832
20795960
18836095
17984780
18441628
15875446
19422938
18314860
19943225
19197686
19630448
21290908
17072714
16827505
19901039
18446067
15696568
15519482
20620615
21487344
18611313
20617664
17183890
20109006
19788555
21523983
19565887
19428214
20078245
19495556
15574111
20653585
16422743
20579582
17556401
21210080
19248431
20645668
17274754
18657995
17042709
17102364
17768187
18280735
20473081
17100721
17727585
19196301
20621897
21368536
18372833
21629336
17533925
20088318
15536973
17620395
16848354
21385448
16231123
20552929
15645768
21190928
17393898
19358065
17133898
16889162
20394518
15680611
20677522
19823974
18187916
17327741
21700150
15515441
15595226
20077317
17869629
17996755
19526524
18566204
16334710
20089421
21193142
15565597
18946074
19214259
20166520
17442108
19930072
20624923
17651229
18983652
20971828
18419987
21544044
17258332
16313370
17951229
20185972
20594340
16913240
19171334
21053754
17349500
17379682
17086654
21409996
16442431
15536971
18414128
20422903
16609897
17163095
16078182
17194678
17268208
15526870
20700673
19134494
20584237
17304074
18241563
21099654
17443553
19165122
18688047
15555079
19148817
19411585
19570485
16826470
20058098
19583175
19068152
16429960
21272821
21301673
21947653
17227875
19014410
16519372
18847506
18404137
19440928
15939493
20455122
18053910
17263180
19793277
21958380
16634278
21443835
19648985
16737502
16817488
20495104
16638142
21351125
16501583
15934547
17699226
18516679
21576545
18019768
18180501
16849766
16253622
18158000
17998835
19186604
21332574
17617333
17135067
18609341
17201722
20107786
21333018
19349430
21595376
19448890
15946280
18763014
20500352
20102684
18430621
21323063
21576613
18386724
20092135
19256208
19258835
18677078
19365164
19051992
19620146
19626766
17428295
20505424
17643574
19877326
18946578
21359106
19824275
20413409
16334394
17415219
17070487
16982254
19556095
18843531
17500349
16876921
16202793
19944486
16448970
20977435
16440938
20936570
18092662
19300281
17244295
18421809
20881159
19416054
18227463
17891043
17242857
18342766
15532251
17960652
18664821
21605371
21352270
16437510
20575479
17987402
20092117
19856246
15971339
21350889
16808082
19654222
16526146
18154533
21340716
17896245
16937871
17601343
15561156
15923939
17950504
18301109
20728393
19892383
18069623
21352617
15573385
20135903
18777145
16640135
17327536
17520877
20565328
15530750
17699299
17076693
19437874
19775467
19061448
18681344
17138955
21618552
15893207
16792000
18021137
19299102
16295344
17283706
15963299
16076788
18618192
19945101
20380613
17242391
17931328
18186906
20557005
18080336
18677781
15895546
15583244
20935115
17313089
21145577
18665187
21530731
19772582
21320230
16009057
15955292
17160566
16100629
21534403
20076899
19344442
19538801
20038541
15626522
17004400
19674744
16206095
16969312
17901513
18808589
16101854
21855907
21840519
15801489
21178218
17718727
17712690
17366227
18226761
16093886
19091313
18566869
17050750
16116847
20147836
20874836
16213285
17187538
21097075
17658438
18314403
21135081
15993137
18032210
21220657
17907276
20502467
21820589
16802312
20463544
16769550
20801450
16296671
18653000
18807796
18595993
15754509
16372470
17287371
20804890
20387500
18390051
20166455
17452733
20689937
16783796
15590034
16502965
18056562
15887808
17514858
19451599
17680156
16613410
16048432
20438420
21287921
16739202
16818841
18842157
17583103
18355736
21710761
20153457
20128250
15870586
16319707
15951312
21510262
21301983
20709581
17472511
16398194
17683100
17973698
19397393
21333060
16979173
19482279
20108142
18259803
18480204
18564954
17162992
17366090
17139665
19104899
17502810
17375545
16261850
17142247
21526583
20077984
19893846
19239830
16911057
16638773
19634576
21648220
18418109
15720314
20441108
19967284
18187283
19912096
19752418
18588397
15978874
21225172
18616052
17454239
20847020
16669563
18316489
18833453
16685143
18488748
16448434
17644700
20385460
16310599
20803913
19188529
20109005
16988299
16308327
15550210
18283061
17091657
17077716
16879539
17502434
17111944
17597350
21500507
17984481
19417965
16339290
16407601
19564281
19826998
16533537
21616582
20436027
16649826
15653942
19563502
17959577
16673197
20676573
21717720
20508686
21519557
16445443
21163619
16098117
21413846
17766796
20486411
18997358
19583668
21353863
20193880
19204226
17584358
16117983
19135081
17122761
20940586
16405386
20537764
21503452
16775473
19880319
15710728
18423644
20579563
20004297
19913179
19005434
16117265
21448054
20143441
18277797
20712463
16306278
15962640
21531934
19011420
19938331
18435018
20021684
19736720
19143586
16438810
15871537
21208704
17633591
21155123
20710110
21323087
15732620
18512998
19560693
15599695
17040635
16487900
18202984
19144970
19177814
15526568
15686076
15871403
19571324
18694242
18325425
19405456
19024823
21785179
16157935
19531630
16092394
21270639
20572539
21087948
17494803
20149163
17340204
19592866
16739183
17897420
17551596
17030842
19167968
20033786
18400685
21359258
19381427
16547452
15914132
17098513
18488966
18219209
17955680
20561885
18694913
20213846
16594289
17206572
20561387
21208829
16430605
19401125
20972850
21995093
19835601
15799889
19067893
20815880
18356715
17852110
17495553
19232919
19338730
19898985
17269436
20532130
17764430
19165011
15591608
20101942
16680049
16948365
17426223
17411863
21688468
20656695
15904849
15590224
16722887
19538808
17326877
17973711
18569854
19059545
19730982
21591382
19007095
15838410
17133141
19197690
16627411
18070788
19745636
19095860
17286217
21437754
20459356
17549576
16603985
21645111
16689021
16092304
15876987
21677092
18779462
15774063
20500281
15543759
21086713
21138207
19017600
17404191
18390630
17091913
15876234
15875276
17352772
19105559
20064961
20207658
16511737
17088170
18027619
15675662
20001630
20485725
19411361
16971707
21368489
18324582
17508231
19795533
21394618
16148573
17706426
19729568
21555673
15999919
18980456
15690834
17294372
21385083
19936424
19250023
20383490
16475146
16281205
18234678
20878830
16377830
18490877
17621450
20085991
21413953
20110816
17453266
20504233
19068556
16216378
21841588
17310336
16316872
19271660
21144191
19162408
19933287
18294342
19032020
20298600
19774078
17912116
22043493
21040560
18666923
16472708
21624876
17661967
21704797
20537592
18429371
20545802
20305444
19364890
18584275
17719295
19309414
16979083
17565096
15915059
21361819
18358996
19142868
16750798
17559479
16360700
16256291
20624751
17335524
20103375
21142988
17035876
21397103
16942866
19299758
16855079
17174436
16371823
15847757
21121815
16245480
15580111
16911054
21612624
16700635
18720573
21564396
21632000
20886773
17492993
16509940
15982465
20647248
21072017
21158853
15730365
16290917
17886525
18082416
18164146
16999178
21626999
20929461
17973717
20092700
21625660
15551517
15736600
16353827
16709554
15948049
21561512
16847298
17577082
16161297
20664547
20550081
20432853
15602312
19824908
16566345
20706098
18351621
20594365
19568723
20063215
16548747
19546455
16759851
16003005
19930680
20056904
21129508
16514330
19538046
15995152
15675547
21143085
17054152
21893625
17546313
17918074
19092649
16880177
20461605
19856559
20194431
16287820
19767781
20071219
20526983
19058076
17035474
15647308
18614912
17310339
16984684
21091417
17349490
16309011
17545348
16898986
16398868
17477224
18626847
18927962
16190838
19659706
16757514
21536216
18051971
19692553
20711891
17588894
19718542
21703153
21650136
19767501
16488345
20461349
19508899
17257516
16796267
17306729
19008977
17468606
19378630
19201141
18295924
17414079
18286911
19142227
16116351
17584290
21287844
16049402
21843118
17694612
18853903
18055669
18838491
19843492
15749396
16925372
18360139
18304896
20146829
19171057
19276821
15781508
15853099
20541064
20331544
21518976
16518928
19924526
20075558
15690283
19642436
18828973
21239466
21717792
17592961
19407333
21584449
16468082
15522496
20169013
19070470
16699943
19066981
17220387
15695474
18831674
16040412
20476517
16779794
17470037
16627313
15718184
21677532
21558112
16875925
21447846
18175106
17715454
17676697
18171493
17601844
17580317
18327398
21805952
20359655
17983361
17261444
16170429
18300619
17370138
20728325
19297250
19204514
18992701
18090141
17548273
20642211
17335529
15797358
18459155
16282082
21214989
18972903
19179486
21172921
17641318
16215498
17627836
16356871
20163702
16181574
18385151
16610065
21224945
19644419
16509387
19645153
21498553
19965037
20139655
16838676
19648850
19793326
20037616
20715735
19710340
16568596
21882632
17766078
16336490
20855168
16343500
20500740
19114387
17405686
20864347
21188866
18946243
17914295
20933365
17334271
17680755
20929412
17108590
16736630
20847346
15802411
16192318
18164302
16378770
17149428
19375525
15994057
17490762
19325329
16800319
19086282
21539143
16832992
18182306
18273581
18541643
21809283
15876882
20974025
18790594
20349353
20830942
18980453
16764219
17255612
17167366
16297782
17600453
17411860
17914542
16320983
17013049
19554798
19325403
18038848
20722840
17088700
19687698
17948844
18027524
17967374
17634501
17825729
16248259
20123824
17018192
19385331
18437938
15754510
22013820
20582496
16424717
21693002
19527383
20585211
17334171
21534823
20084871
16905784
20569538
20218030
18619084
20550590
19303947
20795833
17936542
16957873
21738072
19447306
17201943
15960398
16517778
19548177
16902078
21462758
16635934
17242456
17581460
18274245
15819748
19777790
21058958
18524160
15911950
17430453
20552319
19686271
17130381
19001839
19707978
18205683
16010910
17624053
19755822
20638035
15560596
19537396
17077768
21317789
19105821
21486337
18256976
16752233
15636733
17022920
20014744
17844860
17341271
20178029
17135646
21539275
17570984
16438809
16413431
16612299
15579354
18714791
17723929
20479545
18322760
16888486
20088153
18597172
18809150
22039729
17098159
19034992
17365203
15947361
21326027
15725206
19118771
16607262
16826870
15942318
17121761
18496887
17968215
20978428
15723706
18550568
20173270
21361235
21375384
19714512
15840163
17922171
17536651
17019543
20443383
17324625
19850598
21138883
18048550
17590320
18625918
20030432
16728385
17362790
16544655
21243226
16403718
20038194
17688377
16335475
16848352
16020821
21943076
15992472
17335522
18667127
18315829
19022482
18409832
16429686
18949617
20105161
20399487
19628149
20593652
18420747
20925613
21513534
16224646
16143750
19810672
17492122
16802680
20220614
21087301
21499887
20972581
17999424
21444830
21840840
19753643
19916758
20672517
18294222
19372540
21209138
19703042
20586893
17351690
20356950
16075907
16276799
17241187
17402945
18602058
16583287
19250365
17100384
20167450
16387907
17061311
19445336
19406488
17826581
16276390
17216935
19717826
19221763
21335741
21239947
19824256
19365228
16331229
19640282
16489518
16266649
20514959
18666911
19770471
16276203
21351190
16331167
16238513
15799490
19438080
16563940
20375299
21614728
15624537
20674768
20484915
16223113
16194498
19138531
15809816
16604888
16033623
15842442
19433530
19488094
21219087
20444770
16981981
17947918
19401105
20380962
16709207
21319591
20069957
20573434
16608946
18247179
18826976
19487507
20122017
19339442
20610495
16728902
20973810
17616311
18536825
19077835
19116753
17118045
21095014
21336671
16164526
19018911
19103329
20678887
18272615
19340778
18993131
16948624
18315585
18492551
16285172
19397426
20642413
16299885
17600996
19619341
20046116
19205660
19750558
19672933
17212893
20589153
15992192
16839313
19675510
20515883
15814395
17626069
19891397
16324070
16238770
18612092
15633057
21445554
17884490
15890289
21462060
16738981
17704669
21780096
21050450
18333736
15801049
20530342
17560248
21039226
16489379
19346212
18678817
17054862
17342852
16423111
20838335
18579319
21129704
20306935
16365612
21519226
16635646
19265046
21121508
19952554
20889509
15641666
20171822
17698344
15706817
20392805
18834048
17931376
19093418
21478709
16060584
17392258
19736818
19327963
15787774
17238944
17537258
19380301
17804347
16703745
20077996
16370481
17975490
18808464
16516059
17510109
20368658
18022523
20963669
20698360
17952147
21029220
17474939
19038900
20458105
17194909
16117747
17596745
19100145
16911174
20579159
19648843
15945411
20827893
19487532
19634047
21093061
19822873
18248693
17689462
19682355
17938935
19284262
18973674
20228634
19958254
20523230
17311239
16824270
16050306
16602516
19556552
17908126
20089493
21977821
18275539
16512436
17258047
16284050
19153394
16792045
17702483
19858821
17557434
21074816
15745875
19947781
15602164
19010732
15624279
16336481
20411889
19865014
15544662
21197830
15605916
18631915
17701828
19685037
17470220
20298668
17661810
18520653
18947081
18753715
17065540
21218574
18830138
16175812
20222245
17980834
15980092
16330821
18050782
21402373
16629543
17181758
21149758
19826952
16103381
17263051
18682996
19458596
16913521
17899216
17036265
17897153
18164924
17128395
21180834
15602303
21877578
18540506
15596920
18706865
15775746
16632813
17099466
20302059
16485588
20453732
18333722
18835682
20586173
20456771
16759046
16670743
19093681
20142739
18030153
15941483
15876244
18559164
19584762
20202506
18272607
15542538
20132006
17573682
18776748
21376188
16027333
21724791
21278672
17767791
18333558
19800997
21507193
19744291
19585061
16116384
20921249
18173848
16410430
18281231
19820864
16937731
16808129
20030500
19750277
18767515
22096876
19080189
18318561
16004105
21852649
18840124
21110399
17418677
18086999
18365290
16514777
17002010
19014228
20959738
17727690
20541884
21511370
20864829
20452847
17344981
19947783
19254969
19028827
16672005
15682731
18513354
15726240
20059311
17997494
16925257
21395911
17265784
18702777
16550095
16878038
17213498
21450767
17692636
17584391
19945813
21449510
18522667
18431292
17070598
20705551
20497268
18450682
15833465
15765814
19542381
19390053
15727112
20583686
17102156
16808711
20427634
19704190
17337347
17333436
18261411
20496777
19124983
20825871
20010044
18662261
16477287
17066968
21730228
15520103
16164387
21366738
15771661
17007487
18373578
16758714
17044575
19809782
18004189
20660851
16609081
17917411
18032162
17640844
17433614
15792061
17141638
21113566
16579827
17468640
16489445
21364214
17468728
21938999
18204844
17128542
19321901
20550653
20487419
22058396
19863288
16520999
17149993
17044342
20535908
15638303
20445220
16330134
15966461
17610315
21382948
18512305
21140344
21301280
16681197
19403495
17714049
16933633
21146313
20458642
15971874
19736832
15814289
15725981
20201365
18588800
20335136
21694567
20403903
20427298
20976501
19572761
17619911
18346597
18519312
17085274
17472497
15778133
21685721
15871640
17767450
16618916
16007301
17574501
21467056
19832893
19925743
17662156
15793551
17311361
16195092
15997995
21162428
16827046
20142578
20798621
17353747
21817968
16752111
15590242
20204991
18578763
17308862
16989234
18085601
21635284
17421107
16967153
21278644
16566531
19806711
19258150
18423348
19493141
20718235
20593678
20148365
19001919
17087404
15741473
18833458
17212684
20529186
15842713
19914470
16974168
18801272
18639409
18201030
18664739
19225272
16519091
20830821
20132713
17681123
20357149
20442748
16837681
21440811
20825903
19462470
17312091
21724130
17133307
20638738
16491032
18264897
19564077
19468965
17147994
16088854
20043216
20727547
19514531
19227722
21183152
17275989
20077795
18614445
16521895
19711266
16188034
18422207
19161645
19068141
20438010
21789908
21286839
17944314
19866504
19273863
16449755
20367115
20528703
18157568
16149984
21143347
20824563
20067356
18097144
17175948
16522405
21086799
19473211
16893307
21987954
18787438
17208121
17363872
18310160
15799484
16491935
18301123
18350262
21086054
15865461
16035562
20207173
18092373
17629999
19271594
20670319
20114124
18845070
19588703
15623164
21323845
17244852
18248395
16239820
19633593
19173143
21839879
21272764
21261966
16490558
21617504
18562861
19023164
17420649
15893959
16583190
17125958
19525769
21261998
18924004
17826065
17591169
22078678
17298147
18399022
15690832
18295615
16961101
18775402
19036140
21555939
19939301
16802425
19076668
20009883
19250559
16830251
21905476
16922114
20144523
16696786
17272898
17928462
20338980
18515809
17098679
16395637
18204846
19247226
19546722
18447890
19103405
21785313
18340510
16113141
19910878
18088263
19259706
19674860
19255106
20012702
16123012
19694620
17898814
16292336
19667006
18476313
21062571
19896325
18337617
17492407
16618380
20920902
17211732
18279924
18982964
15940836
18333730
15877479
19605799
19656231
21142837
18802162
17210503
17386392
19629415
18319491
19939723
16702081
17984217
16082909
15748090
18176083
19137480
18474760
18089961
18260804
17408822
20331382
19175591
15566598
19255305
17889494
19840275
18339641
15699080
21300647
20193832
15867652
21265407
16861132
17697951
15950807
18307851
21234746
17024614
15566443
15774778
19405342
21554711
21334928
19948571
15956007
18387006
18588400
18453845
16551381
18641110
18511592
21109125
16836761
19135822
18397446
20801967
20642198
17259199
20866016
16477415
21624536
20019727
19117883
19524911
16149663
21174654
18229562
17287134
18794751
15819975
20795835
17579311
18580125
17066354
15523255
15857961
19726398
16050226
20185444
19537399
20723937
18398664
18414308
16327419
18631312
15938407
18269054
20940576
19823090
16691092
17570875
21495397
17542030
20702057
16121877
16213235
19284188
15750526
18387803
19684493
16041228
20123251
19562237
17310664
15815886
19461068
18633570
21348562
17249154
17455515
20019509
19772558
18946242
19999957
16463468
17699357
21600375
20000249
21094715
20361900
16617637
21384792
22106759
18825863
18833625
21141634
17573297
18257492
15529235
15853783
21751755
16137215
17001260
20479136
17227981
15991775
17917470
18220677
19813296
17261852
17304570
19184127
21254711
20451794
16960933
16121655
16006186
16274169
21361237
20438344
15647735
20510951
20691142
18165898
18157353
17169232
20562620
17447086
17570604
15750521
17357258
17472520
16423099
16169794
18698595
19708793
16106335
17088648
17710834
16735667
18384358
17881092
18612905
19492151
17988364
21114720
20162906
20599101
15739740
17118239
18608102
16464452
20153537
17978610
20371035
18445647
21424075
16953946
18333720
16034297
18318852
18924291
21469291
15580819
16732017
20684345
17042235
19549673
16144265
15697100
17116556
19606922
17290640
17094366
15586549
16986670
16777829
19645706
20690461
16630899
15718578
19615889
16877905
16917188
17850291
21838159
19295227
15851384
16905552
20525777
21725233
17892241
17096305
17321614
21185749
21546787
21694570
16450936
17921937
19625565
17235456
15916312
21462877
16199455
21322860
15727546
19558193
20943615
16018301
16316434
18227889
17705217
15749591
17693266
19135577
20849278
19104321
16836215
21154090
17537084
21177426
17873730
18541852
16196501
18251187
19813386
18157732
16913238
21094053
17596063
19240203
17167523
20618777
19305340
18772181
17193946
18094893
17458356
15747886
19008695
20479043
17324182
19437250
15599146
18978242
21605435
17102325
17219508
19250150
21156291
18225675
21610479
16629279
18076697
20044860
19387912
20484722
18703306
19560692
18352962
21473312
17674685
21841061
17199541
19190869
16401158
17536978
20554140
15959428
18304060
18415919
16767851
19786671
19247883
21276075
18198359
17350783
21879657
15840077
18463838
21166869
16233998
19017602
17491352
16280946
19582523
15984286
19008269
20464838
15720485
17069573
17235044
18094296
16466484
17430711
17541307
20211644
20158126
20345835
15645323
19728382
16757489
19877387
15952477
19004438
16830847
20658353
18461370
20846225
18473086
17421095
16244534
20108146
18042131
21560898
19343870
17684111
18630063
19382508
15549002
18445760
18294606
16273994
20618947
19803561
19890086
21911633
19454195
21332773
18216079
19026477
20527720
20386034
17336865
17505406
19711731
16594878
17582019
15557419
21572061
16450665
20380710
19489191
16871101
18174780
21426214
17210987
15856427
20443253
15622675
18569197
16624777
15625045
18078617
20729512
20480972
18807244
19419352
18502375
19781816
19530026
21708003
20424802
17655636
15604120
17725947
15893215
20946497
17224605
19768640
19046827
19260370
16978417
19073377
21819357
20069918
15857442
17272792
20876170
18515437
18844528
16865349
18234033
18065365
20511684
18398650
20405398
17088110
16604297
17145489
19921079
18355593
19882062
20659409
20681469
21684412
15755411
18612720
16200948
16189328
21444842
17622203
15687510
21748989
17919912
19074929
20232252
18459477
21863651
19306632
19442539
16426516
20858885
21554034
21857343
18947435
17624157
15566435
16757089
19207525
20857671
19146511
22118332
18068280
16988083
17989126
18584460
15954200
19225286
21586721
16372152
17591508
18330002
18194099
16125480
18197510
21353120
20938632
19682847
21199464
21624869
21977769
16765862
21498789
20386997
16393486
19843964
18580221
16371681
20706180
15902873
18553040
21862745
18271332
18951747
18581021
16235813
17333312
18545734
20306839
20144367
16956715
20975399
16487840
17360093
17556899
17483997
18722933
19951084
21591431
15541128
19166567
16499301
19994653
17700975
21902122
16948725
15511740
15737287
17323873
21486160
21729955
21507106
21882755
18682476
20633899
18385405
18700871
20095186
19173177
15812619
15774047
17481486
17296230
16775904
19007689
19154905
21269670
17135924
17636723
16134664
15861919
18254457
21358395
18353495
21159904
20530305
21376485
19573401
20144283
16525901
17592782
21382867
18179997
16271121
16405707
16705366
19908947
18622339
18021332
17004430
20399949
18162970
19101224
19588158
17400033
16245304
19819095
16091895
19253130
20039996
16866655
15892722
15644641
20706892
18604337
19947016
20872772
19250617
18154492
17184377
16557069
16629008
18726695
19995268
17177907
21404142
19436207
19932933
20402176
15661258
17929709
17034285
16224112
20831004
16497428
17460307
20587105
19706072
17509266
18353908
20712459
16225338
20842755
18630064
20373649
20520126
20943293
21322157
15831188
20655643
15789363
17083318
21409670
19325488
16879549
20849989
16163682
16387412
19100667
20850713
17219489
20170869
19451489
16565628
19901672
20620266
19390753
20719843
19253704
19811139
18758854
21446264
21038969
19703382
16182093
17484705
20957133
19085957
18057011
15939515
17895720
21355831
15912087
18714905
18161468
20422964
19032784
16445662
21824960
17652629
17957882
20016435
19855360
20151163
21457625
19738217
17584422
15970116
16721664
16515427
21099675
15636591
20357701
17027221
19019866
17571783
21265393
19543670
15856169
18221465
15545242
21770881
21122761
16884567
19657622
19910090
17686390
15904527
16398905
17960669
21300192
18495050
20230175
18608824
19269708
17580003
19132344
15994340
19246146
16485800
16489959
20302989
17972671
16983102
20630159
18334055
19142111
17688564
19306974
18482121
16492843
16119649
21826674
15627022
19915873
16458250
21506464
15968228
15675902
17911989
20031809
20123326
18074476
16529592
19247096
18616539
15835223
16046042
16931972
20392644
20182970
19969162
21334942
16903401
17970856
18090868
17175033
16533954
20409059
18226313
22147374
15645998
17244671
20065194
18546983
17099506
20529322
20381431
21278668
16267966
15989830
17268928
15629730
16808124
19786152
20471766
16009066
21999065
18826650
20890136
20507692
16047961
18791551
20334770
19119575
15872121
18386952
21175928
19204614
21177708
16040376
17672390
18018818
16788256
20509060
15640301
20543370
20513681
17382044
20012347
17272832
19700889
18162746
17007224
18073254
17923968
19939303
16332602
18509872
19402801
18261005
17851385
17610440
19405016
20510840
19186446
16336620
15749321
15693685
18197862
20211406
21542913
20302995
19103342
21519043
20800143
19522884
19584764
16507286
17948846
18399614
21537964
18519296
19490296
21533288
21292712
18242936
21177399
21666467
16464924
19519904
21540684
16986566
19942114
21378634
18448727
18540541
19722148
20590511
19917443
15918427
18194624
17367303
20964469
20463446
20642169
21798736
17303385
21488706
21812227
17315515
21111980
21164402
19602171
18587362
16174996
15959710
20823348
18358344
17872553
17001933
20970018
15859106
21317630
19558053
16174145
19626959
17198512
19042213
20647929
17006873
19923302
19222740
17557215
19266354
18581613
16783533
20373479
21854894
16217214
20183371
19248426
19822480
19368089
15578149
17233432
18604668
19055076
21554729
15590341
19741218
18554911
19326807
19253148
21050708
19929642
18216465
18275399
20371485
19765326
20564626
18039440
21905489
15571900
19156374
17726711
17262741
19182464
20939945
21032972
19836605
16218158
21207723
17017324
16954004
20940569
16112249
20333493
18447973
20482425
16628312
15829838
16503046
20541903
21384650
17077254
20394460
17558578
17121508
21470276
15603214
15668600
18245212
19295419
15915843
19960932
19826326
15995096
21384072
16827532
21931027
18198259
20003040
18221469
20179530
19043338
21170816
21545985
18668611
15588360
20625618
18815980
19536026
16529289
18403204
18987900
19475792
21674892
19860072
18611255
17448401
18400529
19078876
17126270
20816103
20210665
21162153
15900181
16332466
16236656
16006830
21198332
15995499
15969706
17000474
15651447
20141794
21677490
16130307
19016303
17289539
21359504
21050955
15880171
17516489
16809742
15602142
19041619
17626147
18727765
18331965
20162921
17210996
16843575
17427609
18700088
20166651
21867855
21084087
16445158
16997027
18321835
16471293
17400030
21838150
16352983
20199766
19003799
18700267
17365786
18853713
19657496
16203057
20545980
16050852
16895488
15886732
16028803
18585535
18277552
16968569
20391675
20628305
16884157
16304302
15957720
18273482
19188132
19876637
18648204
18372975
20231238
17291830
17291340
20031168
19929185
20173601
16701771
18000133
19224908
17185036
18484689
17413776
21226383
21349374
21458151
18758334
18095805
18302874
16437270
18830764
19042482
19905880
16396922
17727551
19069449
21226411
19224804
17591806
15717896
17224226
21756681
17514396
15776123
15680612
21417148
21102177
17260233
19338188
17199055
16290977
17823459
17805954
16109515
19062773
18843135
18955440
17044586
17138846
20052874
19101310
19634588
18619717
17394731
19254403
15835417
15884244
20691493
19962845
20592010
19836153
18364475
19151964
17644829
18501836
18715245
17411757
19335811
19125893
18274417
21244668
17272798
15767197
19386325
21668384
21503460
15782838
19207055
16443997
17659765
19573210
15707263
19597893
16403243
20225779
16207264
21339383
20713746
21251533
21528622
16639736
15731987
18328244
18083238
21304383
16034758
18792439
20039157
17443368
16518558
20463086
19586569
17216974
20594804
16476881
18609344
16263865
18289142
21121844
17709355
20538961
21610571
21745385
15930214
17969826
17320551
15856552
20307367
15643044
17388760
19576544
18402680
16860964
19114900
17325100
18774193
16615711
17394519
17690808
20429234
20860179
17785486
16538669
19753807
18353506
20654285
18071175
21327509
18761850
21527171
19092597
16260819
18562872
20359693
18165374
16151563
18316256
18607255
19210153
16175784
20064882
16649271
20701999
21126965
15701767
17205029
17093912
17279205
17565796
19094198
19931954
21266145
17985600
15710799
15798673
15723743
17766616
17165076
16223081
20736674
18360840
15557551
18157913
20105287
21079464
19718995
21371373
17310766
20421021
20150849
21514554
17694636
20690492
16965891
18078556
17912778
17163989
18242130
19181500
16103696
18096038
16342025
21239908
18346553
18569235
21387689
15931019
17464573
20965461
18727751
17656203
15862741
21045946
20870972
17469381
15546945
16390834
16270739
20729045
17343037
17375685
17126459
21112972
21505139
20675297
18996769
20370788
18190569
18286973
17704880
20142406
19096850
16774291
18474877
20376608
16717084
16268282
20490970
16581631
17186422
15589911
16937758
17551869
16796505
18426456
17140007
18642609
21442345
18180167
15615285
17176984
17686604
15797751
20414615
15701763
18020847
16646728
16323254
17043775
21671526
18593261
16362696
19967217
15650867
15937688
19591578
15757050
16718297
16473065
18681200
20554475
19668292
16306755
17455518
18690003
16128652
19266475
15717876
15993960
17633945
21460588
18305331
21422383
16609323
19591020
16897270
17476142
18709564
15916471
21040255
18379234
19707724
17182418
20443316
21343937
16473979
16466574
19895408
19460244
16050628
16854239
18483456
20976495
20375236
17901823
15536883
16372656
21115986
19763604
15998996
17000478
20199943
20306615
21465894
16100704
17223939
18632034
17823815
17622862
15613564
19939305
17300001
19461175
19307815
15569130
19271039
15654469
20890138
18536588
16161861
18833725
16061907
19382539
19438672
17471185
19699977
18759730
17521258
16217714
16730784
15860054
17145456
15619508
17148527
21275312
