16210944
16755817
16738468
15724562
16788351
16788256
16780297
16776611
16776387
16771288
16764560
16764199
16759961
16756937
16700241
16697168
16836215
16835551
16830245
16823022
16822715
16817296
16816277
16816276
16802428
16800219
16798068
16793487
16697609
16892766
16884034
16882002
16882001
16882000
16876378
16875100
16859860
16859236
16849931
16849306
16844795
16843718
16961103
16955592
16955571
16948445
16941895
16926760
16918782
16914938
16909724
16905489
16903307
16903300
16902079
16900903
16898986
16898980
16649640
17057603
17037115
17036713
17029489
17026435
16997025
16996124
16980791
16977402
16974188
16968364
16965467
17144921
17138505
17138496
17133883
17133293
17108599
17102887
17102524
17102341
17102325
17102316
17102288
17102253
17099466
17094366
17094300
17087418
17087176
17085613
17085275
17083318
17079797
17079618
17079617
17079023
17066988
17065879
17062541
17061473
16604851
16581641
17244010
17228826
17220157
17211209
17210537
17205001
17196910
20690461
17188453
17181604
17172944
17165487
17163120
17153132
17149560
16565277
16004159
15999857
15984286
15981652
15962074
15943622
15940892
15931043
15908832
15906896
15896696
15893213
15892317
15891488
15887808
15883143
15876882
15862736
15823886
15768932
15768653
15754604
15739735
15727548
15727546
15727544
15727363
15724556
15715897
15715756
15714072
15701539
15700607
15693685
15678929
15678928
15678927
15678925
15633310
15632503
15631293
15620126
15617401
15610991
15608112
15589079
15587130
15575636
15572938
15559598
15559103
15553550
15537585
15537404
15532176
15526628
15518247
20302257
19504160
19487619
19432915
19339450
19271589
19256298
19255305
19248326
19154298
19092532
19005959
19005956
19011232
18999280
18999235
18999202
18972942
18958985
18958984
18946369
18937139
18853737
18831397
18808459
18807300
18803739
18799771
18773704
18760559
18757586
18724524
18714719
18709593
18690123
18678725
18675179
18661746
18654960
18650534
18649709
18610714
18595456
18595309
18591210
18588662
18581613
18382174
18501747
18442591
18441971
18392546
18391293
18387016
18386451
18385407
18375632
18369048
18314811
17494508
17491567
17486951
17473537
17469378
17469376
17469362
17457779
17447625
17444251
17443116
17440290
17438397
17427794
17427479
17412037
17397690
17394112
17390949
17389416
17386311
17386309
17375806
17365393
17365378
17365375
17356989
17356436
17352334
17347505
17343534
17343028
17338398
17337517
17335528
17333656
17328146
17325121
17324625
17310355
17308443
17305104
17294374
17289460
17284943
17284233
17283706
17273957
17273028
17265844
17263054
17259897
17257297
17251710
16648725
16623603
16620259
16608158
16604867
16594969
16594860
16584013
16581636
16569722
16533678
16531781
16525005
16521895
16518180
16515148
16502815
16493271
16450926
16447530
16443994
16425106
16424962
16398009
16340114
16323719
16295340
16250390
16248259
16190009
16187669
16184784
16180554
16180481
16171075
16168038
16162565
16124685
16117381
16117008
16106686
16096155
16096154
16096153
16096152
16096151
16096140
16092629
16045054
16035276
16018301
15977538
15974112
15974110
15912809
15912808
15902084
15852799
15852584
15825891
15799432
15785914
15776123
21991779
21960333
21843118
21732724
21699033
21642906
21639897
21635184
21609422
21608508
21601708
21548342
21520572
21486129
21469036
21462466
21462458
21383358
21382948
21319423
21280340
21210354
21199299
21197881
21182440
21174846
21153460
20654899
20654897
20654895
20654882
20654872
20654811
20552906
20448516
21744574
20426308
20422903
20376638
20023561
19999373
19927960
19728434
19703637
19692541
19659846
19652919
19643244
19642475
19625935
19606660
19605620
19592986
19592963
19591346
19590465
21174896
21165842
19543010
19531630
19527558
19500701
19491738
19483417
19474415
19460662
19423279
19363840
19358096
21456315
19300070
19288675
19281677
19278185
19259861
19238717
19225973
19225316
19213118
19206034
19189153
19176406
19161034
19156376
19130383
20411829
20405778
19112077
19104294
19085268
19066980
18085602
18073677
18072473
18063550
18058690
18058681
18050982
18041866
18048554
18043116
18041325
18038830
18033664
18032303
18032296
18032203
18027524
18020245
18020196
18019115
18018955
18000477
17996546
17993276
17992483
17978607
17977500
17974094
17970366
17960670
17958297
17955886
17955884
17955732
17948846
17941552
17938771
17933613
17927095
17909433
17909136
17907692
17907688
19343866
17900393
17897152
17885971
17873255
17873249
17849678
17806014
17768307
17763838
17724244
17712914
17710834
17701393
17701117
17685076
17685066
17680330
17674909
17672390
17670998
17668835
17668831
17664516
17664512
17664508
17661544
17661076
17656412
17655163
17654525
17653940
17634910
17621446
17621444
17615718
17613159
17608042
17605536
19160887
19160878
17596063
17594634
17592973
17592971
17583079
17580394
17579304
17578224
17564548
17562727
17557464
17547270
17547265
17544248
17542232
17540322
17535182
17533936
17526315
17518143
17518020
17518009
17515018
17509808
17504586
16422435
16391309
16372663
16372656
16357669
16353495
16327419
16317333
16308175
16295991
21718506
21717676
21717673
21696483
21675172
20978730
20967528
20966373
20963676
20957393
20954055
20951270
20942889
20938632
20938625
20932436
20925291
20879910
20876344
20872106
20869024
20851279
20851273
20845676
20841984
20841983
20841981
20841979
20831738
20728695
20700774
20686399
20677692
20677061
20675017
20654871
20637343
20629297
20586892
20586891
20614401
20582500
20574205
20561077
20543375
20543368
20540393
20540391
20540390
20540387
20540386
20536755
20536093
20535896
20530403
20525097
20524504
20502848
20461676
20434085
20429125
21744584
20426359
20414852
20411889
20397478
20391657
20377400
20377091
20358496
20357704
20222118
20220614
20218162
20207173
20192078
20170308
20159525
20131741
20123819
20123813
19142780
19136356
19136335
19134509
19114780
19114574
19070193
19034995
19033181
19033167
19032571
19026922
19025086
19025084
19024823
19024666
19021484
19018888
19012195
19012146
19010943
19008757
19004666
18999089
18985547
18950076
18947122
18924017
18922582
18852569
18845414
18844193
18825572
18824135
18819212
18815843
18808601
18808282
18807041
18794721
18774179
18764851
18751356
18718110
18702276
18649812
18649808
18583481
18579272
18578763
18578109
18382171
18567926
18557964
18536546
18536545
18517175
18516679
18501748
18490877
18488981
18488575
18487805
18487796
18487766
18487762
18485656
18482653
18472622
18469296
18456983
18453347
18429539
18419364
18418109
18416359
18416356
18411892
18391289
18386455
18386454
18386449
18385589
18372887
18368878
18366380
18360207
18359728
18350770
18336692
18335873
18333730
18330057
18316489
18302602
18294584
18291722
18290580
18287900
18277638
18277637
18275662
18275405
18269305
18261949
18257867
18255069
18251445
18251194
18246862
18237067
18235160
18232612
18232550
18229731
18216011
18214215
18205680
18202934
18202203
18196694
18193356
18192260
18188975
18182635
19391466
18160862
18159880
18159868
18158517
18157452
18155575
18095795
18084967
16278959
16265960
16260357
21763127
21757083
21730078
21595360
21591382
21590636
21555477
21552066
21548351
21548349
21548341
21542725
21503862
21500147
21485928
21476853
21462094
21462047
21428230
21426376
21418461
21415613
21384467
21383360
21366104
21359269
21343433
21330895
21317789
21312092
21306421
21304352
21301243
21298951
21298947
21298946
21298943
21298941
21298940
21298939
21266886
21243836
21243328
21212420
21193084
21193083
21182434
21174852
21172921
21167362
21162327
21162326
21162324
21162323
21142678
21140859
21112453
21104212
21089995
21089994
21085918
21084136
21077540
21073679
21072495
21069272
21053516
20617664
20586893
20598768
20595214
20594068
20593987
20589609
20564714
20562773
20558122
20550841
20549243
20546464
20543369
20542238
20541076
20541074
20540614
20539149
20510945
20482410
20478753
20476542
20469952
20463451
20463448
20452912
20436336
20433117
20432109
20427298
20408887
20385460
20354115
20377497
20368223
16189947
17222961
20563730
18561444
19134493
19247081
15861915
21977771
16846830
15743694
19437910
21589868
18981789
18267176
20404628
21286839
16761659
19266765
18619084
21163478
15921988
20598831
15990043
18223578
19552182
19464097
17042837
15992240
15632388
19283868
17633982
15948080
19181201
21218457
15542538
18760146
16116391
18320301
22041951
20081723
16728301
17264695
17003763
19874100
17918613
18774663
20190666
19473067
21236585
20665487
19437856
21419248
18219209
17958467
18786341
20173267
15747196
20644185
22073745
20730061
16011137
18955918
19326547
16263613
19824525
17499955
22026194
20702445
20878041
19297250
19481879
20961981
18569779
21044131
16850912
19702814
17619125
17694612
17306905
16594246
17341326
18775402
15712507
16192828
20585420
19182168
17901640
15869214
20413752
18551334
17067869
21979543
18090186
18294382
20803390
16604798
21801928
15583907
16506704
21718834
20937922
17142527
15645189
20489767
17243271
19671916
19146658
17557434
17060272
18236875
20488928
18474847
16540788
16234575
16842475
19084891
21804485
16280973
21542811
19480168
19175680
21653910
20522394
17413669
16052127
18279125
20421057
21585696
17658961
16933821
17584426
19785564
17138178
15934386
18260904
19927849
21164414
19854441
18286981
16046896
17519608
16543906
16034297
21051257
17559612
17447099
16712851
16965312
16330968
17116515
20438344
21292444
18358296
17266848
19643612
20446387
19575719
19455875
20444765
17474812
21465926
18433879
21375100
17342789
15869559
21519423
17344263
16633237
18387006
20142264
16789984
17386358
22129251
17824267
17577535
16053435
21211926
18788974
20541069
21586993
18075455
20236431
17130381
18046336
17099195
16610485
17177907
17976989
21401482
18801865
18837659
16050860
15908561
19395889
21598893
20101059
15832071
17509694
20795834
18269551
21305537
17464569
16265767
17050340
20728004
18477178
21727837
21532043
19207800
21169964
18237065
19697810
20804928
21042930
16092319
19103329
20228332
20235291
19708098
18766108
20890253
17602317
16805764
17107619
17157363
18831870
19710615
21402255
17393898
19854086
19712783
18937231
20397503
21619609
19665624
21397876
20082898
20632461
18524652
16910193
19094931
19672190
20438946
16394924
16490558
20857805
18309475
21789289
21630563
19858952
17136932
16312204
17541326
18664502
20441028
15780330
17989265
16924994
17257444
17062510
15985504
21136034
20630399
17557933
16913579
18078617
20331392
20049092
18422265
18702651
16991132
17254924
19456057
17927991
19994653
19161482
17578583
21074115
18173315
19857211
18477716
16877620
16440248
16718578
21477376
18439049
17188599
18087202
19291271
16161382
20609251
17142586
20494453
17235261
20038247
17515014
16530604
17365975
18302971
17826034
19056024
21416687
22010498
20411410
21244255
21368535
17000583
20335136
15701148
18388844
18984378
20934213
18810662
18676528
16285604
19837259
20637320
18162891
19043338
21818904
18575174
18033724
20880153
16234014
17580126
18714603
21091048
21586451
16788387
16617893
18592424
21084411
16696761
19127229
17004212
17608339
18805619
18053777
15691240
16094750
21385531
17995565
19486788
17402209
18513620
16198838
19256051
15811198
18464128
21114720
19204855
17392349
19448466
20443310
20224313
19275089
19331257
20443387
16422715
17716417
20672517
17553107
18334055
20414433
18655730
18471674
18625166
21453911
19689494
17340547
17996802
15573828
16082881
19031302
17353843
21360697
16622995
15597815
16956143
18996980
18446181
18278840
20001871
15672013
16631176
20564070
20360145
16082277
19363751
19077648
16153052
17996764
16411347
17905234
18759983
19185977
17947918
20463337
21362766
17538449
16883170
16795902
18561558
15844846
21029226
18951120
20334556
15530752
16950738
16895249
20667944
21143363
20978249
17568285
21059573
20922979
19785885
16999183
18358996
19534258
18164461
16378770
19704285
17761062
16116774
15511740
18390461
19770368
21475089
16229314
21675642
18829201
21517836
20167834
18771643
17626147
18282812
15793551
19601451
15718571
20336355
17130700
15898686
21291059
21207009
16477200
16826966
18711454
18165422
16965637
19525768
16677976
19674003
18615962
18200827
19798837
21875843
18761842
20981687
18206737
16260054
17762623
21721162
19179199
16279964
15746480
21359254
16304319
19189157
19120746
20177047
19249189
16678696
17261114
17927116
16889781
19488660
19383069
17227981
18496220
17390196
16825667
17924926
16088435
18574366
19282266
17241192
18210161
21803273
21532086
17573297
17508231
18935702
17043775
22030660
20617931
19125119
17459818
17178302
17229270
17446195
19856075
16492659
18610923
17059497
21143564
19621558
17272792
19947840
16947045
21056164
19368790
16899938
19744295
17917439
16509434
16690560
17917940
19645809
16910792
18605344
15920852
19754014
18027520
20234203
20951090
16107452
16550800
18595993
18376679
21638874
15603634
20509248
16770137
19634381
17545841
20608240
16294612
19232893
20230176
16572671
18307597
18374595
20381916
15856552
19413077
16545263
17324094
20423403
20098163
18782209
18037270
16905913
20340049
20881713
17491214
18375626
17577165
15649687
17999211
19397034
18721082
20463544
19260603
18298632
19809340
17115956
22026065
17577420
20939021
17577185
15912052
17877653
21708368
19957453
18792440
20027967
18478819
18564996
16919162
20011732
20496305
20598825
20579640
17524196
18038524
20813332
16132321
16520500
16651897
16148318
17515311
18032317
16328186
15933650
18685372
19216759
18195309
21121500
16427564
16466085
20926407
19580194
17802730
20222373
17261396
19665686
16891277
19115892
20812495
20723836
19437392
21314579
20552920
17433966
17661149
15637868
18977559
17891116
17389717
18762641
18622219
17678779
20463359
18558934
16866222
19015926
18216077
21095610
21659397
16824222
16164387
17438929
16195574
17563050
17509737
16200520
19492178
15756402
15741497
16450449
19485860
18365512
19087915
15875590
19786421
16533394
15686337
19551750
17822779
17310340
21078683
16546053
17108841
20592552
21693527
21117303
21088736
19794159
17727771
20047365
21073826
19006500
15777874
17949625
20406498
18986288
20667700
16294765
17225627
15850019
17502639
17340180
15819839
17509285
19593488
20715648
20092135
17007249
21146876
19788748
18438134
18008106
18382047
15997043
21503428
17557028
15754538
17674201
15857196
20849796
17146310
19080189
15640293
15573505
17953060
15732615
15641253
21378063
19406563
15677779
15910825
18453849
21148521
21061867
16435925
19522884
17564403
19072193
20873675
20419748
20626578
21158903
17345760
19197815
18416378
16766590
17170635
21403043
17126457
20695259
15824937
20854708
15848454
17563326
17925412
20078323
15687140
16334819
16195096
19120898
18499815
18372380
18689217
20532923
19484840
16752881
19827968
16390518
19866498
19605604
16700244
19181649
18561824
19060802
15677596
17505563
15725826
17378934
21716048
18019902
18677868
19508132
19775042
16394787
19895444
15954200
20889517
17324196
15992204
17927114
19268741
15831194
16409179
15699831
20536614
18389216
16883670
18435244
18715968
15899730
18206580
20722312
19114689
19340984
21462058
16213787
19515198
19239662
15537718
18216738
15550092
16512871
18781367
19687374
16208656
20484058
18414123
19038976
20466750
20443253
15756486
16813512
17703823
18376652
18321445
16700350
15920707
18429912
18346553
20458642
16970555
19813345
17425278
15609749
15735199
17328824
22049813
21350271
22128511
19126286
21537324
18515605
15667378
21675699
15798453
20055199
21439175
19786417
21323006
19655554
15547313
21879656
18823431
19388898
21500514
16323488
16018272
19541101
16906628
16447328
15797359
17427248
18186907
15739128
18605272
15838965
16911142
16855126
19489988
21122761
20717894
19850180
19331120
19717839
16840363
18243449
18214625
18560085
18365772
16509435
16273794
21561517
16149253
17382042
16308174
18725038
18497510
15838090
16958943
19184557
17984645
17978610
17583284
16099784
20727191
15994588
19951223
20584364
15896928
16676513
19007095
16192779
17060300
17448401
16846179
18422053
17641120
18808596
18788364
18996745
16401532
16181597
19178172
16485800
16141107
17095497
21591431
18997557
17356959
21540860
21251274
16087898
17969290
15925287
19291342
20169350
18727573
19435112
18050051
16438811
17701262
15957293
16944683
19576661
21429250
17477472
16759936
17633074
18057191
19364033
18174092
20673244
21198332
15931045
21380993
18763552
21333914
16719746
21244248
16937871
21617648
19514230
20678887
20141092
19469434
19800537
16635705
19898985
19967948
16564405
17403838
16010902
16580370
20877950
20541443
17260531
20220631
21311827
17060182
16968511
17386230
18725833
17136290
16759426
15930233
19343033
16355710
18055503
18654093
19372127
18536825
16186451
17360084
15936130
18664711
19632805
21189516
19552293
20455379
19999315
16520677
17674224
18176228
21119309
16353573
18846150
16440562
20050465
15528578
16344419
18350774
21278668
15763717
20003350
19887343
15610989
20465047
18771828
18584797
17855485
20014541
17156447
19958418
19584803
16137269
20173588
21059417
19376385
21560897
15817804
18936382
18785194
19041619
21458038
17934058
18165376
15514170
17494279
16325024
21173494
18522372
17848423
20008828
17851385
15638933
21397103
20476517
16430347
19411018
16719132
17249857
18819716
16111083
17308862
19032122
18226623
16872786
19032784
17349500
20966789
21185992
20081687
20406519
19335672
18160893
18538973
20356950
17939927
17679411
20464071
21678217
19632550
19339442
18820523
19395973
19354054
19460244
15717962
16826416
16381366
16752540
21572262
17784884
18022814
16383057
16319757
15833411
19248439
18355257
19055272
15820984
21504259
21840545
20801450
17655543
16969245
17713192
21932493
21649768
18296123
16443983
18600113
17462084
18705944
17084059
15661585
15999663
19903186
19669705
17194987
17534900
16523034
20095182
16547787
15857740
18019268
21506464
18504549
19999487
21349449
15856333
19756766
20488576
16094791
20667683
16476040
16211174
17901010
21123409
17361388
18036015
17237128
17066971
17462983
20415111
19778422
20871510
19014793
20811783
19493141
19173940
17693048
19373635
17495309
18022524
19129289
16931461
20198726
16234744
16765863
17161934
18401650
20544041
17590302
18329157
21894126
18596630
17987348
20833706
17918080
16430855
17343148
18389318
18182801
21155123
19824281
19062470
21298841
19536988
17547266
17138719
15931015
17346917
21099699
17078237
17111639
16056117
15997613
17507825
18668611
18624025
16095435
18827610
19758738
17145910
18990377
17103042
18188761
19175587
17565451
17710787
21076264
18414309
18229630
19835604
19317164
18209669
17591343
16507284
21165654
16115713
15641523
18026002
21419261
18090376
19011877
20026921
16967893
16352344
15914746
16957458
17094754
16186876
17266008
21574247
15754194
15632809
21660785
20405326
20047354
21371787
16515373
21393039
17382692
17062154
19594734
18928488
17719509
20429656
18279295
16401158
16197319
15889803
17712842
20880922
18778553
15891350
19788102
20543162
17852017
18727597
17299658
15534269
17983989
18365567
16476372
17174516
15747911
18180492
19203330
16230764
16828344
16938225
18260857
18657041
17584339
20879642
19506434
18423067
16905630
16001877
20003967
15921356
21599994
19015294
21177708
21206350
16020051
20146829
21357911
19534034
20405679
20019727
17616311
20486582
21094716
15771650
21744575
18611312
21941806
20626479
17515261
15667698
16948381
17149083
15974046
19952335
21690605
18295104
17417974
15709443
16102152
20806707
16405386
19482139
19386826
16307954
17261852
20622762
16629574
20879611
15861917
16449393
18047457
18445862
16964556
19274906
20521919
16033450
20536757
16331548
17664500
16123260
19273394
16997849
20228640
19368568
18421809
16411363
16273780
15924027
18590250
19666950
15997715
17312408
20064224
17346847
17636151
19593032
19274816
15852727
15701152
20633747
15822366
19680301
16784064
17160733
18298835
16398601
21477630
21944620
18481613
20644186
18477487
18392370
15700599
15688774
19881392
19357243
19591578
19279488
19786671
16762109
21555751
21393292
16710764
17305269
21146167
16882343
16332602
19952146
21499490
15992675
17505331
21605382
16384766
20384527
19412094
20306615
17761570
19670653
16294835
21488470
19504806
18440532
20359951
17471686
19248408
17163292
17147081
19031845
21157240
18459593
21362582
16427965
15834258
19997934
19592208
16478806
17624038
20626939
19700091
16855079
18380313
17183621
17381876
19359016
15712680
16705366
20433438
19251831
17679224
20601727
17895683
18269894
17664093
16956337
16304498
18806331
17576247
20860249
19623319
16717065
19577834
17122761
21910368
22005604
18459155
17984481
17659062
17080004
18939411
16738981
17274566
17036883
17000098
18019971
17443600
17122679
19664877
17320785
18354747
15960059
18055687
17470927
16477958
19253116
18320954
20355263
17027429
19535939
15624706
16436569
15612404
16861198
21502466
17570911
19133953
16181153
18256038
19304900
15868336
15552511
19848030
20936737
18290898
18025499
15762900
16635646
16114810
18032748
18395481
18639410
16374192
20580415
19799738
18158392
16931976
17617015
19695730
17582726
19535946
20584237
17223004
17250466
16756523
17431210
16850568
16258714
17624201
15716205
19928714
16707222
18158525
15911960
15690832
19066350
20331382
18602058
17285010
20067667
19388372
20122509
20624148
20705412
20545774
18180658
19619092
21519705
20685061
18571140
21073503
16471165
20350912
18000242
15625921
19283644
18375783
17040575
15788032
16110047
15890509
20735496
17276649
16130561
21177399
21287859
18584908
16150775
17895495
20632841
18829772
17360319
18818536
18853713
20877772
18486552
19294827
17139909
19772000
15730184
16084800
18241631
20795833
20487496
16224646
19507755
15586193
18403175
16575842
20146042
15946608
19721022
21359272
17564830
19450074
21292214
19375525
21115294
19912095
18496368
16617720
20307369
19117497
17310344
19029142
17442662
20024702
18416396
16823009
20826598
16996898
17298263
16509963
21079223
21473530
18761850
18005918
19244148
18082671
19926978
15835081
17690086
20371636
15737160
18578802
16873146
21481519
19813773
21243870
17517445
16791667
18324983
20643988
15796645
16416580
18406561
16755664
17243022
16925539
17011264
18844528
19092494
19893369
19243524
19204419
20234287
20546095
20852566
16005415
21095014
21701448
15883892
16377011
19637357
18728518
20383490
20237006
16136358
19947843
21228095
17410403
16021555
16911265
19842865
19938331
16463243
20660885
17329107
19655667
19938397
17441372
18023176
17988364
15935019
20555261
21335930
16396713
21265354
16989348
15992201
18375674
16465982
19762368
17099253
20541279
17470188
19027434
16490155
16643262
21086841
16989295
19170299
17520993
17535343
19463083
17136599
20196713
17139816
16584106
19624062
17542794
21703675
15515614
21733109
16396410
18341724
19203342
21247444
17565765
15835338
16503014
20434086
17135087
21635284
18537602
15842444
17108723
18849404
18558278
19429768
20351387
20557393
17592978
16381161
16297579
20490794
18265714
18838489
17486722
19560693
19497898
18565693
16415659
15811567
18250266
20543370
19797698
21410378
16914376
17295055
16191139
18519522
19348193
17967588
16860853
18768518
19962618
15578156
18362998
19164613
19577752
19187165
15546535
19065868
17436074
15527591
15646092
20502161
20123428
17252970
17952147
16318875
15775004
15553590
18718157
15993674
18980036
20443260
17444118
19968691
19051992
16435526
20940272
19920746
20719499
18922403
18322744
20555354
17458819
18321835
15754786
20424256
18190558
15801350
17198055
16141104
19788772
15745401
18216667
19594608
17684165
15590037
20494296
17312091
20826377
18404061
17476854
20531197
20118075
21141297
17803576
17229425
19943235
21877511
19149053
21131175
17126163
18997566
17261112
17345974
16927721
18442677
16082604
20563404
18520428
17459386
20670318
16475462
21367604
16508814
15965395
19574016
20972949
20828333
15703343
16344302
19008977
17992134
19441880
19029416
15945574
18535736
18048550
15923595
18849368
15923409
20041384
16268752
19502977
16493981
17233780
16021067
17642451
17470072
20122595
20188453
20012076
16142573
16865827
19444288
18634731
21191698
16619769
16304881
20201628
16602156
19060804
19880319
19633883
19775567
16222404
19100667
20178573
21744523
17483997
16956851
16466499
18318001
19535558
19681779
15532791
16888512
16638260
20178873
19117310
19788369
18227830
19406044
20089421
17168255
21586185
19199154
18808644
19619376
21492273
20605062
21936339
16796432
21268419
20922802
18515602
17392258
18086988
21854234
16473065
20558978
19744031
16988299
16741693
20621400
19568721
15778631
21090159
21121844
19412673
19009141
17641078
18402680
19426295
16164396
19116958
16794104
16840761
20485134
16482752
21526685
15768915
16421185
21905489
19550234
16689059
16129540
20688777
17449324
21853078
20050500
21669433
17509280
16850023
15592707
18595987
19446459
16925546
18060216
20009094
20029006
17261965
15710642
19481303
16491937
16257617
20063443
17942364
18662200
20050789
20302385
21615346
16163227
18648890
20948471
18682352
17489320
17163095
15860240
21436664
15911931
15603685
19729568
16087819
15987329
19899669
15586183
19487180
17286723
16436161
19578819
16209375
20202506
19593076
21045579
16184942
17195982
20189748
21367384
16708576
18430153
21824960
18513247
17498166
16121653
20934952
19204226
18725845
19018916
15619488
16835562
19125894
15842706
18268853
18702619
19734191
21477440
18412839
17881092
20447799
19883486
19729266
20688265
19184061
18949617
20940649
17345754
16569713
18035763
21436666
17609024
18074416
17482192
19374611
20022131
20942256
21111388
21425639
19936838
17559973
21447943
16372757
15613552
16869335
20693726
15794199
18618203
20066871
20973045
20883883
21311271
16623043
17215746
21536367
19397162
20165520
19953763
20015491
15841067
21476412
17610440
19896325
20224530
20177950
16462446
18091280
15904527
19826341
15923147
19067063
18455949
16061596
15789481
16192318
21863651
15669434
17639097
17149526
17869587
17576311
18320956
16597533
17440306
16295986
17888805
20715305
17373396
18958836
18496887
18520670
17200243
16764229
16566531
16205352
19327069
18853885
17364221
19227593
15865575
18771897
15957869
17099193
16076234
21879669
19967217
17885718
20024774
17270044
18399368
16533798
15596691
15612400
19476597
20388936
17925737
15940115
18817698
18999287
21600062
22029121
16769908
20735444
21690604
17364403
20085116
20414613
15842683
17455037
19395700
21532046
20847074
20044414
21744732
15690835
18487708
20546470
20097036
17069235
18552258
18254457
20442612
17939007
20974414
16804364
19281440
19031483
21071568
21928599
17310343
21478696
20552832
17059720
19351310
16964812
17201042
18937570
19152282
20000028
17320017
18164249
20800801
17524286
18504093
20813893
15970422
21480679
18661191
20943343
15618088
17283959
15630059
20562617
16836283
21708003
18437597
18386178
15822847
19049552
19409635
15710277
21586244
20213068
17117194
16080648
19606776
17823705
19685611
15671770
16044771
19033871
17505380
20427000
19227013
18544186
15820840
20005248
18593491
21542775
20424802
20937544
17485752
17575764
17078324
16405983
17007618
18808636
18200896
17557205
19768468
17941555
20371034
18386686
21162621
20224058
21726950
17991598
18316453
17170547
16972913
20015124
16518620
18429749
20178300
18245737
21893628
15921133
21114401
15688545
17368692
21957550
15898822
18980451
18853846
19538106
20373224
20481417
17620404
19923027
15570493
19911690
18370882
15580108
19364895
19157761
17137166
17323806
21404999
15765641
20931819
18474054
19225272
21464205
16784062
16097503
19141180
20636152
16161717
20022534
20500737
17354504
20809422
17664534
17006810
17216143
17489954
21239947
15899604
20660471
16033588
17459139
15673348
20163979
16050433
15638445
21473669
19192986
21362785
18320903
16555756
18226317
18809119
18667654
18156955
19743604
15564731
21329122
17803408
16676021
16400508
17447086
15665164
16505757
17976825
19240441
19683950
16192189
20935115
17638778
20442352
18228571
20471438
16403202
20131583
17962172
21848019
16160191
16999371
16185553
20170911
18338445
19293037
19573958
18438533
21220468
20648856
16624189
19317314
16137241
16675765
16422034
17118496
21348217
19465046
17382213
19629746
19434948
18622302
16121873
18449574
16846868
17310337
19960628
19332285
16259538
16506641
16913605
16487900
16245304
17444851
16626950
17255058
20107815
20649437
20081100
20071219
19712844
19116974
20695950
17973698
18596481
20642050
15785217
18063268
18240985
21299417
19781099
18976204
17034396
21216888
19818912
15569130
15824697
18548409
16011496
21592035
16532151
20049075
17896218
21271872
20345521
17760571
19566517
15683013
21194484
16137802
18666873
18694913
17135842
18294035
20064142
17651229
17427483
19061679
19401093
19813370
15760496
18030155
21123230
19415965
17202518
18668488
18386950
15707807
15829452
15603513
19342149
17081941
20841673
17025041
15772137
16937891
19995289
19285283
19922955
19525758
17335738
19581618
20090663
21193946
21229223
15672062
17011257
17439448
18190775
16476603
18082416
18779459
16244204
18092916
17214862
18801867
18313632
19075164
17482878
19382539
16749587
19801932
21561513
15759161
20705165
18632842
18378831
17940343
18028021
16638946
17583379
19401126
20088153
21572855
20303450
20609661
16636961
18843666
18622999
17428424
17179531
16378582
17487704
17479550
19860093
16958233
18771637
15750517
20486522
18794751
17350557
16865631
20685190
19827966
18439244
17920226
18710678
21218574
16635160
17575750
20001335
15779648
20371779
19098962
19698028
20345062
16923645
15779513
18197437
20122026
18797227
20399353
18694607
19819041
16161532
21491832
18595536
21095276
19958936
18538195
17538268
18469734
18338335
19673717
19464561
21989747
20108501
19678460
19189601
17667018
18988620
19879473
20005027
15799015
18447973
20195948
16750297
21129007
21305312
19690787
19023955
19254993
16849783
16507096
16234300
19903737
17727050
16825242
15554514
17003585
16192507
18757347
19706351
21181004
16967153
20051191
21088524
18648892
19667006
19293416
18581822
18460067
19704190
21145522
15787068
17942058
17846046
21068644
19944367
18200894
21520678
17102470
18208418
19748765
17932435
18182945
21651366
17505351
16503950
19564001
17645791
17557316
20415998
19562422
21592062
21441151
17397374
15520762
18922342
18385406
19445700
21340639
19090367
17966731
17407629
20707670
16690426
20488428
17976360
16948624
20569255
15681992
16573021
20124020
18503534
20543325
17629737
17362790
16217009
15630818
16434113
15789383
16703745
15684845
16843871
18811986
17332956
21059572
18534688
17650574
16381260
19544719
19389825
16546015
15853131
17681268
17567871
17683580
16045414
16897026
17766616
21309404
19860297
20121338
20434083
20008602
18382164
19539813
15708162
19582516
19298305
16618589
17853657
20543388
19848032
21208551
15925079
20834035
21659317
19830851
19118293
16628173
20177285
21940547
17847597
19456086
20511094
17109707
15655239
16641651
17922360
18507850
20207658
19730104
19946946
19374646
20183360
19010578
18716485
16004157
21943293
17560957
16153476
18583447
20838131
18522701
18463840
18237347
18053101
16838562
19228893
17486478
15589704
19623054
16422983
20050483
18051975
17263096
20453359
19377720
17241252
16253788
19401016
16869522
20569869
19432986
20883230
20187548
17987756
16501919
21473328
19941657
20595305
16290975
16285131
20667678
16438812
18463016
17604262
18427778
19057428
17272798
21146668
18388682
21481171
17680755
18797211
20057231
16887888
19061026
16781108
20487419
21243007
17345650
19204130
19307806
17141572
20823348
19583668
19874523
17462037
19107680
21532080
20201667
19259706
18510762
18289182
17968199
18717450
19402357
20421242
20371485
21671528
17425253
16473734
15718575
20091475
17454342
21406428
15740487
20099431
19543014
16395066
16779202
20048248
16489480
15561794
18042486
19962280
20380720
20353319
21150797
20534872
17092288
21730240
19770471
17590320
15986840
15642235
16999652
20299537
21526714
17601181
15572014
17971352
17601738
18264188
17057641
16225666
18372375
20169818
15644675
18830810
17489937
18677781
17131620
17187696
20539173
16763332
16701020
21352225
16214450
18386952
21135708
18942616
15683053
20887526
17676697
19346565
16441401
21215697
16384746
16834461
19104172
18801751
19202753
21244668
18450873
19136330
17606335
15653252
18580868
18044414
15918790
15604183
19088658
16514136
20334016
19317191
21307770
16898343
20495103
15645771
20461689
19793947
16330518
20630804
21104565
18538033
20063424
18398650
20443290
21660823
19046088
20010151
17902522
20642215
19442479
21507529
21510891
18719760
21807684
19968393
19420286
21214379
18663540
18631389
19735335
18405170
19932220
21595812
19270201
17947893
19010732
17037233
21842250
16274348
18278617
16053594
20965866
20738741
20840358
21479566
21091892
19592873
21134916
17454287
18482557
17370138
17363802
18755423
17052558
20451295
19915441
17432772
16623375
17335533
15924034
21569395
15726869
16133615
15581720
17485266
19272512
20367694
18853532
16594428
18842455
20170870
19662923
16370233
19237411
15621478
17290640
17725128
17034625
15650632
18690763
16752988
20129227
18161384
17955303
19380301
17342852
18058184
21492277
17604557
19167200
19648384
17003703
19271662
18039248
18974690
17844710
19057437
16716857
17322008
18509583
17636459
19965954
21030211
19592331
16904432
18445762
15641947
15812616
21087406
18756158
21364129
15750514
19214595
17185036
18408440
21446923
15819834
15729844
21091970
19580220
19239663
21262611
16362252
16374176
21126816
18722933
16903407
19331247
15765635
19267003
16549036
18923870
16832992
18677877
22090330
21324249
16292130
19018642
19822587
21336010
19366389
17394619
17132481
21457880
20095068
16957462
16533903
19939417
20487072
20011187
17108506
16417695
21464456
15808129
19537640
15640535
15993259
15715120
19534188
18767476
20656288
17488173
17019551
21660534
21707838
17443455
16809915
19396071
17845383
16553507
19588512
16441541
19796753
16544011
19300218
16883119
17363863
16774668
18592213
16116400
17323333
21205258
18234324
17659911
16991049
16684759
19621441
18188104
15988418
20579603
20064961
19996500
20188623
19354155
20633038
16632217
16908918
20064067
19064871
19454208
18833625
21402460
19998333
17692249
18777789
17828004
15940024
19589663
15835336
21480489
16843575
18340975
20456797
18026777
17608302
19619228
18787458
18054818
16832007
16837805
20579126
16918864
18550780
17250771
16283111
19234002
20719008
18198783
21495463
16605284
20103447
15869553
19925650
20338377
18835682
20353527
17443921
21800731
20193936
20644133
16466493
15877479
16909729
18642621
21122753
20496559
20162914
20171937
18069316
19322951
20306112
18234680
16569795
17997828
15777363
19161748
20963439
17577552
18708675
19241917
20965103
15989830
19602683
20144193
19097736
19930228
17221178
20508976
17033234
21452535
16928578
21252815
18307703
16843066
16359739
19048966
17933498
16105190
20675424
20066486
21485750
16331789
20519008
17505246
21265629
17826581
20450128
19496380
18578765
21625545
18055904
17767631
19449606
15647238
15605132
18981966
20376608
20920902
21548407
19416050
17653917
20501560
19028135
20924007
16757514
16761661
17394226
17514833
20304976
15742601
16636905
18522335
16913238
19875269
17490787
20210934
19339323
21144201
15857495
16594429
19272558
15829460
16489445
20351376
20454480
20042814
20838161
16919748
18945360
15576694
15966124
17042021
17726636
15964865
21945011
15659925
21441571
17914080
16150319
19335811
20044690
20933146
21168943
15971877
21651661
19160902
16827838
19954537
18622960
21301237
15852657
17019550
16874578
19241143
18378730
20479043
21534823
20949872
19469051
19232929
20357651
20514909
16791743
19644900
15876234
18158437
16981799
18454774
16937143
21507260
18273530
16866824
16600433
21199432
16609344
19084971
20948245
18308409
16101091
16547786
19414837
17414331
19094876
21683491
16029972
16629569
19166979
17069104
20119873
17651561
15976799
17173161
18281295
21559751
15579351
16033702
18406408
19723730
16983851
19084895
15626893
15832583
19648575
18562985
16316439
17934828
16917439
15818096
19229067
20807911
20496315
17002082
19410406
15841708
15622910
18661459
16202125
20701762
20376695
16028852
17574303
21350889
16272977
20469729
20102101
18202984
19032711
20155892
16830254
18578779
17331691
17574864
19281590
19569062
16160551
18687488
20722797
19627894
15960406
18031947
17225762
16922982
16162576
19084301
19001611
20480394
19999661
17081744
19170303
16820831
21248578
18435310
15741409
16749879
20039840
20821832
21484020
21134297
21052725
18071613
21178030
16649832
18073258
16602442
19261138
20116205
19962500
21831325
18678557
18784967
16757711
20393971
18560678
16707584
17714237
18361145
16951004
20439208
19343845
20551743
16422748
19492223
20179441
21224329
20356353
17727586
18555001
19691445
18998598
20031877
19650684
18947099
18158292
20012347
18080338
15541128
22108268
16224652
19055663
21455047
20081732
18272320
19901182
19008269
17952216
18237351
17904327
18636026
20144218
17603781
19022185
16541720
19462719
16834875
21667648
21419521
17264442
18678817
19012760
17477219
21818013
19968947
16881187
16871377
20159423
18060531
19299758
18326458
18678720
16677192
18631302
15639679
17038300
16035562
16132271
20160547
16255162
19368582
15589710
18815973
20729493
21878695
20833704
17936550
18512659
19252113
17456167
20374101
16961117
19207055
15891381
19109572
22066284
16759963
20713424
20222259
20189267
16526148
16514330
17378189
19998833
16532692
16711083
20223310
16411648
16087007
16965255
21691239
16132895
20575323
17626389
17914337
16865084
16316437
18786214
17122680
15759772
21816931
21626323
15658244
18710620
15566162
18335696
19076547
16202728
15597001
17461706
16969616
16700232
16041234
18688047
18448933
16260484
20041613
15774063
20806648
16155776
17707149
19852799
19665620
16411027
19661081
20513345
20922344
15918426
17577082
20887904
16358531
17062592
18672147
16086983
16405706
19567756
20205481
19536578
16610065
20626794
20418352
19454871
18038831
16594285
19327295
16715017
18036471
18543799
19680310
21600368
17666999
20536490
20110341
16841828
17612376
16300027
19240682
17198229
20510824
20459834
15531959
20609689
17274222
17039499
17927846
21519674
19274817
19801064
15978874
18975476
17022797
16099138
17700950
17162639
21814477
20590514
19492659
17163394
18455252
18086399
17949402
19944357
17727340
18339668
19816624
16422000
21614728
16594190
16294656
22118332
15831885
17430455
19429734
18536217
20081692
19798047
21140884
19707128
17685847
16815115
21040012
18666907
18171634
17611213
21057232
19455861
17089490
15612340
18545132
15578400
18311396
18560796
21126291
19503665
21129010
20356707
20551371
18385570
20729511
19141403
15715532
18308632
16173835
17449504
19141996
20639825
15819641
16439351
15717905
17973719
19078876
19331295
18840327
21542916
19175188
18763662
16582707
15764468
17350559
18181890
21128694
17700332
21887863
16374179
20401497
15685408
15631568
21154092
16422049
15646757
18453350
18611087
18633875
20701237
19448455
19098659
15515306
20837612
15741473
17416711
18720561
17342002
17552345
21119075
16604801
17318768
15720494
16151586
16977713
18375675
20466229
17880480
15550953
17495574
20414822
21270639
18580016
17389409
19673984
15838981
20128250
15602279
15893215
21888068
20558024
19046552
20716478
16895711
21146313
15570546
16758049
17077787
21242390
15829472
18947114
18018751
20934681
16735260
17480142
19212248
16258402
17539206
19106344
21109807
19772558
15677614
20822386
19458091
16537281
19260571
20593673
16429737
18558183
21614955
21240787
15862640
17510001
20337952
20843961
21738250
20879134
16300862
21041178
21477974
18855055
17347846
19390902
20219315
17154703
17411787
18467262
19085998
19694530
19855360
19495535
17182640
18959283
16453088
17901831
18226488
19884225
19793235
17948953
18466604
21310114
17189117
20031825
19306604
16517008
16836999
18651967
19660205
18638047
20546168
19134514
16551152
21443066
17331800
16487921
18519311
21267533
21499887
18314860
16595206
19573123
21725247
18354333
18698595
16894616
16000106
18435361
17082009
16808711
18293802
17363856
18411391
17200276
17537091
18712489
15569363
16493299
17238432
20137024
21563734
19326611
17182445
17283295
19671641
19076663
20636180
16897270
20143739
16566616
21991894
20549184
17060293
21045570
15754924
21791063
17326877
15862642
18942486
17102494
21922692
16784155
19325329
21857329
17678940
18488242
18214232
19729437
17156416
16456568
20443264
18724601
16245478
20934364
15804323
19945914
19650541
19284167
20923897
16533418
15622666
17626631
17428540
16879378
18069003
19923639
15527814
18770934
16894224
16159977
19734100
19898834
19017605
16548397
17135840
19104171
21140721
18626847
18992671
18477722
20537127
18295846
19275021
17022856
21675316
15818355
17016938
15749720
16583872
19907012
16448378
20377347
18003422
18376741
17694232
17430312
16050852
16165079
20038717
17645065
17017312
20598385
16318672
16158034
18459068
20194255
17582874
15693579
18759755
18559164
18452639
21239135
18314837
15804320
18573168
18224504
17181682
15701204
20455842
15914080
19054953
16714461
18256563
16379512
17081306
15538269
19807883
20033690
18166883
17766759
18425075
15937816
18209771
17902537
18681346
19069137
19945603
16012548
20881156
18021504
21477457
20422746
15974137
18709229
18208614
20919958
21576012
20819781
21809517
16948440
21673859
18472303
20615839
21055846
19996471
20204989
18073328
20019515
18052521
17419794
20629279
20010014
20192712
16277741
17300541
17767458
18767475
17556401
18194099
21626462
19958877
15889886
18319382
16354240
20162794
19857414
15826792
15649108
16371822
16583663
19704215
16012153
20921249
16242292
17594294
15617635
18709672
20362219
16822470
17959642
16162561
18947121
19307455
18657673
19244562
20940568
15984498
16129011
17366255
20024697
16123466
15539718
18091633
19248372
17650971
15948047
16441523
18484601
19369143
17926262
18412586
17563332
15762406
18460083
19249411
21585226
19364777
16378147
20618083
16176735
18295382
16423118
16318057
16734091
20421021
19090375
19918217
21565652
16430351
16539992
18431285
20453621
15984178
18775035
21504548
16772071
20837253
18095075
16393233
16390834
15586133
19923948
17167187
16857200
15828598
16719039
21229836
15597837
15990430
17034903
16404863
20030029
17074863
16625801
19788092
17674111
21448042
19327070
21086112
18839734
18065365
18390030
17257964
20148933
20547596
21721874
17710761
16813879
19179868
16332185
19761024
18990095
15800153
20056904
19181138
17072157
21398387
18342821
15928575
17478649
20615920
19228233
16850437
21471595
18667357
16450631
21263077
16609080
17184312
20484916
17125958
16512439
21740203
18725037
19190869
18082105
16594227
19103895
18356346
16775757
16637448
17921467
19469361
18617708
17327722
17542045
16307634
21376519
19327289
19067161
20711916
20116158
15589705
18240924
19567009
20602701
20106897
21476424
17477486
20121997
17375228
16236656
16515154
15801695
20307283
18191669
18617706
21800741
21424566
19700297
19651926
18445925
17684861
17584629
17548447
19253149
20926743
20151060
17455140
19449746
17352397
19503964
19534387
17409671
17707251
16445158
17343021
18272638
20050336
20357661
16189987
19405342
20439051
15739637
20687357
18849513
16438667
15606832
21741007
16955657
18200895
17111052
21748989
21511454
18624088
18976845
19483575
16529289
19469125
15571883
21254288
15563964
20160388
17067516
15933918
20122027
15946117
17334167
15600037
17070598
20207924
17594301
17878216
19695031
16823953
16353511
17019898
16123720
18521045
17591002
15853073
18799237
19552247
15923941
15969230
16924643
19968454
16365615
17520998
15789938
19017866
18206589
21641653
20308172
21106655
21884356
16525904
16128646
21618688
16445833
20235302
15994709
15877686
19460667
16990091
18174780
19651465
19495942
17156424
17040147
20435665
18256115
17998835
19306632
19335500
18757992
18357933
18725821
17364726
20494357
17942499
16234631
17853842
18355230
20636182
20367716
17285928
20026899
16001751
20299651
16253105
19372123
17020117
21410507
21804146
20210658
15713860
15934173
18318967
15822717
16697601
16253066
17298284
19479548
19410417
16893835
17088063
17855821
17964856
17645954
20634397
19552339
19595416
17273492
16287886
20677969
19546088
16363014
18725828
21368536
15601409
17768578
17666144
21182343
16945057
16032428
16123012
17915628
16640135
16195185
17589980
18574393
18059345
18957455
18037096
19472493
17406111
19780435
19582459
20880367
20642211
16761660
19628624
20803167
21784713
17785010
20231494
19085356
16850774
19812105
17764095
15868673
16669565
17077170
19929118
20367781
17553652
15631643
16372470
19329091
17613157
20356430
18752095
20670428
18274594
19380959
16703832
16136829
17058818
18503797
16886312
15860071
19009778
15987399
18434875
16631460
17963879
16911058
19445645
21720971
16637941
15926762
20666848
19639904
15684906
16496832
16369431
18992701
20696951
20852506
16708509
17904337
15825592
16336373
18163855
18038517
19101822
19423171
20528703
15533524
16331429
17077415
19793191
17429508
17903780
20836636
19484480
17089537
19756453
17169231
21114716
18220067
18437064
18260038
17468687
17205015
16821349
17457099
20036193
17081930
21353120
15610339
21323461
21241983
21164394
16757489
18505619
18488802
21882627
16622263
15684245
21419262
17265838
17626550
19835009
20065276
16875298
15920363
18844529
21696077
18446745
19207049
19820852
20443279
19357425
18924291
17608648
19620221
20739151
19256208
19276146
16716868
16688659
17135854
18533591
16622161
15683056
16965313
18360246
18536588
21102295
20053602
16419213
15899512
17004397
22031346
17908544
18722196
18384920
16649075
16102378
16083088
16253153
15921987
19447316
20920800
15548461
21685762
18057033
18285435
15758594
19326301
17273022
19010185
20447839
21853848
15725203
19768288
19165122
16220889
17057600
17148526
20956038
17851298
16150016
17909431
21563900
21647082
19472959
16418606
17410926
19750277
15950834
19838840
21696481
21513445
17393648
16907794
19675320
19029525
15971943
20695356
21450779
21323492
19840578
21705154
17898243
18653515
16218031
16764502
17725264
16268072
21439176
16618059
17041248
15998598
17446773
16637416
21438709
19739312
16132885
19085666
18523695
16162300
16675762
21076165
18723257
18703383
21038496
18768286
18539977
15605747
21194881
18414339
20962307
17196247
19328417
21640688
16550847
18588597
19819206
17100157
20675346
21463415
16901260
19367243
19825474
16234334
18515608
19817274
20646900
19131753
19699822
16638478
18662657
17564544
20502179
20499710
19117271
18029036
15709218
18049299
21565682
17667052
19194641
17715601
19043330
20590506
20403093
20053237
19256263
20378204
19123265
21523985
21679585
17655636
21655973
18023256
15809816
16034319
19910090
15789311
20036097
15962433
18494715
16624226
17784867
19467755
17522534
21534376
17260599
19816828
17474588
21178553
19956159
18838899
19326315
18951385
18846974
20552857
17484214
18446110
16187477
16816766
21111389
19653152
16394838
20711737
20429197
19024048
17046986
16594245
20167833
19368089
19296031
16579326
17077795
19536426
19637534
20482425
15967452
16494290
20155560
17443877
21487345
21592063
17126459
16996453
18489198
17195318
16128659
21306019
20374400
19650244
18284013
19483522
19879092
19382989
16903589
20431857
15887923
16435158
20125045
18705718
19491151
21325099
15870117
16779441
18988007
15744328
15904754
21434742
19255297
17966241
15966212
19943831
20949806
19104249
21559280
18972100
16048621
15998511
15894602
17430537
15947334
15548130
20446110
21624536
20163702
18957381
17135066
18250248
17359615
15946924
15532173
21322157
17261820
17711615
18548869
18279122
19331007
16898050
15890038
17306878
17390192
16768736
16959809
15582346
16027505
18710377
19933247
19377071
16032937
20337205
21428254
18658115
18034178
18669414
17283304
19507540
16610752
18461235
17467992
19154304
21265631
18427032
18993129
17486805
18266573
19386368
17584389
17875027
20089624
20448452
17133761
18655669
16289090
18417731
16358548
18585539
16311521
18612897
19357507
20230169
20674334
20029343
16998406
16912623
17913498
17983362
15763710
16493298
19131757
19251761
17095298
17900444
20699039
19757977
16094549
17902163
15728419
20649918
16194757
15886552
19281084
17998364
20857374
19682405
21970271
18043950
15812095
19293223
17852904
16245674
18836650
17316426
19070326
18639959
19783333
16796234
19941684
21129400
18321269
17668735
17945422
17884713
17906167
18261219
18418528
17003733
18201796
17128125
18807675
19411358
16884120
17803409
17393817
17169084
15889885
20462074
21539719
20849313
18436289
18182636
20672461
21118013
17667785
16438810
18268002
15915749
19229706
17040146
17875621
18158492
15848317
18084368
17467117
18228652
19248449
19843406
19521131
20447510
21304091
16344014
17344254
20402319
16802484
21094437
19065866
18540889
20541072
16342648
19196301
21478782
15653242
19839214
20423587
18048628
16850152
20445131
16043982
19702526
17426562
20495474
17006873
19229970
16728902
19016169
22066299
19549300
19014409
17705836
19760913
17400152
16406133
17258670
17064202
17535540
19396641
21346587
15971934
18981814
21305481
17145489
20644475
20192888
17905442
15787075
15515991
19760984
17004660
15931412
21412145
15899226
20854602
20158550
16926716
20107339
18618894
17050229
16234299
17196990
16148809
16360700
17211769
19735497
15799588
19620220
17692402
20099529
17543009
17058411
15861919
17853588
16679437
16078182
21154093
15773964
17803420
17265703
17704880
21770350
19186400
17982871
16015513
16187668
17521053
18200763
17760651
21058163
16162469
19220917
19085003
17124874
19273474
22066291
16292624
18608358
21726454
17018197
21543407
15807755
18811781
20860260
17115974
16563995
18599172
17618630
21874637
21460710
18499460
17197058
19392639
19242320
19754498
21218742
20942615
19295970
21740729
20379908
19219412
15604154
19125858
16898409
21237363
21471419
21078822
18363464
15682529
19969334
19194251
16108777
17474614
18622339
17442030
20400134
17441366
18808470
16632765
15752924
17241635
19033740
15947330
22044336
15784483
19699134
16981982
17361691
21629336
19500789
21299077
21162694
21311266
16605228
21134196
19826330
18426463
17873711
20224516
19389671
15562219
15995096
18094296
18586816
15840075
21645040
19680091
19430416
19949135
15694498
17906310
16265798
20876928
19179871
21947653
19775803
20123337
15797156
17460135
17966259
19066144
17926774
16247636
15935032
20124890
18042102
17543696
19921996
20137026
21154081
16691214
21182444
19227592
19546118
18714110
19098508
19648525
17630076
17111941
20870972
15651587
20921451
20613695
20217293
17880469
16330606
19338653
19036675
16217119
21112849
16128654
18172020
16130927
18720891
19856593
19996463
15633074
17686712
17300571
15568653
18603221
16563144
16802263
18489665
16136828
18545764
15714933
17227396
16564198
19589767
17253331
20215615
16553506
15835222
18240023
18802985
17164803
20499784
17394612
18513244
17404677
16613127
18216079
18376524
20124813
17985682
21378689
17035553
16047417
20046119
18492733
15608297
17978258
16386739
16554429
17981445
15937037
18535074
19023522
15983083
16003597
18463938
19595550
17427369
17915971
16250163
20078015
15930933
15856171
19665619
21890093
16055870
19165685
15672425
17919355
17294706
16534788
16438787
16278182
21540683
16572536
17414332
17160566
15716810
15701763
17385735
16633764
18487421
16449246
18220681
20535677
20007819
21539654
19949887
16092300
16784043
16203937
19646776
17890979
19556095
18053497
17586350
16595567
17260846
18193593
19326551
18202721
16925241
16892697
19667919
15533479
15924007
20308084
15914767
17684984
20356662
19325403
19584638
17156997
18505616
17945160
20078437
20490455
21693723
18449822
18710162
21534097
16677180
15580415
18855169
17335520
19566021
19823963
17714460
19680588
16752193
16260792
17256712
18452367
18373401
16573720
19920097
19998445
18562863
21385313
21273220
17135851
18615959
21308645
17353491
21813221
16909072
16501141
16923040
21678264
19228236
15567653
17251714
22066294
15984731
18715526
16153565
18950333
17158830
20567033
18762528
18556478
17992346
21780092
19278889
19671126
19152992
15632894
15997045
16317670
15735261
16545514
20070498
16022019
20103070
20390663
17057138
17357001
18375778
16374187
19256209
18563031
20100854
16464205
16824270
17181681
16244125
18597190
17477224
17937971
15987407
20649500
16440429
15551847
17010181
16789983
19475910
21932716
20711076
16389010
18484689
17537116
18371169
16124075
17582992
17019552
20227639
20091964
17193809
19407333
15968801
17149529
16858533
19050996
16698340
17673135
17010012
19675958
19652679
21457825
15637511
19040407
16353827
19106727
19700583
18850534
18519105
15744694
15671326
17407605
20931892
16478905
17924261
18702787
20804882
21385423
20183387
18715182
19386879
16827197
18359388
15658131
16868335
22030665
16643176
16499171
19694849
15687895
17987458
21166549
17550936
17594409
17113406
21209340
17058812
19441635
18990040
17001260
15871746
17091073
21473513
20364558
15723908
18459898
18332402
18648986
16250528
17310302
21029377
15794700
19373187
20850426
20654974
20602848
16277126
18675187
17380521
16404823
17074942
16112760
19485873
17824409
15647308
18700390
16827046
19876757
17042399
15662184
15893688
18695816
17874610
21424965
16443392
18061994
17354232
20679260
15603333
19199192
19615624
19567887
19588658
17701518
21965779
20925707
16335335
19436207
15552888
19732243
20655643
19863442
17290095
18667875
18254433
17239726
17194314
17387415
15562740
17099197
15798410
17372788
15860878
21144024
16965249
20738028
16927953
17380387
16100130
16834878
20557397
20681401
21183944
18180989
20420728
19417044
18335899
21523993
18052750
21667714
19011741
16610297
19960932
20350921
19502135
19225908
16324544
20594283
16604297
19170377
18544377
15815961
20529495
16830838
16483099
20456789
16688508
19104764
21922724
19194310
20872773
17118045
19331307
18555165
15650625
19267730
20889628
19170300
17872818
21164109
17601867
16263679
21084427
19387930
15943655
16564218
17513011
16798756
17907666
15717518
17185650
22046732
19669043
21069600
17721833
15970921
19268902
20458195
20540165
21169795
16360307
19538798
19341545
16730290
19138911
21756619
20810257
20801918
20481198
17058722
15798501
19927625
21910307
18251959
17941589
19419344
19154852
20459911
20550597
19006792
20607085
20369142
18193726
16487423
17660859
16008024
19342036
17489875
19467120
17149020
19878340
18085971
17394176
17538757
18611318
20069308
15911728
18683524
20980846
17383600
19423033
17305299
18355736
18186451
18762529
18354710
18812804
17491352
21894868
19586354
16181798
17139665
18625826
20841777
17028632
20081725
20090656
17185238
19901905
15717904
18375522
20010728
20640269
17824549
16177290
16613389
21675891
20038254
21612667
19653547
19199137
16295344
16878413
16628162
19565108
21593012
20016955
20078014
16533682
16411877
17077768
15534882
21116142
16528905
19131749
15946280
15813439
21605323
16521003
16741862
19361775
15526494
15561456
16814955
20404625
17978624
19064979
19080933
19723270
15894085
20671454
17335529
16333006
20670699
21842015
15931800
17091363
15596158
15682016
17851374
16510373
17019446
18186827
18374638
19297447
21076261
17494426
19812793
16822110
16686824
16516977
20377498
21504260
21879662
21099676
16473096
17577296
21285654
17352023
15886547
20182364
18415920
17175545
19328345
18722692
20700673
19112628
19411188
16677191
15893217
17137425
21933274
19784620
21477274
20525554
19242350
16835566
16235582
21062548
19624268
18243707
19390053
17062420
18856083
20722812
20409115
18959302
19282824
16296210
21306060
18533377
16004098
17512645
19538405
20738390
17302137
21044259
18292481
16704391
19860274
21351267
18315681
20032989
21601010
18402420
19107304
17970526
16452284
19812488
17228210
16461604
16828521
18785916
21145470
18971493
17973717
18416911
19072012
18592319
21359632
17701161
17015500
16505131
21879665
17596085
20008018
20029413
16681199
16335351
18271833
17581708
15865623
19945755
17351157
16290917
20964014
17074871
16549967
21394491
16798655
18335901
19682143
19944465
18240655
18073254
21800522
16803806
17654156
20564128
20449969
17381482
17116010
17557620
20207927
17544541
18155398
16111880
17269541
15546431
17686602
21067730
19422280
18275533
18555143
20415672
18394900
21229601
19265789
17524737
18097166
17366527
18947120
17343953
17385057
17099415
16730578
19919796
20672533
15987327
16493532
17376560
16640630
21649621
18521990
18836326
21199550
15690593
20066851
21349446
21290960
15789360
15757885
17935048
21742485
15555798
20171557
21198280
16824170
21239466
16815278
19196586
20517975
17356443
18850371
17372803
17671802
20022007
19160631
20426309
15994126
20082954
21682968
18071762
16829180
21094440
17883716
21677532
17020485
19131540
21042862
18177975
15795867
20238152
18426469
17164685
21155363
16100629
19516915
16950370
20625573
16172453
15698807
17522193
20969538
17086836
16957636
19562656
20935272
16419448
17999094
18594028
18720287
20803913
18661855
19233502
18021781
18802717
19398071
20707799
22053656
19031208
17876137
17494424
19136677
18515607
19127228
15853163
21555674
16238541
20500650
19683664
20099476
15793979
18214226
17412171
19485856
19320675
19643950
17997260
17215415
21138880
17129368
20675736
21725239
19416037
15934553
15603245
18716050
20212028
19813105
21067256
16514388
16115114
18656072
19945194
17457121
19307390
21102177
19232483
15912816
20651302
15699653
19090412
20349421
19470317
15948091
20553535
17152914
16903582
20677444
17564063
15745369
16942702
19642759
19226886
21779616
19030843
18271792
17181683
15694103
16816039
17000483
16106768
18018571
17095418
18477717
20443402
20810585
18977994
18272647
20112771
18853659
20473456
19755822
19416036
18620650
17089175
21309472
20969617
17373097
15765814
16506870
19197608
17890042
17684860
21486986
17434621
18329223
18713769
15923939
20925613
17689460
17601470
19886592
20047173
16878006
19120081
17657658
18284834
19157280
20679778
17102919
21507187
19445070
18085339
17985766
17009151
16802306
17964976
18760558
21070435
18942628
16602433
18080929
15587530
19964427
18853711
20456547
19451579
19452814
21766898
20000251
18370966
17094360
16224411
21114211
17042017
15619198
20686322
16520915
18433028
21987988
20582802
19853819
18422262
16398039
20235422
19225847
20175258
18777461
18643804
16174147
17903047
20007003
19188546
20506787
19631496
19481272
19034423
19645620
18956493
16817331
16450312
17364250
15832885
19860041
19142317
20843650
21999064
15581255
16553689
18598253
18751593
20333924
17874688
17126971
19042888
19824977
21734208
19903757
18272735
17133141
17345558
21499198
17952258
20558434
20836340
16260687
17460998
17244872
15683961
19753508
19105821
17577160
17462142
18349435
15711229
16045419
21685744
18199301
16135654
18952748
20659199
20932193
16971816
16308983
17518160
16720750
16870534
17117531
18505800
19857910
20153230
16614844
16365607
20796152
17681830
19112269
21358407
17565139
18337263
19702674
17875219
15584342
20609044
21560255
19060805
18495415
20959368
18212174
16720089
20331325
16235392
20392667
17285832
15992228
15643044
18033960
19402860
18038299
20667778
20402172
20878840
20690303
16826957
19759436
20185444
19278320
20056785
20662282
21645111
19324241
19771393
17034285
20674651
21558512
19842359
17102396
19292230
19998725
15723727
17991532
19451553
15661463
18680925
18584997
20000261
16273797
17709166
20423289
19048697
16723104
16170422
19576329
17849823
20932464
19272153
15587899
18444395
17353810
21311926
17989984
17710043
18727992
19591659
16419405
21430335
18358444
19719516
18832107
19820225
19657928
19468759
16509438
15618105
17720673
16870815
16308040
18492640
18219252
18394871
20215958
21046170
19816334
20501486
15533100
15667463
16180780
21765263
16024417
18839742
21488561
19504812
18663064
19355999
16776858
19299475
18417970
19383199
17314725
16457308
16841659
21108014
18580533
18519933
19583782
21306347
15549016
22000872
19390208
20922341
16676112
19665915
16061158
20434634
19594975
21108428
19842586
21422099
18260772
19091089
17161511
21476860
17111239
16810624
18827762
18930971
16616171
16645497
18050531
17009255
20538256
18028849
16534554
16437328
18660737
15955292
17016942
19353986
19381818
17549829
20698409
20568584
20352312
21801539
17885384
17578455
17035435
20925714
17962841
20077792
20092117
20510707
21228706
17040534
19812242
20186982
21410090
17238547
19012769
19160882
21127085
18165591
18539337
20423574
19919658
20861105
19264839
20535942
18377240
15667371
17024615
18351193
16407601
17621971
15526877
21604821
16892667
15629979
18457633
18376246
19900131
19140196
19159835
21187745
19912121
18089870
16134041
21355476
21358385
17984299
19255051
18678074
16266638
20227811
20843758
16954004
15857961
20335587
20397508
18845070
17151829
20102684
18981834
15706278
21493407
15999001
16960491
21216792
19249736
20638218
15857724
16236850
21724782
19464089
21368514
19004139
17339093
17452712
20541354
20506878
20091763
17975687
15653251
17904243
17988048
20875181
18093117
20929944
19064601
17347600
16916668
19200287
19647969
19061471
16352983
20355264
19115998
19770748
16969724
19801316
19104193
21294061
17986020
16182988
18928555
19361012
19643831
20842336
16279332
17486196
21671766
18289187
20526926
18327374
18787958
21501725
17424969
20491594
16775795
20728325
16825133
17330996
18637637
17478643
21219423
17091438
21771371
15973267
18548793
17671242
17176652
18041235
16613291
21222427
18255214
17011190
16006462
20948485
17892586
18777217
20644491
20853250
15991179
16546768
15826425
20841690
17094305
19430414
21429528
18053957
20488746
20677915
19761666
21519300
20079645
15817605
21099065
21368509
16423842
18584275
17515318
16551313
21785313
18073643
15998606
19651928
21394618
19774909
17329643
16076279
18815525
17351224
19768331
20564060
19813048
16749369
20441108
15576747
15648520
16633295
21853564
19150591
19694850
16304796
18520673
16104653
20077139
18596503
19229119
18979996
18764787
19819098
20801916
19365160
18264925
18251207
20617280
20508682
19565687
15903222
15807759
17403768
17530136
20946396
20462102
17357240
17383776
20016381
19784911
19669062
17448662
20122627
20067138
21292712
16110129
20017460
20097932
20875171
19381427
16563077
18459697
18519997
17969833
20967480
19094381
21228438
18050529
18349733
19609140
15912412
18808574
16915542
16862744
19946120
18400568
17494949
20576446
21127509
17700945
19201141
20089197
15999859
17347114
16622089
17035474
18048200
17976287
16019771
16499531
21070646
16309069
20123172
19018550
19592823
18682473
20830822
15807057
18321905
19686553
15894777
17825956
21226559
16688663
18856128
17020238
20009456
19874643
18981745
18309585
20434630
21601776
15779247
21355762
15862743
17563425
17407591
16434231
19174801
15695832
20561882
15550363
16875119
16969984
21658648
19041209
20152574
16157339
17364846
16200515
15584185
21272821
17667534
19043632
18981967
15574727
17595921
17400078
18923711
16035970
18166588
17720691
15686081
16826870
20533248
16499792
16036251
21140345
19713088
15637958
19487533
21476388
17458412
16916193
17361930
16555754
20827451
20686765
15736516
19842280
17903141
17334171
17037319
19187418
17883657
15612220
19780368
18614447
18820561
20155989
19499993
16887319
16670136
18447935
15663350
17151804
16870278
16986369
16781919
17324182
18792706
19628390
17950499
19008976
15544685
19062603
19403202
15805447
20647791
18291056
16466484
15877641
16116773
15841884
19577331
16817671
19514373
18940987
18254002
19517617
20054081
18931547
18048874
16916420
16218125
19465748
21256624
17944769
16883734
18794714
16149255
18993131
19628353
17091600
18950369
21449483
17604464
17855718
19089722
20822848
17059611
17218552
18584998
17316160
19104246
