16649653
16719016
16715903
16715033
16738501
16732789
16721159
16714982
16779281
16772628
16764152
16764150
16760825
16760774
16759783
16829829
16829828
16823953
16818165
16814678
16808695
16801882
16795977
16791661
16883119
16878038
16875873
16871053
16869520
16868468
16866176
16865084
16862025
16862024
16862023
16862022
16862020
16862019
16858004
16858002
16858001
16856286
16850706
16960488
16953899
16953422
16951435
16943731
16938902
16934662
16933637
16933633
16926364
16923659
16922114
16922113
16913521
16895120
16855483
17055694
17053467
17044631
17044628
17044560
17042709
17035471
17032663
17022891
17019554
17016148
19610567
17001116
16971125
17147858
17140795
17140395
17139153
17133761
17128912
17123951
17116456
17116453
17116448
17111639
17108594
17102299
17095497
17091047
17086162
17076859
17075368
17071841
17071417
17068348
17063105
17058812
16583529
17251881
17242600
17236327
17215607
17213376
17205029
17198049
17198046
17197795
17173922
17168042
17165490
17162544
17150430
17150048
17147856
16571996
16550080
16550072
16043979
16034036
16015511
15992672
15987399
15983155
15971943
15960398
15942366
15909169
15909168
15891381
15891350
15846157
15840895
15839375
15839236
15835455
15778075
15774058
15772510
15758598
15754564
15754194
15753483
15743123
15742836
15717526
15714021
15714015
15706022
15699853
15699080
15693990
15687897
15681992
15646092
15644701
15644700
15644699
15644697
15644696
15644694
15644692
15644689
15644688
15644685
15644682
15644680
15644679
15644676
15644675
15644674
15640659
15638354
15622024
15619174
15616404
15597247
15579358
15579352
15566606
15566599
15565357
15562985
15553892
15540702
15526494
15526491
15526489
15526488
15526487
15515312
20236429
20232017
20231945
20168161
20168151
20151498
20125079
20124024
20124018
19472845
19467756
19433951
19395896
19339444
19339442
19338115
19318852
19265365
19154311
19154304
19047688
19014408
19007704
18988620
18973056
18958434
18953199
18953195
18953194
18953193
18941323
18929942
18926715
18840124
18839647
18825511
18825366
18798714
18798713
18798712
18798711
18787458
18787439
18787437
18775381
18723729
18709829
18690127
18677873
18670199
18670198
18668476
18664806
18664229
18626054
18614912
18580276
18560286
18521045
18434868
18427095
18426469
18426467
18418104
18382197
18389838
18361954
18361952
18361951
18361950
18360149
18349768
18339730
18320392
17496828
17492988
17486194
17484794
17470093
17461307
17460308
17446790
17446773
17446732
17440296
17440290
17421111
17421107
17417974
17414733
17414079
17400152
17389717
17383600
17371742
17371741
17361388
17349147
17338952
17338950
17327741
17327740
17327732
17327730
17321850
17316160
17316150
17313911
17313538
17312419
17312410
17312408
17306547
17302084
17290095
17290089
17290085
17290083
17273114
17267671
17265562
17261965
17261689
17255876
17251726
16677998
16633276
16633255
16623287
16616616
16607234
16606434
16601126
16569795
16552283
16536726
16522503
16512271
16501373
16501142
16498200
16498199
16471298
16456744
16447533
16428559
16419452
16404823
16400282
16386404
16381260
16368095
16358548
16357710
16352980
16352979
16344214
16310611
16310599
16308918
16292626
16287056
16281797
16277741
16276220
16258357
16253797
16249592
16249591
16249590
16239820
16221314
16215421
16215395
16215361
16215359
16215358
16215353
16215345
16207662
16183748
16175038
16174925
16174908
16174818
16174817
16174816
16174815
16174814
16174813
16174812
16174811
16174810
16174809
16168306
16161381
16148510
16148497
16146487
16120895
16102160
15968915
15946924
15942397
15912603
15899229
15899224
15891347
15891314
15872121
15867534
15850314
15840892
15839235
15839234
15808121
22082557
22009086
22005229
21941812
21926511
21926498
21826042
21824224
21710915
21651658
21651657
21651653
21647041
21645479
21627573
21610571
21452645
21305952
21218571
21209578
21209577
21209568
21164389
21135781
21123231
21123230
21097760
21045570
20859614
20626791
20551887
20548168
20515883
20437973
20435211
20431439
20404628
20360456
20118708
20113704
20095186
20077773
20019513
20010203
19863767
19741333
19706071
19678919
19664527
19664202
19657251
19653438
19638748
19597654
19558936
19553705
19535946
19546274
19544981
19534188
19529915
19517668
19508138
19496381
19496380
19489483
19464761
19461569
19449614
19444050
19439049
19433953
19411582
19394525
19394524
19394523
19377800
19374104
19339451
19331058
19327953
19327560
19303680
19300071
19281448
19267033
19250523
19243519
19232926
19179217
19225323
19225316
19225315
19219367
19218016
19217600
19214259
19208850
19188546
19186410
19184554
19182554
19182274
19179871
19179868
19174637
19157357
19157279
19156389
19155919
19142385
19131019
19104215
19104206
19117537
19116697
19112328
19098617
19076494
18931596
19064141
19059087
18091628
18090143
18087682
18068026
18050982
18040889
18038518
18032685
18032682
18026022
18021557
18021108
18019522
18006884
17983362
17978612
17976436
17975398
17975397
17975395
17962494
17961888
17957917
17955211
17953298
17952404
17944154
17942317
17942310
17933152
17929401
17929400
17926279
17911939
17908126
17901456
17901454
17896083
17895484
17885384
17884713
17883617
17823476
17822524
17762243
17727050
17726172
17713384
17713374
17713366
17711934
17704674
17699299
17699147
17697946
17671240
17668155
17655850
17652301
17650693
17637592
17631315
17627838
17627836
17627200
17556999
17556931
17611110
17602872
17593568
17581367
17577555
17577552
17571336
17565451
17544541
17542172
17533927
17530139
17530136
17530134
17524602
17523273
17522789
17522788
17522582
17522184
17521855
17518161
17515857
17505201
16475747
16394787
16373094
16352983
16352973
16352748
16323488
16311402
16311397
16306755
16292060
21718625
21666454
20970061
20970051
20970046
20970042
20940587
20940175
20934212
20889517
20889509
20865915
20865270
20855994
20837293
20827075
20804887
20724873
20730061
20723985
20712666
20683234
20683233
20682967
20675827
20675819
20664096
20664088
20647896
20645461
20639755
20631585
20605754
20593652
20573664
20560967
20551743
20520995
20515887
20500646
20492070
20472986
20469777
20453621
20441464
20440868
20436060
20435430
20419982
20395734
20391823
20385565
20364411
20339770
20335732
20335718
20236446
20234199
20234198
20220273
20193880
20185054
20160544
20138461
20128760
20118697
19156484
19154306
19141180
19136419
19134363
19132344
19131757
19128315
19128310
19104230
19104228
19104227
19104220
19104219
19117219
19116700
20351948
19114882
19111104
19107723
19080875
19076498
19075164
19069137
19060433
19050627
19048697
19034423
19029525
19025590
19017887
19014704
19014410
18989650
18978242
18957190
18956998
18931348
18845416
18827088
18816313
18787441
18787440
18787438
18784496
18757313
18728273
18728267
18724523
18690333
18683674
18679636
18679147
18636058
18628691
18614913
18609505
18603339
18595383
18586130
18580506
18580125
18577733
18577169
18574373
18572480
18382164
18567454
18566204
18560289
18560281
18552686
18552683
18551968
18536216
18524057
18520670
18520668
18520654
18520653
18520647
18520646
18515608
18514824
18514819
18513379
18499614
18496368
18475222
18475218
18475107
18475092
18446110
18443303
18440485
18439320
18438134
18431317
18427032
18425603
18425602
18418109
18418108
18382191
18389216
18388682
18378736
18361953
18361948
18326411
18325425
18321506
18321272
18313923
18308210
18298777
18296123
18289238
18289182
18286928
18274361
18274360
18243707
18241782
18241776
18241775
18238936
18229781
18218198
18216765
18216637
18216618
18214424
18207643
18199848
18185124
18179258
18177364
18164302
18092373
18087681
16707379
16678003
16276341
16276216
16276205
16276203
21900133
21871408
21808163
21807689
21807292
21788746
21591431
21566469
21537964
21534379
21533814
21521954
21521953
21521951
21514554
21476412
21471081
21468509
21468485
21467937
21459871
21459865
21446971
21411402
21407002
21404142
21397129
21367604
21355831
21355830
21333177
21322196
21316564
21302524
21287147
21285471
21285463
21277449
21226409
21218574
21215489
21211988
21209582
21207189
21164414
21160304
21160293
21139369
21135614
21135610
21115294
21088524
21112972
21109125
21092723
21079263
21045626
21045575
21040259
21040255
21034876
21030490
20621221
20620088
20571224
20561882
20554219
20537501
20532593
20532477
20506928
20500281
20473243
20467339
20453611
20452620
20447800
20447799
20435654
20429873
20423442
20410448
20406127
20400981
20383858
20370766
20352312
20346092
20337803
20303640
20234203
20231238
20170911
20168175
20118707
20118699
20116201
20083916
20083913
20106664
20095185
20095182
20095179
20092700
20083929
20032683
20080021
20079645
20075718
20074907
20074905
20070811
20070810
20068505
20057230
19952545
20042858
20042146
21388077
20033354
20033233
20031171
20029348
20019512
20019503
20016381
20012246
20011953
20004396
20003975
20003461
20001881
20000249
19967948
19955983
19953763
19953755
19950037
19931153
19930887
19923949
19923948
19919658
19915454
19915441
19910155
19901582
19897801
19893381
19886974
19857354
19885995
19883346
19882975
19877816
19865019
19865012
19865011
19864994
19863769
19863768
19863766
19863765
19856643
19856639
19851142
19850481
19844758
19841483
19841482
19840278
19836194
19824813
19820238
19813105
19812488
19797471
19794321
19789447
19779371
19778429
19773646
19770737
19764524
19736574
19726207
19726156
19725278
19723730
19720706
19707124
19706072
19700269
19700041
19682853
19667840
19667788
19661252
19648600
19638741
19627506
19608091
19584638
19577414
19573401
19558932
19551372
19546733
19546722
19542968
19538566
19535943
19535939
19517890
19492734
19486503
19483575
19472847
19457727
19455023
19387272
19342260
19327962
19327336
19327295
19325513
19322683
19307815
19300066
19299102
19294365
19272541
19244697
19243525
19242350
19238086
19202391
19192914
19180662
19177733
19173756
19167928
22106464
22049812
22049807
21944692
21925408
21901568
21857343
21854249
21853633
21824231
21807681
21807676
21800731
21800522
21730931
21725239
21693715
21670614
21665473
21664135
21645480
21624687
21616297
21586166
21533963
21500738
21494148
21486337
21482348
21469497
21460713
21459864
21454401
21419491
21367379
21362042
21355829
21355823
21348209
21323063
21317659
21297458
21288945
21269458
21256063
21242453
21221001
21210080
21208829
21199550
21194458
21164402
21164393
21181630
21169819
21150385
21145614
21118912
21097770
21097769
21097765
21097763
21097762
21097761
21041194
21040258
21037548
20952143
20946566
20934211
20919573
20889518
20873397
20870419
20859771
20844290
20813491
20735503
20712668
20708327
20698021
20689933
20689929
20675825
20673358
20667699
20657275
20646900
20639791
20639745
20626794
20626793
20568317
20407398
20334875
20236434
20143739
20097440
19706163
19602971
19502977
19400483
19372344
19265517
19242328
19154307
19014427
18563954
18536217
18496365
18042131
17725265
17095988
17071086
16704351
16675739
16621563
16599032
16557153
16551501
16543791
16543782
16543780
16533954
16531947
16531849
16501138
16501133
16497427
16490096
16484903
16474223
16446871
16443154
16428557
16422735
16391311
19088567
16356212
16326743
16292072
16277742
16277721
16276175
16269231
16255336
16249927
16249588
16240145
16215362
16215360
16215350
16215349
16176116
16174926
16174895
16162749
16159066
16148809
16148486
16132895
16132885
16130343
16123925
16116778
16111880
16061907
16002963
15992984
15982428
15960406
15917980
15899225
15896961
15893185
15840894
15805811
15774077
15758594
15758593
15753505
15728955
15728953
15724487
15720485
15706006
15699831
15681216
15674950
15663534
15644672
15644659
15644657
15644655
15644647
15644641
15640682
15640681
15640639
15599146
15592814
15586133
15579609
15566600
15543405
21591376
20922772
19524432
19836205
20144283
15531959
17850938
17640243
19700583
19998684
19709844
20452874
15850920
15675379
18066353
20551222
16422378
18412079
18694054
20846884
19378218
15775004
19464097
19899198
15822708
17986020
21553575
21548351
15625045
19476786
17295995
19359887
16918744
18710785
17546313
18715407
19768331
19547957
16022608
21629016
17105634
19929185
16130307
17185399
20194561
16059836
20872146
15862642
20224406
19634644
19760893
20447006
19117499
19124808
15824228
19670002
16777833
18435814
20597710
19339319
21887988
16680209
16263782
18832500
15819839
16316442
15968193
16436226
15713915
19562979
21245766
17565147
16624451
18075276
17029119
18429579
19664735
21422350
15848496
16268229
18724590
21047036
20456149
20614401
19103915
19909955
20100749
20827358
17290052
20177819
18688055
15903277
17489499
16825849
20521572
19364999
19541141
15789383
17343091
15562740
18727763
21088660
19770109
20463086
19447845
19580536
15583486
20922200
21854894
18433656
17701262
18240174
17720673
18093788
19017675
16096143
20307361
16798255
19449269
17283622
21653267
20371029
16651507
17238623
20332744
19559166
19825839
19266786
18251959
17591344
15651985
19036140
19493147
15781598
20567847
21837858
16377823
15635352
18385570
16496203
19860274
16532164
20469620
20230171
22029073
18268853
19793191
18266885
20738736
18828429
20654869
19723933
21616582
15641236
20879014
17040159
16155348
20562253
21663416
16610608
16680051
20179960
20888787
17785687
18349327
18379242
21298643
16105460
15994028
17983334
16879793
19140366
21169868
17684984
18849787
17053154
21418581
16545514
21691239
16578955
18269735
15603214
20586268
17094063
15742451
16310615
20008424
19348193
18176228
21032972
21844508
18319382
18632671
19412936
16898377
17826094
16097220
17161046
17711973
19543807
20670386
21299991
18988072
19129293
21718624
17007486
17576248
20337734
21553560
17272798
19892678
21128576
19783768
17522791
16703440
17357001
19171057
16192823
17430537
16625891
16776955
17962172
19007095
19647663
19581196
20236860
18855169
20464071
20238129
18478644
15538063
17575444
19216989
15669435
18952393
16076600
18276048
19353986
17969290
22030934
20480972
20801921
17901824
15536971
20961582
20595720
19574538
15668312
21242451
18186151
16783181
19241979
17463206
20007818
20846045
16154072
16164533
19626766
19067933
16633237
16636220
16779441
19338188
20123331
18368873
17502812
17662809
20032930
17719364
16251817
17393971
16174147
15993137
16460387
19353975
18368655
17938935
19567887
21086112
16502131
18684367
21139014
17103042
18535476
17944608
17291830
21150416
20065900
16448993
16096726
21214615
21410372
17879677
21614955
19639922
19960385
18322760
16769943
16619895
20649673
20531264
18308924
17695561
17125705
21439176
15977530
16401771
19154565
15817804
21108661
20926167
20492053
19391234
17868477
17892990
17058753
15641613
17386151
19399982
21511786
15526870
19535929
17918074
15743441
21293882
18539337
20144440
16231615
20599101
21902971
20029311
20598282
16378790
16967155
20107414
20298668
18535736
16098705
19889474
21774636
15887616
19443292
17681763
18681348
21555939
15532812
16549028
17294319
18375839
17914542
21667687
19898925
20590816
16115175
16884798
16158203
15624551
19751991
20942327
21293980
15665634
21083683
20120519
20711069
20863521
20698360
19420413
17634501
20472461
20363840
16285343
16997633
21530443
18622302
15576272
15813807
16805937
18521875
18312751
16935459
19786152
17536651
19120581
19138911
21462877
20450018
21916145
20466596
18588415
18463881
17310308
16096154
18663980
15730542
20486519
16374262
19583929
16048529
18508392
18190369
21435277
16505428
19898985
18489666
16491921
16848881
21693527
15926758
17024615
15576258
15842031
17491214
20738813
18219153
16193603
17522346
20443408
17868762
16473096
15718187
18700870
19587108
15761368
15934573
16943212
19174059
21044150
17448416
18650054
21122761
20560990
17123674
15540299
15741477
17329301
21563540
19853399
16197765
16410430
18248404
17478652
18803997
18069432
18557553
18272612
16948621
17612998
18268140
19820537
16900070
18188140
16369156
19882062
18386454
17094367
17093912
21841589
19251167
18824621
20629934
17709355
17201042
19618792
19237043
18032318
16598862
17478412
19273399
17893379
20711651
19885649
19856860
15648370
20421033
21841704
16784064
19432915
18289142
18678689
16719012
17851332
16974168
20377024
20158554
15667358
19822307
17988822
16296210
16551208
20123831
16821679
15845689
17512151
21905295
17438705
16045420
19338524
15799485
17466825
20110107
21074075
18720561
17361501
16116780
19504353
21805787
17003733
19335382
17135842
16394454
17332807
17076969
18830699
17061752
19139474
21500147
16186637
17432772
21226784
18480606
19537628
15807929
17258131
21711531
18183697
21197905
18076926
20566991
19999315
16522492
20684345
17620393
21040261
18977551
20881755
21053696
17377975
19020703
16419448
16427762
19642433
20307283
20516765
17310337
21727884
16920652
16514136
19856592
20735507
19153394
19001660
17244297
18411816
15704596
17174847
18499522
15738372
21242235
19703383
18190599
20586911
18201504
17073195
21362582
16983798
21334026
17276791
17964014
17305265
20169949
17611983
15887817
16100130
19901039
16372152
17182525
15678026
16777829
21155637
18440766
17889734
21298940
18182537
17371423
19745245
21991860
21326027
19785580
17141123
19514373
20690390
17897420
17574692
20484722
20502178
19893369
18227851
16696761
18787491
15810747
21520796
18466386
19109855
17825116
17242524
17678828
20881156
20554500
16709883
17544247
15839524
17413906
18407002
17306905
21265631
15562345
20691454
17165326
16110001
15520058
19039051
19701783
16518737
21462754
16956071
19961816
19701695
16466405
18550437
19027448
15960062
21088131
20384975
19649422
21424304
15626152
17331805
15688545
19066140
20421086
15815971
21040230
16636958
18668359
16707289
18658242
16566103
16372470
20879816
19860041
19812096
16352954
17156447
15804333
19438425
16283902
18280963
19386583
17038076
19955389
21252660
21533934
19103693
19050028
19433927
15689724
18552116
21661648
17655636
19951084
19221081
19666851
19490552
21513840
16874603
20497880
16526149
16883075
19819761
20838362
20549118
20710135
21538039
21317630
19207559
18439361
16088857
20054034
16450665
18378400
18473086
20727647
17059030
21104452
21375100
17945852
18812888
18412588
18318922
19334007
20879815
21780720
16963548
16290129
16297662
15750380
18689575
21645111
16112674
20345926
16810086
18443830
17044586
17478645
16538848
15896695
16719739
19006956
19827581
15597837
18618273
20921249
16128420
21242157
19365826
19159080
20297871
15744445
22000178
20336981
15599658
20105700
20738742
16103381
17263096
20305569
21228438
20105088
16905784
21710086
16779408
20191922
19370630
18498345
15565597
17626069
18194523
17643760
20868793
17949622
16774021
21122271
20949838
18191768
19247229
21888068
17425151
22053657
18096918
19390250
17030492
19088550
21361830
18652942
18068292
15943406
17148527
15966887
18332746
15632346
19272512
21534376
16487840
15684841
19002485
15759071
16510373
21404462
19017866
16370545
19303328
19818250
16330624
19655667
15693577
16766684
17988048
20719586
20644498
21123751
18325112
20397537
20144035
15978874
18654093
20717172
16503108
17372789
18666907
19543014
16317563
21310114
19778705
16921728
17658564
16359677
19457969
17199451
20406315
18474881
16512439
21135606
20116308
18519105
19176956
18380609
15675902
17642349
18997534
17149042
19663271
19945320
19075103
16307637
19381055
16411549
18715382
19114844
20190556
15520090
17060034
16185553
21368511
21141408
18164451
17392931
16201415
19753473
16594432
19952549
16130682
21879666
19341041
19796410
21419559
16213235
21224258
21590572
20511244
19947187
21882793
18380050
17540835
15675061
17253131
17240561
19072456
19537399
15632809
18469606
21223592
17901105
16989129
19921997
20958849
17955732
19788369
20130160
18158517
17666298
20380962
19830496
17828675
19289338
18500140
19948461
19112086
18564969
19781420
17394537
18814424
17852989
20436171
17000583
17546364
19422280
15805142
20432216
20560955
17595405
18455538
18842457
21694567
19368755
18668176
19374282
18402417
16546776
17462207
16421854
19667006
18772837
16060306
17683100
17182427
19891846
19605600
20630793
17503161
17806036
16722454
21768323
16855955
22124875
17695580
20630804
16646768
16711579
21524002
20117563
17720192
17106000
16860987
17464569
21126299
15946831
21495194
19160608
20067130
15577388
16285131
18041567
20216168
20546166
15563853
21991779
17067321
15930403
19838868
16826416
18784562
17624134
16116767
20167838
16815489
17883596
16352970
15724847
18414297
16088009
18805686
20841513
20142607
15587000
16569713
18477124
15661485
21957800
15609257
18338990
15624279
16449883
19575270
16215792
18484379
19273989
17673060
18573961
21359254
16925074
18364475
20381427
20680355
21142988
19399636
22026065
17157243
20237761
16696539
16526148
20684399
19441635
18301949
19588080
21294218
21413594
21944796
20849520
17720359
18695180
16358088
19664877
16132892
16799710
20458055
20039157
16295992
20003922
15754786
16287820
18935701
18718111
17785644
20884894
15607249
15746132
20416998
20500650
18005918
16699459
21439170
20203459
20833285
16425897
16304250
18587619
18571013
21661529
19653047
17393898
21042862
19228509
16430346
19620220
19636497
15619402
17379992
18517064
17393922
16239869
17428817
18923986
17000476
16438068
15817367
15997715
19153132
16350498
20699739
18327028
16938225
15701211
21322195
15923409
18005351
17374473
16250527
18826731
20879638
20732664
19361775
19657821
17063648
17100867
17213738
21276075
15660548
20706184
15971339
21388098
21079484
16436171
20334753
21493350
20625568
19576529
18304147
17024960
18459593
16294629
16796239
16265960
21818014
17161900
20414852
17692494
16372888
16115832
16651353
21488561
19602606
19644008
19711048
18433028
16704017
18435310
20646901
20841532
16171082
17565727
17059642
18034817
18047252
16594413
21503428
19686324
20077805
21727856
19968578
17692767
16882343
17535343
19692553
15577710
21801946
15802408
21492337
16568625
16638773
19025086
18414329
20591733
21403142
18654960
17952712
20357705
18041324
18416378
19615535
19920097
17470919
20654974
16813543
16186465
16263613
17477224
20825856
20456261
16445662
19324470
20975326
20565331
17524007
20956023
20064224
16909729
21462758
16234741
17391559
16506870
18786851
19919651
18715966
19731420
19175236
20823391
19068581
16495835
16113711
20121577
17397447
21848359
17620912
17980927
19640282
21287798
22041659
19560760
18278370
21500008
17987458
19875269
18350213
17659005
20173270
20934922
19574762
18777963
20841445
17212575
15990043
18475104
16343500
20657305
21510891
21884356
16550986
16585329
16672005
18270498
17306139
16418410
20387296
17244012
18405569
19170303
21811626
19002154
16646758
17711808
18431557
21645040
18721221
15713926
17584267
19381078
17537199
16846826
19919592
19180404
16318052
21084411
18768345
19652919
16298088
19186285
16640744
19134499
15552377
21955906
16602442
20804880
21555700
19398823
18466383
17079999
16777478
17966743
20164712
18827760
17922369
16223629
18764851
19962280
16849766
21675150
16900903
21084438
17907725
20022601
21534905
15807796
19170287
18271833
19770735
18653427
19276146
21266290
20523150
17927114
16284522
15909782
15571883
16427132
16140457
18081373
19502135
17137938
19012977
15586121
17564360
19101774
15767197
21368548
19536026
19418751
19682848
16092163
20830821
20336984
17551698
16870993
21182382
19968947
20722310
18041230
21211602
17352778
19448581
15831188
16627842
18335686
16163427
17339811
21674913
21338292
15937267
20858338
19920747
17194987
19528344
15586302
20390617
19950320
20429725
20527450
16621142
17552290
21244477
18595420
19172206
18618958
17086298
21198803
20629297
16003098
19666880
20419525
18026002
15603245
16432594
20971595
18324329
18842916
16432647
20881159
21566408
19361012
20011821
17463337
16511688
18255069
17384873
15891598
16955115
17941772
15555479
21852649
15632812
20883612
17563326
17867427
19227691
19115882
19761482
19047665
17502204
19495863
18778558
19271594
21130202
18980458
19861106
18722196
17546787
21478709
17486016
19721026
20006316
16045646
15537067
18064839
18515743
18215263
20698194
19780692
17526329
16567983
19597228
20101416
17320266
18488837
19014228
20391675
21855831
17919875
19184240
17535613
17518164
20970788
18958985
17918618
18448710
19745635
16923480
20440564
21485897
19581180
21592063
16640130
18727762
19405299
19390753
16537280
20963668
16137241
15572938
21176258
19930477
19097575
16272425
16793330
15994709
20647804
18793099
20350934
15715532
21295755
16431328
17633340
19454193
17493780
20857374
16148475
19291280
19165757
21511454
19824241
21306064
17094366
21595906
18844196
19105558
21424311
19965037
17626389
17477187
16529145
17984650
17535839
20559179
21941720
19801932
18794475
16684724
18036764
18172020
20925714
19891301
17876209
20151060
15647308
19017773
17606818
19602290
19057428
19935179
19343863
20536093
20478753
15636591
17547027
21682911
21183944
18691277
16086983
18648986
18073258
18194578
19478723
20389216
19633547
16099126
21385085
19509210
18720560
20541075
16364708
17043050
17481458
17891081
16775519
20687449
17658961
21414978
20453701
17211007
20670819
17963528
19939723
21486724
19280201
19927849
20633899
17269542
15667384
17185154
15595585
21732723
21436664
16242897
16099784
16639471
19826116
20082592
20506669
17273485
20628787
19267028
19242654
16925002
20510707
17593633
18019902
16601514
19929235
20855809
20889635
20442341
16579824
16973953
20413052
15842207
18375778
18594490
18614445
18577531
17899512
16274372
16430334
16260139
16336556
18648947
16965558
18488242
20419745
15999081
15823381
21692258
20580142
20128543
16374668
19117644
18594905
21492273
21136034
20878855
20811178
17982871
17851378
21977769
21507106
17636714
16447529
16021417
19009889
19318458
15751625
20029430
21145197
16613400
16302552
18574369
17213982
18020851
21726796
19450992
19472693
20432115
16721708
21343937
19596964
15640534
18726796
16548283
19192896
16708576
19850502
16649833
18810663
20562617
18505669
17269436
15541123
16490155
18722692
19572058
18801867
16078182
21356566
19403202
16034053
15683143
17211224
17584433
19485856
19937780
19596420
20514886
21240104
17152126
20029822
19092935
17898237
15946172
20739837
19453917
19816828
21388982
19318659
17617908
21966769
15673348
17443455
17470220
17375341
17678456
19422945
18314839
20541272
20560853
20026893
20651199
19418228
17052089
19536988
21287816
16375802
17112842
17546355
16013424
16734650
18435314
17014725
17613160
17264863
21805949
15669516
16538290
18755766
15521897
18217864
17298454
17152326
19556094
15642235
21813621
18082842
20975553
16906628
16511687
20069825
17184379
16035678
19842586
19250092
22029120
17432335
20715707
18947099
19809317
18378768
16513375
17490764
17996755
17326019
19240102
16113156
20806648
18773215
15877560
19228245
19914086
19408554
18972942
18595942
21191437
19335672
19895444
15868336
19756506
18360178
16501264
19395688
18683450
17197058
16092319
20025804
16630317
16774291
16310195
17264698
19534192
20851279
16288876
20488605
16936604
19659407
17191258
19780857
19024225
17100219
17630271
18715970
16025893
16630899
17729373
18411391
21905616
16100332
20444054
19659717
15598248
15550210
17540908
18335901
19451460
17198753
17936430
20949872
18235050
19670018
16879384
16206095
19162948
19024591
19073377
17158277
16629089
15708162
20505424
20383490
18755780
17698460
19104968
16131277
19926644
21478705
15663015
15870586
16965306
16999183
20144399
18363510
20686322
20978249
19220235
21466965
18424872
15960554
17579800
17572276
19922930
15920691
16270112
18612739
20043843
15714788
16968615
20098883
20925288
20558463
19482221
19811553
19128650
21276958
16286904
16352959
16484895
17518885
19956159
15983308
16326212
17850291
16278137
20630924
21612517
17394733
18595456
19577033
18578440
16096152
18350940
17017685
16020051
17405686
15940050
17713882
18284317
21602318
17095804
21469512
17389542
17600602
19775762
21069268
15750482
17687066
21526559
20597453
18578198
19849904
20637343
20697241
18252068
17635627
17533547
19414234
15861752
19446122
17579304
19354156
17880314
17474588
20176463
17873711
21239422
20334576
15909012
18646359
17182504
18650639
21715009
18629359
15712507
18624019
21563541
20036397
21140771
19191854
17449504
17537258
19723268
20921918
19018888
21440969
17000473
21469291
15908854
16162578
19094876
17619911
19085226
16956498
18568872
18561737
19648829
15787891
16489240
19804994
15818096
20019505
21317789
18371208
17594301
15787103
19631684
21525806
21282690
21353120
17513535
19114604
17074871
20636192
16758049
17532180
15789680
18399369
18284805
18182885
19944376
16850288
20712459
17182402
15597498
16355065
16149984
19471852
20692122
20422449
19243729
16899987
16623603
16864638
19157813
17376021
19251730
16183359
19008976
21090217
20188629
17193942
17491169
20593676
17698684
17393648
16018132
20660873
15917739
19107680
20857639
18469734
15889885
16865618
20706700
15653940
15743155
17483999
19546455
20078006
18822707
16623143
19606659
20533570
18166588
16019875
17040358
17724354
21660534
20553584
19065370
17591514
16188842
16356561
21518675
21111388
19948517
21972756
19174529
17077415
18041329
17885718
17276800
16306279
17394114
18810928
19050082
17211204
18220068
17474573
19332575
16006495
18975485
20871511
20963720
21571237
21876449
16022033
16997849
20156667
18833725
21075319
15924011
15534456
18693963
16045118
16287826
20329473
20601725
19152154
15912391
17010034
21726445
18709808
19817111
17524004
20211957
16686584
18774882
18838268
19819115
16982001
19359313
21039226
15679279
19287264
19538801
16798756
16584674
20044846
15902033
18216600
17479356
18642619
16450742
17227358
19432910
15997894
16598356
17985732
21825936
16020008
17285928
19827966
18029541
15669016
16717381
19826547
17719746
15692130
17394636
18702787
21942149
15955146
19038422
18301118
19216993
19035060
19697661
16061888
18280252
22078678
19245724
16816289
15735381
19189481
21724130
18072444
16623609
21841282
15741961
18611307
16403718
16029979
16420660
16420107
21123407
22013818
19548177
20039842
21164055
19218301
20173297
15961348
15593323
19601440
19692163
15992979
18269541
18294599
19249515
17619594
21417749
18695617
18728299
16146113
16203960
19130684
16728385
20146552
16472040
17042811
17298955
19175248
17475736
17116767
18816369
21219527
16925257
18299357
18497658
18557993
19602641
17025041
21093840
21742485
20163484
16879183
16607127
21126816
19495556
19232929
16809607
18312990
16511737
17655520
16300027
15774047
15713168
19591363
19201260
19325403
18242922
18426452
17077800
16468604
16381372
16607256
16630039
16445483
16725021
16848256
16529030
18361322
18849089
19807245
19155849
16106587
19531080
19297830
17235250
20816107
16772777
17701633
21492358
18981745
15811567
17639635
16635222
16448434
19500346
20205936
17013067
16494284
19810665
19543120
16075907
16423299
19559290
19932220
19220917
16464327
18050526
18836687
19874523
21319591
19856124
15558987
16772071
15533098
19967309
19718542
20334647
20065277
19582465
19300039
15786611
20844423
17592423
20217195
15626522
20689129
21219644
20205952
16985405
18810662
17363850
19297917
17674224
19000602
18570598
19402357
21537321
19996500
21598810
18095816
20027287
16610775
19615730
16394905
19608123
21618840
18267996
19537347
18297971
16926729
20798728
19219362
17496369
17135845
18942565
19657252
16341301
20099220
16627325
17656632
17426936
22029121
18096830
18524373
19467147
17135067
17083559
21555673
15935032
18822708
21545733
21275285
18622980
19734383
19328439
19908670
17251796
16635939
17701118
17116556
19458595
18504244
17351407
17194351
17441822
17189747
19482259
19377017
19537147
16402952
20597336
21246400
20069815
18948800
17116010
15575037
18823431
15916837
21162155
17942364
17919912
17899990
21682172
21548943
15819837
18370882
21600367
18034982
18176125
19192903
16782338
15639036
16618687
18036011
17702141
20650593
18385990
15815967
19424693
21123234
17365975
18216058
17998408
21853698
21073561
17070487
17294123
16309073
20201666
17211209
17620404
17511801
17264695
18777789
18752854
20465750
17766525
15797158
19655210
17610107
19223813
21359258
18478270
19808267
18801291
20110333
18260857
16447328
18551225
17406111
15554514
18947091
16800908
20621900
15912283
16688667
18047449
17996108
20083546
18848689
16213787
18274852
16623666
17723930
21334805
18476647
18386178
20871555
16794438
20063198
17294775
15865623
20041613
18773795
18297316
17223939
20427938
21066978
17279016
16630971
17947752
19648844
21444840
16761662
17552039
17319254
17666296
21661658
19777096
17467406
16456752
20545979
18685318
19068917
15710728
19204127
16389010
20067356
18381019
19449603
17994254
18828297
21801539
20146022
20178573
17851351
19256770
18181847
20919958
17174436
17978946
20136648
16884615
17225762
19735585
21922724
19436690
21068639
21337982
20091058
17069923
20795424
16683507
19780368
20539149
18032303
19782328
20675346
19629150
17605624
18777713
16893727
16463601
16777612
17255058
16892666
18076919
19590509
21162153
15861915
16850774
15658731
15986315
16082277
18834538
15813763
19367231
16334970
17696047
15605326
19161748
16670130
18431604
16288581
15776073
17128756
19390094
16128661
16688970
16847716
18423616
19298311
20071719
20804699
16343237
19445339
19531463
20935115
19887653
20704094
16837681
21743091
18951825
21044135
16133229
19120979
16290975
21154090
20128250
17404677
20396850
17141112
19478578
16441395
15750050
20135939
20153902
19747652
18773583
16253466
17694890
19771573
21599531
18461370
19901672
21225949
18942568
18686669
18321445
17317434
15631929
17665271
20077750
18553244
20395354
16450449
17035565
18257446
19140193
18320903
21267949
15924033
18037096
21314849
17211568
15689727
18574277
21617505
21324126
16085952
21610353
20030658
20690276
16967014
21322451
15616915
16011908
15532175
15881629
15743008
19420286
16164509
20643327
17099116
17070347
17847735
19328676
20825536
20500338
20972689
16673197
17657419
18214677
17516117
21608518
17848348
15730365
20470294
21034238
15717336
17951226
19620221
16118532
21053754
19897514
17244299
20193881
17479528
17174652
20876086
17310664
18195309
17102477
21116147
17683580
19487507
16768979
19645537
17337872
17244288
16304319
17703823
17907666
19159506
16060584
16871099
19266739
16594397
16774668
19143586
19996463
16196452
15542415
17645195
18784477
18995155
17300544
17925412
19160924
20848985
16220613
21353132
18048200
18421809
15552511
17978148
20929625
19151964
17294063
20586895
18376332
21121508
16643265
16430355
17983479
18298508
15928559
21558112
17394651
19912095
21813409
16449755
16280895
19608320
18183749
20199959
19241143
19998905
18570807
20598860
19746539
16392451
21425045
19486790
17050299
16514937
19915903
20180439
19085268
17551420
22043493
16845682
15666142
21298891
17151566
18797209
16330385
16249425
16135165
18269302
15759524
17855485
19671133
19883965
17301199
17650719
20031841
15819265
16006830
20049603
21507489
21214301
19879711
17244246
15749396
19472805
20230418
16248257
18997595
18588403
17903257
20819235
20586987
18322412
21410090
20443291
19961038
20658125
22006146
19125308
18059401
21129343
16304759
19576819
17400518
20159210
19937955
15741357
17310676
19397183
16029977
17330272
20379919
16495203
16827197
21029496
20973851
15514170
16356316
17583078
17350783
15789481
16443085
18723307
17177958
18607872
16673834
15601463
16081334
20539173
17609024
16330476
17017842
17917469
16520520
17476859
16721664
20545592
19280251
21660823
18462407
19010639
18515034
17982569
17973705
19242841
17559627
20142390
21073845
19451747
17469706
22001799
21145404
17901513
19780514
16760104
15574435
15892507
18188761
21718834
15642502
16119570
20194321
20000031
21322439
18513247
19250522
20349640
21089989
21705154
17270326
20843961
20853066
18344783
18390144
21599900
19379114
20429125
17572924
19492223
21066929
20608484
15680117
20026721
20094123
16523589
18838182
18589343
20690303
18018955
18434872
16737082
18381518
19300284
20353660
20351163
17089539
17234474
20651478
17496831
20490910
17716085
17005073
17473538
18837203
17095419
18972936
20807893
19186281
18049170
17719850
21122463
21250556
17355298
18373383
15616378
18390020
19525767
16177581
20129887
15778641
20712468
17040525
20368654
18587295
20004443
16643345
19699134
20063616
19441659
19910397
15960063
18663110
17097202
17077768
15957453
20031782
18716530
17969938
19762549
18560063
15638448
21440811
19805462
16287894
20207923
17157094
17241192
18774997
18393740
20848072
19955243
19132791
16248861
16720517
17313089
17244291
20566987
18512376
18207694
20373630
18701103
19462352
20638866
15551613
19114689
19243624
17664054
15544663
16613404
19494681
20957393
20860250
15596703
21369722
18337534
16434755
16872121
21641653
20428969
18768178
16936614
16202105
16189987
15622672
17968220
16134041
15950830
16690981
18360141
16123720
18041325
18612720
16253789
21156297
21729918
18655507
18093777
17431210
15745282
17530448
18556638
16196513
17017324
19105821
16834883
16421612
20543162
15829838
21711071
19678797
16263201
19084892
19146089
17550092
21396615
19295974
15856169
20696808
16786423
16566336
20559181
18677781
19738386
15726868
19049726
17394226
20595307
17057164
21491756
19807883
19323161
21178611
21050516
16999178
21678368
19683093
19648849
20877772
16759065
20976815
18791406
17310336
16870639
18762992
18433658
20152089
20188453
18448933
18600107
17933651
18416359
17675944
18474877
16944381
16489897
18577761
20347839
20712109
20580362
19959299
19689636
15549012
17929709
17913778
17190931
18992683
18376246
18520428
15625921
20232095
16425679
17551869
17906310
18847652
17152518
15755262
16878191
22030634
17880663
16978939
17472515
16019768
17088221
16447784
19025084
17645537
17767930
20716804
18649644
16594422
18578798
17653003
18684359
21441151
16435037
18950921
18981190
21592477
18270772
18807434
15629730
15654187
16605232
17240252
19203464
20297746
17626147
19536578
16009887
18923249
20030500
17072714
21477457
18982364
18055503
17107396
15731998
20708031
20034367
19339407
15808048
16813966
17267742
16169801
21078225
16355934
18481922
18214782
17361502
21356601
17332956
20846369
17109748
17405675
19797698
15616237
17156997
17913771
19705315
15748123
19968011
18342824
17679605
21080835
19249755
18022046
19461516
18294222
16676811
16172091
17250771
19619375
15854116
16719606
15571610
19594988
19423623
15857495
21532046
15644012
20147344
17330996
19583666
19552293
21388015
17061152
16870996
19064979
16076795
21941706
20836948
21272821
16572570
18728445
16673256
16758714
17700975
21861979
15997955
19477716
15862727
17449251
16620251
19837459
20959368
21879671
20118704
21332034
18725035
19046086
20929944
16052926
17955886
15916259
18158525
16730089
15992192
19671645
20841550
16184292
16003005
20671079
18702651
18624704
16910408
19207051
15717240
20628830
18974677
18088201
16884034
18634745
18449834
16629568
17275693
16574526
19186786
16104457
16722112
19738215
19709315
17583592
19679701
16567994
17001949
20500651
21977677
21339199
17918029
18942134
19675268
19899669
18547400
21558134
16766909
19018550
19583860
17934943
15557911
16004106
17070458
17484934
16716857
16327299
17000345
18817698
19321066
21700562
21488564
19112875
17496351
20871497
19572102
17913338
20066871
21072495
19020144
18493093
17430746
21653495
16131284
21493174
17925915
17951939
17575757
17286723
19004158
18290880
16250528
15956862
20424868
18494101
17613462
16309069
19580440
15522491
15598067
19531035
21402458
18452864
17471829
16076897
19008870
21029491
21426616
15895765
21413898
19113017
18461254
17826060
16964812
17254361
18397686
20009771
16033450
18505152
16949825
17069582
16530377
21464063
19517579
15930214
16467176
19093298
19603379
17921106
18604472
21654240
17019348
15710725
18512565
16177583
16563767
18271288
20048361
20462102
21067855
19215330
18030963
19240187
18709839
18041421
16879381
19662923
16948379
20443351
20539922
19811169
19619369
20580415
18319491
19454203
19584762
20100110
17699151
19254201
20660528
15709630
16681285
17086639
19160921
16263664
15866395
17727546
16974179
17457397
15914055
16475465
21659317
15645323
16137071
16779535
18230646
21434551
17620205
18200827
20922921
17140758
18056599
19176406
17869587
21449872
16835667
16082913
18834019
20088231
20009825
19351302
20423574
19915838
21184628
17591532
16990318
20177285
21131165
19012496
18951383
19481045
18831671
19592331
18808432
17147593
15663613
18328961
21911633
15967010
19753425
16718297
18435115
18000700
19203391
20334019
16953857
16636025
16119661
20632191
20200818
16217119
19596595
19577418
17379682
18029393
16539181
18398664
19115892
15727544
18638329
17112429
16006829
20015491
20538823
15543765
21113075
19525762
18976191
18077277
20715648
17927056
15798137
21193332
20950774
19930289
18317854
17644917
21614831
20847024
15983929
21661481
20609033
16917424
16719186
17591410
20932190
21108739
16125999
20702860
19681533
17626592
21598892
21336196
19120733
16373183
20123337
21299760
17327536
21059173
17939229
19186517
21590566
18332668
19207173
16506380
17998119
20552923
20354928
18797222
15886382
17669690
17518890
17135227
16360567
20543369
15632891
20164816
18406037
20418580
18373491
15930233
17922788
16768331
17950504
20680534
17197793
18338445
19299671
17259199
21166109
16469470
19437383
16371385
21817972
20139217
19061746
15614663
19917849
21461208
20498011
19489032
16276131
17122430
18424862
18364612
17264788
15867700
21696079
20881797
16910067
21561507
15980079
16633769
15611971
17453984
18322744
18216080
16533127
17326877
15804332
15890308
21191819
15639044
15808027
17194398
20085150
15846480
19371848
16091027
20158320
21548477
17069269
19824520
16135861
18631312
17705841
19291342
16713336
20302995
15826425
20619056
17704480
17485755
19853967
18192127
18946243
21789908
19866538
15823890
18546568
15969706
16032533
18454710
17505242
17370563
17957586
19686553
20955504
18657248
17189117
17184413
16238770
18028552
21329619
20000070
17412236
18226623
19525718
18470844
20842014
20448233
16489909
16155808
16215523
19095334
15771160
18387229
20481417
16425810
16186876
17108547
15799505
18062033
16027582
18353495
15948091
16189060
17882096
18232582
17924926
19664905
16387520
17939624
19368582
21492279
20659196
20204704
16499461
15799588
18650705
15636652
16045414
19651938
19438080
20172393
16125810
20708185
19453920
17614882
15937816
20971336
21109945
20118821
21732724
19878783
18001185
17333798
16168344
16808754
21278551
21403487
18382174
16008024
21248525
16191134
16709352
19772228
18801865
16759755
16702081
19694872
15646515
19713631
17057639
16823010
16910755
17664443
21418461
16557122
17158127
19033167
15857533
21299276
16324185
20639645
17230545
16986357
20536614
20430210
21165881
16706243
19136356
21545635
21315638
16830847
17901519
22002648
17015506
15553590
18164249
17685847
17122618
19949887
19855258
16215367
17402209
19995864
19463080
21480679
19194144
18603173
15773964
17372787
20552363
17983723
20131134
15735593
21533867
20169368
17984404
18661855
21136100
21029127
16131281
17477485
16869125
16873595
21282794
18326458
18308499
18418017
16629008
19660840
19662791
17955929
18999235
21169795
15853163
16002197
21933478
16267920
18367776
20406508
18976845
20221646
16520571
20453359
16671975
16926668
17509737
20868386
17087173
15875446
18997566
21555667
21906046
19093362
20078014
18302851
17331800
21196417
17206877
15700600
19646191
19152142
16300862
19492760
18509146
18794703
19278806
19765884
20057327
16927733
20350694
16719752
17914896
15552802
18713128
20122607
16754571
18563022
20210824
20180380
18724547
16148249
20939228
20691139
17036885
16623624
18828166
17844804
18316939
15819834
17158834
18595987
15527042
19556910
18828254
18759730
15762390
15651955
17714051
17074872
15965189
19035033
16490912
20495474
19171331
20446632
17342039
17168069
17546531
19558787
17078243
15907979
15658837
20642037
20093900
20451816
20670699
19587371
20542793
20032758
21199207
15544662
15665265
21072074
19216236
20536278
16813512
18498574
16464768
21712372
20827062
20150606
17999424
16055616
17668340
18318098
20841749
20654921
17956371
19712009
17343953
19925747
20121954
17014931
16487921
17223479
21505122
18257761
18218337
17057937
20455842
18052516
19417965
18381830
17070163
20650332
18972235
21877509
18777972
19415965
19773732
17087673
21375117
17992336
16831632
16024212
21612463
16539622
16987196
16333641
19287104
19341069
21333946
15899324
19680792
19207062
17428424
21223462
17200399
19420206
20630363
19648983
16628985
21098154
18657759
21815451
21671526
21684463
16035970
15871537
19999948
16735258
18158520
16116774
15754631
16043435
18405351
17099138
18928488
19258094
17996764
16888861
19786423
18350770
19995466
15551517
15912070
18332573
18189045
20064067
17264031
18073666
20950726
19183948
17130700
19567009
16735523
16317399
19177521
20452166
19402568
16894670
16877039
15660144
18044415
19386368
15677529
19267124
19455544
17595987
16803806
20369442
19177859
17721844
17390196
19996586
16629569
17190276
16766590
19250024
16202887
17156416
20508686
18555474
17009569
18271769
17386230
19302695
16440711
16521895
17095439
19116958
17850043
15772362
15721966
17565432
20464593
17962875
16490558
16751635
19481991
17626391
17963335
16034316
16029974
19501941
17404191
19995289
15817021
17108610
18560062
19455932
16328394
18092916
20632546
19857414
18515602
15763217
18554911
19136396
21507098
16116400
18693913
16114761
21091020
18334982
16737170
20137838
17343118
20499748
20825054
19148109
17170671
18072989
20131581
20009750
20157884
15991108
20543325
19823898
18538214
17119896
17524866
21149395
17976825
21117549
22096875
19320988
16434231
16493298
17883648
20890220
17703689
17953297
16583664
18219247
21259067
20540393
19702526
17426104
16686824
19461068
17561162
20053207
16450630
21191577
15552805
15851046
17131620
16829724
17061726
19329101
17102156
20970363
19625582
16326789
16530110
22069919
15849485
20527446
17595715
20125094
18405345
19933246
15764871
16340615
20530647
21037958
19777790
18760147
18754521
19058503
16719900
18797571
16357787
21751732
21946965
21735952
20875171
17267724
19703382
20163762
19324327
18945716
19145803
20386011
16438761
20564077
16094061
15908631
20455379
16787467
17462801
18556665
15609747
16808124
16464871
17570911
17894246
18018351
16377191
18498924
18817024
19675116
19366541
15694103
17400253
15550361
16335724
20850031
21717947
18334237
17475738
17316099
17823959
20469573
19415400
20865605
19766259
18399781
19266991
18453895
20443412
20695950
15529194
15845146
17716737
20235421
19320675
17239235
19415504
20880819
20950442
16137814
17538757
19291084
15568654
19601420
17822526
16245190
16237350
16041160
18594164
19435014
16947045
21373178
16740362
19327210
19545659
18486415
16022890
20377091
20041926
17451910
18303431
20000028
17059981
20541284
19666161
21805888
18182945
18564122
17272898
18021402
18682013
19165415
16477287
21791352
21585138
20402319
16825667
16436161
21420889
16895138
19901135
21251274
15877638
17116515
16531858
17306878
15690591
20922979
19534387
20386309
17912116
19771995
17957420
16117265
17156424
18069441
19813048
19766136
18350859
16903401
19096850
18705736
20121997
16214450
16416401
16706569
15994588
19530210
20146982
21507193
18372975
21306060
18622998
21282279
16728354
17283706
16533623
16529223
20635642
17096457
16505392
15699314
20633307
20720611
17411671
17168043
21158904
20438420
21919292
20085431
17373528
18538065
19380442
15517161
17486679
17935835
20854708
17718732
21476853
16999652
19266765
18596118
20936570
16136738
21561026
17164685
19797499
15993675
16711076
21665161
21389060
18703770
20679778
16622583
16076792
16316439
20483677
20837850
17090805
20350914
21252831
18840287
21364073
15662174
20834202
20817564
20654285
17851820
21610578
16231614
16824983
18219252
18198973
18359378
17471617
21069122
15947809
17907650
19517167
20441033
15674925
20879903
19350879
17187546
18582380
17464706
16282571
16688058
17582021
19411358
17298284
17522866
18981790
18466182
20569764
21371787
16601610
20831465
16447241
15663314
18556989
21242390
20966842
20618522
17966935
17952010
15799253
21636870
15915023
20515884
16091096
16447609
16849746
19622915
16702181
19234430
20167537
19196462
15901418
15871873
19546639
21857859
18757381
17219504
16824168
21507187
20629606
18953469
15946281
18426463
19384935
20024741
17486478
21265635
17443539
21385082
18022025
20378184
16047637
15577825
20446141
18708892
18057191
16574869
17470666
15580110
18947120
20575232
18341751
19300080
20581917
20352545
15909971
18041355
19731886
15601409
17181682
15637990
17197277
20219315
19861029
21513000
16447024
16312256
21169745
17999094
17921467
21424876
18715526
18673155
21469489
19114574
17403563
18785347
15898219
19343560
21362719
17488153
19627646
17918304
16781919
17563920
18438165
18506703
18779459
21481732
16223108
20159458
16601947
15629558
21569395
19748030
20070067
20382366
18021128
16405705
21702353
16041448
16044771
20116791
15739634
19579420
20384527
20938273
18612163
15982465
15704636
20547286
18778557
16640136
17823560
15892722
16461447
16534554
16821472
18057473
20508558
19623798
17971627
19357964
16498013
16149255
20077803
20427002
21033406
15867115
18300277
17767450
15534339
21879680
20006458
18808694
15881716
16689409
20007642
15609477
15772507
21112685
19152929
20835762
20605266
17100384
16613302
18090775
17992703
18187011
16583574
19666206
16921334
16949942
18667875
16965467
21160349
19104321
18240837
18774425
18630251
18486578
18027532
16622657
17766273
20519453
15916836
16529592
17287374
18002962
15721972
16192189
16814220
21181004
15691247
19487945
16953946
16677191
20150604
17042837
20581166
17434280
22072165
16718977
17084843
20800458
18756137
19715494
21564392
19032122
16423842
18610901
20151346
17280921
20185424
16245478
17148529
18461523
20050471
16281669
17261852
15788981
17901462
18457798
19490772
19248439
16816990
19103405
17072512
15532442
19736656
18196291
16495020
19682143
15771650
19402801
18053231
21270920
18762753
15668268
21548348
21258241
19806416
19246103
21877634
18700390
17040607
20352500
17339036
17564279
18653392
21367682
16620259
16396223
19933533
17484705
20486445
16641083
19185265
21450173
16757396
20018543
18661887
19546118
19804482
18763438
15685014
19139444
15705271
18727353
15518610
17284476
18767386
20218136
15754503
17846560
19056617
17346386
18987069
18596501
17159018
18578765
20136397
16188034
18216738
21440817
16035412
15801349
19394018
19535558
20331914
20607432
16563626
19492212
17034678
20699313
17632126
16923927
18633015
15949254
17238492
19880843
21348930
16691214
17450422
15659900
19197779
16108943
15770505
17969090
18563995
21051104
20401971
17486471
20719008
17493716
21345737
19203485
21285970
16882000
16567238
16476842
20040607
18979697
18338341
17953245
19148817
17364250
16352944
18644005
15758704
17516009
16756187
16512040
17017312
16443313
17673094
18641591
16927721
19010600
20878840
17612473
16946157
16216379
16594190
16370233
18342588
18443263
15985092
18302971
19880954
18026806
17233386
18243010
17142595
19913928
19106727
16916340
17569933
17542525
21419253
15931800
16061158
18423732
17335530
19830951
20924304
16162576
16441335
18981967
21868479
20639825
21306865
19473211
19595418
16445833
19307806
21916094
19274607
15987407
20124612
20536762
18055687
15729108
18491427
18046139
18241954
17982999
19484480
21446264
18591304
16124420
19694621
16259701
17844727
16800393
16274348
21314756
21161656
18440772
18482291
17355102
18444721
16605144
21384565
18247177
15750551
21220973
21114211
21661649
16294516
21129680
16402232
20651302
18705739
19343434
17153565
20095297
17081919
17681268
18588597
18078260
17720289
18615962
16135724
16670190
19833425
18727573
20403062
16164511
16595543
17222294
15630823
18379671
16150131
18727766
20230169
15662149
20027897
15529709
20729562
19306370
17242911
20924255
16793836
18812555
17083162
18799771
17888805
20652759
18690123
19933247
20356662
17323806
17312040
17875219
20530403
17491563
18551857
16598960
19754686
21146116
19686271
21375384
18321582
20101417
21192256
17470706
20530646
16447854
20222373
20557416
16520518
19552182
21119075
20703606
21095560
15994981
20665341
19646173
19889197
16206380
17675724
16474244
20579192
19192089
16816513
20956038
18711418
19017599
18156966
15987327
18345997
21462668
15720314
16843066
20830621
20171307
16541720
16331229
17495576
17294780
16931972
16622643
19567753
19673984
18998815
18501836
20977391
15673643
15643827
20304976
18401676
18274426
16330721
17126968
21437754
20890144
20211305
20147836
20597709
19874938
17073198
19836920
18026811
18832603
21894868
17464813
21381954
17319557
16923041
20439208
17382211
17581708
18487210
18497190
17906909
16004104
18721332
18999287
18248706
20153457
16319561
18414325
20795834
18796275
18226758
17565524
15609737
17060294
18935839
15720988
17265839
20648582
17980668
21488482
16600433
20129482
21795289
20940576
17176984
17880415
18797747
17563049
16098149
17457295
17477482
20298540
19129052
21546742
17578455
16050889
21273106
20129882
16675647
21708526
19335526
15744187
15960691
20488746
16267176
20460560
17505406
19320339
19054272
19288372
18032742
15942390
16530486
20091628
19117827
20456855
17082009
16710088
18670259
19405453
16083490
17299658
21659815
15653250
20213580
17431690
19889557
15931020
16913238
20072088
19182464
16378254
17994499
18164351
20231340
16631716
19047453
16214698
16117747
21129010
18340076
18234678
16377365
16291385
19491574
20131119
20838329
21744575
17298247
19168306
17760366
19622467
18217874
16021555
19826026
17040143
20605003
16469149
18387019
21127108
21951499
16757514
18379664
18321837
19681779
17286920
19590863
18658198
17520998
19625548
17394518
17197788
22026202
21936431
21639897
16408524
15634639
17602015
18774670
19546724
20169260
18076697
20174908
18379720
17224699
20456797
16547787
16462981
18314838
16275365
21114716
18005126
19969388
17956915
19352570
19882957
18538973
19032015
16784048
16316869
16255739
18614452
16553689
17112147
17516350
19880918
17042237
21429447
17102403
18505664
16752053
17215598
15920383
15750529
17112987
21539028
20358493
16076318
17079614
21176661
17530539
21668384
21067725
21615198
17355306
18697966
20189784
17453462
16134471
18784227
19455368
16391984
17479054
19567898
20650440
17944314
20716978
18664502
15853085
15586549
18154103
17531568
21716048
17003220
17725947
17065540
21214974
17999294
20579116
15630681
16836620
16676288
19711136
16434919
20656725
18330192
15997613
20420095
17532895
18337271
15511424
19713787
17365346
17427603
16362696
18575344
19024418
17378865
22004635
19719383
16036812
19591682
17205015
18334517
17901784
18638672
18071076
21160341
19549088
15904527
17352662
17487019
15998606
17991602
16153049
17554092
19353556
15803042
20185608
17725913
18065037
21282549
18954930
17685161
16425902
21199136
20549122
16962458
21368532
18767470
20929589
21226886
21503439
19739484
20712670
16394838
17927102
15718186
16473979
15662054
17131640
22106759
21402456
21987993
20465047
19300088
20409059
19085796
19629602
19681006
17561014
18085602
20146829
18158513
16324493
21734133
16684638
18074477
16008204
18766354
19336753
21626269
18236880
17149038
19775567
16361032
16802682
17967374
17762817
18709564
20579125
16834579
17279327
16450237
17990283
17689460
19474372
17474361
17966300
17194883
20557005
17449252
19541057
19005190
16534084
17999005
19384206
17010664
20882803
17786743
19785570
20068024
19616156
16473292
15738368
19632975
20114095
18350458
17605287
20349850
17721699
16493324
20538110
16679331
19268092
20457985
18310160
17605457
20397525
19042850
19648575
21488470
21242317
18216632
21499198
16320964
19543974
16181263
22203538
21898329
19247542
19877977
19521131
16175812
19828530
19671620
19207800
19934964
15965386
21727290
18240628
19948634
17598932
20351159
17190756
20653421
16464924
17040509
17213495
19536016
18951397
17289540
16604910
15828155
20537837
16900287
15727112
21501057
18042484
17169827
16020574
20029341
18468295
20836340
19757735
20192931
19767781
15711342
17259922
17427438
21109782
21279253
16573671
19965801
16840370
21189206
21156305
17130096
16704382
17512100
21182434
15672024
20371034
21346388
19486788
20185446
17136290
15807758
17996548
19401131
17888994
18047450
18573431
17389413
16614874
15527223
19912124
19349457
16010188
18662657
17850563
16389158
17125095
19373953
21475355
19292655
21724547
17436074
20116122
16977900
21309200
16548476
17410999
15957398
17498153
17486358
20230518
19060727
16304498
21107270
18643804
18399374
18826466
21336127
19489423
19960128
19402366
17427666
15944495
18625616
20592609
15976565
21862750
20005178
19847684
17413677
17407632
17087825
15754924
19952624
21174654
15860051
15947334
20144218
16938143
15803296
18845070
20442748
16268777
15997045
20476517
20976495
21879657
19025484
21610345
17494453
18657995
17071570
18792855
15528897
18362008
18644916
15933866
15571853
16442481
19734100
19118912
20424802
21484068
17007330
19299475
19175249
15887749
17469479
19817878
19775434
20359655
20536757
20050465
20685061
16396688
17483680
20830989
16459905
18276125
17467557
15935421
20711076
15692139
18454825
15743647
15645188
19475458
20823355
15868560
19593032
21304096
16913240
16911267
19549993
17311240
19969334
20879497
16944378
17263611
17561212
20510948
20550562
17577082
20676583
15805812
18086977
16440509
20552858
19112090
19011416
19657867
19609140
21311444
16372757
17324184
21278672
19190468
19568131
16430762
17970860
16886552
20568026
17584822
21419248
15884244
21809286
15657160
15931018
20024697
17643574
16870386
19865014
20049075
21624511
16829723
18931903
16197596
19295422
20485725
19253199
20106933
20381081
20073551
20411613
20299692
18974174
17601849
19874099
17194871
19852197
19784619
16990091
21085886
20195554
19923945
15682016
16048531
21035383
19020436
21884846
18090698
20137024
18177522
17335533
18608081
20212413
17966731
17717882
16972607
20662280
17376560
15871746
15768647
16261384
20122595
19372127
15571880
16340925
18155338
20043216
19634528
20423428
21150531
15557991
19476229
18675179
15650146
20418352
15926762
18511768
16740232
16126316
17218647
17059699
16130843
20046116
21820637
18000675
19940580
21442334
16093947
21047195
19345537
19948297
18246391
17027880
22041954
18602791
20486528
17213498
17090744
20387186
19938250
18434900
20017460
18068436
19634654
17477486
17655538
16004706
19118927
20377498
19880940
15910010
18677877
20978258
17903244
18833884
18057499
16684090
16671031
17639388
16838676
21621729
20008217
20937443
19784692
15729159
19891374
16211436
20409528
16613409
16640135
16310569
21133215
21957820
18762405
16282234
19117497
19099037
19634576
19187168
17475498
21658779
19719892
17574191
17424791
20074833
18812806
18849404
15707214
17485968
18676599
16252381
16170545
19578801
15530599
16649832
18302211
17121508
20024772
16818834
21614670
16951883
19335811
17140420
17069466
15804644
21348556
21051795
19723274
18166406
17083753
16331828
21404157
16268411
19916076
20690376
16415659
16869921
19228797
19212178
16029976
19842863
19465865
16847672
16261128
16353322
16473357
16060311
21521893
18275605
21601299
21260936
19944357
18609344
15586154
21766898
20048680
15850266
18332355
17495711
16758041
15641401
19657880
17440423
16136829
15527604
20307364
17563109
21290924
17170778
20949867
18568455
19564256
20852469
17685730
16311521
21135301
15656854
19455025
20168152
16761661
21257948
16730784
19191621
22032561
17544139
19719852
17154706
20094109
16183574
21086668
18844529
18823311
20500510
16005631
16121874
17076693
18774193
15727086
18580046
17509101
20099383
20370644
19650517
17489875
20491200
18048851
21477493
15754566
15837028
17465252
19152282
17986071
16464272
19024232
19318673
16125027
21295637
17211003
16786925
16877285
20212028
18049388
18848753
21842830
20095874
16918743
20045990
19006588
16846830
17170639
18298559
16033623
17478309
15754510
18496108
19098944
20841651
18097110
17536655
18681200
18769802
17649750
18787486
18157913
19920743
18337077
21122779
16951004
18067659
20170324
18320954
21146876
21136226
15612844
17132481
15565363
18514585
21214680
17192326
16789984
21488558
17722681
18715389
15714716
16035562
18785099
17764430
20162763
18247270
20932433
19350695
16162781
15870663
15780549
17062549
19080760
15833411
20331544
15555490
17718726
16533903
16427564
21484016
20137026
19902573
20184420
16094750
19549725
20055985
19066980
16425879
17849823
16357669
19249104
16289090
18279122
21425361
19248372
17541752
19305451
20876928
19817948
19156467
16690581
16689120
16131931
17142584
17353555
18669348
17170646
21148160
17874086
16011503
18461235
16416580
17505368
16651296
18774454
19835604
18227884
20082061
18071613
20589609
19538703
19069449
18081997
18311407
17123275
17848423
20443260
17249857
15530172
20542403
16441278
21089733
17141350
18786059
18086988
19632594
16996901
21426524
19793718
16175025
17907051
20355264
17060287
16463928
17498426
17410724
19115710
18068280
21772125
17557506
20625672
15690832
18790814
18361143
15546482
21528081
20381916
21062591
17408159
16801638
21167451
17986880
21453525
21217609
18769691
19409078
21554711
15690593
20815880
21426286
16098415
18812614
20006644
17259897
20347347
19831158
21326245
17712690
16261714
19168841
21436706
18580222
16972603
17356933
17310343
16292095
15902611
16968569
17582015
21070104
20443253
17701533
18828315
19845193
17207007
20564415
15841057
16799183
17040546
20724330
15893162
17591223
17087404
16732005
17450710
16876921
20610490
18368318
19490232
18981213
17454796
18236875
20946861
17601835
16004836
21494113
21067891
21186164
15937688
18209218
21211228
18655672
19648843
17970363
21736077
16475385
16766686
19471254
16322114
15832885
17845883
19512875
17601843
20458195
20888544
21432603
21268452
19326550
19249189
15906896
15583244
21634261
17764387
18279521
18074476
16160678
21143428
15754604
18323049
19592838
20163702
21272382
20719472
15877640
20211089
19484846
17343027
18488748
20572531
21447943
17305958
17371557
20073571
17891116
16869335
17182417
20859155
20939875
17135087
21766914
15667371
15805358
17310663
17190120
17117194
15699653
15620036
19365314
15811198
17065879
17214007
18302651
17396530
20390663
18981966
17083557
20401505
18216073
17265662
21456398
18762530
18243580
18587257
16686817
18074490
19092471
17173280
18369306
16579251
21477630
19359090
21111952
21167110
20009883
18560708
15714151
17520538
18853887
19695031
16422049
15644652
18180989
17524864
16424962
16673625
20632189
16297579
16327871
20942256
21282220
16450631
17210879
18540541
21785179
19319635
19581222
18337263
20724738
16910949
19574016
17324636
16119501
17966819
21139520
20563398
18585593
18583303
16048666
21703670
20352506
17298147
18075142
17049038
16483094
16398383
17960671
17313614
21135708
16720485
17468685
18701322
19492512
19820535
17157110
17324101
17892635
16457728
18422207
15795335
18503016
18399368
16503952
19186226
21471071
18787902
16153206
17584350
17661810
16689059
19541099
21372646
20738855
17396446
19559223
16796432
21241205
19014739
21412145
15812732
18206256
17352705
17061659
21526526
18157449
18082534
18373100
19390760
18812370
18227880
16464930
18517167
20122627
18828265
15632503
15831548
17159560
21629336
16533678
18300739
16331789
17931468
16189755
17327248
17166062
15529457
17430740
18555165
18188749
20098163
18229993
19932475
16341295
21329857
16359739
21091226
19702674
18328638
18276676
16929457
17472500
16896861
21389164
17038111
18598253
15937037
17594546
16829361
20065276
16828521
15984560
19877340
18056570
19899647
17519048
15754527
21377671
18246827
17475363
16353573
18342766
16462918
19811195
15844291
15946286
18954274
21148579
20092117
19172703
16620315
19922024
18723247
19177891
16784530
21154093
20576446
21957550
