16708576
16708577
16707762
16710714
16710138
16718893
16718578
16717084
16717026
16716610
16715902
16715022
16715017
16713336
16710911
16755986
16750703
16750682
16749417
16749222
16740237
16738453
16737002
16736818
16734510
16732135
16724605
16724496
16722300
16718977
16714975
16445221
16110129
16788387
16788298
16787129
16785478
16785215
16781389
16781374
16781241
16779367
16776806
16774093
16773179
16771260
16770981
16758041
16757722
16756536
16701020
16837693
16836283
16835672
16832007
16830024
16826966
16825366
16823646
16816039
16815489
16815278
16809350
16807853
16807848
16807309
16805658
16802263
16798702
16798563
16796860
16795980
16689122
16893664
16892675
16889457
16882102
16874642
16874228
16873812
16870963
16870639
16870637
16869820
16866805
16862325
16862198
16861720
16855121
16850568
16850437
16844204
16843645
16843239
16842344
16841340
16825242
16682037
16675772
16963366
16960030
16956498
16950187
16948990
16948420
16945469
16942866
16941134
16939948
16938639
16938225
16930267
16927726
16927435
16925614
16923431
16919759
16915724
16914106
16913612
16913578
16912577
16912338
16908732
16903616
16902901
16901792
16900306
16900278
16899843
16897026
16669565
17057418
17057132
17054572
17054446
17053179
17051886
17051491
17049797
17048184
17045788
17042837
17040607
17038065
17036883
17036740
17036274
17036151
17034716
17033527
17030826
17027626
17024960
17022431
17019505
17018192
17012689
17005838
17002962
16999652
16998406
16998400
16998150
16996836
16996137
16989907
16989255
16987585
16987445
16987113
16983798
16981157
16978415
16977423
16970642
16970053
16969245
16968360
16965708
16965558
16965206
17145253
17139199
17137166
17137014
17136990
17136988
17136752
17135437
17134633
17132465
17128896
17125050
17117255
17116781
17116149
17116056
17114198
17112987
17112946
17112941
17111239
17106839
17106565
17102716
17099138
17099104
17096679
17096603
17096369
17094096
17094064
17094063
17093033
17091913
17090766
17086639
17085762
17085608
17084337
17079764
17078258
17077433
17077409
17076984
17073104
17070598
17063253
17062450
17060254
17060177
17059417
16618232
16610251
16583531
17244514
17242783
17240917
17238386
17234871
17233386
17230396
17222294
17221295
17219513
17219502
17219497
17219490
17219489
17219488
17219474
17219465
17218552
17216792
17215598
17215597
17213873
17213260
17213236
17213012
17203511
17202904
17202551
17202153
17201722
17199055
17198493
17197277
17196274
17194883
17190867
17189747
17189284
17189035
17185238
17185148
17182667
17181681
17181666
17180825
17180823
17176360
17175566
17173173
17171770
17171766
17171573
17169084
17168043
17167523
17167350
17164933
17163394
17161046
17157824
17156599
17152335
16562435
16077894
16076758
16060306
16056112
16053594
16047482
16045375
16038132
16035632
16034337
16026221
16004105
16004095
16001692
15999295
15994660
15994126
15991107
15980390
15963299
15947532
15941027
15939493
15929612
15923905
15920383
15918872
15911950
15910821
15910230
15899730
15898685
15889867
15889866
15877479
15871592
15870615
15863800
15851383
15847236
15844846
15842104
15839762
15831609
15827539
15816961
15813396
15794700
15791476
15785025
15776599
15773236
15770114
15755396
15754503
15751565
15741712
15741498
15741497
15741496
15735593
15735591
15730045
15715179
15710725
15702577
15697006
15696111
15695134
15691442
15684245
15684211
15684200
15680139
15675174
15669220
15661485
15652590
15651950
15651946
15650500
15646106
15645689
15641523
15641253
15640529
15627774
15625660
15625642
15625458
15624409
15620830
15600023
15597284
15597283
15583505
15583504
15576756
15575189
15571940
15570771
15570546
15570524
15569900
15567118
15560292
15558396
15555798
15555785
15552499
15540887
15540397
15537856
15537067
15535387
15529485
15526595
15520160
15520159
15515917
15513668
15511737
20177046
20175367
20169649
20131154
19504806
19489507
19475812
19445070
19411565
19404286
19299002
19297446
19284270
19276146
19274816
19266721
19171817
19156945
19150682
19111866
19050597
19043632
19017866
18997599
18987069
18975485
18958836
18955651
18951450
18951443
18946745
18924114
18856123
18855228
18853500
18847170
18844763
18833614
18833458
18829246
18828171
18828168
18828167
18822751
18819046
18819045
18814476
18813672
18812589
18810901
18808053
18807814
18774436
18774426
18772151
18729815
18729730
18724793
18720928
18720108
18714716
18712640
18710895
18710785
18693411
18687488
18684181
18684103
18682476
18682127
18681105
18680413
18674487
18669672
18666911
18664766
18661887
18649947
18649502
18648892
18647787
18647251
18630063
18622339
18613459
18608156
18551885
18445647
18437030
18430563
18426460
18421809
18399869
18399781
18399740
18394860
18392380
18391743
18390051
18376343
18373993
18367933
18367776
18340257
18329223
18325418
17499659
17498901
17498186
17496713
17490938
17486947
17486464
17486196
17479528
17478822
17476912
17475736
17474588
17470871
17470598
17470274
17469479
17469164
17468510
17468458
17465252
17463308
17461515
17461512
17461238
17458102
17449324
17443376
17443373
17443361
17442805
17437744
17431210
17429914
17428268
17426424
17419962
17419468
17419461
17416182
17414393
17413301
17412858
17410724
17409214
17408064
17407632
17407469
17404126
17403971
17403768
17396612
17396040
17395968
17394106
17391559
17386913
17384313
17383299
17380340
17376021
17373097
17372185
17370138
17361691
17360151
17357258
17356973
17356494
17356093
17353849
17347875
17346462
17346296
17341779
17341326
17341271
17340914
17340855
17339510
17337872
17337620
17335737
17332570
17331094
17325298
17324689
17321361
17319600
17319398
17319296
17311240
17311239
17311238
17310052
17306249
17306159
17305269
17302926
17302870
17299384
17296651
17294372
17294123
17294020
17293717
17283937
17268416
17268208
17266892
17262860
17262843
17262839
17261662
17261532
17261528
17261444
17260559
17258131
17257516
17253131
17251714
17249279
17244872
16645516
16631294
16612442
16585087
16569253
16567994
16567008
16543513
16543512
16542606
16541889
16533675
16532250
16532151
16520691
16519372
16518154
16517008
16513920
16511725
16507966
16506704
16503006
16503004
16497428
16497265
16496662
16496660
16493878
16492794
16487421
16466059
16464214
16454374
16454153
16449699
16449089
16447812
16445254
16444128
16431186
16429683
16428537
16419448
16415627
16394231
16393103
16379512
16365607
16344302
16336588
16333994
16330619
16323132
16315251
16314893
16311693
16310435
16308622
16283111
16282159
16279158
16265928
16263865
16259795
16257882
16253105
16238958
16234771
16231488
16229762
16227035
16224783
16222398
16219394
16215208
16213236
16213231
16206095
16187439
16186737
16172961
16172843
16172088
16170429
16170416
16164511
16163427
16157067
16144244
16138821
16137072
16136844
16136455
16136048
16134619
16131944
16131016
16127322
16122058
16121472
16106587
16098654
16086729
16047728
16033486
16028852
16021929
16008133
15986840
15984437
15980726
15934382
15925500
15920105
15914767
15912690
15904849
15902033
15886176
15871780
15869233
15869232
15869231
15851136
15842194
15841423
15826532
15819535
15801695
15800173
22121557
22098841
22078678
22041965
22041954
21991889
21986756
21969408
21922692
21862750
21841632
21690605
21690604
21690603
21690602
21652134
21642799
21637155
21626482
21622672
21615951
21614759
21596217
21520516
21459494
21459238
21458613
21384072
21322498
21220389
21199231
21192167
21132155
20925192
20853654
20850177
20849027
20704131
20657609
20654870
20654869
20650357
20629279
20551886
20547596
20473081
20458007
20451936
20451222
20450129
20398159
20375236
20360287
20350921
20102984
20085690
20047063
19941779
19932220
19858343
19721927
19715080
19708422
19703037
19702490
19699623
19693662
19680298
19670362
19665333
19655676
19653555
19653550
19644216
19642482
19634047
19630849
19630068
19623510
19610499
19593488
19587371
19586354
19579540
19578728
19573958
19572058
19567902
19564180
19559334
19554275
19544719
19537293
19535558
19529045
19522884
19515683
19504767
19492169
19492167
19490384
19486444
19476229
19461516
19461515
19446302
19445276
19444493
19443086
19433704
19411662
19407916
19406456
19402568
19402022
19399545
19396642
19396641
19395979
19390753
19387861
19386949
19385424
19385331
19377071
19374646
19368756
19351578
19349267
19341594
19341048
19335478
19323699
19320566
19317191
19298976
19295970
19289320
19282681
19087845
19275001
19270470
19268327
19268092
19264058
19261674
19249755
19249655
19239593
19237883
19233107
19230617
19229399
19227293
19218828
19215004
19214049
19202038
19192896
19190869
19180006
19176956
19169992
19166698
19166462
19166460
19156376
19155098
19144283
19140196
19140193
19129517
19121263
20229487
19107304
19100960
19092599
19086245
19084888
19080760
19069711
19065867
18087876
18084105
18081185
18081171
18081154
18080338
18080337
18080334
18078189
18075965
18075276
18072670
18072448
18072444
18072401
18072101
18070267
18070223
18068805
18067988
18063043
18061394
18061312
18057499
18054523
17551279
18048503
18047170
18047168
18041972
18041567
18032198
18031195
18029160
18029037
18029036
18028892
18027619
18027518
18026852
18024087
18023958
18022045
18001338
18000485
17996173
17994439
17994253
17992483
17991367
17990717
17990713
17988613
17985819
17985520
17985517
17984805
17984217
17981887
17979956
17979894
17977387
17977385
17974301
17974292
17973719
17972782
17971627
17971391
17959949
17959580
17959577
17957525
17957524
17955685
17954873
17954133
17952595
17951982
17949625
17949569
17943040
17940343
17939463
17939225
17935241
17934029
17932447
17932435
17929279
17925677
17924926
17924495
17924190
17924171
17923730
17923426
17918266
17917469
17916308
17910557
17909221
17908371
17908069
17908068
17905798
17902537
17902501
17902393
17901010
17898814
17898348
17896880
17895516
17891663
17890979
17888917
17883718
17881194
17881092
17880415
17879354
17877840
17875621
17875027
17870502
17855066
17853584
17853260
17852888
17851314
17850396
17849724
17848395
17825116
17824409
17804968
17785486
17784901
17768300
17766566
17766562
17766519
17764470
17763838
17722793
17721835
17719295
17718035
17717952
17717883
17717882
17716517
17715601
17715454
17715169
17715167
17714538
17710485
17709638
17708484
17707085
17705218
17705217
17705211
17699295
17699189
17700945
17700306
17700299
17697953
17697952
17697951
17697950
17697948
17695953
17695580
17695002
17689807
17689397
17688785
17685909
17683100
17682240
17681117
17681111
17680755
17680156
17674469
17674396
17673769
17671078
17668340
17667052
17661978
17657138
17650357
17646786
17646603
17643574
17641972
17641348
17636723
17632245
17630864
17630385
17628924
17626631
17626256
17626254
17626134
17625724
17621785
17620533
17612821
17610315
17608894
17608302
17604196
17601256
17596246
17595276
17594999
17590117
17575939
17574864
17573983
17568297
17565880
17564561
17560957
17559731
17557434
17555154
17551596
17549465
17547245
17546364
17545369
17542099
17539560
17539206
17537110
17536645
17535294
17535130
17525427
17524736
17518864
17518194
17518166
17515684
17515264
17510850
17510453
17510154
17510109
17507840
17506231
17505563
17502812
17502810
17502804
16749394
16478905
16439321
16433271
16422000
16408227
16370481
16369301
16363311
16355065
16321716
16312256
16302483
16288581
21717723
21703676
21696265
21696092
21693356
21655786
20978417
20975523
20974021
20965930
20964049
20959728
20954274
20949838
20940273
20936570
20933146
20929651
20929617
20929484
20889635
20884163
20884084
20881429
20875486
20870475
20855397
20855386
20855381
20851272
20851087
20850426
20848376
20848368
20843903
20842755
20842120
20839549
20839025
20799486
20795590
20735294
20730625
20728318
20722871
20720427
20686322
20682404
20640269
20660852
20649670
20632546
20621897
20617291
20605007
20603768
20603391
20598284
20597748
20597087
20593569
20589966
20587755
20585080
20575479
20568379
20552832
20549118
20546166
20533573
20533572
20532725
20529780
20526121
20525473
20518327
20514886
20511243
20508952
20508682
20501958
20500305
20498144
20492435
20487613
20457313
20450128
20448224
20445716
20444575
20443421
20441038
20440414
20440409
20438016
20414613
20391041
20388691
20386257
20370449
20364641
20356707
20351023
20338646
20334767
20331486
20305010
20303134
20297901
20226938
20224406
20224058
20222245
20218771
20209830
20206405
20189061
20174858
20166903
20162921
20154515
20144385
20144035
20144029
20144028
20142027
20129215
20125094
19155811
19150220
19147130
19145803
19142365
19140759
19140757
19140201
19140191
19140174
19140173
19134232
19128728
19128286
19125119
19124670
19120855
19101919
19101116
19096735
19095728
19094876
19084897
19084483
19081406
19080933
19080877
19077024
19074516
19070205
19067610
19065868
19065866
19061685
19056614
19055998
19050330
19044192
19041133
19035076
19035060
19033833
19032784
19032711
19032130
19032122
19027449
19027445
19027089
19026308
19025702
19025697
19025307
19023522
19022169
19020364
19017894
19017694
19016942
19012819
19011230
18986288
18986287
19008977
19008272
19006630
19005426
19005116
19001003
18998190
18987511
18981277
18980456
18975584
18974510
18957464
18951683
18945220
18940298
18939411
18930971
18925529
18849894
18849015
18848689
18847160
18843058
18842202
18841651
18836326
18835701
18835489
18831440
18829659
18828703
18828429
18826873
18823311
18811613
18810621
18809814
18806918
18799004
18789742
18783126
18774428
18769802
18769743
18760147
18759730
18756487
18754739
18728512
18723249
18719760
18717757
18716482
18715850
18710886
18709165
18708850
18693808
18690308
18686413
18684186
18682129
18682042
18665429
18664927
18663541
18658198
18656858
18655855
18655425
18646410
18644916
18644746
18644323
18629732
18628695
18622980
18622591
18622192
18619717
18608673
18606935
18604321
18600601
18598436
18593681
18592093
18586128
18585538
18585535
18585500
18582936
18581021
18580392
18575420
18569400
18568455
18563017
18563015
18562063
18560708
18560678
18559166
18557346
18556643
18556379
18555159
18555158
18555154
18554362
18551890
18551601
18551225
18545069
18544725
18544655
18544154
18543349
18539517
18536825
18534688
18533591
18525139
18521990
18520782
18518885
18513526
18512144
18506703
18501144
18496319
18494715
18481697
18480038
18479512
18477393
18465383
18461235
18459696
18455793
18455286
18454821
18453077
18451026
18450665
18450654
19808267
18443713
18443263
18443260
18442105
18439254
18438200
18436568
18435690
18434103
18431889
18427224
18426452
18422816
18419985
18414953
18413628
18410449
18408581
18403998
18402066
18400459
18399750
18394450
18394447
18387718
18385990
18385151
18384114
18381830
18378400
18377447
18376246
18372824
18371208
18365218
18362999
18362998
18357955
18353506
18347750
18347480
18347365
18344035
18340371
18339617
18338446
18338445
18335842
18335830
18335829
18335686
18335685
18333732
18333722
18331965
18331694
18325947
18325243
18321460
18316939
18315681
18314571
18312059
18311438
18302302
18299497
18299116
18298559
18295440
18292101
18288910
18288500
18284805
18284464
18275373
18275260
18273564
18271651
18267176
18262656
18260904
18258936
18258113
18257827
18257492
18254116
18245426
18240178
18229987
18229562
18221656
18219252
18217874
18216407
18214677
18206737
18206736
18205637
18204295
18202039
18198570
18196690
18194975
18194624
18194099
18190580
18190483
18187010
18186824
18184869
18184523
18184342
18182924
18182785
18181013
18179503
18177775
18175590
18174867
18173367
18173043
18164944
18164764
18163863
19450085
19391468
18161640
18158314
18157287
18156955
18156246
18097138
18097069
18095900
18093591
18093253
16272076
16267779
16266638
16260792
21855101
21820221
21765035
21756522
21751755
21750125
21738250
21727290
21606147
21605274
21603593
21596224
21591329
21591328
21577059
21575257
21567372
21565682
21555674
21545936
21540010
21536275
21532086
21527768
21521456
21519775
21507049
21506035
21505337
21504260
21500510
21498553
21490536
21476481
21473969
21470467
21470276
21464758
21462456
21460588
21458619
21458616
21458614
21458612
21458211
21457180
21450173
21448826
21445493
21430002
21429989
21429717
21416864
21397953
21396509
21396508
21394526
21386747
21376433
21371756
21365059
21362104
21359631
21355859
21345416
21322501
21317851
21303296
21299417
21140074
21292712
21291018
21285100
21285085
21282676
21272940
21272844
21272220
21266215
21259276
21254814
21250556
21229930
21216380
21206250
21182155
21172997
20879816
21169897
21163630
21163619
21159772
21158853
21158744
21148521
21146876
21142596
21125532
21120766
21116943
21112855
21110401
21092359
20516771
21070702
21062122
21060207
21055652
21053059
21045764
21039589
20621900
20621452
20618083
20586855
20617025
20598860
20597710
20595693
20594791
20592254
20589976
20584301
20581166
20578587
20577823
20564415
20564070
20559406
20557393
20552612
20550562
20546025
20540165
20538110
20533570
20530526
20523219
20517849
20511119
20510409
20501359
20500345
20498986
20498608
20494952
20494349
20494296
20491383
20487406
20484915
20479207
20478866
20477765
20472416
20465762
20456771
20447001
20442353
20440410
20434627
20433129
20433128
20433121
20431857
20431501
20430944
20415998
20414945
20409062
20408298
20406315
20398978
20398147
20389317
20381797
20378728
20373856
20362492
20360914
20360543
20360153
20358788
21702271
20350694
20345834
20339601
20337725
20303804
20235302
20234126
20230518
20224313
20222964
20220525
20216111
20213432
20211320
20211305
20211302
20211298
20211297
20208974
20207327
20207055
20202792
20196186
20195175
20192931
20190556
20136167
20134038
20177819
20177040
20176463
20159120
20156411
20156053
20153555
20153230
20152221
20148864
20148863
20144942
20144433
20135072
20133957
20132006
20131153
20131152
20123776
20123315
20122065
20122048
20119741
20117031
20113757
20110816
20108549
20107917
20106897
20103511
20094093
20090227
20089493
20088177
20088161
20088156
20086221
20085150
20081704
20069918
20066814
20066637
20065900
20064269
20063402
20063282
20061869
20061834
20048361
20047627
20047175
20040099
20038405
20027967
20027507
20027091
20026921
20026829
20025755
20025424
20022857
20018577
20018480
20015757
20013760
20013757
20012253
20009883
20008737
20006413
20006196
19995325
19960385
19959387
19958412
19958027
19952549
19952146
19952043
19951431
19940580
19936415
19935521
19935520
19933935
19929118
19928616
19927863
19926988
19926740
19925747
19925534
19925399
19923148
19918690
19918153
19917587
19916342
19914637
19912095
19911690
19910716
19903737
19901265
19900239
19891756
19890254
19886592
19884239
19882490
19880940
19879459
19876856
19863288
19859000
19854441
19849760
19849752
19845734
19840578
19837825
19830851
19830850
19827045
19822563
19821877
19821282
19818266
19817274
19816040
19811559
19809009
19809005
19807808
19806254
19801942
19801016
19800205
19794306
19788555
19787466
19786676
19786675
19785295
19784493
19782927
19782920
19779855
19775803
19773028
19768331
19767023
19762582
19761745
19757970
19754498
19753441
19750277
19747264
19746539
19744955
19735335
19721997
19718927
19715532
19715461
19712845
19712844
19702979
19701731
19700432
19700130
19699382
19698130
19697594
19695843
19694869
19691845
19687107
19682143
19682131
19682124
19682121
19680301
19678464
19674761
19673939
19670557
19670373
19666961
19666689
19665861
19652398
19650923
19650562
19648828
19643437
19643409
19641329
19639691
19638053
19635046
19635042
19634496
19633896
19628315
19627894
19624479
19609094
19605600
19597688
19597372
19594075
19593747
19593489
19592140
19591578
19585061
19573123
19572763
19567495
19567494
19553709
19551488
19549673
19546455
19546446
19541547
19539455
19513956
19507311
19504762
19502263
19496995
19493137
19492614
19489423
19481275
19481272
19480793
19478723
19477885
19467147
19462558
19461392
19458562
19455368
19455024
19447535
19445700
19427776
19413035
19411566
19401093
19395688
19390750
19378577
19378222
19375675
19374691
19370687
19368755
19368285
19365169
19363379
19360528
19350838
19338730
19335500
19323697
19318999
19308740
19300076
19294371
19293070
19291492
19290708
19285363
19276147
19272762
19266114
19265540
19261205
19258527
19251730
19250617
19250365
19247559
19237434
19234008
19233105
19191621
19228413
19227567
19225202
19222005
19220607
19212421
19210599
19210156
19204127
19202151
19202045
19190866
19188809
19182168
19175062
19174801
19174059
19170781
19170778
19166979
19166437
19165388
19165089
22078679
22073586
22046673
22041951
22041949
22028358
22028354
22026202
21987988
21977605
21976585
21964272
21894104
21928608
21923048
21877569
21862907
21841563
21845553
21835292
21826929
21816931
21813388
21811572
21807682
21805882
21805779
21805778
21805744
21798499
21789763
21765265
21782162
21781218
21770350
21770326
21737526
21741007
21739848
21739359
21734133
21733024
21732923
21729818
21725927
21725777
21723025
21722991
21719153
21715051
21703842
21703675
21693002
21688486
21683474
21669970
21668916
21666976
21666960
21665300
21664719
21661649
21651735
21649768
21629205
21626612
21626480
21626479
21618552
21617261
21616755
21605427
21574845
21570528
21570527
21570514
21570030
21569228
21565981
21563540
21545984
21545947
21545640
21542660
21541017
21539626
21537787
21535274
21534239
21527600
21524006
21503462
21519757
21519705
21502163
21482418
21480493
21480490
21480489
21463550
21458615
21447572
21443672
21442644
21430089
21424384
21418235
21416409
21404720
21402255
21398293
21391837
21382306
21378250
21366649
21358407
21356092
21351267
21346921
21341443
21339383
21324243
21322500
21321466
21321420
21320942
21320941
21316540
21315215
21314647
21306735
21305481
21302596
20875538
20875537
21296560
21296322
21294941
21292720
21284037
21279253
21273106
21272221
21247735
21247461
21246965
21240138
21227564
21225949
21221958
21208587
21205050
21195944
21193946
21181181
21178788
21177696
21173716
21167110
21164109
21161873
21159538
21158990
21152996
21146667
21145522
21144024
21139501
21129214
21126816
21123409
21116126
21111980
21111952
21111271
21098154
21090520
21087222
21086112
21074350
21057800
21047195
20975326
21045098
21041044
21039700
20671744
20978458
20975324
20973853
20973431
20972842
20971940
20967840
20966631
20965303
20959564
20955603
20955563
20955485
20955122
20946115
20942883
20934571
20929461
20925644
20923281
20921918
20920654
20920285
20889640
20887842
20887821
20884778
20882095
20870337
20868642
20861145
20855411
20855057
20854599
20851294
20846450
20846245
20845617
20838889
20825533
20824339
20822694
20818930
20809472
20808904
20807911
20807300
20805071
20799934
20796267
20724908
20722840
20716389
20716152
20714143
20711076
20708866
20705551
20701422
20696498
20694297
20691493
20691454
20687955
20687291
20679161
20676583
20671582
20667584
20664547
20660807
20660633
20646708
20634328
20633747
20633061
20629426
20614420
20568317
20511731
20511685
20502467
20448452
20393965
20153135
20078323
20069957
19952554
19638051
19394192
19307808
19242009
19211100
19192986
19160179
19156374
19101224
19088486
19084893
18996787
18951451
18947118
18677781
18505669
18482118
18431881
18373030
18325459
18299494
18254049
18164767
17636714
17636688
17612381
17455875
17444118
17443610
17443600
17443539
17253587
17099591
17047137
16913209
16911017
16836472
16704777
16703525
16703188
16698506
16690991
16686874
16685051
16678952
16677902
16676296
16675751
16652282
16650586
16649832
16644329
16644323
16644313
16638122
16637454
16637452
16630989
16630039
16625874
16622534
16621072
16620998
16620820
16620265
16618235
16618059
16618023
16615663
16613076
16608371
16603749
16595812
16594436
16584467
16569179
16567989
16567985
16567983
16567696
16566622
16563710
16562640
16553671
16553507
16548747
16546355
16542132
16534045
16527999
16526176
16524997
16518795
16517805
16517418
16516067
16511380
16501135
16501134
16499674
16497646
16492069
16489240
16487840
16483724
16481639
16471133
16466831
16466343
16463012
16462349
16460548
16458407
16456443
16452353
16447241
16431190
16431185
16427131
16426084
16424291
16423111
16413360
16409880
16406133
16401158
16396410
16393828
16393440
16386668
16379513
16379113
16372757
16371863
16363343
16362476
16357705
16356561
16354240
16353288
16343083
16341904
16338509
16336616
16336059
16330592
16330385
16324493
16320983
16319547
16318900
16310436
16299640
16299430
16299093
16297467
16293026
16290975
16290972
16288390
16285604
16285199
16282257
16280090
16267637
16263854
16260800
16259538
16259342
16256877
16255328
16255079
16253113
16250183
16244816
16244125
16242824
16240974
16239239
16238767
16238765
16235323
16224626
16222404
16222396
16215465
16215464
16210707
16210466
16209375
16208581
16194647
16191139
16181574
16170422
16169392
16166617
16160659
16158034
16156680
16149984
16149976
16148483
16142575
16141458
16140699
16137272
16135165
16134763
16133644
16129014
16126566
16122389
16111412
16109113
16103670
16101651
16100192
16100130
16094224
16093254
16087455
16085210
16081319
16079213
16078968
16061762
16055870
16047138
16046914
16041234
16034853
16033497
16033495
16030411
16026888
16021905
16021417
16013623
16012558
16009664
16009057
16004700
16002034
15999001
15998996
15993675
15993673
15992395
15991603
15989068
15987327
15980364
15980078
15967905
15955146
15940531
15936078
15935513
15935019
15933560
15933396
15931644
15930214
15925287
15923212
15923006
15916837
15912391
15897933
15896928
15895269
15888980
15883235
15878490
15877566
15877551
15871867
15871756
15865575
15864400
15859179
15855856
15847735
15846721
15840894
15830271
15828598
15828597
15821204
15817908
15817003
15813807
15813804
15812748
15808320
15805437
15805359
15800558
15798871
15797359
15797358
15795867
15791355
15787891
15777141
15772919
15761453
15756880
15754786
15752924
15744795
15743008
15741473
15729794
15729062
15729014
15723024
15721509
15719011
15718179
15718178
15713859
15709552
15708184
15704591
15701779
15693929
15692082
15691240
15687449
15684204
15678693
15665164
15663350
15660712
15660548
15656842
15642235
15633057
15625044
15624490
15619182
15612142
15603836
15602187
15599837
15597287
15589911
15583513
15580279
15575125
15572996
15569904
15569656
15547013
15543759
15543757
15528896
15526306
15524127
15517642
15516037
19325482
15937267
20942756
21209127
19566994
18480204
15988666
20838362
15884244
20856193
18849364
21430524
19775200
18165798
15693577
17326916
21649700
21187745
17582015
18423616
20520262
21675023
17762417
20800415
15563853
15643044
16846509
15769969
21458151
17870011
21831572
20827062
21193142
17874086
19996233
20032166
18785460
16264037
18161180
17674222
18172381
17139496
19739511
17060278
19506537
21500975
16778300
17098160
16536870
16537303
17133682
15741003
20157139
16996857
17719344
19528407
17544247
19473067
21625545
16916563
15612232
16876234
21991779
19446840
19588658
18728297
18197434
20131587
21265595
21317789
17033207
16916061
18032162
19299261
19833859
17891622
17332956
15863624
17185925
18271288
15539975
19741381
19233704
18761849
19629746
21057139
19632561
17601834
17939197
15638445
19824260
18226759
18440918
16353511
19910328
21776828
15566623
17120919
19153131
20347839
18399374
21576012
20940270
17087813
21191819
21651366
19731446
20177043
21186090
17044433
19860078
16512746
19832891
20615839
15586133
20367725
16045663
18183749
16738981
19538805
20526901
16149663
16182124
21440969
19159080
20701201
21887988
17683718
16766686
15757374
17851384
19209392
20184114
21485928
18596481
20491200
16311135
18588670
20536624
16583287
21187190
18275590
19366791
20336984
21658151
20654815
16047987
16276471
17583067
21091417
17657658
17137943
21780096
17494525
19723862
18046264
21401482
19663240
18394512
19120748
18079569
20388313
19824275
20201666
18391340
16411006
15997347
20961981
20572553
16755127
19947840
17138178
18554384
15804642
20371032
19995864
16151493
19286877
18690333
18283996
20011821
20585420
15928299
15748678
17206210
20469612
17019447
19797339
17480138
20451303
18847386
17996755
15826792
18362523
15828155
20963439
20500740
19748873
17885718
19366541
20350619
20391795
17592971
19480376
19054983
18720561
21205555
18684585
18154854
17651162
19041614
19772152
19281084
21776834
20091618
17145490
20853657
20039822
20338980
18457803
20119895
19850502
15950830
18595942
17478471
19892890
18370966
17611823
20043216
21123196
18202986
19088358
21540424
16849913
15666263
17478652
15668268
18386110
16442422
16629972
15739936
22031346
20048377
19545658
18638329
20029309
16524996
17603834
15937632
21436338
16123012
17413370
20237039
15994471
21266886
16029495
17278922
21178193
19483063
15962062
16569981
17116453
21991750
19350079
17629906
20630889
19406045
16518558
19497899
19307815
20122508
18394106
17605056
16020051
17689462
19837356
19264941
21696481
18080336
19170377
19817592
17238008
22096875
19489797
16826589
21550543
16796423
17124249
17950879
20081692
17142586
17259469
15904886
17617015
21794116
16924643
17175717
16469205
18064843
18926930
19323716
17992507
19855037
19423987
17125041
20149164
18405397
18981213
17135904
19273868
19274607
18358116
19702814
17109081
20044335
15957874
20125211
16849917
19619061
20816107
19911481
16625992
21660874
19029841
20303228
15624706
15649687
16451340
19700779
18053289
17576311
15548098
21457596
17659724
19766136
17087708
15566600
15965550
18053957
17036618
18849404
16752294
16922698
16586308
19114838
21495397
16689412
19823968
20021578
20379962
16126004
18690370
16921610
17299466
21469474
15720167
16563919
21539654
17641759
20075558
18321625
18222219
15741585
17960669
18335696
16466611
20185424
15988430
16949942
18362820
16921324
20044332
16299059
19245091
19926344
17458368
16684172
16774021
17175545
16106764
17260233
16189060
18664821
15992696
18180134
19187836
21901675
18781367
18339641
19920747
20369442
20386055
16424964
20107763
16968589
18511769
16443087
18321620
19467736
20423389
16594433
16566612
17409612
19180302
20854039
16530149
16320982
16773549
21692585
17257601
18216632
20974059
17957980
17133893
18258508
21236585
21476853
21456315
19020265
17996764
20662290
17727131
19088647
16874603
19223339
20926545
16867885
15618370
18002880
17192174
18171450
20799394
18338335
19146519
19246861
18653000
18990325
20642845
20122774
18974987
17847597
20367746
17094754
18693795
21494167
20371035
19863823
19556412
16318109
18055669
17609331
22066294
18757768
18324329
18617708
16733656
18219695
19248650
20421033
21212420
19775055
21820589
21954764
19901662
17149165
20925556
18714905
16836763
20093713
19839548
20850843
16024213
21534266
20404628
17575764
20384975
21053576
19194128
20443264
18758277
16013344
19167585
21214301
16499531
19161815
18696409
18394529
15644655
20236433
19067933
21097761
18049388
17892574
19293414
16603283
17854729
17394738
20718235
17213479
19174637
19768806
17097757
18819691
19826325
17309386
17686123
19845717
20443409
15580093
16816348
16318656
21404497
20005369
16737503
20646901
18361954
17966309
16276216
16877620
21727792
17314586
18073618
16830268
16532164
18762647
21699428
20976838
16470155
16221314
17464738
19845551
19333659
17413771
16330969
19263122
16133615
18781364
19670653
20218162
19715096
18422207
15565901
20083929
19345442
16951883
17439066
21111375
18194405
20193885
19581338
16372911
20974414
18618894
19947049
21557378
18926180
19253858
15949958
20920267
18283069
16836999
16874640
16830239
19363840
21038734
18477494
15720709
16452896
19077257
18087202
19003797
16632765
16268341
20657978
20420475
18445760
19567626
20378626
17213376
18199282
19278185
19237874
18924004
20806648
20738451
19506170
19041451
19339431
21409670
19120581
19119575
16676021
19806370
18591305
15709311
17952712
20206284
20183371
17575444
16084447
20236430
21786526
20711737
15876882
18348367
16442424
15575566
18163137
16877656
19157813
19331126
15655239
20027012
16410433
15677529
17521252
17609848
20185444
15912080
20357707
21073122
16100332
18617920
21167451
19412936
16435158
18038299
17446134
16085952
15592707
20653432
18438277
17276329
21140065
18273530
19560749
16292013
18350213
16808144
20508675
17098156
15819265
16515988
16675776
21320943
15554356
19115897
16985390
17070487
19736262
20974057
17305299
19731473
21060121
20019511
15968228
21366115
19269241
21928599
17613605
19537392
19095834
16685018
21604862
20517975
21500514
16920526
20965942
20148936
21266284
17265662
16361837
20852538
19752703
16638256
16373137
20978428
21132601
18021045
19930370
17337364
16475874
15561158
20628305
16733115
18085339
16494290
18218082
20228640
18823688
16314768
17694882
21501900
19879092
18309865
17327536
15997895
18372378
20137030
15998620
17396446
17763110
16455417
19012195
17868477
17953293
16489708
15877590
21209146
18041317
20035292
20943293
19930289
18553064
18300058
19476597
16266648
20578508
15894085
21782541
17665819
17453266
16149981
19938250
18581690
16423974
20173631
21114211
21397870
21610619
15946460
19042914
21292051
20137845
21149751
19076460
20605087
17535540
15968915
16218150
15630864
17021867
16472886
16050860
16550847
15530750
20619599
18706865
15949176
17661258
21661137
17467406
19689239
17360093
21126374
15815960
16437328
20306091
22027164
18705781
18465407
19773571
17050085
17396240
19884225
16627313
15698807
20947875
21473975
20954828
18683883
15575521
17146310
17007486
17004998
18272735
18090698
19049726
19564323
17720453
20442748
18578358
16568462
20000031
21068107
17885771
17520351
20458106
18650034
18581613
21560896
20403556
21564392
19069137
18807860
16575712
19910090
20573643
19142461
19754014
20830821
18515034
21155123
20200818
15651055
17626507
18938264
16209695
19237903
17972297
17650574
20676775
17876250
18788660
18978601
17094305
18629621
19942108
19165634
20647804
20110698
16484910
20231238
20695035
17662809
18569903
21214715
16922983
17352703
16996453
16394682
18708248
16810624
18159047
16870815
18959302
15842658
16116771
17692249
16419672
16344202
17087183
19675268
15746496
17999293
17149083
17427985
18380316
21214989
16162637
15530163
20670318
19827581
16741862
19822057
16724882
21404289
18243632
19299368
19901182
19365826
18046336
16162300
19094381
19472493
17356352
20183681
18406408
18434875
16318056
17691489
18547298
16439269
20233676
18201143
19866538
15796417
18301118
18295432
20530804
20560853
17518910
15730365
18570188
19306562
19370563
16883975
21273251
15903001
20529322
21641361
18158513
19794321
15987058
19753473
21188866
17371742
18950333
19842865
21315638
16787539
17428295
18481465
20619232
21309472
17006005
17593305
15898219
19769206
21702398
16782923
19846246
16969249
19033871
16441679
15933685
20014744
15540670
19215829
20602848
19750387
18203534
18242936
16202146
18720666
18414358
20719816
20558561
15786856
20014540
19833669
21426214
21086841
17265412
16440030
16351518
18708837
21292444
21488564
20727058
16521715
17337517
21777396
19014427
18086977
21639966
21248445
16960490
17359565
18420747
16256049
16546508
17570911
17576633
15913679
18803842
16015522
19111480
18519466
17020117
17239070
19397136
15535336
16527004
20807441
20005027
18595383
18718157
20382901
19059545
21093125
20719811
17994498
18355736
21991860
16999613
20872773
15998615
16968424
17230545
21488536
19370381
15631258
20586348
19795324
17290038
21532281
20511244
16489707
17540530
18087985
17107289
21507260
18928190
19502223
20182968
18687120
17508502
19673057
15857724
19660639
20722884
19715058
17583402
16610775
17143017
21099645
18563001
20557260
16447522
18580081
20123819
15888394
20463446
20019614
18316940
18563022
18824907
19689494
17109114
17004400
19250150
17018742
17430740
21528162
19568215
18724524
16425946
17324772
16145024
19194251
19596287
17099117
17039986
19119689
18803549
15871746
21121845
20672461
18588800
21709550
21066978
20038194
17126270
19694152
18027000
16514937
16035725
16605144
16613127
21486361
20077797
16634899
21129680
18365775
20738813
20651199
20057238
21514839
17498166
19816163
20393365
15835213
16884120
20306640
16521189
19226872
20433216
17975490
17444429
19594606
16788355
20539999
18788268
15794530
19861376
18483456
15609018
18025499
18724537
17584389
19503766
19703060
16242440
17564550
18835724
20164474
16910816
20334556
15875276
17612998
18314831
20850919
18584930
21341931
19327315
20687824
21494113
21665873
18515608
20924818
15762900
17987759
21639897
20735503
20305308
19741333
17405224
21314849
21155703
18248947
19505062
16124136
17059028
18399087
15804125
17944133
21073566
18820832
18981745
18058440
21393292
15993676
21248644
19103585
17697197
16082616
19356517
18519594
21375203
15842441
19157281
16174895
20442612
18476313
20081731
21678217
17344270
17785974
16572570
16534554
19220382
18632671
20875178
18041500
17194314
18580868
20654872
20152215
21197791
20955135
21518312
16205649
16910129
18763014
20194254
19897697
21658255
18580221
16137369
19407333
19225316
15940585
17764038
16529213
19336753
21554063
15992205
18206373
16199445
18937591
18844560
18241531
18551888
20670386
17017751
17050482
16774177
15529102
16292336
16108777
20059777
17683580
19841999
18935780
18814424
18322707
19253116
19095334
15793982
20602585
16543791
20141092
21922121
17384873
16873595
15805447
17317576
21145197
16584052
16351536
20427938
19996586
18055904
20417783
17701161
18672852
15712465
18973640
17872907
17526293
20597406
21791093
19648694
21789290
17007249
16808724
18775348
16822099
16909072
16517778
19017869
20306771
21088636
16800393
19737266
16412975
17575440
20675026
18083268
15920707
20413409
16988083
21473953
18341180
16482394
17727554
15869554
15595402
21378301
18594164
16371122
19690816
17144052
17545353
15789363
17540805
21991862
17140420
18364612
16523034
21471893
19196462
19238819
21171844
18484975
21546742
19655554
21857856
17412171
17160397
18987502
17215469
18647198
21118876
18240924
16442473
15747703
20666955
16021802
19229970
17038755
17030842
15515442
16301934
17936452
19592836
20054158
19524911
19025086
21283025
21626343
18939680
17009151
20869182
16535903
21181283
15985648
16835522
18628532
21882755
19755973
16877150
18725833
19323846
20577274
21244671
19744061
20890144
16469126
15967558
17563425
20738741
18379671
20000030
21135788
18257828
17492122
17135087
19299162
16925372
19958471
20467431
19944369
16336481
19236633
18023615
16719180
16524206
15544016
19386583
20636153
17968196
15772137
17189117
18192156
21053441
19380943
16879540
19892446
21069268
19542423
17476702
20449969
18543525
20605850
17681395
20827931
16910408
16490543
15584143
17162373
16203852
19256322
16545744
20173601
19410102
20925290
20088320
15937755
21109807
15609056
19517763
19067315
18796426
19091313
18212174
19269959
16720263
16834881
21117379
19480178
18615295
21182440
20123879
21616582
20667061
21780093
21902971
16009066
18700870
19707978
18792734
16544703
21862067
20939875
19666880
21768819
21626999
16214698
21381579
19172302
15792019
17432333
15696568
17377917
15697046
16673977
20889637
16137393
16550074
15718184
20609010
19028821
20431466
16783181
17440640
20121353
20949791
21218704
18648946
16719415
15862981
16287816
19469068
16526146
19792840
21039850
18705180
19797495
19546722
16824155
19752680
15867984
16968373
17185207
19026477
18157360
17416711
19914470
16266035
20860254
21493407
19917945
18186827
19295422
21862044
20551122
17592423
21577079
21414701
19162364
15544580
20146820
16736827
16185923
15866650
17635625
16228632
18387225
18843529
17909433
19298681
19025956
16703832
16468082
20005248
17082827
16511688
15658244
19396708
21381548
20528709
20925291
20528703
17641967
21067255
19491355
15829460
16308681
16649849
18221519
17184099
16997822
19271362
20299537
21154093
21792943
20831004
17905104
18203243
19253201
16464329
16185553
21391772
21440203
21886031
17894252
19832815
18580738
18272212
20425741
17482878
18403175
18400685
19664527
17666293
19216242
16718297
17587533
18389265
18073358
17664502
20959723
17348358
18336706
17584358
16131443
19339430
16855862
20924007
20880819
20070069
18270772
19786882
17038965
17658961
18495050
21459864
18275402
21282220
16913309
18287415
18322029
17635257
18638714
20554500
21052724
16135654
19565040
21805949
16945198
21632590
16330606
17852926
21667055
21048474
17603781
21091400
16681197
17162877
15551847
15817021
16270796
21184628
15631418
16650031
17310664
18982964
17548401
17984404
16245190
19673713
17194372
21089994
19215330
19306021
17090805
16438766
19431006
15602312
20561882
20540168
20420095
20183556
18195311
15685004
18443144
17354523
16890852
18003593
20141461
17360319
19294824
21789289
20023337
19651933
16125027
17042017
21791063
17872818
20094109
20667699
16050867
18417132
19840086
17582021
20846369
18699762
19284808
20069308
16387467
15983285
19094222
19236287
21300647
17933370
20541064
19542198
17170691
19169826
16430855
19469051
16499745
16128652
20570801
19895678
16925180
15707176
17456121
19186285
15816698
18085911
16115175
15865624
16607599
18773780
15915070
20302385
19826328
19360209
20525962
20975539
18073666
19848548
15913403
15870587
21938999
21052568
16036254
20479136
15639043
18593826
16018938
16720852
17266405
21198461
17888108
20486093
19142317
20850650
19889474
17356435
21368633
17269951
17978630
16413800
21072099
17996788
16467176
17852233
16764229
19893846
18317257
18762641
21636616
18773593
19411529
16828521
20689936
17033569
19114583
19447744
20663812
15580363
21675642
16101858
18837644
19423391
16910186
18073643
20875512
19375613
15598248
21218574
19848032
16616218
19138531
16469104
17056043
20306010
16374162
17353752
18310215
20629334
21371393
17824940
20131584
17546350
20801275
20533577
17879549
20804878
19567756
17193942
16439929
19106727
20436243
17713384
16922985
18361143
22039681
19836601
16160192
19592331
16642748
20111916
21083366
15855951
15726240
15721972
17489499
17577175
18096863
18360805
20541443
17912536
19759075
18277788
20933365
18183764
16300463
19358991
18979706
17654385
15550210
17092858
20194838
20642034
21401687
18570807
18690276
16268750
15933964
20976486
18360246
18785194
15561022
19395649
18023610
17081744
15945411
16317867
19157761
19499857
17619235
19553705
16805075
19490598
15653979
17520998
15747756
20027287
19602290
15846480
21044259
16682941
16430334
20212302
19664202
20531171
18671895
18042486
19019677
15633832
21089989
16154225
17895495
15919571
20029712
19218328
19290712
16716871
19009141
21486116
16511581
21462428
20219269
21184957
20814276
21676675
17264354
16671364
21266287
15656240
19617356
20549243
20524498
19817529
16489958
15591887
21733109
21554068
15540619
21655845
15956139
20565331
17134941
20564166
18044414
19700973
20589446
21785482
20031904
16850684
16310569
17944801
18806331
16604921
17601841
17314743
19077648
17537189
21298943
18828293
18804722
17728586
17424902
20457326
17034601
19961816
16050857
19843273
17038300
16729851
19300082
19485248
17692494
17874269
17761183
18838309
19517617
18095907
17476618
17472500
16970657
21429885
21171905
17978615
19541014
19473739
17547027
17714050
17461369
17487706
21280352
20800719
18666873
16186879
18652666
15603380
19744889
18158527
20023466
17235573
21035900
15577711
16374136
18211334
21957803
21147003
16838801
21224944
18088407
18555682
16888486
19217600
18277554
19061026
20067075
16240973
18592270
19204646
18216062
19945914
21457624
19507359
18200763
15835836
18723450
18251737
16711085
19061784
15944497
17562731
20218770
16520518
19386402
20386374
16450742
17713366
18463898
15750521
20485702
18790594
19643951
15941483
18405009
20079610
18471674
19996471
16754838
20308019
18854566
19535939
17017842
20972377
15936130
20838108
20042769
19060821
16471297
18078260
16027333
16696763
21314920
17310340
16548397
16028803
17522346
18610901
21429447
16808742
19276821
20441394
17035882
20429656
21111558
21215697
16178336
16322192
20419982
18267994
18083167
18072402
18005127
17932174
16900915
21672366
19346212
22029120
18266573
20436094
17335533
16102768
15536379
20401828
19656719
20486476
18282346
15669775
18780932
18377448
20564060
16758516
15735491
18280847
17711355
20697007
18097166
16983480
20151348
17676967
19955388
17901783
20065543
19146362
20691142
18533377
16969312
21368525
17351224
16954006
21702413
20124612
18418569
18758747
18019787
18824833
17905084
18677782
20647800
20959368
21507257
19525763
17638798
20008625
19195741
17902555
19165548
20452912
18000079
19828955
19749653
17472165
15667759
21457625
16344646
19244475
20606653
15681907
20582496
15924034
18725407
18975476
16060201
19306563
17354352
17540320
16963167
16926716
16243678
16627218
18703444
16003459
21175928
18278840
17699356
15853779
15612399
18822752
19074562
19489757
17621672
16134627
19100146
19594988
16438774
20038254
19670679
16102378
16873048
16984535
17724863
18358444
19159543
21206355
17985732
16309069
20183366
15620074
16096726
19778923
21457410
17568246
20122505
18403573
17210426
17996057
16523587
20831465
17988429
20486343
18025487
15781598
16481838
20601641
15911931
20517727
20083546
21922724
16761882
19643790
21091087
18953193
16438810
19629691
15890057
16946118
19839216
18692978
18513280
21969476
16787467
19667032
18831477
19092474
19025084
19160881
20163334
18220681
18414266
21264521
17343037
17133304
16696879
17598261
18796047
18069623
16100413
16273007
21033379
17609050
18763438
17012130
15933466
21345737
21078738
15990963
20432203
21261998
19378610
17701118
20709240
15999088
21651363
19414234
18491427
17823158
18072357
20545236
21523985
18762992
17194871
17352051
15578379
15603703
21304154
15840892
16570780
18314839
19397561
17931376
19092071
15581424
21642520
18557314
18269542
16959809
21209136
16613601
21698967
18823358
19196034
20144398
20833825
19879166
16875723
17176304
18461420
16456394
18947382
17065888
19564320
20033227
19075451
15893215
21335930
18448500
17307794
20126958
17074947
17218867
19345629
21542913
16960661
21088736
21767254
19530124
20375299
17849608
19830610
18320066
17390924
18561619
20019515
16714366
21844508
21684468
17497309
18536133
16446871
17086470
16773862
20737229
16473694
19345893
17249472
19942697
20299651
17059699
16422057
20353527
19681210
18177522
17954440
18573425
16684162
15587545
20675413
19534387
16006495
15781177
18698394
19026199
19485424
17344254
15542415
19161085
16885678
16752414
17073073
19327069
16995935
19860968
16618589
21757045
15555479
19644743
20437114
21934062
20516818
16195185
19179790
20502176
17822424
21575224
19747383
21971093
15930403
19131884
16961103
22005229
17573752
18411908
16706322
17906596
15770344
21440811
18822708
18188140
21268381
17330993
16737502
21903694
18069432
21035700
18240982
20109006
19956923
17296408
20193874
20716978
19583929
17343952
21040815
18644157
16199455
18841254
16900284
16905961
20211856
19009120
15871403
16779501
16808129
16427361
18186374
20334647
16098383
18042946
16388063
17853657
18621955
15681311
16230764
21485941
16636361
17983989
17458356
16130359
17261205
19013121
21130967
16582517
19764524
16322418
17235456
16457031
18649585
18709041
15667359
19200287
21134950
15847905
16430356
16011496
18423732
18051920
16378790
21299757
21446291
16376472
20068024
18832603
16096146
20538475
21540689
20044327
20566987
21121592
19175637
15832644
19220618
19745593
18048222
17624201
16271652
19961261
16180548
21748861
17073191
20927493
17642393
21745651
17147799
19042482
19092505
20236792
21160300
16416080
17873210
18091199
18668187
19609188
18834019
19811860
19242277
20414822
18443550
19860304
16551027
16450449
17985962
17145224
17786803
17287039
16872795
19669062
21313940
20551430
20345521
21348562
18547435
17091104
21661481
19855271
20940688
19279478
15858686
19458310
15715124
20439095
15957700
18500138
21127090
18179363
21042862
18922342
17175591
21903014
16471298
17950116
21368531
18923986
20858037
15785067
15893166
19698025
16777612
15822623
19851239
19250024
18039617
20112458
20433728
15724562
16404800
20623971
17434737
19751379
18281407
19465317
19335154
18555252
19212285
16043979
20483677
18458620
20652354
18266575
18427398
20693732
15701107
16100540
21469512
16842475
18772837
20829335
16441850
20558024
20060719
19626254
17643713
16432647
17920270
21155465
21131669
18192635
20830625
21178611
16920652
20629463
20064132
18998939
18300270
20152512
15762901
21105636
18546569
19800997
21125031
17451910
18713201
17286217
19698140
15962057
17515265
16680051
16264176
20146908
16275213
18164146
19995095
20182915
16649271
19920832
17580773
20495334
16572746
16453088
15817804
15586550
18507575
17581185
16340692
18245213
20220670
20675167
20085970
19659717
15947913
16925375
19199850
19958408
21424075
16706319
15685816
17360084
18852581
19339444
15984179
15912603
21656340
18595310
19222661
19913183
18681349
19541452
21685721
18378730
16980636
21376680
21563734
20443321
19014132
20932505
15833465
18018571
17454286
20403173
21288945
21103767
21121802
15892511
19838868
16525523
21807676
18350471
15936427
19887941
19851135
21302524
17655567
19523057
15785293
19207066
15561156
16440711
16675765
16936519
20970062
21799327
18839734
20414852
19049487
19904854
18808693
15796461
19635277
20044331
16529363
17353575
16093947
21104452
17680514
21483003
19283546
16551667
18162401
17414917
17165327
20974322
16352972
17300544
17909862
20857189
17014447
20695259
20939021
16956155
17914661
15706817
16774291
15754429
20085963
21358385
17541554
20411889
19019866
19550350
15659089
16951292
18074476
21460351
15991108
15690215
15685261
21194484
18179495
17128678
19825839
20139572
17761230
18198804
17883713
16475463
17490867
18808080
21282503
16492098
18839886
18195274
16092782
21628032
20448233
17256708
19266356
19233503
21371646
18038186
15700607
17175398
20460560
18320906
18479655
21118331
16124844
19238059
16848676
18093777
21680916
17575750
19602646
17610181
18702620
19714512
20723836
18442677
21213962
19489191
19689636
21877634
18380372
17283295
19158447
20416240
16689714
17142527
21450779
20862893
15945229
18198783
17689809
17598626
21382079
17656608
16522346
16294628
15639036
17261861
21659483
19644419
20739577
16459340
15532175
19243526
19093681
15745875
21857859
20110524
16751635
19218016
18842127
20504233
20946571
15631214
18548955
21434551
15848819
20386231
21527510
15644012
21442345
21288868
19188456
17034679
19467430
16833049
17094873
15657688
20972581
17852017
20496298
18462477
19524859
19706072
17319806
15916260
20168139
21495194
19839515
16509450
17609249
19067499
18950369
18235162
18283135
20044340
17475988
19286341
17901826
17019372
18998815
16059836
20527450
19952983
21420214
21361830
20510951
15902009
19796753
20032169
18380299
16117721
17044437
21110503
19665617
17874543
21669385
17657670
20824563
21684463
17412079
18608413
18284013
16027349
15660140
17523753
20568551
19746251
16827769
17763706
21769757
16207267
17565727
20825515
20662293
20501560
16926729
17668735
21389060
17851298
20546564
20462417
18482627
21138883
18494393
21150517
21910375
21349210
19482512
21947653
16522226
18361948
21035766
21377671
18725834
17458412
18354333
16340273
21365160
18412912
16088435
18078190
18388558
16643477
16191141
19261173
17218868
19372121
16752967
16925152
17520881
18464129
20438610
16855079
16429949
17007324
18946243
20716871
17694224
19028827
19562979
18378000
16499789
16263039
16050363
20469777
20464838
15530172
21469497
19966749
18566869
20369755
16216029
21602631
17356989
18618606
21700363
18564956
15819832
22028288
20628830
20208472
19745393
15899604
19128648
19442479
15629875
19422944
15900996
18427942
21194660
19664877
19160356
19022074
17130700
18580396
16547787
15680559
19681535
18588403
16918080
21772000
20875168
15780549
19077804
16825668
20929412
17718728
20174973
20118708
20841664
18086999
20236501
18201316
20063198
19899289
19943978
19223841
21942149
15987407
21054632
18684784
18469618
21492274
16318111
21234856
18564954
20926743
21049795
15739632
16035423
16817296
16957636
15749720
17160097
19924474
20402751
16015115
17362790
21831023
16209223
20523350
20541284
16192507
16686267
19817268
17563999
19941730
20682570
19959482
19996500
19123879
19626443
18342766
16670376
19514804
21294876
17516352
19261944
17118304
20559055
18418567
21495237
16295991
16350594
15732427
18785349
16926949
18025431
17850043
17145910
15567684
19456247
20234248
21067730
19819191
18595420
18350458
19250128
19068904
21507076
16274139
17636624
20132979
20031168
19264074
20685907
15907668
21215487
15552803
18275399
17967374
17805954
20495103
21413458
21246866
18760558
20495648
18336265
15820840
17957420
19406528
16468256
17667253
18308276
20420548
15786611
15902036
21893712
19442325
17284297
16779443
16838562
17899501
16326779
20654822
20875180
19998905
18523565
16436585
19276734
21120408
16328394
21323978
17994254
17118045
17718726
15647079
15867495
18618958
16730602
19619092
16675647
20349640
19064871
20922772
21135081
18033960
17213999
17048351
18853532
16625524
15822622
16287913
21874660
16951004
17544250
18613786
15935238
19305447
18983365
17080905
16214514
19770748
19694852
19418937
20103000
19772170
19782928
15918427
20706893
21244252
16870278
17098002
17647218
21262611
18625892
19932475
18329000
16523603
18216058
19297917
18183697
17063419
18480954
19094244
16877190
17430455
20209718
16316441
17949275
19580054
16402334
18335259
18488801
15828696
21332774
15788036
16572117
16436226
20863045
17260594
19797698
21158339
16164897
17524866
16300211
17102360
16264081
21209295
18028849
15534269
20047174
19049697
16318034
20008602
21473434
19101926
17352584
16311488
18727353
17152044
17151566
19926562
18580506
18018820
18232293
16102625
16202105
20070504
21489164
21157187
16102398
19570200
17657857
17251710
18206256
15672013
19740044
17156416
16837520
17556338
19196586
19012066
20096114
17951226
17577085
19884808
18661459
15630863
16826058
18567475
18411951
18670472
17239063
20197556
15673205
18318971
20211957
19237501
17007650
18489665
20369438
17760237
15984459
21401255
15700635
21711531
16649653
20000268
19624267
16438717
20530305
20141539
19773144
16802308
16680206
16111083
15540238
20700873
17982871
21478696
19712215
20189752
19118325
18947122
20543208
19624440
18755564
18041283
15665264
17968220
21111957
15777026
15537137
17182525
21127318
15632503
19324241
21897403
16513713
19263540
19538556
15896697
20118017
17664512
15934559
16937774
19965953
19735334
19374611
16350432
19841482
16215367
15916259
20306844
20223156
18036764
20443290
20525097
18523144
17923968
17803413
16434220
15680612
17020108
18669114
18828929
20052856
17575439
17097202
16858460
17164803
16024857
17419783
19227021
21085475
16115710
21631936
17541069
15580108
17671802
18205251
17389409
16196452
17406111
15724835
16415748
18977679
20476523
15819834
20572538
18604144
17524720
20735507
17722681
18258975
19542059
16515856
19306565
18353495
17040147
18001148
17953060
20042262
21084354
16784473
18256911
16557117
21155637
17656632
17324178
16900070
20095297
19256770
19825711
20382963
16381349
17102477
15913786
17962875
16960256
20922200
19228800
20952558
20172388
16530117
19001918
17441293
17175651
20099383
17907644
15962490
16029778
18030959
16511687
21126195
18316932
15812763
18077277
16440429
16802682
18319186
15625661
19635764
19837351
21534403
17610158
17164455
18049155
21112685
18337183
21402971
16828344
16527150
18269678
21228661
18612088
19325403
17061152
19859745
18547400
19811195
21071584
19335095
19788778
21765330
18574373
19084288
17159018
21294666
16835552
20706700
19914022
16388872
18760889
16706569
21952066
15532791
19112077
18657995
17185082
15630932
19100944
16217219
19673014
17395604
18600113
20332686
20947405
17267318
17945010
16790039
16469149
17078243
17091073
16779281
19274623
19591115
18440766
19899295
16714993
17055694
20418251
15832609
16369431
16368497
18376524
16410856
19333984
20089491
18209158
17365159
17075823
18047497
17943778
17939464
18271360
18577148
16836215
20227674
17978612
16623314
21411265
19828365
15627921
18422823
19243525
18593836
17519604
19118972
21631367
17768578
16326743
16049209
16594219
21576613
16280000
20503838
16594423
20065013
16443811
20683234
20715648
15550802
20305590
17761570
17456202
15699653
20512743
16838676
17664534
19492734
18043275
20546168
17966250
17380834
18462286
21317630
18539879
19392639
18724535
15633384
16390503
20016058
19821892
20586173
16227544
21526526
15811491
18097893
18440354
18331535
20140355
20381407
19150895
16010850
19811553
18622457
16442479
18071353
19680588
20690390
16340615
15674950
20687037
18257804
21467002
19813048
17634501
17828010
21094437
17942584
18569892
16184215
19326315
16203882
19573773
16153565
16401771
16457728
16565010
19011420
20803913
20160552
21359258
17219519
19065397
17627885
20142581
20467018
21351841
21640285
20692658
16174561
19910895
20979574
20513459
21170787
18390044
18338341
17300919
16550127
15589704
17351690
21305312
16824205
17566622
17825095
16358953
16350737
19318659
19366499
18816009
19186492
21612503
19382508
16473730
15683143
19664842
19745325
17678833
16980730
16135861
18164302
17163314
17033234
21320944
18049253
18235394
20620809
18318922
16116400
20382367
17717308
17100219
21074961
17633979
21378689
17892115
19817163
16225709
16595206
18514819
17115284
18798531
21375573
16424959
20442253
17103344
16398601
20478810
17619911
21491832
19301081
19588669
21481994
21194048
17405777
19843620
17200477
18367911
17945320
17453552
21212438
17004698
15551613
16329225
21062548
19554857
18270498
15744445
17976287
20114124
21765263
17960388
17005464
16869085
18948798
20552915
16088432
16390903
18326285
20515602
19263821
18535445
16704382
16326211
18419892
17411671
16609818
21309382
18999164
19860067
16700244
16621784
15916121
20063250
19395264
19437396
18060327
18039730
17039325
15546554
15811107
17711974
19413164
16218057
19412094
16315815
15627872
20605062
21941879
18534951
17675944
20491193
17360995
16456204
20532135
18189045
19619068
17332215
17092775
18708220
16645854
20543720
17014725
21823881
19247276
19240464
19208816
15766490
21558769
19534181
21719000
19080034
19927625
16426372
16376137
19136335
19672610
19085226
18955608
15957398
18693994
21798074
16215498
16675742
20929625
17349824
16826416
15964865
15637522
15788082
21435417
17086836
19665919
19864966
20519101
18563031
20364781
17365393
18700586
15760511
16543038
18194578
19008737
19326133
16907686
15961289
20819267
19073783
18393740
19272644
16834578
21834431
20841981
20889634
20380710
18086764
19517890
16586027
21819357
18038525
20174996
18772298
17209898
21036284
18982364
19250026
21219644
18038517
18592424
17197304
15678026
16290917
16759936
15515156
17684905
15756888
15705243
15966169
18366755
20526984
18365777
17404677
18083675
16181798
16134664
21572855
20367820
15574526
20692452
21426753
18337434
18637176
16408524
15822735
17547983
20434080
18591365
21501731
19246247
17718666
20045279
16859868
20204991
18520668
16288876
19863228
20172393
17319372
19292630
21727837
19324509
16019976
19382516
20170596
18332384
16442476
18948434
17269495
20044830
16923659
16153300
17057050
17199451
20706759
15804323
20536803
20727836
19253701
16022019
19420279
18386949
18812148
21540688
19824156
21248209
16706710
18501765
16449393
20092117
21485620
16025260
21411823
15977132
16255359
16685542
21038496
21449986
17723981
20543375
17020238
20368223
18042945
21085886
18980453
18350940
19282690
16878852
15992184
18361010
16436161
21716042
16557152
15939515
18662421
20104400
19166636
18978325
15762390
16002028
15626522
16919128
16144265
16581077
16923927
19583066
16002021
18358119
20960702
21265918
20509805
16503950
18711259
17317474
19153413
17019547
18028840
17983723
21887954
20070794
20980129
16669477
18849744
16865631
16258930
15529283
16986584
16041160
17077780
17167953
19734402
20572859
16594405
16226862
20442347
21432787
18807244
17109707
19928709
19837703
17191599
19058079
15570144
17075690
19528137
17470220
21159898
19342523
18160859
19476775
19542381
18095795
17935844
19584762
16766105
21524205
17656203
18840327
16686812
17901274
21675891
18953776
19491151
17605949
15882512
17419232
18611087
17445096
21753452
15751766
19813773
21555752
21422100
16959747
20825856
20667285
16060579
19251192
15833474
19112345
17517285
20863245
19850437
17473537
20592012
16390534
16322414
17469353
21470734
19152898
15919127
17466825
16448484
18488774
19196486
21045626
16502599
17612473
19201332
19446122
18460906
16342631
15767266
16053527
16148486
20811783
19706308
19184200
15537404
19853452
20673256
19753837
20008824
16423118
16327871
20435787
21955906
16640744
19266806
20878861
21134177
18690788
21571178
20391148
17307621
17208121
19419442
16550099
18813611
16209671
20192817
17001432
20540001
17703122
20672683
16950738
18042132
19700583
17469703
20509306
17186221
16651054
19828279
15817353
18227884
18561561
15743296
17236508
17091657
15587531
16764199
16911174
20008315
15678221
19481046
16440248
21868463
15563054
21185749
16406620
18604617
20351387
16240947
20463337
21462754
17251796
19072186
20687357
15771160
15983155
19566867
16302938
16604910
17943436
18328638
19024427
15862743
19577834
18426783
15565597
18047573
16900722
19254309
19958421
19229401
19788772
17518141
20530172
18174092
18434459
19775850
18431892
20609033
16383053
17972138
20159423
17394519
15881050
16332469
19681533
16683481
16219606
19402840
19699822
17557437
20085025
17712156
17083317
16340947
18158387
20409122
16505458
17516356
21162694
17802730
16776387
20164712
18468938
20204989
19004172
17453363
18644204
18728949
19219512
16321687
16315569
19536388
16138817
17986680
19281345
20095098
18332403
19443351
19194142
15630681
15662792
16788274
21524471
20148462
21788005
16000102
15899606
19759423
21385083
18774997
16024417
17446195
19950034
21464188
17116952
16238541
17176303
15701763
21637274
18775381
16387900
15723152
19827205
17056770
16426486
18271833
18162794
20604924
21037270
19700054
20825536
18847122
18517166
20673255
19715093
19896185
19750318
18387019
17407213
18773704
18812797
16484700
15752893
17088587
21987954
19837426
19746850
15590584
18294342
18401226
21125069
20050447
17206082
19372507
19550262
16947045
18641928
15669435
18386071
20189539
21591851
18978692
16111440
17972241
18643803
18648893
19439205
21888221
19719536
15667389
16377830
15760796
19571322
20679561
19932841
18319382
17355102
16192286
15778070
18622960
15532222
17084059
16387948
18372074
17955895
17577658
15960059
21357642
15717905
18416780
17970459
17400030
20513345
16162468
15923939
15558872
15662165
17356934
21314594
17179352
16808770
19400339
16292467
18489065
19058149
20100361
21268517
20700774
19390967
16813512
18484379
15539718
18674473
20137052
15725178
18181847
20308273
16893143
15774063
16327040
18369678
16704847
17626910
18194358
17477485
17240561
19740145
17998356
20958849
15713790
19507299
15577498
16813669
20803925
15912843
17891662
17971601
18540857
16186465
20485943
17166255
16903407
21337988
18599172
17118197
18154624
21209353
20042244
21157240
20410778
15894793
17502434
20875204
18300660
16256291
20054079
17430450
18419626
17039753
19117232
15974381
19726455
19602606
19646173
16857118
19885649
21294359
17897113
18946891
17955929
15842183
19430677
18494203
20225409
19566021
20502170
19105666
19543670
17385492
21080006
18552269
19213393
21771359
16260823
16571423
17047236
16131278
15636409
21770881
20586987
20939228
18154191
17996639
17144114
17913338
19395934
16184942
16799727
20838165
18457809
17238547
17499569
18641112
18032318
16643345
17264698
16403190
15996361
17915083
21595906
20509060
20522620
17163003
21156884
18517064
19577419
17368100
16690562
16563144
18164450
18073645
16829776
19085356
19231711
21210611
18784562
17313912
16777829
21534095
19116753
17494424
16125029
17038111
16092777
15918260
16062085
16751464
17994177
16372707
20010012
18417731
21456488
19655667
15823889
