16718578
16714993
16676640
16752973
16752876
16751862
16750297
16740362
16739207
16735949
16735307
16735258
16729886
16728795
16724375
16722911
16704125
16525523
15834524
15760808
16788355
16788352
16788117
16783255
16781555
16781108
16779434
16777790
16774021
16773344
16772612
16765288
16763770
16761793
16757396
16757376
16756519
16756215
16728902
16836005
16835522
16834881
16834878
16834875
16830256
16830247
16827820
16826044
16824987
16821510
16821481
16820831
16817331
16814635
16809746
16809742
16809654
16808770
16808769
16808766
16808750
16808747
16808711
16808709
16805192
16802312
16802306
16799294
16796260
16792226
16790212
16788523
16689075
16686827
16681285
16889326
16889276
16889113
16887319
16886878
16885084
16882375
16878652
16878532
16877584
16876377
16875797
16875006
16873593
16873150
16872795
16872794
16870386
16868266
16868241
16868237
16868233
16866577
16866576
16862744
16862196
16860965
16860516
16859870
16859868
16859865
16859861
16859860
16855126
16850929
16850912
16848897
16846179
16845764
16845757
16845237
16842059
16841825
16839313
16838808
16681228
16679748
16673673
16960309
16957523
16956742
16956148
16954311
16952789
16951297
16951294
16951292
16947035
16943397
16940300
16931133
16929460
16927579
16926344
16923100
16923032
16920242
16918745
16918744
16918743
16913432
16910949
16910816
16910810
16908792
16905030
16903529
16901534
16900724
16900723
16900722
16897635
16859869
16669464
16650655
17047201
17043948
17041767
17040575
17039287
17038755
17037633
17037319
17036613
17034677
17034396
17032638
17032522
17028978
17026762
17024916
17023387
17023385
17023382
17023380
17022839
17020519
17018197
17015553
17011909
17010035
17005051
17003144
17000942
17000583
16997816
16997440
16997055
16996457
16996187
16991107
16987196
16987050
16985358
16985231
16983102
16978554
16978377
16972587
16971546
16970561
16970557
16970555
16966667
16965249
16964732
16963206
16960933
16639966
16633270
17146139
17146022
17142702
17142256
17142247
17139941
17139937
17139664
17139074
17138508
17138478
17138475
17136921
17133897
17133892
17133293
17132845
17132355
17132198
17131534
17129201
17129200
17124908
17124904
17117333
17117308
17117194
17113406
17108718
17095179
17094873
17094819
17094679
17094359
17090790
17090786
17090222
17088587
17087708
17087405
17087400
17087399
17087042
17086947
17085613
17085006
17083559
17083558
17081921
17079249
17077705
17077363
17073196
17073195
17073191
17073190
17072510
17066120
17065871
17064837
17064407
17063649
17063648
17060034
17059611
16619395
16617958
16614688
16614650
16614628
16604868
16594238
16585498
16585497
17249396
17244101
17242807
17242441
17240927
17236908
17233692
17228785
17227982
17225654
17224350
17220387
17220158
17219522
17219504
17213767
17212299
17210396
17204740
17200062
17199198
17197293
17196906
19702191
17194403
17194206
17190931
17190898
17190897
17188564
17188453
17186879
17186422
17185208
17179462
17179062
17174016
17169669
17164443
17164029
17163493
17162118
17160432
17160097
17158834
17158015
17156603
17156424
17156416
17154112
17149028
17148627
17148536
17147799
16548395
16060053
16046572
16046042
16044791
16036728
16030281
16027595
16027593
16027421
16024208
16022610
16013523
16010806
16008204
16006027
16004106
16004096
15988949
15987336
15967625
15964736
15963885
15961876
15960999
15959642
15940891
15938428
15930200
15929362
15921098
15916121
15911198
15911195
15894705
15893216
15893213
15893207
15893061
15891722
15887808
15887429
15886382
15881845
15871869
15871827
15871467
15871175
15863433
15861748
15857495
15856385
15841066
15835515
15823724
15815958
15813155
15810754
15808048
15797158
15797155
15797153
15789292
15782692
15779516
15779513
15776800
15775003
15774368
15774361
15769972
15768145
15766490
15765814
15765641
15765631
15760796
15759772
15757938
15751624
15739825
15739128
15736637
15722680
15720867
15712617
15700601
15697097
15696886
15694224
15693262
15692658
15689652
15689021
15684856
15684849
15673987
15671321
15669577
15658136
15656221
15653242
15653241
15646750
15646720
15646080
15644541
15641308
15641281
15637835
15632320
15630870
15628169
15626189
15626152
15622815
15620200
15619803
15619149
15618370
15616905
15611682
15605886
15603214
15597837
15597284
15596158
15590221
15589666
15589081
15588367
15588366
15587715
15584654
15584343
15582783
15582782
15577388
15575137
15574440
15569958
15566452
15562740
15559102
15556245
15553390
15552690
15552539
15546647
15540574
15540370
15536113
15532442
15530766
15526622
15517691
20302172
20228641
20218156
20212311
20196310
20158138
20148059
20131684
20131588
20127610
20124160
19468121
19445266
19433835
19418982
19382360
19366953
19366936
19365826
19354053
19318656
19293316
19286344
19284274
19259870
19256051
19248345
20690492
19237726
19237715
19209533
19204226
19186485
19171819
19171703
19048565
19044111
19042266
19039861
19028336
19017675
19009937
19000401
18999039
18997357
18989501
18971800
18971555
18955735
18955440
18953777
18953776
18940964
18935895
18926978
18923129
18854566
18849100
18847577
18847170
18846974
18820492
18840859
18830836
18830834
18830833
18830764
18830762
18828973
18828170
18827760
18816927
18816703
18815509
18815493
18405569
18812147
18794565
18792439
18791426
18791092
18780932
18780925
18773798
18773248
18772654
18772301
18768424
18767473
18763364
18760558
18757335
18754108
18723450
18723307
18719721
18715185
18711888
18711157
18709900
18707565
18702421
18700400
18697966
18697957
18693963
18690788
18688058
18680919
18678817
18677715
18677710
18676599
18676507
18670259
18669571
18666451
18666041
18649872
18648711
18644005
18638695
18632016
18629691
18624143
18624142
18619193
18611317
18601583
18597172
18595218
18593078
18590091
18590019
18552092
18463374
18450887
18429473
18425027
18422265
18392370
18390030
18389876
18381989
18364766
18362090
18334055
18332779
18329222
18324313
18314831
17499618
17498166
17497483
17489912
17489898
17483919
17482418
17478796
17478795
17478412
17478072
17474630
17474629
17474289
17471686
17470072
17469014
17467948
17467947
17464589
17458411
17456285
17455746
17455049
17454510
17453553
17453462
17453263
17448620
17447604
17446612
17446611
17443382
17443368
17443322
17442108
17439066
17431690
17430711
17425280
17424802
17415317
17414201
17412236
17412079
17411787
17411745
17411671
17411550
17410662
17403763
17401771
17400033
17394738
17394731
17392945
17392931
17391090
17389542
17389540
17386916
17385732
17374802
17372793
17372550
17371933
17371889
17369757
17367726
17364243
17362215
17362214
17361388
17357363
17357001
17356994
17356958
17353493
17353491
17351845
17351838
17346847
17345558
17344273
17344270
17342296
17340180
17339988
17339984
17339313
17339093
17339092
17334159
17333297
17331691
17329062
17328807
17327891
17327715
17326478
17325121
17323600
17323213
17323020
17321920
17316883
17314741
17310745
17308535
17306675
17304075
17299869
17298277
17298247
17298246
17298244
17283295
17283216
17279239
17279018
17275693
17273955
17273941
17272832
17269946
17269542
17269541
17269495
17267451
17264346
17264345
17264031
17263717
17261868
17261861
17259186
17258482
17256373
17244186
16670655
16638260
16629580
16629579
16627325
16627240
16625992
16622643
16613285
16606385
16604866
16600559
16595410
16594226
16573302
16573015
16570710
16570482
16566103
16554394
16548700
16541164
16540948
16537298
16536968
16533902
16529287
16529138
16526104
16524868
16521712
16515427
16514585
16514330
16512582
16509953
16509367
16507286
16506212
16503041
16493091
16488652
16477958
16477751
16464924
16464768
16452704
16450660
16450230
16449684
16447890
16431070
16426796
16425926
16425110
16423771
16418606
16405723
16405708
16405706
16405705
16400969
16394212
16392432
16385863
19226720
16381100
16376006
16372152
16369431
16362718
16359598
16355902
16344631
16342837
16342658
16342457
16338920
16334970
16333687
16333490
16332469
16323711
16321918
16320537
16318034
16314384
16299573
16295512
16290918
16285131
16281701
16276799
16274558
16273441
16268766
16268335
16257949
16249309
16248261
16248260
16234487
16229319
16225352
16223109
16223107
16219875
16218506
16217567
16217009
16212856
16208248
16206380
16200525
16200520
16199460
16198217
16192609
16192474
16192178
16191145
16189060
16187933
16187633
16172446
16168038
16164897
16162578
16162575
16162468
16146180
16145627
16140129
16140122
16139638
16134664
16131278
16131277
16130954
16123260
16121658
16108465
16097256
16061774
16047616
16036272
16034511
16028831
16004154
15983280
15971934
15958458
15950830
15947296
15943157
15940881
15934671
15921112
15911186
15886362
15871898
15860878
15859574
15856587
15853873
15850430
15832473
15828572
15816201
15800337
15787075
15786654
22168641
22129251
22030670
22030649
22030646
22022741
22010572
21995229
21995093
21990151
21977773
21912775
21934044
21932493
21931027
21843128
21842821
21830648
21750284
21730247
21699428
21678224
21673285
21649700
21649699
21649519
21646562
21644878
21639079
21631943
21631367
21620318
21612099
21608148
21591941
21576544
21521838
21464355
21448754
21446258
21442334
21403051
21403050
21397875
21394618
21320944
21305432
21247926
21243783
21220468
21213140
21199423
21177504
21140845
21140738
21133256
21132866
21121558
21081716
21053087
21045089
21045087
21042694
20957784
20957782
20930915
20848985
20672653
20672524
20648876
20621905
20597594
20575682
20530767
20513832
20473641
20427807
20402034
20394119
20384506
20353527
20066486
20065275
20063516
20048377
21395110
20023219
19925743
19911537
19883347
19858336
19856821
19836920
19806846
19722148
19715044
19688998
19684373
19683408
19670004
19644743
19635400
19634588
19628149
19624268
19623470
19621532
19619368
19609306
19602682
19602171
19592448
19591106
19584351
19577005
19567425
19565687
19561501
19559948
19548115
19539461
19538800
19536909
19536516
19534034
19530193
19526684
19525719
19519992
19517669
19515332
19449273
19449272
19449270
19449269
19507555
19507369
19492719
19488575
19487180
20690376
20690368
19465218
19453320
19451460
19449710
19446927
19443351
19441148
19440715
19439708
19436778
19436004
19433848
19433845
19433836
19430819
19429768
19418275
19415557
19414543
19401857
19397100
19397034
19395224
19390902
19389137
19382863
19377618
19363141
19359125
19357952
19354060
19354054
19353556
19343558
19343552
19341550
19321289
19301486
19298361
19293303
19288639
19284273
19283247
19283229
19278124
19261674
19260602
19255262
20690495
19246146
19245118
19242803
19230451
19230448
19230447
19216238
19211440
19209570
19204612
19197178
19189159
19180372
19171334
19165583
19149276
19147647
19147315
19142799
19140193
19139453
19137379
19133849
19132574
19130247
19127899
19125858
19124095
19118972
19113960
19098952
19098944
19096896
19094407
19093681
19088660
19081704
19069739
19068176
19067832
18089961
18082534
18081675
18081668
18081166
18077269
18076697
18075922
18072460
18071762
18071175
18066412
18064843
18064546
18059463
18057033
18056675
18056570
18056562
18055504
18055267
18054872
18053443
17998344
18050526
18047642
18047486
18045480
18044418
18044413
18044195
18043950
18043575
18042302
18038746
17957422
18037602
18036236
18033790
18031970
18031573
18030538
18025449
18025431
18024715
18023955
18022831
18018923
18018918
18005562
18004389
18001185
17998497
17997265
17996108
17994508
17992564
17988186
17987348
17986680
17986073
17978322
17976292
17976287
17976282
17976128
17972980
17972141
17971689
17969938
17969937
17969936
17969935
17966259
17959642
17955690
17955683
17955680
17954872
17952511
17950879
17945456
17944892
17931143
17943605
17942384
17941410
17908826
17939007
17938399
17937801
17933083
17925030
17922171
17920226
17918303
17913118
17908755
17907654
17766796
17903255
17902593
17901604
17901215
17899044
17898623
17898253
17897650
17893379
17885977
17885718
17879120
17878106
17876843
17875219
17872818
17872627
17872608
17868965
17855913
17855718
17854726
17853588
17853561
17853560
17851721
17851016
17849660
17846846
17845502
17828705
17828672
17828475
17827839
17825495
17824192
17823912
17823497
17803754
17803417
17803409
17785653
17785644
17727340
17768801
17766204
17763050
17727759
17727744
17726405
17719993
17719362
17715444
17714907
17714051
17714050
17714049
17706369
17706205
17705836
17699001
17703257
17701794
17701764
17701164
17701163
17698827
17698823
17688863
17686602
17685988
17684110
17683656
17683594
17682814
17681834
17679660
17678456
17676192
17674685
17674610
17674111
17673532
17669281
17664501
17563293
17660636
17656632
17656406
17654380
17653940
17653811
17653810
17650973
17640843
17638071
17636151
17634501
17628845
17628387
17626592
17624815
17623502
17622708
17615601
17615419
17615416
17614890
17613605
17613462
17610604
17605949
17604936
17603873
17601852
17601213
17601181
17601180
17601179
17601175
17601174
17599021
17597436
17597254
17595178
17594997
17593306
17592107
17588184
17584629
17584625
17583381
17583148
17578068
17577010
17577004
17577002
17575565
17571783
17569191
17565408
17564544
17564539
17564403
17564045
17560065
17557718
17555669
17555660
17555154
17553652
17549576
17547752
17545349
17544239
17541326
17540530
17540013
17539985
17539571
17535945
17534881
17534739
17534011
17531434
17524286
17524285
17524284
17521258
17518819
17518525
17517996
17517545
17516887
17516886
17514382
17511330
17509808
17509266
17508972
17507591
17506878
17505202
17504597
17503119
17503111
17502639
17502438
16478890
16477905
16476881
16469474
16467061
16462657
16454855
16446346
16434907
16423793
16423792
16423787
16417062
16411347
16408188
16405982
16405710
16405703
16401053
16392268
16391363
16388260
16379462
16369411
16358174
16357349
16353827
16353322
16336544
16335490
16330743
16320862
16306281
16296417
16296210
16294679
16287811
16287559
16285167
16285061
21714039
21702400
21690465
21683833
21673199
21671766
20978249
20970718
20970713
20969556
20964469
20963668
20943343
20937443
20936574
20936570
20935594
20931890
20930916
20925484
20922922
20921870
20890150
20884163
20877775
20876403
20875213
20870690
20869549
20863345
20853534
20843889
20841722
20841642
20841550
20840200
20837609
20836693
20833447
20827872
20823363
20817453
20816636
20811752
20806579
20806560
20804881
20803634
20801975
20800414
20740323
20736477
20736458
20735244
20731255
20729653
20722243
20719752
20717172
20706892
20701828
20687185
20685068
20684257
20681469
20680534
20677392
20675346
20675345
20673619
20669595
20667678
20652475
20644193
20642396
20640516
20638813
20623165
20621904
20618634
20617786
20606653
20606138
20603386
20603028
20598613
20592499
20588306
20586368
20579603
20575616
20561763
20547301
20546288
20541884
20537837
20534160
20533577
20533572
20530403
20527275
20512748
20504261
20499485
20496518
20486619
20485722
20485721
20479136
20473648
20473640
20472495
20452713
20446983
20446980
20444569
20444568
20441010
20439631
20434865
20434292
20432108
20420475
20420304
20418047
20397878
20392644
20392553
20391071
20390615
20386262
20380496
20373700
20372688
20372677
20372675
20371157
20369142
20369119
20367732
20352518
20352510
20354369
20353319
20348363
20337734
20335499
20333563
20307818
20307361
20299633
20235774
20235618
20227643
20222259
20221820
20219315
20217195
20197226
20195785
20193998
20189163
20183387
20183366
20182814
20178436
20178188
20178181
20173297
20173271
20165520
20162341
20158137
20155560
20149956
20141795
20141794
20135903
20134299
20132837
20129262
19152110
19151986
19150944
19150197
19139448
19138378
19136228
19135824
19133146
19124808
19124620
19123879
19122885
19116969
19115897
21563396
20635548
20349620
19111270
19109572
19108538
19106729
19103329
19101926
19101458
19099040
19099034
19099024
19097516
19096897
19095678
19091091
19090607
19089505
19089503
19084785
19076668
19075034
19072456
19068177
19068152
19067933
19061448
19061445
19055674
19055303
19049552
19049226
19042914
19042316
19041210
19040785
20440869
19037477
19034836
19033871
19032073
19031561
19029005
19024832
19024232
19021485
19019520
19018904
19018641
19017909
19017595
19017590
19015926
19013742
19013702
19010605
19009935
19008975
19008743
19006917
19006594
19005191
19004172
19004171
19004124
19001622
19001611
19000959
19000404
18997358
18991010
18989209
18985882
18985427
18983404
18978325
18972954
18972089
18971664
18953226
18938056
18937013
18931332
18930624
18855315
18855075
18849519
18849321
18847160
18842971
18840840
18839258
18836687
18834078
18830770
18829417
18823177
18822708
18822707
21122731
18820832
18816369
18815600
18814409
18813030
18809811
18808282
18800206
18796275
18795569
18789627
18785098
18780127
18779488
18775621
18775398
18774179
18773778
18725829
18773330
18768286
18768086
18767253
18765706
18765331
18762641
18762529
18761366
18760889
18753685
18752916
18728445
18727992
18727609
18727311
18721358
18721223
18719332
18718887
18715516
18713528
18711887
18711703
18711454
18707566
18705261
18697967
18697959
18675614
18675612
18695975
18689857
18684585
18684581
18679758
18670828
18669570
18667888
18667882
18665060
18665059
18650054
18649112
18648964
18626031
18625927
18625921
18625920
18625918
18625166
18618203
18618195
18614445
18612106
18611318
18611311
18611307
18607255
18599259
18599148
18597187
18593228
18592322
18591571
18590520
18590072
18588650
18586205
18585593
20071834
18583089
18582781
18582361
18580738
18580737
18580717
18580394
18580386
18580081
18577323
18573485
18573222
18565717
18564956
18562334
18561633
18560099
18560062
18556478
18556081
18552094
18552084
18550777
18549138
18547777
18546569
18546072
18544726
18541401
18540547
18537602
18522615
18517102
18516695
18515812
18515334
18509583
18507893
18506658
18505616
18496896
18495410
18488966
18487842
18486415
18484591
18481483
18480043
18477876
18477112
18474978
18474884
18474881
18472303
18472244
18464129
18464128
18462623
18458291
18457754
18454614
18449346
18448858
18447759
18447112
18447064
18444951
18444206
18444188
18443995
18442528
18434958
18432048
18427902
18427073
18425653
18422262
18420549
18416361
18411878
18411391
18406030
18405351
18394529
18390504
18390058
18387464
18379201
18377137
18375683
18374821
18372975
18370899
18370889
18365924
18365156
18362821
18356003
18355420
18350994
18350993
18350471
18345370
18343859
18342766
18337535
18336684
18333742
18333430
18327801
18325456
18322760
18322030
18321582
18316881
18316875
18316869
18316489
18315998
18315689
18312641
18311398
18309585
18301410
18300609
18297554
18293731
18285552
18284086
18283770
18283740
18283141
18279533
18278840
18277813
18277755
18272647
18272092
18265820
18265714
18264839
18264834
18263991
18261708
18254830
18252071
18251337
18248406
18247179
18246888
18246883
18246827
18246785
18246765
18246764
18245795
18243580
18243058
18242930
18241967
18237065
18237063
18237062
18236848
18236698
18234324
18222586
18222126
18222056
18221270
18220681
18219247
18218337
18216073
18214211
18214209
18210184
18206309
18204991
18200911
18196291
18195309
18194559
18186005
18184203
18183750
18183749
18182636
18182547
18181847
18095036
18179837
18176287
18172792
18166697
19736656
19736650
19618578
18163203
18163137
18160993
18159047
18157373
18097726
18096354
18095208
18093788
18092495
18080932
18078156
16711089
16688975
16277049
16273815
16272994
16270798
16267920
16264906
16257441
21878602
21870751
21796908
21776307
21767167
21733103
21600367
21598148
21595376
21576545
21567372
21565652
21551929
21551928
21547804
21536502
21532136
21526920
21521429
21518716
21513253
21512347
21510891
21505122
21502347
21493400
21481809
21476394
21473434
21472145
21464399
21462662
21450776
21460126
21459254
21456994
21441601
21435198
21434453
21430036
21424965
21422350
21413898
21413644
21368542
21398320
21397876
21396615
21377556
21371985
21371646
21367363
21365984
21361819
21361096
21359272
21355762
21338446
21338293
21336672
21335736
21327528
21327527
21305428
21302746
21301962
21296604
21294020
21287905
21283938
21282796
21273220
21271489
21263393
21262923
21246912
21239135
21233263
21225126
21218304
21214716
21213170
21211926
21211757
21209353
21183759
21173004
21154093
21154091
21162160
21161829
21155103
21152817
21146342
21143475
21143441
21140863
21140624
21140065
21138831
21135301
21134115
21134078
21133868
21132559
21129832
21129700
21129680
21129618
21127757
21121831
21117379
21104543
21104452
21097876
21094013
21093840
21087372
21084411
21075915
21069626
21066838
21062561
21058163
21056520
21051411
21050450
21041583
21041519
20957785
20619576
20619575
20609647
20594536
20583104
20582799
20578909
20578045
20575212
20570462
20569869
20564166
20559868
20558024
20556512
20551027
20547028
20530396
20543354
20542656
20542574
20542403
20538421
20535942
20535907
20535797
20532030
20527623
20523230
20512750
20511267
20504135
20503161
20494503
20490455
20484090
20482467
20473214
20471766
20463409
20458106
20452166
20446248
20438604
20437738
20435665
20430562
20427634
20424920
20423575
20423368
20413053
20413052
20408275
20390224
20386504
20380228
20378630
20378224
20373045
20367821
20367427
20361906
20352506
20352477
20336644
20308220
20303232
20303228
20235775
20235400
20234287
20232030
20219314
20217268
20212302
20207417
20201666
20198835
20195554
20194557
20194431
20191466
20187099
20183338
20178185
20177043
20177024
20170328
20166337
20163563
20151163
20149164
20146022
20144367
20144283
20141092
20133402
20127197
20124172
20116893
20112771
20110822
20107916
20105410
20100854
20100110
20099220
20098231
20097840
20095797
20092647
20092226
20090352
20089432
20088321
20088318
20088146
20085180
20079565
20070553
20070414
20064961
20064210
19948609
20051551
20050500
20050366
20050363
20048680
20047740
20044871
20043501
22049636
22049632
21485343
21462852
21400984
21388101
20036097
20033786
20030693
20029767
20029712
20028681
20026686
20026475
20023218
20020089
20018960
20017938
20013862
20009094
20008602
20008217
20005618
20003039
20000306
19998632
19998084
19998082
19996391
19995156
19968597
19966712
19965260
19963309
19962848
19962845
19960847
19960809
19960481
19959047
19957481
19957421
19957420
19948387
19948297
19948028
19945818
19945815
19943192
19941730
19939301
19933909
19933888
19930729
19930016
19927932
19925271
19924581
19921999
19920081
19919189
19917945
19914022
19913188
19913183
19913182
19913179
19913178
19912619
19910895
19910601
19910397
19905918
19901138
19900742
19899196
19893846
19893808
19892678
19887655
19838854
19838851
19838840
19883985
19883146
19878346
19878341
19876637
19858822
19858792
19858126
19857308
19856490
19854841
19853789
19842005
19842004
19842003
19837259
19850438
19850437
19850436
19849909
19849857
19847189
19846585
19846270
19843890
19843046
19839531
19838742
19837202
19836187
19835009
19834835
19827047
19819098
19819097
19819095
19817520
19815899
19813126
19813063
19812242
19811883
19811169
19809288
19809014
19807964
19807959
19807245
19806759
19805801
19804680
19793720
19789196
21165880
21122761
19786671
19786438
19785821
19785567
19785107
19782177
19781816
19777359
19775762
19775481
19773625
19773145
19772582
19772214
19772201
19771995
19771647
19770125
19769019
19769017
19767501
19763700
19763699
19762137
19761589
19759436
19755822
19755369
19753927
19753504
19751037
19751032
19751031
19750814
19745477
19745467
19743707
19741435
19736860
19725398
19721026
19721022
19720493
19713217
19707056
19707055
19707052
19706850
19706200
19706198
19704199
19704192
19704188
19698025
19697042
19692201
19682405
19679422
19678950
19678469
19675256
19675116
19674860
19671133
19670679
19669776
19665340
19661809
19661195
19660891
19659488
19651465
19648204
19647970
19647969
19647968
19647966
19643441
19637357
19635267
19633896
19633553
19632972
19629748
19619924
19609271
19608115
19597686
19594352
19591115
19587248
19587027
19584765
19584762
19583860
19582629
19578819
19578818
19577761
19575270
19573262
19573194
19570200
19568440
19563625
19560303
19558666
19554818
19551607
19550184
19550177
19550175
19550174
19550169
19550168
19549059
19542495
19538809
19534201
19522723
19522722
19520042
19513835
19508141
19506972
19493177
19492659
19489705
19486814
19484840
19484795
19483550
19480834
19479311
19476267
19473376
19470317
19468089
19465317
19452679
19451886
19445685
19444721
19442539
19434797
19425876
19416602
19416048
19413086
19410439
19406735
19401010
19400938
19388856
19386119
19380210
19375263
19372024
19368089
19366839
19363368
19361322
19357453
19351009
19341547
19330348
19327081
19320387
19319181
19300289
19298101
19297830
19296179
19294937
19288780
19288770
19288649
19284252
19282319
19277791
19274477
19273874
19273873
19273865
19273778
19273777
19272576
19260603
19258560
19258555
19254661
19251548
19250979
19250793
19247488
19237730
19236633
19233587
19227022
19226722
19219512
19218301
19209660
19202851
19202494
19201514
19201074
19197588
19194767
19194329
19187836
19184691
19175591
19169903
19167856
19165548
22164907
22111280
22106733
22073489
22046723
22041957
22041948
22029210
22027162
22015887
22013820
22010616
22007047
22002644
21989753
21966865
21966720
21952568
21963923
21962547
21952067
21949145
21939117
21916106
21905488
21902122
21896263
21893628
21879915
21879542
21854576
21851558
21848718
21844435
21841282
21841115
21837858
21824960
21815854
21801542
21797726
21791684
21790876
21777869
21744518
21727303
21725410
21725397
21721967
21715722
21714478
21709131
21708795
21707009
21702401
21694570
21694569
21690597
21688678
21685588
21679723
21678221
21676333
21675014
21660827
21659397
21651371
21646581
21641763
21625190
21621944
21619766
21619745
21619609
21616025
21614831
21614670
21612667
21605514
21598810
21593246
21592337
21569490
21569395
21563894
21561513
21557168
21557106
21555752
21547875
21541875
21540425
21540424
21536941
21520678
21518721
21517787
21495517
21494515
21478772
21473513
21466014
21465718
21457013
21446785
21443835
21439599
21439174
21430577
21430524
21426590
21420214
21418092
21417521
21414978
21411257
21403142
21401993
21398334
21397877
21395431
21393285
21378007
21375892
21367682
21366932
21359258
21359254
21349374
21337811
21333018
21324024
21176416
21317630
21317382
21317003
21316182
21305424
21305423
21301650
21299599
21292214
21291327
21286839
21282548
21276338
21276326
21273219
21272820
21267660
21264521
21256692
21254811
21246967
21242559
21242219
21222172
21220392
21211078
21209340
21208702
21207648
21197934
21196804
21194872
21191039
21185737
21182382
21181560
21154092
20943585
21165374
21165373
21161419
21141048
21133302
21133299
21131116
21127318
21127108
21127107
21120703
21116868
21115986
21114198
21111558
21108192
21104036
21098322
21091407
21089143
21088131
21087224
21083683
21070357
21069116
21062547
21060123
21060118
21051175
21050955
21041539
21041237
21029353
20981480
20974692
20963674
20963673
20963669
20958178
20942741
20939945
20937590
20933316
20929165
20926545
20923992
20922496
20881828
20878840
20878497
20875204
20845194
20864664
20860782
20857340
20846289
20841749
20838269
20833703
20824361
20824312
20823355
20823348
20813029
20812124
20811783
20808256
20802274
20801998
20801997
20801996
20799938
20738028
20732979
20713796
20711941
20708897
20697787
20697674
20696951
20696543
20691557
20678231
20676573
20673620
20673244
20671000
20663701
20660530
20660529
20658353
20652759
20652711
20644186
20643992
20642845
20640919
20638218
20633970
20627644
20626299
20575703
20574803
20552281
20544446
20513463
20491550
20403173
20393104
20367838
20238204
20174973
20174972
20065276
20033624
19744715
19683407
19674863
19581533
19560304
19504353
19464097
19462185
19447363
19270238
19374282
19351407
19343370
19307508
19278726
19273869
19196034
19170862
19120379
19087897
19013047
18992167
18956493
21122730
18779459
18766453
18713473
18702829
18684582
18663348
18639411
18626723
18619760
18336719
18216079
18164350
18005918
17955077
17942270
17882501
17591482
17457295
17443556
17370455
17300571
17250771
17249472
17214891
17087404
17073187
16859867
16858623
16856033
16808698
16730606
16707584
16704404
16704400
16704391
16697095
16690560
16690559
16688667
16686808
16682567
16674782
16673834
16671364
16650198
16641663
16639205
16639201
16639199
16639190
16638252
16635776
16630413
16627128
16623624
16619426
16618687
16615062
16611514
16603331
16597495
16595543
16595542
16594408
16585026
16579831
16575376
16569715
16565194
16565184
16565030
16554393
16549036
16548400
16533682
16530904
16507284
16507096
16501279
16499544
16492071
16489938
16489708
16484700
16475273
16466995
16461448
16454148
16449397
16449242
16438812
16436327
16434916
16434220
16433263
16427762
16423118
16418828
16418309
16412975
16392451
16389057
16380577
16371153
16368178
16361395
16356875
16338918
16336555
16336549
16336547
16336367
16336074
16332465
16332187
16332186
16332185
16322176
16322146
16314014
16311500
16310124
16308327
16307634
16307633
16307631
16307624
16306294
16306278
16299433
16291385
16287767
16281967
16281657
16276131
16272421
16271913
16268009
16259859
16257622
16255326
16246851
16242896
16240973
16238514
16238512
16227770
16224112
16222065
16214723
16206375
16203937
16202146
16200526
16200515
16200511
16194644
16191141
16191140
16189057
16178826
16177290
16176222
16173322
16172457
16166865
16166391
16162469
16162387
16162385
16162300
16154311
16153476
16153387
16148962
16148244
16140490
16137813
16130953
16130843
16123471
16123012
16122897
16122641
16122640
16117746
16116358
16116351
16112174
16110929
16096234
16095961
16095788
16093300
16091160
16087823
16081235
16078965
16061053
16055471
16053590
16051459
16050873
16050867
16050860
16050855
16048623
16048621
16046567
16046566
16046564
16043257
16041232
16036552
16036549
16034053
16033702
16033487
16026718
16026187
16025260
16024213
16023822
16021729
16005784
16005258
16003572
16002197
15993531
15987329
15987328
15980092
15980089
15980083
15980081
15980080
15980079
15980078
15980077
15972180
15970422
15967838
15966617
15963168
15957590
15955403
15950831
15949171
15948784
15947336
15933466
15933462
15930065
15922499
15921840
15917361
15915848
15912283
15911932
15907676
15904751
15904552
15899324
15896942
15893215
15893060
15890639
15890071
15885847
15876301
15867120
15867036
15857323
15853232
15852052
15851454
15850858
15842683
15842680
15841057
15838911
15838441
15838411
15836555
15836531
15835629
15834528
15833226
15832232
15828571
15812616
15808145
15808022
15805131
15802484
15797154
15797149
15795337
15793023
15792746
15792330
15788031
15772120
15771161
15771160
15769971
15768915
15762982
15762907
15748678
15743646
15743295
15741532
15737235
15724831
15724780
15723821
15722400
15719290
15718326
15713170
15713169
15713168
15712625
15710642
15701747
15701163
15697100
15693929
15693928
15679023
15676077
15675215
15671707
15671705
15671320
15669150
15668373
15666958
15657522
15652689
15651985
15651069
15645187
15640289
15633341
15629990
15626633
15623271
15621085
15618088
15618087
15618086
15612233
15606985
15601463
15601273
15590519
15590230
15590209
15588534
15586831
15576420
15575037
15566445
15564228
15555066
15548158
15547313
15546817
15546482
15543666
15536222
15536025
15533193
15528291
15528287
15528286
15523075
15515991
20961374
17141131
16018938
16265962
18320392
19382433
16808752
19323711
21268381
16957873
15615342
18402128
19361012
17479329
18672852
21135785
16132893
17244999
16102145
15952478
20002419
17091058
18833880
19565887
17314725
20423917
22030634
16489958
17536221
20849278
19159835
16902289
20123945
19766073
21443779
17235250
21722991
19248411
16623604
19283868
19052156
20575199
19118293
15573668
16449394
16614882
20476520
19187418
15618764
17762845
18562834
18588372
20401971
19219412
16636220
17391425
16926989
18164461
17964900
16011227
16680206
17509280
19933287
16117721
20064134
17923835
20865480
21242245
18693194
21042930
18942535
17444070
21526689
20194809
21487051
19672190
17715167
15612231
15633316
21055578
16137578
16135721
19018515
15630681
17099253
16921480
18405017
18179675
19682124
18072408
17576311
16827928
19416796
16954093
21972309
17470290
16544671
19428869
21485452
18071806
19657867
19646790
18582145
17951224
19731345
20533965
18692978
16568592
18214226
19694845
19022072
17276791
15849518
21531580
20196650
19521272
20857889
20000253
18754521
19186279
16175812
16538669
16439285
18974237
19441600
15538582
18189206
18298865
19788791
17524007
17133307
21040012
21893625
15645770
17402572
17589371
15532517
16267966
16150010
16526162
16711579
21193164
17473811
16649302
15637949
18472065
16961553
19627913
18547384
21867855
16012933
17065879
19437392
16874910
19281088
18205680
20684195
18204844
17988599
18720633
20123762
16447612
17882863
18427335
21338292
22030934
18048503
19623576
20964266
16493256
20591005
19361124
17251535
17500341
20150732
18327371
16579288
21787029
16877656
21063640
20101059
18722942
21916368
17324304
19847721
16406035
18652727
17726671
18546568
20236431
19695878
15805447
18216414
21162155
21527303
20723173
17931572
15937381
21462428
20862889
15997894
20159456
19073359
19490552
21234856
19095860
17996057
16868772
19088487
16189987
18372820
18997557
18998874
19181138
20186647
20523350
19912124
17704874
15983083
19459862
19285363
18561558
18360836
19762197
17703689
16025151
16163427
19473739
16619769
16505701
19567494
18820880
16581631
17554100
17635307
17667018
16002028
17187348
16739186
16676811
18823358
18693994
19883453
17233258
18628532
16250385
19136397
17644041
20204420
19273474
19762418
20069739
19164133
19942671
19423987
16850781
20860179
19187163
17194351
16125606
16181155
16893143
21493329
18038524
16287816
19725018
19609142
17219508
18997595
21567475
17720673
16360567
16427361
16681197
19936838
20423214
20561147
16914632
16372888
15744187
17505026
21278644
18332573
20694459
16370481
18479655
19941684
17233303
16356212
20557261
17310739
16172453
16416459
16597533
20682953
17111757
19711731
17158184
20922200
18940027
16411537
17327248
16968571
19068052
21725239
20975520
15525860
21126301
17766498
17626256
20876396
17238944
21158990
16327419
20728318
16116922
16488688
19925747
20561840
17044445
16699943
18286854
15936561
18722692
15690830
15528284
19957822
16389010
18300660
16544676
16148318
20131582
19072468
18389874
16245190
18828297
17907496
21218211
15833466
17952216
19936415
16503014
18533033
16475462
17949448
20826113
17604967
20394460
16135471
21439184
17700945
21826674
20523217
16434815
19433927
17151829
19166664
21480495
20963720
16862022
16150017
20391795
20601645
17902555
18249035
20392133
19084895
16259538
18297976
21417050
18220126
21612640
18050529
19447582
16938096
19814924
21674523
15717905
18208614
17283922
21211085
17185207
18460169
20025178
16961098
16270404
21334930
17557190
16913342
21530172
20108142
19106285
16081334
15804903
17098101
19184061
15609804
15853783
19594788
15767958
17112781
17917470
21717621
18849368
15751435
20159525
15781171
17880661
18678689
20002480
21075324
21680668
19017394
21139014
17767436
16622995
20081639
18467149
19786882
20642198
18787441
18569368
20419745
16509963
16102767
17692636
22030933
15903002
16257625
21530731
21067891
21122271
16425680
18438260
16192177
18377155
19558937
18437600
16516461
20712421
18047252
16903300
18821035
15754924
21057411
18619084
20797561
18073677
20044340
19811630
19484605
19797698
16880487
15965550
18490164
17137277
18648890
18402417
19771517
19961629
19451599
20940270
19863766
16739183
18438165
19232926
17898931
21321414
18999065
19025697
21045577
15955762
18649808
20369445
16892780
18000700
17227981
16145365
20822037
21999064
16985398
19022169
15707095
21457624
15543443
21205834
16411363
19104899
20800299
21449130
17493307
19541138
16958233
18093591
21703670
15974046
21340210
15827841
15739636
15890300
20853250
19769145
21624702
17236855
19570485
18294511
17078349
21604862
19857354
21661137
15526489
19204212
16374305
17768187
17361955
19805769
17496700
17563332
19961977
16185370
19091933
20956038
18996787
20647248
18769845
19093362
20639654
17310336
16604800
16261128
20829005
21375102
20213068
17544140
19186517
19968726
17108599
18401676
18455404
21359504
19191937
20390681
17627239
15517301
17311239
18197542
18482121
20618526
18448502
16877622
18698548
20946497
16434755
21278690
17405777
18225837
21218702
18496250
19968144
15995503
19342149
21500514
17000350
18832500
20089307
15794420
20932193
15529485
19340795
18479658
16636735
17584265
17011257
16825849
19090872
20469729
21284765
18635237
21469582
18254002
17653493
20647896
16708629
18482120
19275841
17569465
21194881
20216163
17998411
16956927
18989556
18954244
19240439
20839582
19718916
17718747
18770101
16594229
20654793
18681344
19939303
21661481
19917578
15823888
17363885
18959570
18314403
17329643
18495415
15940531
16024480
16287886
21665156
18437382
19835742
18772306
19685084
16171237
21951499
17879568
21954764
21197829
17662809
19812105
21145582
21785313
21834433
15933866
19146550
20416493
17189747
17472761
15773236
16422735
20081723
21146672
21378607
21658645
17095377
17014447
18307853
15825120
18670472
17542318
20172559
16711333
18069400
19237476
19106281
17557434
18316450
19144970
20554364
15866650
16266648
17146067
17567302
20857674
21111271
21459176
20939158
18390144
21857242
20160388
20371033
17522788
20397348
20123824
15684847
17327722
17917941
20147822
20362383
19827322
20840827
20961981
19149063
17382210
17019547
21113847
20800564
21304349
19130783
18035233
20654285
20049503
19648596
20438946
21605261
19738215
17978274
20803395
20879859
20464737
18807099
20709997
18335901
18240626
21162694
18982783
17406111
17261112
18052893
16350594
17073198
16897270
18326343
17356934
17686123
16710714
19558053
21507527
16620354
20841445
20552854
17219502
18469618
15823778
17060296
16491935
18407728
19684936
17582019
19583929
16106155
16739907
15840079
18074970
20696953
16262092
16881187
15791873
15644696
15750526
21041194
18602875
21386081
21534383
17937446
18686910
20846910
17340204
19740044
16272971
21150411
21301243
16414936
17278339
19204057
21480176
19447535
16131645
21053576
19136677
16318875
16551318
15722583
17089175
20178535
18156880
20662865
18663481
19648386
19764524
16032567
19235496
20888544
16563315
16301958
17950045
19860235
17092775
15794419
18681246
20081722
19947781
21130440
17855042
15646092
19620163
18437182
16532379
20598860
16187439
21039370
19121194
21206250
16459289
16136048
21080293
19445614
18361322
21526559
15644644
20486411
16259627
18698595
15974386
19191941
20631595
19956923
16340925
17034601
17440290
18705566
15930237
16372713
17359569
18041361
20001872
18005377
20923622
19446459
20703145
16036035
20507692
21053754
21536492
19999254
20618313
20368660
21383386
21284803
19025503
18545734
21179666
20008603
21385085
19948517
20881156
15931015
20059676
18561824
17698343
17339811
20452169
15893162
20200818
20188318
16981157
20450129
18617824
19856860
19810308
17664515
18711259
17592971
17201722
16502760
17593767
16215519
17622032
17505351
17319557
20005484
15720533
15700607
18440681
17724358
20550590
21146116
19219367
21248644
19892094
16334975
17446595
20587678
16869335
20937146
18251787
16711175
15756486
19659663
21894124
21955399
20932436
21667010
17580126
21510151
16214514
21465885
19930223
20683772
15613564
15924563
15565596
15961911
15683271
18540798
15883469
20166480
20562607
16734091
17394379
21413855
21158258
20546983
18437597
18837749
17444118
16096148
17767754
17611238
20552377
17630007
20801967
16466349
16624226
19935179
20052891
19559223
15823992
16945784
16669563
19877326
18608606
21446264
19632805
16270669
16594410
20395948
20156667
19657497
16501269
17984404
15803895
17148634
15886931
20552858
21868479
16301934
19822480
20179254
16616616
19744889
21642927
19745245
18819206
17061152
16984637
20873675
19958027
21533934
15997347
19114882
21162358
20614376
16846695
16301469
16637944
21521957
16683877
19735339
17042017
20390379
21418288
16249417
16989295
17672819
15693988
19823963
19402860
16629007
20224459
17727586
17912822
19084891
16641654
18437938
18551888
17879032
21278650
17786521
20657269
16678003
19093298
19426945
17454342
18018351
16965244
16969616
20873061
21167086
17079764
20058534
16910804
16271121
15754194
17264863
15907850
16594428
15754631
20064890
20636586
19667887
17196990
20124018
17396612
21465692
20184637
16551020
16009286
21790094
18804390
19637534
18093085
17324180
18096228
20702445
15659720
16297568
17926605
16268411
18664739
19404286
16227942
20030498
17409804
17473044
16426618
16973953
19248326
20357650
19247218
20718396
15533081
18197590
16041519
21419309
15623164
21266889
18298835
21393300
17144574
18018819
18437934
17786070
20961582
16922698
18792855
17880351
21199548
19647967
21507105
16923040
19945879
20706178
20185413
21874637
16164396
16834461
21719756
17521101
17210326
21539275
15631418
21977784
20974414
16267985
21290960
16776847
19377017
18855169
16175025
19682853
20094936
18028892
17216143
16573720
19694861
21464188
19569062
19281671
18552116
21965779
21357781
21058958
21307687
17584428
19700280
19786241
15887817
19536010
20128251
15792501
21343937
18987080
19703383
20709240
17312091
18605628
21242560
17582021
18982930
18196842
19247883
17970860
20636470
17963528
18021164
19205660
18318922
16996901
15699999
16184721
16466482
19258838
19705640
19173756
21592027
20439044
20943615
19551619
16643350
16690562
20593673
21191437
15896412
16508483
21500520
21146658
20038717
20586173
21218571
16470155
16962408
17443361
20443299
19130311
19563323
17010555
16126004
16174232
18569903
16327952
18495432
19858821
16566531
16105792
20946495
20218938
16266421
21333914
17174063
18657043
18926453
21534376
15612220
19146553
17696047
15973267
21228661
19694620
19323160
18774882
18188910
20827132
20966121
16011496
21520516
21843845
16635052
17718726
17966203
15985053
17959577
17375806
21038734
16317330
16729519
18650767
15876881
19550234
21195944
17446829
17702516
15967550
17538757
16619472
16757281
16092572
21879680
17321944
17361930
21826968
20499769
20421019
19884474
17924269
20563730
17559670
19054958
17823815
19815915
19916758
18717919
18474979
16366449
16354240
17416711
15568423
16033497
18295458
18094791
18414309
15622910
19487615
20579116
16029978
19157674
16430335
16907686
15999663
19962629
19048642
18786014
19888786
18489775
19064659
18528821
21173281
21193620
18240991
21505139
15792063
19136306
17288652
17601849
18676539
15625023
21532075
21186157
21062122
20576340
21461208
18788835
16684172
17122618
17581185
15807750
15655239
20859052
21559751
18578440
16816541
17620393
18551890
17853657
21376160
16324523
17592105
19681779
19769205
18199282
18755423
20619602
18951120
19743604
17058722
16231569
16556183
20594365
19698037
15962490
18622960
19008977
18501071
17459820
20499790
18842916
20406531
18355699
20973853
18543349
20332686
18709229
18997566
16048857
17378818
16799755
19534219
17460308
19909516
16673625
16475874
16889162
15552888
16260702
16542132
16866806
19762416
17724291
20508686
19909074
19060818
16719998
18922360
21144024
18032986
19770808
15921987
19223842
21137703
18668359
17491498
15815210
18000508
15610991
17402945
18688054
16965708
21258318
18980560
16842475
20516770
21228097
18226316
18691272
17441796
17685911
18096353
21898324
20040632
15720995
18942134
21329471
20555018
18678074
16128652
19995466
18430563
21651653
16865349
17224774
16375808
18248404
16760179
19741415
16573310
20582472
15724556
19898786
18929942
21164415
16043551
16612921
17784867
20113757
19128863
16426486
19403072
18990007
19114579
19007095
15640264
18717767
19386437
21078470
18243010
16285321
21057397
19689494
18042484
15690832
18330386
15984399
16206915
21419559
18477722
16034031
17169232
21139047
21184628
16892935
16410856
20858037
22069919
20080443
18348367
19294371
20803925
15658731
18298632
16239938
17557028
16425947
19935109
21368551
19546733
18833625
20683659
19219362
16013906
19537628
15961365
17414595
18343276
17258047
17124626
19954535
18157484
17139496
21516665
17992703
19174962
19649422
15966626
21108908
15984223
21661281
20055721
16979311
17326557
16353320
21808163
21125968
19088620
18953751
15538641
21780720
20889628
19525484
19485248
16119501
21474280
16449886
17333497
20685063
21548407
19901351
18774630
18574277
21184987
15902027
18264190
19361132
19023953
18182632
19266356
20535503
20405969
16103805
16226862
18564969
18195274
17556991
17719361
16544083
19943991
21693002
16102147
18686836
17047644
20813893
20371485
21133058
19422112
18499604
21298505
20636153
18026998
20952823
20032760
21741720
21057232
18264188
19538405
20679561
18428101
17294063
19160356
16548474
20137747
16922983
16168035
19750558
20308660
20507046
21561517
17116915
17518885
21796266
20529149
19784692
20075540
21820637
18566204
21040255
16863896
18615917
20854510
17040143
16923195
16448491
17212684
21046417
20614429
16036406
21429447
21189816
18783126
18018955
20304976
20465750
19826326
19068898
15591917
19017604
19637076
20177046
16103847
17059486
19423171
20806865
18471674
17710962
15923281
15776599
21108770
17047574
15853233
21141405
16370922
17040358
17477226
19239665
20871511
19563640
16105460
19965953
15618104
21707939
16586308
20841664
15672024
15877556
18615962
15586154
21629357
18776987
20083373
21526526
20824612
17925915
19962628
19491592
15909168
19271621
18778947
20102895
16023942
18663540
19823972
18675766
20550597
20801580
20570292
17197304
19192897
18548412
15948356
17627742
17682411
19175286
18518868
18405565
15786795
18435361
17213005
21418560
19884355
16629964
19151850
20929041
18812795
15555717
18842127
18242323
16481253
17255863
17973806
18454825
21599562
20888737
18283069
20610465
19128310
17546860
20708368
15829838
18202431
16009887
16601947
16215523
20391855
15588741
21738250
18385990
16225557
18547298
15754527
16823014
21558774
18472622
21343276
17715168
15589079
20129887
20700673
17952147
20210658
20637320
17584433
19454194
21052027
17233189
19898834
15911916
20633747
19155996
15573331
21809787
21047039
16125027
19115892
20696034
16600982
16689110
16009066
17885384
19196301
16144787
16260823
21457601
17458102
19006625
16736311
18469617
16359207
19566693
19818037
18522522
18195414
19062302
20848072
16546053
16682941
17724101
16999743
15725979
17310422
19461068
21714372
20116791
15935732
20576446
21413676
20799394
20631585
20564626
16480561
16929457
21711071
16635696
21346463
18584930
19294365
17926772
20173588
18247270
20678681
18536545
17664443
17630006
21273184
15577825
17534463
17167366
15791765
17535540
18350941
19337714
15672603
15924027
17494443
21404720
17252070
17727050
20031904
20432991
20377498
21685791
17136752
18544154
17221082
16771260
21334787
16802287
18338774
17674601
18021108
17324293
16932785
15992204
15637955
20505999
17439678
19327289
20795611
17290085
18041413
19835495
17079614
19224908
16737502
19630996
18538195
19011486
16562435
16704017
17665071
19382079
18190953
16843744
20937448
16313292
19669831
16775757
18187408
18482146
19594338
19735394
19496031
15878428
20656288
16083376
17352695
17471617
16461869
16688665
20971335
20619919
21919297
19380959
19706351
21376601
17251796
16170545
21610571
18829658
20387297
19050194
16048663
19098617
20887402
17874183
20014712
19820671
19411361
19453917
20690391
21268385
15871890
18063547
18358874
19580138
17320552
20606593
20849304
20117673
16568450
15767225
17879550
20841651
15575189
15971874
15726240
17444080
16984535
19734191
19460667
16928714
15913074
16602516
21675316
21155756
18041866
19094227
17609929
20420003
20615678
18853885
18354823
21593081
20357149
21408060
15796285
20812495
21169163
18376519
18754234
18300270
18663465
19588661
16025636
18356715
18700586
21264522
19819191
19400339
19487945
20002590
15921985
19394105
15792753
20626236
17846366
16924184
21708521
16953356
21426616
21644434
21121234
20354923
19390343
16865618
15716246
17116952
18057190
20408320
21477027
19897540
19865028
17265662
19634612
16916119
17291204
19241917
21035041
19104193
16631822
15672743
17633838
15998511
15642491
16768979
21724134
17560916
18596631
19945320
19321807
16327509
21320157
15641948
19072191
15839234
17873570
21116947
16199935
15672431
17671242
18564600
17902500
21235844
18923348
21226886
17554230
19084892
16010850
18329827
18959104
22008181
21301689
16877043
17060250
19130225
17652180
18608102
16761660
20636152
19112022
17348334
16572746
17575750
20431466
18078189
18418291
20397323
20509723
15938105
15523255
20434085
20734699
18245737
18974174
20946566
19736652
18269302
15836532
17387076
21507232
15910230
16287826
21241160
20653376
16350498
17057568
18674978
18551881
21590628
17728797
17238948
20048676
21353918
16425730
22032571
17944701
16608466
16259634
20175361
19112345
21537964
16759070
21617788
19460257
20881713
16411037
20228360
17087173
21478378
17141638
21639615
21030490
16002034
17646998
16094550
19441657
17199451
20644498
16985399
20233574
17536949
19104206
19195050
19905880
18600113
16317563
21537199
17310664
16948365
16106764
19134494
21429956
20571224
21413846
19061471
15892507
21553560
19411320
18379664
16060296
19793719
19597372
18295924
20925708
19076460
20227903
18725038
18801188
19416049
15604229
17133206
17001131
16834581
17475988
20092136
19807808
15773824
19734646
17697948
18498345
16219606
18178698
16868468
18565816
19497899
19387912
19451747
18291720
16279895
19137483
15844801
15923941
20802350
17847992
19954137
18254433
18982308
18059464
17353816
20679321
17600598
19930369
20630926
16900284
17385057
15793551
16752111
20630197
21473318
15624793
17901174
16814217
21166761
15695349
19811195
16913578
15641074
19748030
17999094
16171109
18271137
15912603
19843406
16022608
17467120
21145491
19129052
17161807
17343027
21128984
18725845
18695848
15560292
15923793
15537404
19130685
16837805
18802985
20919464
21668384
19344882
17985679
17431697
19708094
21084354
18552086
18329157
20469767
17352780
20218471
18827642
20505508
19856591
18367776
19207053
16370401
17205029
15864162
15894994
17036450
17641318
19062459
18439163
21062136
20181648
20529495
15687510
19702979
19898698
16048867
18360221
19065868
19002154
16186080
16456477
18777974
17313066
18047451
17165076
16476635
16630428
19633593
17519302
16905990
16767870
20137029
16365607
20423289
17236856
16157462
17456202
18570188
17713384
16463012
20860610
21059173
18669114
20229072
18228643
15685014
19471139
15889640
16530486
16816990
15983282
16185590
21601725
16843817
19660208
20513459
17022920
21477493
20429036
18815525
21189208
17389412
21277528
16878413
21294353
18953730
17879354
21590636
15763717
18050530
16625891
20097440
19150261
17872834
17500264
19190417
15994340
15675902
19441635
15644699
15583712
19851264
21748988
19962609
21060121
17013870
17400518
19384738
21163501
18347485
16189982
19166399
15709093
17017685
19419344
16915611
18392393
17041786
15615569
16010213
18580201
17600951
21146667
15954200
17402647
16323983
19948040
20827358
19808471
20169260
19474593
17728593
21112243
19124176
21351267
19197680
16613417
18318970
16053402
16967888
19351302
18500273
17238699
15887923
19538561
21936076
21478774
17712753
19394558
16981982
20972712
17977500
18187916
18254457
20626120
20008018
19093418
16469976
18006884
21186164
20663592
20876087
18206589
16874440
19680310
15974112
17336373
16546776
21507187
18418177
16738501
20348364
20438371
16879183
16360307
17547027
19569462
16969724
16005834
20423383
21449986
17563446
21944796
16227866
21448042
15627007
19422338
17294775
15819351
17475498
20500281
20022857
21818904
16829829
17083765
18066618
18640542
18627641
16482393
20515880
17996788
15761646
16157339
18274509
20193874
18371169
19665915
16303228
17207005
21546742
18808464
17412049
21325796
16098383
16119661
20423428
17239072
17635299
18090141
18665065
21123231
15632809
18156966
18585513
19822057
18807244
18021504
17595371
19220619
17573876
18648958
17032465
20170324
19422938
16946118
20520995
16139162
18325458
20654823
16860853
17874543
19132791
19123072
19827326
21297320
17130381
15702522
20056309
15683202
19661099
20514884
21277070
16024021
15744194
18560219
18235395
18247013
20105088
16354222
19723373
22128521
16445443
18318561
21980022
21158853
21359548
21430002
15590341
16366867
17042055
20838705
16530115
19041614
15889883
21486146
17008829
16571840
17300413
19782445
21887863
20142744
18328963
18259718
21156657
17966250
17873255
15583903
19919290
18019118
20799486
19530018
19919796
20401828
17015873
19172703
21033406
17136932
20371054
15609737
21504259
16569623
16266638
20648257
19380504
20176916
17941553
16081319
15595907
16285120
15861918
20152055
15618092
20938365
15933918
18371250
21211662
16290917
18060326
18979856
20545773
19639848
17609249
18052516
16715785
19452487
20346486
19394603
19504558
20869329
20228275
15754280
16443154
16624316
17489960
16754831
18554384
18928065
18069917
17654385
19443523
19317857
18207353
21727832
18046517
17321850
19084897
17476163
16613286
19528134
18379226
17149757
20618777
19881392
20546470
15811198
21211010
18682996
21144472
20810420
21450662
15704769
15856169
16764229
18769981
17910139
17823476
15934279
17316458
17534085
15918424
19186446
17526470
21503863
18540857
16208656
15891317
18847652
18721082
15672566
17064747
15792287
16050363
19370563
20539139
17452604
19793155
16922032
19920434
18072381
19910328
15895547
19101457
17434621
19059087
21853078
17022918
21350271
21058891
15839375
16499531
16836282
20593693
18387803
15656854
19529045
21140771
20546364
16371123
16872487
17394516
15727544
20021578
17036884
22005230
16580262
15675662
18592424
20405679
16562702
18826873
20050480
15532327
20433404
17268335
20232252
19596738
18333923
15537856
17005073
17339306
17133895
18795905
18579319
16749537
18951673
17067405
21605295
21599990
18259816
15642235
21693089
16979083
18808300
16430762
20155789
20638738
20090658
19050972
17873665
16109296
15637956
20482410
17144841
18705180
20066871
16728866
17137943
20602687
17102327
15686807
19443040
17901826
16613389
16650031
16092777
18274244
19917174
16143440
19879036
16771281
20956000
17060313
17539455
20825820
15869559
15596927
19753390
18387225
15550365
16136844
16584466
19023771
21098628
16569981
16409174
21676675
17078345
15696631
16449838
19232603
18778556
21488601
18817024
20029309
20686431
17641348
20624923
17012496
21854529
16374198
18435310
15755262
21743269
15701783
19615536
21409708
16932121
20023498
20501958
20423288
16179169
17544139
15970024
19241788
17516117
20130160
19926562
16649402
20654286
17184413
18662241
16504619
15690834
18042103
19021090
18211638
19794269
20175356
19327616
19892509
19895371
16353288
19929118
18814476
16021802
19369045
17766662
20386011
20811186
17766564
20136471
17939528
20441464
15798508
17413776
18035763
17486478
18417021
15832583
18636007
15956139
17098679
21376797
20355264
19491574
17483680
20550222
19594367
20590511
20509347
16514096
17668835
17666293
19998725
18227882
18832499
18154533
19148340
20605268
15521384
18689575
20684413
16255338
16499462
16955638
21462907
18710057
15606832
20357652
19246247
19707128
16440030
21894840
18557314
21294833
17435817
19181500
19950039
16403718
17165366
19457727
16704183
15892423
19261173
17591402
20044669
19624440
19480799
17044208
16425903
15644703
16675742
18709564
18556665
18980460
16220148
17275970
19254872
19293414
19411585
20374981
17969833
16163954
19289346
15813587
15709443
15535005
16168789
17317474
17067516
20012347
16418987
16123494
16251161
17390927
21197836
17712259
15768587
17064202
20027655
21876014
19672610
18058301
17903257
17211165
18753879
16901260
18694607
20388936
19327315
15548103
21585696
18928488
19860895
19329101
21140758
19213516
16618916
19597654
16521359
20348365
21447231
16709352
16707222
16995610
16258930
20444061
20044165
15849485
18378729
15909012
19520019
18095805
18388558
15991756
16396140
21439533
20450999
21404638
19530300
19997077
18347482
18075945
19485858
15714015
21411402
20165846
19936994
19170781
19127235
17717308
17110823
17058890
20446521
16095803
19378218
17214274
20307369
20214255
19481303
17805954
16901882
18517071
19517890
15902951
19739878
20108146
18596481
21137455
21242157
17105639
19207051
17048753
18444043
19216411
19136335
16163682
19381818
18681371
17701393
17491169
17069582
18297317
21519723
19899597
17542719
20038541
16022033
19306565
17764780
16020051
17194679
17729373
17474235
19801007
17407591
21576609
19692163
21625661
19418075
19065397
20427307
15857727
17523576
19856639
15544016
15741585
21429958
18042019
19078876
16451340
17437656
15893185
15883242
16181263
17633968
20590516
15644659
16411421
15551998
20728998
18088886
17668340
20879014
16218150
20094123
18291010
17944608
21268421
20037847
17547266
20172393
21507257
18192127
15548934
15804320
15986788
18716530
18394853
21558112
18198964
20509500
15590584
19170377
16594252
20689933
21522019
19126286
17976298
17378464
19495810
16799364
19838889
18373491
20676776
17024547
19638640
18355736
19370630
15628658
20526901
18985624
18504691
20155892
15681992
21618552
20543383
16835562
19224804
18947382
19767521
17720434
16310569
20738054
16326743
19855360
21565446
21058896
19664202
18524343
20053674
19149053
17343118
19778923
21834378
20159458
16430355
17000347
20713533
15580015
21129343
20579125
18649585
20152512
19196586
19585061
19671620
21684479
21486337
21654602
16720000
19341041
16850152
21163726
19175188
19933067
19120382
16330966
20485725
18227679
15553425
18575344
19101804
19483063
19128650
16330791
16960661
19114838
16008024
15953668
17584338
19068141
16374668
17848348
19326547
15919129
17096457
21199136
20167834
19692929
20846562
18552265
17167358
15541128
19824256
17883617
17131302
17883742
20649872
18557284
20803401
15615285
17601834
20628830
19184207
19268165
19721997
15776944
17506869
20208472
19909453
17879549
17901831
17544129
17168255
15701152
19901135
16633840
17136936
19578728
19092468
18463881
19744955
21314444
18937231
16999652
18281641
17089537
19952624
15817353
20350889
15935426
19948571
17518797
20194401
20507287
20642037
17118239
17621444
21361927
17917945
16026904
15843121
17699139
16690393
20443425
17062903
16786362
16351536
16523802
16927479
20225938
21460713
18386952
18506954
18163855
21157249
20487059
16344646
20104404
17663416
19489423
15645762
21601708
18993131
15800811
18931399
19851137
19331045
16673977
20635642
17376021
19253858
20875258
15759071
15894461
15573675
20018543
17049797
17521767
16390640
17308862
21767164
17891048
15737861
20706836
16460760
21679453
21368535
18982223
16155311
17433615
15942318
19386949
18820520
18705944
16128137
18290408
16142575
19325403
19661081
18825852
21406572
19061026
16265798
15671326
18000948
19104293
17386358
17133141
21460710
19234429
15921005
18204846
16534788
19043804
19621462
16342648
16244203
18287900
16819630
16759758
21658825
21839909
20220676
20394770
21255001
16651833
20407030
21037472
20369442
17653447
18021557
15706160
17623357
17494454
21615951
16700166
15984561
18184982
20807992
16898099
19241511
18562872
17079618
16409571
21357804
15789311
21254161
16813854
19842578
17464602
19780853
19026308
18351621
19249189
19216242
19786681
18505152
17532895
18847103
17851384
17478309
19777790
20700575
21041044
15862984
20349353
19836194
17826034
15869554
20399491
17615420
19715893
21121592
18549436
20592658
20059598
18827762
17656402
16642691
16750799
19669062
15750507
20650440
16461957
17197058
21381274
21392195
18825863
15699089
16211440
21099068
18813775
16374262
15708101
17036591
17004019
20381407
18049388
18588403
18704869
21182037
17903718
18206144
16436171
19497912
21474390
18824907
20000031
16319035
18256859
21324847
19794306
15690831
19754686
18089545
21913573
21192167
20426361
18036120
16923431
17153132
21837886
18761842
17642451
20547285
21358395
18188140
21209436
20053236
16997849
17922923
20230177
20675017
19591578
16914938
16096146
17237128
16719415
15966169
20510704
17006005
17985963
18018818
18784227
15715075
16310599
19880086
16186004
17480138
17012130
17487706
20142062
17462038
16108777
21800741
19523594
19644350
19849904
16452284
17133685
18623381
16449755
15738923
19719376
21148268
16741862
17354504
18063550
16295992
17915182
20926743
21503462
16529145
18714603
18341072
19192004
17922360
18361954
15582830
16192828
21745651
16464272
17445329
18554911
17925111
17324196
17486471
17638947
21624907
21348209
16289090
16450233
20706825
17577173
17497309
21105584
18408963
18281644
17975398
16184946
19003799
18506338
17322163
19969315
19602646
18661459
19708805
16355834
17592976
18227880
17002082
20561129
21123196
15709630
19622467
17259199
18409322
21486437
17844859
19373176
19836153
19696572
20438034
16144555
18804085
18087876
20890152
19944876
17313538
19055137
16326212
16955055
21432603
15520086
19007709
19910878
16964900
19672827
19959057
20190556
16913240
17174399
17962494
19249637
19807230
15532206
16802682
19645153
18404061
17474588
21288207
18388681
19581110
21714895
17938579
17660496
21595812
19838845
15947992
17690655
16467176
16892675
15705271
18191764
18719507
19029841
19433847
20071868
20526684
20109005
17383321
15893218
18206583
18786285
21132601
17924373
17413301
15534456
20022198
21099654
15622149
18235160
16010225
21302877
16273784
19682011
20850843
19157280
15644676
17461706
17766078
20449988
15797751
18187283
17352299
21570030
18796047
16439321
20022601
18557670
18977111
19854611
20678083
18275662
21125069
17408858
19209053
18638011
18058833
19448890
16871436
19934696
18252933
17056043
18376652
20433216
17849911
17766740
21933275
18043980
17074942
16456455
19174280
17478415
17522582
18441192
20067684
19875204
21553576
19573958
21205599
17932174
15612403
17884600
19201260
19728502
18787958
20054081
15644655
18762140
20078405
19901141
16168341
18484601
17390981
16449741
21052568
17018834
19082202
19585920
21612518
21074332
20021383
21807676
18535736
16835557
19474637
19578801
19168306
17060177
19420403
18279993
17436863
20095068
20636590
17464153
20557668
20715299
15971383
17975729
19914483
19543809
16001751
18205251
16449699
20430654
16900070
20367647
19401125
18449833
16865635
19771573
19450074
18294222
16516665
19817592
19489805
16273992
17397375
20552855
20981687
21905295
17505242
19617356
20649437
19142279
18515809
21226439
20579582
20706184
19212736
20006413
16084800
19344195
21053441
18613797
20409122
16943308
20453732
18317257
19788369
18700984
16082989
15968801
21498782
20889634
16378786
15934173
18682963
18972936
17574193
16636090
19451579
18777713
19062470
20014744
18674762
16220889
19062079
16268282
20047029
16525901
18304896
21855839
19092350
21176661
16093967
20443411
17624015
19750566
16273797
17433182
17327310
19925463
18295373
16443085
16968759
18723582
20357751
18774997
20159191
17826094
22026065
16013292
20032169
20609507
17344262
17666900
18668488
21541806
18853532
20663934
19769206
18361394
15800127
21094437
19378577
17521795
18838964
19912389
17152030
20578642
16451360
21295485
21446923
21617510
19243524
18777696
20963676
21957552
15883892
16204142
19017600
20092616
19446840
19824282
21748928
19195189
17969829
15670225
19428093
16680061
19861376
15741428
19022071
19242328
19902898
20638814
18666885
21459494
19216483
18001641
16773286
21536611
17687656
19753807
19787380
17889494
19448133
19446122
18828193
17290030
17106000
19892293
20853050
16730440
16584804
16594277
19366472
18360207
16289849
16479362
17274042
15949176
20043565
15913239
21934062
19746539
17605624
16492638
19362753
17313516
18655322
19222636
19317164
15713915
15640639
18403715
16684638
20139148
19132344
17007324
17375276
16867885
19933935
16445158
16148510
18788957
19489940
17550684
17168043
18238936
18044985
20858296
16609824
15888394
19627048
16736371
17007487
15857196
