16684177
16740464
16732777
16720750
15638448
16786951
16779106
16775977
16769396
16767623
16764502
16761790
16757043
16836763
16828521
16827537
16827534
16821695
16809654
16796234
16789405
16690426
16886888
16882775
16683481
16676811
16953011
16940299
16927721
16927575
16923927
16921480
16900408
16886245
16669557
17053154
17020113
17018200
17018192
17005464
17004430
16996787
16989129
16969616
16968615
16966317
16964732
16963167
16628312
17137254
17135069
17135067
17135066
17126194
17123275
17108601
17102364
17102272
17098515
17094300
17087183
17085607
17079552
17072157
17066985
17063404
17062592
17059486
16583529
17242047
17238494
17236855
17224605
17219935
17219508
17210582
17188599
17185921
17183940
17183939
17183937
17183936
17183934
17183933
17178302
17174628
17160215
17148634
16562576
16089094
16082616
16046569
16004157
15926967
15915735
15915734
15820382
15793982
15787229
15774344
15745921
15742908
15732888
15720030
15715897
15683202
15674058
15670006
15659720
15646867
15645762
15645759
15631404
15631292
15612844
15602312
15597928
15561158
15561154
15559886
15558075
15553361
15540618
15534456
15533143
15532442
15515471
20302064
20203635
20177047
19506170
19420036
19369681
19323160
19321069
19306370
19297809
19266655
19260614
19256297
19216339
19172364
19155849
18996605
18995164
18972862
18951384
18942535
18939680
18935702
18923330
18856147
18845509
18808056
18797382
18796048
18788230
18785916
18783502
18762140
18757992
18753881
18752071
18726695
18722692
18717235
18713215
18684359
18694242
18689217
18688778
18677022
18653816
18636333
18630145
18630064
18624704
18622457
18618264
18605277
18574382
18507235
18360840
18340089
18334678
18327061
17493954
17491563
17475724
17467557
17466790
17450710
17449521
17444407
17442438
17441557
17439757
17427985
17419232
17419034
17416502
17415219
17412843
17410533
17402352
17401771
17394731
17387290
17374802
17366255
17359902
17354156
17348779
17348381
17347600
17330996
17326298
17324196
17315298
17305299
17302137
17301210
17298250
17283217
17273485
17264695
16632217
16620198
16612921
16602517
16602516
16602515
16602514
16567242
16567238
16546063
16533903
16523818
16523100
16520527
16507290
16505634
16504481
16497736
16481843
16481839
16481838
16472886
16463453
16442461
16425926
16422486
16421854
16416888
16396128
16389157
16388532
16376137
16374262
16315625
16302440
16280397
16273441
16257949
16245560
16245559
19810308
16185553
16184784
16171072
16169069
16162576
16161297
16117095
16100640
16047637
16045078
15995086
15991586
15913121
15913097
15895550
15886362
15867079
15819525
15799295
15799253
15794299
15793986
22129219
22128567
22128565
22128563
22128562
22073695
22039748
21910375
21862750
21815184
21813409
21807274
21789953
21714448
21650136
21624536
21518932
21501798
21475355
21475059
21322884
21280286
21265386
21178749
21177745
21053441
20942319
20876168
20712549
20703145
20664048
20530172
20483963
20480597
20449991
20449988
20436033
20393174
20077809
20053674
20041613
20029563
19935341
19890896
19683253
19634807
19634644
19622915
19596352
19592843
19584343
19584342
19563729
21174896
19553067
19552677
19552186
19542198
19535791
19525768
19522378
19492699
19489086
19474635
19430414
19418275
19406045
19361012
19355999
19353979
19332716
21184362
19306789
19306787
19283563
19281098
19271662
19271625
19222490
19181201
19166664
19165122
19132572
20217967
19968535
19103405
19072186
18083668
18076814
18072989
18072381
18069400
18063317
17700902
18047642
18047173
20469538
20443256
20443253
20443252
20443251
18043783
18041324
18041230
18038228
18032197
18030604
18025448
18019790
18006423
18000508
17990738
17990402
17990156
17988599
17984152
17982215
17978387
17978360
17934591
17966199
17954873
17950045
17945887
17933651
17932723
17929153
17925515
17919216
17911667
17910032
17901599
17898250
17886424
17879602
17874269
17873665
17853949
17849679
17844860
17844857
17727181
17721144
17714255
17712886
17710787
17701338
17701334
17689442
17682352
17671080
17627837
17615842
17612821
17607906
17602321
17598679
17596598
17584421
17580014
17578304
17578303
17574437
17556743
17551880
17551452
17551431
17549465
17548447
17547282
17545386
17544044
17543804
17540180
17534743
17523528
17523527
17523526
17523525
17523524
17523523
17523522
17523521
17523519
17518245
17507591
17504525
17500349
16477905
16468255
16462392
16441335
16418490
16414936
16411006
16350390
16326779
16317399
16308174
16300027
16294629
16288876
16282012
21714444
21692586
21682172
21678872
21675642
21672061
21667813
21661648
20963282
20950124
20949815
20942881
20940584
20931892
20887609
20880819
20875512
20868887
20863045
20858371
20842962
20837612
20830815
20737231
20806588
20797365
20736716
20712800
20702679
20690391
20682496
20675413
20675017
20669892
20666037
20661039
20643275
20642183
20636144
20628656
20609044
20606138
20591998
20570080
20565016
20553366
20543390
20543388
20541443
20535680
20534334
20530312
20525523
20509500
20486528
20486519
20486445
20485212
20480775
20456789
20445451
20442154
20411904
20382901
20371054
20369643
20359674
20359397
20347327
20306615
20234248
20207267
20192078
20192064
20182814
20170430
20135939
20132342
20129227
19156467
19122533
20351911
20217979
19107130
19101774
19101457
19101450
19097874
19093407
19090367
19077838
19062459
19055813
19053969
19012788
18982988
18982395
18981442
18954244
18946891
18926163
18856106
18843666
18843605
18837203
18816369
18815525
18800645
18791622
18786851
18762643
18720112
18714747
18714110
18703906
18698595
18691277
18682516
18646359
18631302
18628742
18577133
18614445
18612720
18608358
18594490
18594243
18594028
18577762
18573214
18563492
18555560
18546568
18544655
18544196
18538965
18538094
18524160
18512579
18509146
18506954
18440354
18492640
18488775
18474979
18472065
18470844
18456984
18451385
18450884
18414265
18411860
18411859
18411858
18411852
18411581
18411466
18398799
18393740
18373578
18371167
18370896
18346493
18334689
18310641
18310215
18310160
18309941
18309865
18308263
18290277
18268853
18252082
18251424
18251059
18246862
18238748
18238742
18231111
18216414
18209218
18202721
18200763
18191799
18166883
20091965
20091964
20088153
18162794
18161229
16262841
21739919
21597383
21586244
21564396
21563896
21550543
21548477
21544965
21539028
21503489
21503452
21501800
21495237
21491343
21486889
21484068
21476322
21475053
21471071
21449872
21446264
21445493
21370796
21367369
21365982
21334207
21323007
21322879
21319696
21319577
21317508
21309404
21304355
21299281
21217609
21280285
21273027
21262007
21254824
21242267
21242264
21205834
21188927
21188876
21177399
21156753
21147403
21141263
21140884
21135789
21121508
21120403
21118867
21117508
21115674
21106993
21086841
21077743
21062546
21038566
20622762
20619575
20578046
20568976
20568975
20561147
20553114
20551868
20499769
20494690
20487072
20482461
20450019
20445220
20443072
20434083
20429036
20421242
20408887
20401972
20387186
20376695
20370860
20367818
20359386
20351333
20350914
20347311
20307195
20229212
20224504
20215333
20207265
20198707
20194402
20182813
20180439
20180438
20163296
20135082
20113708
20108713
20104395
20102101
20099956
20077808
20077807
20077806
20077805
20077804
20077803
20077802
20077801
20077799
20077798
20077797
20077796
20077795
20077794
20077793
20077792
20077790
20077788
20077787
20077786
20077785
20077784
20077783
20077782
20069940
20066851
20064805
20063616
20052731
20047353
20042885
21462428
20040607
20040605
20038717
20035196
20024697
20017115
20015124
20012347
20008060
19999433
19999254
19998833
19996464
19995864
19995831
19994755
19969388
19968909
19962586
19957460
19953866
19953863
19935357
19935350
19935345
19933963
19933953
19931826
19927861
19925534
19917650
19916822
19916821
19914483
19914473
19902149
19900646
19898700
19897841
19891775
19889711
19887653
19838852
19879782
19851140
19849904
19846861
19842526
19841117
19836731
19833670
19832877
19821543
19809014
19800711
19795533
19791531
21753452
19786769
19786677
19784692
19777790
19774970
19774791
19773695
19773568
19770735
19769207
19753952
19745343
19740690
19732246
19729266
19719892
19704112
19702489
19683664
19685532
19684933
19678740
19675349
19674021
19673014
19667919
19667779
19659706
19653536
19645165
19638984
19638979
19633593
19625933
19619203
19601451
19597893
19593275
19587108
19582523
19577834
19562979
19558666
19552133
19536389
19536388
19535294
19517579
19509212
19507299
19500346
19417044
19415504
19390111
19387906
19383958
19380943
19380442
19365651
19361251
19356330
19339320
19339319
19338653
19273777
19267028
19266991
19259839
19238453
19233689
19231678
19217366
19201172
19193242
19191941
19164212
22128564
22111391
22104712
21980630
21977770
21965009
21928608
21922698
21910370
21887988
21882755
21867855
21866728
21866726
21865921
21862745
21859274
21857013
21848452
21846255
21841115
21837858
21824947
21823567
21798119
21788541
21788540
21786730
21784286
21780720
21764242
21749006
21748988
21744722
21736236
21724787
21719756
21715993
21710873
21709523
21708806
21675699
21675155
21675150
21667803
21665161
21661603
21657117
21646901
21646895
21606789
21605365
21596210
21585591
21555655
21555652
21554734
21548407
21530383
21527171
21526714
21518935
21516595
21514838
21485420
21475356
21474368
21470734
21469417
21426582
21391944
21384219
21367379
21346587
21334787
21329167
21324099
21323461
21311266
21308343
21305713
21305352
21284498
21272221
21261998
21242451
21180319
21147292
21164327
21143347
21141397
21141265
21138207
21138206
21129508
21126624
21118321
21113075
21103848
21090991
21087814
21075324
21061308
21060123
21060118
21046968
21042946
21041598
20964750
20959738
20946442
20946037
20943606
20936737
20931101
20926407
20920067
20880922
20876170
20843886
20825820
20823020
20737232
20806684
20803673
20736670
20722880
20719567
20711076
20709997
20704138
20702445
20679511
20659204
20646293
20607432
20520550
20458642
20352133
20003236
19788791
19634804
19351407
19320788
18947116
18796049
18779462
18677868
18636007
18332403
17633908
17523520
16708509
16687378
16684422
16684172
16679437
16678696
16677191
16676112
16669563
16648618
16640738
16622437
16596488
16595543
16579332
16567237
16549036
16522662
16504130
16478839
16477819
16468604
16466343
16457055
16422485
16418496
16390896
16387907
16376025
16361395
16354865
16336367
16334075
16326783
16308129
16306279
16268752
16266035
16264002
16260687
16257880
16250826
16219176
16194647
16156194
16148318
16134431
16025260
16006495
15995043
15992202
15971736
15947922
15947329
15915739
15910584
15910395
15894251
15869017
15853778
15845146
15838409
15812092
15807066
15793019
15762898
15742907
15730365
15720496
15715532
15711955
15690252
15679893
15667378
15640289
15635492
15629990
15613848
15581440
15572094
15561157
15561156
15561155
15553338
15548934
15546222
15534158
17520351
18577171
19689634
20168014
21290863
16897379
20816554
16594219
17468687
18644323
16135721
20443299
17468510
21039087
17477184
15778075
20538441
19046244
16344631
18819206
20632189
21841589
17283960
20574878
21725239
19739307
21570018
21383568
21074961
17665067
16047074
15686081
18036471
17108547
17420193
21419309
20210824
19731166
17429884
18177782
17147069
19891018
16455161
18807396
20869660
15532523
20373929
21905564
17897650
19886328
19285168
15749321
17206210
18726939
17934386
19664735
17078324
21170771
21361237
19459404
17009570
16268467
18041866
15646515
20117674
17591806
21123958
19205660
15632810
15729796
21368524
17003253
16470155
21539143
17969090
18482121
17136375
22032021
20386308
17091759
16803754
20713425
15584185
21312092
19042266
16916119
18376525
19874643
20617291
18534688
21315638
16996857
19014588
18517167
21672366
17935651
15853091
20123879
20159129
19683092
20045208
21719626
20633061
19761482
18979706
17116539
18693996
17994499
15543405
17468688
16762794
17011909
16499789
16955115
21659397
17372803
19008269
18695848
19112077
17098393
18602791
16011820
18989681
18227882
18714791
17901454
16782338
15584311
20961981
18303431
19605604
17959577
17458539
17324184
18298996
17601846
20440414
17220677
20660602
19852714
16134471
18600601
19253241
18499604
20562607
18847639
15528058
18842460
21602631
15947742
19044193
21102177
21600368
16102160
16473292
18310208
18220631
16683218
21794116
18043339
16735200
19550215
21707473
19590439
21665046
17036618
21488763
17261144
21755786
16940346
20930255
20538363
21237552
17985056
16157943
17522925
17874183
20119828
18720560
20840381
16776317
21213185
21292210
21470607
18998815
17767930
16122084
20377778
21259067
19591682
17492990
17082973
20186518
19857354
18829424
16565282
16867122
17219878
18179503
19967949
19321807
17968039
18336692
18728445
21756619
21684479
20625573
16734271
19104320
17419778
16499673
17874543
16243678
19054958
18700984
16422735
21439173
18181890
17238432
20232046
20684760
18369591
15893217
18972942
16287820
17705866
18004617
20557668
19566517
19224804
18028892
18214334
16396679
18777696
16521901
20349850
16246653
17167358
20514712
16448491
16326224
16167446
21157249
15894761
21610645
15589438
19504812
18549063
18211951
15801049
16418823
16752881
16298088
21323492
17395968
17694882
17559973
16137072
19708422
20706184
21626612
16324523
18723729
21040560
19269405
20695949
19291197
16082295
20009750
19773646
15635790
18798714
19719366
16396410
17645956
20351917
17478122
20833285
16310615
17373528
15978179
18814810
17032612
18228671
15596691
18092378
16944362
17220744
21144199
21332775
18716050
20462074
15720167
20023498
16712491
19184390
20598494
17978274
17944781
17042399
21048501
16377830
18482146
21155639
17427369
16637941
21703897
16967262
17251726
21439172
16893727
16450935
19933287
17174652
15773313
16318967
19714367
20592048
21669433
17134633
21586247
21375410
15919693
20002705
21515870
16574634
17646603
18492551
18520368
17190121
18279447
18815973
16271294
16572746
19059568
21396615
19594346
21848019
21721302
16608158
16877190
21529729
15724562
15714109
17283304
17542794
18172404
19467998
20947284
16572117
16690581
16365613
15704593
16499309
16020574
20492058
19085296
19419347
18243334
20194401
17638595
18953226
20054794
19749653
18988579
17224699
20833985
20865872
21397102
19472119
15660148
20230171
16753085
21278673
18266663
17342971
17605056
21145522
20450128
17464573
21121831
18777603
19967207
17461369
15925079
18573961
16824983
15630930
21073826
21459238
18096038
17366226
19383168
21278001
18813463
16379510
15835012
15849658
15540669
15808027
16190003
18540857
16440248
16608944
16398166
18996427
20418163
18644157
19482542
19095823
20105287
17680755
16962408
19345609
21525806
17038298
18561857
17472499
16586027
19780433
19289342
16875103
17760913
20623464
16539318
15511744
17111239
21182440
21459176
20669785
19190869
17325121
16799016
16270669
18982223
19838654
15978874
16921859
16879540
17971372
17199198
21910307
16387810
21532043
19725398
16123494
19937340
20146829
19694849
19212247
16581631
18535316
16828669
19134514
18800005
18574373
20034134
18993131
18218337
18157447
15520160
21311260
18033192
18469615
15587531
21278322
20380340
19144993
18290408
19043804
19455882
17087177
20185608
20051430
16566103
20597336
20587048
19025697
17008952
17933617
17600243
20207658
17194987
17163003
20136648
19615730
19372121
21112849
18399368
18324667
18023172
20651302
19353347
20613692
16151493
18726796
18300325
21135610
18179667
19331295
16907789
18506543
18836325
21211988
18005911
20432774
18595310
21678259
21670616
17061659
15632812
17487706
16043005
17285234
17457775
16162561
18578681
16301454
19017373
16282082
20840686
16885652
19017866
17678824
21739734
16766686
19591021
21159391
19673010
17105639
19522554
16779356
16612288
19738219
19266765
20818881
19820852
20605809
19657936
17402209
18035846
15933310
16011137
17012495
18777026
19318459
18520672
20731597
20087554
21211228
19284188
15644694
18062033
20578508
16808082
17676697
19418075
21285363
18065806
18717919
20004924
18503360
17341751
17439995
15716799
21823409
17918618
16675762
19158236
18514824
17061152
18845416
19625552
16574303
16700692
20191888
17033591
18051917
21125755
16512040
19478723
17705873
16629547
20966841
18427230
20188623
18394871
16021929
19565988
20498144
16014173
21268489
17643979
20442152
16677155
15537122
16585436
16341117
19307508
17630271
15757374
15614123
18466604
21566441
21716217
18394529
18026022
18039993
17547270
17445133
16021997
17601835
19592208
16740006
19256742
21109125
16439744
19829388
17140012
18193623
20738435
18216632
20726270
15890224
16130682
16324039
15544667
18652065
15530751
17569459
19558734
21198463
15830766
16083088
16376598
19173724
19601420
17026438
15663314
19897801
16019260
15754566
18575289
16311622
19680298
21280548
18020847
16706243
17935048
16101202
20069308
18755780
19558736
17019550
16287894
18524338
16004095
19948370
18410819
18372379
18377550
21368540
17388763
16735012
20879638
16153768
20373224
16957458
17063649
18158437
18446745
17440296
18226623
17712692
21078683
19638371
17002186
16816348
21545951
21051389
16642233
16033623
18805619
20638814
19735607
18241782
18616438
17131901
16825133
17803837
19207559
17035553
19142780
16125480
15529485
15625966
16495493
18602058
15614493
16951513
20361726
19372538
21444937
20386374
17828142
19152992
18300058
16469472
17585613
18942568
19123879
17211003
18713769
16438074
21972312
20512742
20363840
19130685
16009286
20890190
19716704
17253013
16813879
19998632
15910821
19900939
21029220
16425679
19008760
21292720
18727762
16872504
19239728
19545096
18260772
21724547
20597406
16442452
21499008
20480264
19012713
17854736
19969444
18813003
20078023
20061227
20104400
20422792
18270924
16215659
15605758
15997613
19652745
15706181
17939624
18555682
19227592
16259049
20163757
16600012
20084785
15868587
15912412
21476419
19968454
18326127
15817597
21146672
16870278
21074075
15728419
18300277
18845413
21694567
17575444
20088161
15545244
15816698
18357435
16950728
16407697
16201984
18050051
20226917
17394734
21626482
18926715
19281444
16076795
17083278
16189755
19621493
21362757
16420660
21126965
17016888
16050857
15836555
19104261
19057437
19659491
16597053
21063799
18578220
18662241
21969476
19305226
16099200
21069601
15941078
16021741
20648582
16315549
19901746
18709580
21218211
17592105
17582830
16869520
20506669
18668359
18410781
19285173
18392637
21278668
22040851
19793718
19234866
21246451
17479318
16544559
17069466
18578440
19011741
16863046
18080932
20105262
19092468
21218704
17897117
17176303
21342389
15892507
21156305
20584119
17695581
17329464
20481075
17541554
18542082
18423167
20495648
20940073
20149724
20077996
15553754
19968691
16027595
20882733
18675030
16623143
20696954
15961913
16873775
19062704
16356561
20091227
18381830
19197178
19723869
16466574
17461316
15812434
21806649
19715514
20345835
18070256
16010225
21375117
20304547
19463681
17368074
20564128
20877775
21560456
20039530
20490571
17985600
17196847
19563356
17687209
17540259
17405775
20836418
17886525
19048698
21524205
18561848
20520126
18573483
16640211
17170661
21615346
20624148
15912603
18348350
16978939
16245304
20960702
20429693
19681779
21651661
19239664
20838335
16884567
21642931
18784496
17563598
20539163
15851389
19272512
20237210
16893875
19551673
18697975
21765244
17070598
16258930
17959576
18845046
18657041
17559705
21277589
15683013
17599966
15819648
21164393
21727886
19086245
15778132
18194352
17551877
16539992
20511104
16487898
18236092
18064812
21193653
18363454
21182438
17667488
18266568
17475498
17343534
17516887
17095418
16991107
15788032
20363444
19089460
15737858
18304125
18073251
15660321
19301486
15801998
20497880
20704094
16562640
15863624
19833007
17238623
18615962
20078006
16618589
16499258
17901010
18923249
16249417
18302874
19723373
16059543
21879671
15654775
18655855
20610490
16500828
16645462
19207049
20063594
20852466
21348217
20403305
21129714
16706705
18758042
21501727
15923414
18354710
16341904
18164351
16493324
19414230
17960679
19001919
19524432
17494279
19956197
18522603
18394512
20532131
19455607
16893361
19181674
20573664
15521111
21837847
19123871
19703048
20471628
17478645
16955119
17291340
16568450
17363865
17136990
18050531
20970237
18208614
19263816
17308862
21113847
18681346
17453462
15911054
21510871
18724571
15599171
21798074
21781212
18041968
16529207
19020364
18370889
20824553
20716871
16972583
21667714
18729669
15706690
21954793
17265412
17131641
17590320
19538648
17175545
20688541
19700280
16435526
21073845
16050889
20888787
17091913
20967840
18211529
19092351
17494803
17430746
15644012
20180870
18785349
16096156
18622960
20434630
17044342
19488602
16730440
16567989
19164133
20491202
16645497
15586831
17539882
15953668
19203299
17224774
19801323
19851239
21188513
17960388
15996268
19049226
21523993
20542366
19074306
16159029
18164466
16190837
19058073
19073955
17234071
17149526
18513106
20568584
18007003
20975539
17613159
18446181
16496662
16296965
18803577
20129207
21553576
17060272
19078874
19634612
21599990
17591402
20544041
16502003
17963769
19326807
19866508
16806933
20221646
18833725
16020073
18829016
18564324
15896961
15581430
15851372
15947643
16700232
20193057
18414339
19326611
19739452
21404499
19517669
19703382
15754509
16878852
15710642
21777396
21208587
17554946
20803852
20938273
20410448
20626236
19797499
19235784
16910949
18648956
21834286
20444765
15789679
19590235
17828836
19930680
15896603
18715182
18812148
21037439
18385407
17495726
19144895
20091463
18567965
21839899
17139816
20499710
20042225
16939708
20697077
17044445
19671133
20457326
19568217
19709790
21678698
15753483
16515148
18342823
21275312
16957799
18669455
16192176
16786829
16732442
16471296
17563326
16969984
20579792
21635184
15668597
16529145
21377671
20183556
18690623
20973734
19962475
15784059
20369442
20121338
17994270
20597404
16352959
17524736
18569199
20506507
17075364
21402456
18613247
17629751
15679494
21528170
21548351
17413404
19007710
15943142
17561212
18693199
18158527
20147836
16583872
21242775
18312194
18257786
16636322
19022169
16959931
21120767
19882396
18256563
17531914
17591508
18295432
16706322
15951523
18550780
18173895
21148654
20442341
17992507
21127449
18194357
18648766
16979535
18951385
17883715
21268519
17542147
18788339
17370897
21721495
18649808
17877871
18807041
20924304
19783333
16478535
18052559
17944769
16950187
21419559
20949838
15880171
16137269
19836188
16958714
19857153
16368178
21532081
17941552
18294342
19950037
16421657
19625548
21057232
16027635
18782365
16477276
20052874
20511193
21513000
15764960
19023571
19047688
16882343
16945780
17139941
20642413
18346597
21311271
16295153
20364647
21674471
19707124
17626134
20182988
18274880
17063648
20950875
18059345
16500926
19100146
16584804
21116947
20919970
21317104
15658177
17338952
21729322
21320661
17662689
16499461
20099431
18839550
16720486
19336753
21565652
21820837
17218707
15847683
16250121
17852241
15664089
15914375
16005633
16182093
18937570
16685163
18850534
18769105
20890143
15618087
18056515
15949958
15773236
17349646
20384510
20077773
17112138
16608617
21059091
20440410
16399970
17269854
18072444
21789908
15799485
19750834
17225762
20632191
22117496
15597936
19509634
17902521
20427299
15813397
16442464
19723861
19551433
18385225
21406700
19410517
20595214
15987406
16002021
16406785
19069711
17432333
18677781
15921985
16108777
19035895
16813966
19251192
15720494
18078156
20671510
19465317
19342530
19572058
15672028
19222661
21504240
21531940
19725299
16594428
15842207
19573473
16752168
20522880
16387251
18544726
19025086
21224945
18596678
16762127
21436338
16106587
17565284
20547286
17244999
21129344
15801997
21471881
15802414
15743295
16393097
17006107
20359655
18819046
15915023
20817453
18290752
21171905
19039055
17968220
17907550
18988007
20025426
17941770
17880475
19068042
21480679
16884157
15983080
18516462
19127235
18216062
18206522
21155399
19117883
17998835
21121764
16613601
16235359
21155363
17960652
20800143
20371035
16315527
19800037
16331548
18068279
15639043
15959746
17162109
16415659
16673673
20477855
20729045
19449711
19740170
16083190
17474361
16005258
18842993
16670743
19235496
20582802
19124670
20402374
20563396
16864133
20187719
21517836
16276341
20130160
16669939
20374400
15530172
16433735
16954006
20979771
20980772
21062591
18520670
20050447
17136936
20729493
18209780
16905961
18431302
16219516
18319132
19753504
21276552
19635339
19839216
15726544
20586173
15718174
16830844
19417119
17131635
21906721
19443086
20545805
18029956
19125786
16378818
18503650
17902526
20450324
18642619
19767781
20830623
20623971
17584391
20411889
21185221
20566987
20678231
20804887
16045247
18723247
21111980
15687784
20848259
15993960
16452280
15760511
18561635
21777720
16801638
20137029
18300270
16622358
17289538
19857211
17885971
18063122
19094408
17484705
21447846
20431457
16754838
18082836
21105305
18722196
18356003
17360151
21353132
20351324
19489376
19415965
15920691
16111443
18710128
17937946
21211714
20519008
21255001
17691709
15815963
19753803
19895690
21462060
19865006
19945081
18390479
16383053
15709850
17210396
16039937
16508483
16532478
17477005
16242440
20553349
18342588
18027000
19342260
16478806
15587130
20626482
17970505
21493350
18284805
19437080
19947026
18032679
19645153
17021282
20712463
21854247
18688055
16378790
20380037
19801316
17601154
20496298
17711380
15966887
19060802
21417148
17956403
17017685
16675775
21803278
18245214
19824260
16965467
19036485
21325098
18197941
21225585
16256049
16136828
15745282
17555656
18493093
19260240
18059392
20335895
17200172
15759071
17115974
16192178
20584364
16408524
18793856
19263718
15960406
21599841
17552406
18414179
16277741
15544685
18402301
18500136
20194891
15835223
21218737
20056005
18493090
18235162
18682473
15842442
19119734
20595720
20513345
15531554
18042470
15849528
17591413
19802635
16599038
15539531
15956139
16307634
15911931
16802535
16182120
21845553
16703755
18586756
19377174
19223842
16960490
18292422
16218153
19921997
18332571
16242331
21701921
19475826
20412357
16352514
19041209
16115713
17152518
16333641
17494482
20595307
16792939
15763849
15620909
17662809
19964428
19207173
15827431
21165881
21215697
18269305
20552538
18668178
21209295
21982520
17899501
16097606
17982991
17464706
19656110
17387048
20966789
19286854
15793322
18302595
17343037
19288969
15707259
20673342
17187548
19501426
19067298
20499655
17425793
19204859
17565524
17224350
19917035
18578198
17079620
15627022
20370758
19489797
20671209
18453099
16648724
18203534
16622263
19577702
16310139
18267996
17387062
16002947
17535343
15754503
19565441
16646728
16092293
20546465
17901174
17573272
20443320
16520526
18636228
16178336
16204445
15940836
18188761
17565765
20186032
17942499
19187422
18433879
19859851
16131281
19911481
20409059
18538214
17701118
15912353
20571733
20687824
17239235
20409528
15586302
17907008
15581151
15920707
16044934
18399369
18251444
17509938
15841067
21057839
21595608
15995499
17826034
21138140
20487419
21798499
16953020
18625090
18253800
17313538
17539571
17659005
19891300
20955186
17050750
16455226
17603271
16272071
19594367
16529591
15939515
17552345
21404447
18381849
18337263
16132885
20946115
17221096
16245480
18996713
20652466
20727183
20614707
15822628
16284977
19684629
18713199
17509101
18393749
19068898
17080905
18336817
15838407
21523983
15887765
16565634
19357425
18559870
18681348
18647212
17462801
19020265
17701533
18080337
17414331
19841416
20452243
17694890
16941132
19037225
21651656
16501745
16164590
21108175
17679660
19723279
15893162
18997054
18799642
18280252
20158128
17658007
16431003
18517166
21560952
19363884
19728660
18584908
19380090
15748678
16177584
15751434
17116767
17594634
17063631
18558184
18828297
16945065
15557918
21893651
20406508
16862020
20930622
19838884
21523263
18005373
16879094
20452166
16126311
20118704
20453190
21868479
18214265
15803333
16898980
21353918
20395948
19035076
18195274
18808596
16277742
20087034
20728326
19189151
18808574
18433476
21490536
20176412
17116556
20739152
20658353
16386668
19540803
16086714
18337533
17299466
19411358
15727548
18353493
19473204
15871536
16960491
18445825
19108596
18178411
21444178
20123819
15612235
17854734
17878134
16868772
17635261
15861361
19789196
18034982
17715168
20546463
17589550
18677877
19667888
16250527
21462062
18536216
16920220
21067080
18523695
21418436
19551619
18572721
19361307
19874096
17626523
16642748
15714716
17901456
19745632
16096140
17626550
17470500
20635554
18629507
17082827
21112677
18705736
20237761
17263096
17286868
20554140
17664534
19816624
20438010
19001101
19687468
20393965
17000583
18298632
21072230
20021684
18693980
18251207
21162694
19896254
20025452
20646817
21411849
17283821
20423363
20669872
16968312
17300391
20091379
19913183
17497309
19300433
16798756
18412912
19331036
18618958
17851016
15565363
18166588
16493299
20546288
19581222
21359690
19088667
20105589
20009052
18444043
19476234
19291342
18219251
16594190
15599695
21244656
21770355
17615464
15525860
20871497
16061930
16164513
20362713
19655499
15835213
15971874
16948420
16817671
21702413
18427444
15576523
17380843
15910587
17595715
17089286
17655850
19896664
15744200
19447272
19028821
16533676
17978589
15796462
16096143
21117305
17486471
16033595
16719737
19321037
19736818
15924033
17443196
16242291
15601409
17412171
19590467
19880475
17706205
20610983
20112458
15733808
19563323
19192903
17767093
18591365
16875276
17762845
17435400
19107304
19441659
19719367
20605808
18360836
18830860
18082108
16613404
19171331
18782209
20458987
21058891
17139153
17499670
16192192
16092572
19012140
18664978
20618777
17361388
19363444
20033786
19363868
18085602
17212292
17828675
18831477
16859865
19734100
17562727
21531963
21707004
19491151
20146022
19807230
15543666
21477429
16698254
19239662
20452912
21417131
15810750
18506126
16438097
21853069
21485928
20006644
18824833
17118638
21384566
16862022
20948485
16363343
15655433
18378464
16533127
17565432
16050852
17149460
19233587
18427398
20464718
18180634
19618792
20868386
17049093
19584351
19520228
18809814
16168038
17684164
21685762
16501401
21857174
15535537
17666609
18535317
20417261
21988870
20576072
15938105
20825809
17711973
19492673
20544300
19326334
15951704
21570528
18275399
20735503
16476633
20377798
17551558
17873249
21739743
17135087
19594341
19499428
16246515
15528897
21719000
16728288
18578109
20595529
15714151
17082171
19300289
19339005
16805192
17596246
21316909
17179235
18584998
16501583
19154304
17971696
16043979
18683435
18589314
20522291
17565809
18312731
17681395
19188879
19087473
17563046
18064982
19098617
18792440
19576793
20558024
18812614
20886197
20952823
19685032
19565445
19961038
19085201
16911054
18398650
20657888
20426241
16567985
16205345
19014410
17265411
20882210
15933681
18295641
19261138
21174855
20379914
15765631
18220679
15961624
17132376
21831325
18295216
17987759
17502812
20057328
21471911
20563730
18067610
22135843
19549673
19898785
19012060
21722980
17551421
21198233
19420152
20298512
15958358
21645114
19157750
17713113
15619178
17470720
17903244
17325298
17718641
20540391
18003422
16903403
20956023
17682411
16567994
16007641
15760930
15747196
21498782
20142276
21146167
21271189
18372887
18725832
16250279
18807300
18832510
16222396
15827908
21235731
15532791
21254468
17607970
18232612
18767470
18635374
19443292
17666144
17079619
20187949
18577323
19881212
20920322
21492337
18373443
20543370
19828537
19084288
17015522
16483424
15745213
20706893
16445855
19058079
16521003
20168196
15936987
17356973
20804891
19795324
16669556
17284556
17338202
20415672
18490877
18611313
21511835
17220391
18380645
20873473
19493144
20031902
16910802
20308220
18191494
19963309
17301056
21094716
18297167
19515272
18988409
17265660
17095426
18028836
19094155
15999958
18073657
21298841
21532758
20213432
21194657
17657419
16552215
16509834
17485968
18762505
15889590
20106897
20100854
20004490
16628176
21429037
17430742
16788256
21070702
21463291
17955625
17265703
20956707
19504160
21140554
19838868
15658736
16711494
20229076
18374561
19340795
18784562
16004098
15633310
19644630
19930832
17888107
16675772
16401024
20051186
19191853
16945884
15778631
21534109
16604796
18591165
17513011
16372713
18998896
19153132
16366867
19142627
18580016
20200818
17851317
16492233
17584389
16553507
21718855
16728385
17412236
20798620
17335518
18316655
18406987
16329131
21401285
15800255
19850435
16330624
17459139
19716090
20088062
17367303
18950369
20677392
18322026
17257297
16855802
21252650
18209669
15815967
15706278
19730813
19385362
16944381
15566022
15789311
18843531
19254200
18030197
16850568
16474223
18806181
20725708
16285321
15835417
19073377
15633074
19176406
18848669
17347505
18429450
17651229
17378236
21736169
15624279
18678215
16858741
15990739
19068176
17386913
17924888
20869466
16493532
20724330
21311711
18777976
17233146
21330098
20858338
17402945
18982233
17257963
18794714
21473669
17898401
18055904
21205555
20189746
17062536
16570029
19327572
17850938
17570984
19786423
18660718
15909012
16643346
21369633
17197966
18460906
20924818
20211394
17003585
18490078
19590465
21317095
20305450
19130225
17032489
19026308
20458195
16770368
17619435
18675188
16868335
15717240
19461551
21314891
17666170
20335919
16247355
15931047
15839161
17042803
20232500
21349135
19779052
19634261
17420113
18380826
16750798
19327293
20536626
19860304
17217133
15916260
16116369
19823090
21346444
18084353
19635277
17036265
17430768
20203460
17914337
16769462
18466848
15712470
15537404
15555479
18344781
16937731
19247229
19024183
21358312
21783012
16609079
21134055
15620049
20690890
19044192
19370691
17954070
20010234
17208121
16273794
19842002
20016312
15915606
18340076
18836650
16964771
16617958
17850523
15913083
21494148
18664076
21456398
16719606
16604008
18341724
18619086
17033441
19134488
16455726
16441395
19620220
19077024
21520697
18392546
19960081
19181452
16787474
19373187
20494330
18499522
16113141
20730061
18808694
15760813
16238512
15789393
19957420
15714714
19842586
16584553
16890882
16469149
21320157
19104172
21688514
21922704
18801512
16926760
18095075
16112674
20809853
17474588
21362042
20595693
20010014
17822571
18190683
16019976
19061525
19912096
16047417
16125898
18216407
15756120
15960246
21155703
20834035
17086940
21149871
20620088
18574259
16234910
21156883
20397053
20002984
18001641
17393814
15729808
17324690
18946074
16147725
19340984
16755942
19957105
20358731
20085690
19365396
16572755
19396648
18632780
21485750
20150771
17411505
19564320
15852052
16525904
17889971
21128694
18926180
19638640
15911728
15867700
19546274
16445071
16356316
15679507
18690003
17366949
18656195
18500140
19124983
18062441
15819535
19236871
21276199
18229651
17540191
20210934
18077492
15799673
19380920
15862736
16500011
20679778
21073577
19807234
19793245
15826425
21295064
15566217
16634398
20932316
20526983
15788083
16700241
17238948
20819049
19508138
15706156
18417731
18350770
15567208
16491996
19761589
15519919
16411027
17515018
18053777
20523219
16050856
18612088
21473953
17364250
15627872
20492684
17448416
16722300
21791063
18041413
20806579
20155605
17584305
18035261
20373169
21366738
19151964
21532073
18030125
21476166
19004659
15813804
17971627
17337347
17617501
18430621
17428540
17491169
20690373
19845942
20010203
17844723
20510700
20450025
15932487
16475462
20560832
20386055
19242841
21456497
17068440
20510840
15940125
20107339
17072358
18844196
21916319
20931414
16627128
20433546
15893218
17064837
19760207
15754631
21477493
16723947
18257761
20413409
15555079
21436706
19154861
18997357
16130343
21744584
18849404
18272212
21134185
18078260
16881995
16423789
19268902
17676216
18565788
20614376
16411648
17620401
19495946
21694507
20439042
16274169
17316099
20492016
19293303
16690981
19437952
15854176
18431881
20954167
21402255
16275521
18791551
19147238
18702636
15843427
17352397
16340273
19304812
21524315
19301726
17007257
16286056
19862494
20433666
17537189
17120925
17320551
18090148
17221041
16514388
18561924
21263348
16870386
20683772
18321620
17932992
16169727
18676599
15830000
18630780
18812795
17130381
16834883
20118697
16937774
17102240
21305423
15969988
21139454
21254304
18751998
19828365
21546382
16482393
21119309
18328024
19559512
18468693
19351793
18261697
19831158
19155098
19582465
18216077
18781660
18240924
19632805
18399614
17852003
16181574
19286279
19560304
15955403
18564295
19093352
17976298
17009572
19744061
19647330
17594294
18292979
15611423
17448401
19366472
19715404
16830017
19135732
20618522
17907756
15754564
16706328
17632445
17711587
20618596
21292051
19471030
17524720
15871867
20795597
19268393
16137141
18276125
16681554
18951825
21513050
19514803
17089175
19608320
17927102
18757768
16792517
16336151
19541547
18653427
15566606
18073702
15899606
21402307
17577552
16441393
16780297
17512151
20230576
18334517
17243516
20235896
18179535
21243226
19422989
20965794
20019504
20231945
15544016
17175678
20059777
20173601
15761310
16175972
15887805
21041537
16076596
20576292
20531171
17332101
19363928
19122982
20522394
18160115
17493307
20401356
16542132
18043344
18329460
17066990
17227396
21651735
17499618
15610989
19339407
17725265
16250390
17653891
17137090
16849963
15537586
16405707
17514396
18074416
21671528
21228095
21300192
20562254
18833458
19788369
19204127
21057397
19433998
18640951
16119682
16862950
18297971
15803230
19216482
17519376
16824222
18159973
20103511
16083468
19032784
19009891
15997975
16447529
18242130
17489954
18557284
16470717
17289828
16203852
17828003
16410621
19945879
17577159
18002880
19637769
15793025
21324243
17258332
16555756
21416409
20739577
20087548
17518166
21690602
16620259
16616695
21356601
20346486
16769716
19822057
19202247
15552460
17406015
19373635
18569892
16456752
18251446
16313370
19785564
19375235
17431337
19770549
19948297
16766590
20331382
19674431
19941657
15890286
19797559
18200896
20063089
21444597
19582459
16036232
20573333
16765535
18165752
17907051
18357954
19545366
18415031
17347504
20447220
19399982
19734976
20426815
20589153
15777478
16575088
16569406
20175316
19958418
18272607
15619174
19913179
18360885
18665069
15951582
16899938
16023444
19715097
20638813
15924034
19804629
19828645
16222404
17325834
15709443
16441983
19216487
18710785
21336996
16135590
18567402
17449437
18581690
19474372
21469474
18239445
15557355
20099529
19800997
21432787
19536006
20879642
20650026
21103767
19204646
21480157
16808704
15984498
15992472
19609190
17042319
21860933
20926743
18772211
16980681
19330348
16335610
20425741
18556864
21126130
18183697
16579251
17885384
15609073
15590218
19735590
20487528
15750514
20679561
15877686
16652413
18184983
17327187
17671005
17911863
20299692
20650593
19051992
18523144
16350482
16311134
19999948
20831000
19143904
18622219
20654793
18417961
18434900
21480495
17114836
16690264
18272613
17207007
17284552
21066933
17112119
19674462
20576399
18188910
19695973
16687338
16545514
15602164
19929642
20712421
18301089
16900287
19160924
18291465
19416041
17661968
18854258
15566559
19899647
18788226
17345598
16342920
19023522
21475055
20826840
19396641
18402417
17012496
17054631
16892774
16834579
15651652
20695047
18723582
18316911
18983652
16627411
21641503
16849306
17430740
19931963
19648600
17594542
15756154
19028922
20189861
20737795
18241531
17851345
17146138
21139520
17870032
21333588
19723271
17540013
19062357
18314838
16128974
20082061
20975399
20825891
20660633
21266285
19673054
18845347
16315815
17474128
15902009
18947121
20506883
17311238
16959747
16594409
18267995
18489673
17876966
18820492
17507734
19568440
15887808
18787902
16022139
16965885
18690123
17727554
20002507
16836999
19524899
18163137
19037472
15993674
19201147
21561026
19445434
18928964
17665623
19941730
17158492
15707097
16035081
16525169
21605323
19940010
18820832
21143363
18347907
18717278
16773286
19966728
19480793
19671641
16704395
20682967
21682166
15694103
16052732
19537399
15726873
17102891
17076445
15710799
19300155
21989753
17310429
18504057
16850152
17022849
16819564
19428093
19383069
21387576
20693890
20464883
20662290
16199400
17494245
18555143
20657978
17419799
16907794
16498926
17316933
19926978
18652942
18194797
15527814
17908082
21265350
17044586
18561619
21282690
17702516
15730542
18021145
15801246
15744142
20557005
19655523
15774077
18289494
16255103
16717026
21462907
16291294
16899363
18356768
18272608
15899224
20501486
17235250
20872773
18358685
18807040
21692436
19119701
20607688
17693266
20142581
16512032
21135296
20220657
15970116
18598386
21231953
18384358
21534823
21605514
20630197
17132593
19069462
15953979
19932475
16524992
20369755
20131443
18361466
21730931
16370233
19309414
16393828
19570485
19525359
15715120
21223592
16027596
18521875
19441250
20687037
18251187
17163222
16808770
17200081
19281545
20675819
17227875
16909729
19715493
16815278
21667671
17547752
16807169
18721221
21595376
21503506
15921005
19271039
20395614
19564180
18206373
16552592
20467431
15644659
17182970
18674500
21199549
16292013
15518610
21540860
17119491
19084890
18230417
20232187
16492794
16168035
15574727
17373239
18653426
17122618
16605144
15943622
15750482
19144283
20675297
18157581
20179254
16790946
21078001
19337083
20443408
18400003
15584942
20853103
18488774
16050226
20068311
21661267
16416580
22049813
19712787
17607146
18173051
19497889
21272764
18556643
20236860
15848471
18370359
17107619
19234646
18665060
16752962
17957346
20689358
19476884
19517167
16565792
18251194
15761454
19412673
19883347
21139501
16875119
20141467
17803414
17688476
18816746
20660904
16393486
18051975
19671170
19164613
21349446
18974701
19041531
19581618
16728289
21404720
17404126
18242941
19185977
20483677
20881755
17473811
17650984
16758527
17408159
19507311
20592548
19634576
20463446
21655407
17000350
16684751
16047994
20065195
18808287
20605087
19785581
16925180
17439590
18588400
20964161
16979096
16225322
16498154
18284670
18936325
17161809
16292624
16484171
16808754
18678199
17390192
21612432
18612091
18693400
19142461
18558392
18325947
18350859
18058184
20000251
19994758
19720912
15566162
17964892
18422207
20824070
19629534
16035246
20085958
18090444
18634745
20236522
16115175
16550700
21367604
18160922
19530210
17372185
17342002
18390044
16933633
17897420
17116952
17653917
15680559
15774054
17690523
19052707
21343590
15578149
20570781
18382695
21658255
19108047
21087301
16813541
18638714
18580645
17689809
19076460
19619372
21088131
20695950
15916209
20709554
16268282
16594252
16466611
15828598
17509280
15514186
15662184
15645188
20394770
17034396
19687703
17888990
20889513
16421363
20533570
20047365
20010373
20590026
16050958
21266290
16267979
19259706
17265839
20148864
21434510
17110874
20670780
18648986
20631590
15762901
20824563
18830764
18277888
20510841
18372809
20569538
18245426
19243591
20857674
18486879
18977111
17166982
16398874
16381100
16088432
18828830
18617708
20517725
19371991
17520850
21239422
15529716
17708181
17413487
19204231
19514390
17136752
17914542
18752660
20459997
20806560
18284317
19497898
20221862
15529194
15760701
17040159
20628305
20231494
18814391
18176137
19582516
17085610
18292101
21464420
17461754
17922171
16883670
21038530
18018351
20974021
18619794
20949791
16215353
17927072
19382539
17902163
17601109
16422737
19891301
21286839
16685243
18832287
21467056
18262139
16052902
16913578
15675731
16018107
17907738
20462746
18522531
17216935
15681992
19592804
17581367
16448993
18555001
18988582
20847193
21629205
16627313
19228506
19694517
19559290
19752069
18182635
20402254
20561129
16525525
18652666
20387500
18637748
17124186
16566337
17173922
19202117
16786824
16378773
17115956
17142604
17131247
18614912
16512049
18361322
20736156
15682992
16624985
19335479
16172344
16886791
15573834
17907276
21208704
17980668
21081716
17664502
18420526
21599900
19785885
16630226
20431450
21528081
16048621
20065900
15631258
16773256
17218552
21357208
16184292
20443645
17068649
19827322
19127907
18398530
18842157
18808080
19737125
18756161
17574692
20469767
21311275
18402738
20851272
20171937
19743707
16918080
19061176
20049092
20929617
18058833
21279253
16516127
18227889
21309382
19119575
19737124
15778076
19390343
16158036
19846270
17241187
18072606
20096961
15772509
16880222
21782996
19263906
16534554
20822848
20595211
19482375
19426945
16839819
18819045
15640647
21404768
15637522
17997260
22128511
17015861
16269900
17338950
19725798
18803442
17165478
15531985
17267389
15839235
15511325
17035672
16119628
16552615
17911576
21159197
17651503
19217600
20937590
16293195
16172843
16202887
16520263
21798470
16961117
17108742
17371423
17622862
18842455
16704405
17057593
21870731
18838702
20305590
15690835
18413628
16629579
16319757
21742461
18495410
15965035
20822644
18190478
16904970
16513352
15728223
21919293
16282934
18228643
17957525
15800173
17544181
18727765
21938966
16810086
17563049
19940416
21450662
18194925
19854611
17846091
16021559
17138955
20372890
17936793
16436857
18521034
19856643
21162325
17151804
16416759
19843964
19647956
21898324
17402954
15622149
21306064
17214251
21481519
18291720
19525767
20064269
19896029
17898931
21109807
20628830
21625660
17587559
16638028
17382210
21219527
18281644
20830989
18595942
18372678
20614429
20459674
16429683
17308454
19590471
17992303
21197881
21645388
19136228
17268335
17335519
19877387
15617358
21730912
15603695
17089490
16010140
17995565
16015224
19766373
17901831
19700269
16734501
15744194
20059394
20048676
16358088
19674863
19812793
19672610
17526445
17363866
17923470
17970363
18426103
17552337
17991928
17212864
17729373
19285177
17540320
17273081
19947285
18980104
17310308
18430563
20516818
19405301
19016025
18977994
17328816
19349189
18279521
20370762
17964014
19655502
19357964
16365241
18519105
16938136
18205528
21506464
15520103
16818834
16698475
15658131
18941323
18953469
21266202
16183574
21132559
19938442
18390030
17347846
19120733
15991756
21614939
19923945
20851265
15527604
21935800
21181630
20031846
19775919
16614882
21453911
20447799
16106771
20841683
20488653
21486361
16416401
15563964
18419987
20806611
16387948
18787976
18000477
19909516
19378859
21155406
20406549
18445861
21066978
17000098
19170377
17263053
18687120
19548416
21145582
19798555
16826949
15747901
20642211
15597498
17905364
19029005
18415920
15835624
20237039
15701163
17197793
16259187
17327759
19861106
19464761
18947122
18423348
17486679
19005119
21678368
20949772
18762528
16920527
17108590
18824835
16959930
21641222
17058890
18619766
19411529
20837284
20810420
15966460
18018818
16967112
16261791
19366949
21029224
15912291
20937922
20885303
18353750
19144279
18072978
15606832
19648596
21441308
20193874
19939723
16422483
17425253
20672517
19090872
17295055
21258976
19469434
19969443
20192712
20882832
19814924
17310340
17262741
15877560
16169801
17956527
18001185
19619092
16917424
20429974
20679039
18675107
17244852
18337617
19056024
20154558
19817529
20153911
19014132
19883486
19133146
17139019
21483492
17182454
20880367
15774332
16264081
17520881
21208702
18953730
20202506
18711031
19819098
21117533
18060981
18764787
17668598
19282060
19117310
20485722
17933417
20354243
18214033
16557069
15725206
17575756
16686584
19787466
18814304
18211531
16884034
18827642
19740140
16629279
18849744
21478683
20392667
19017664
15913239
17560961
20181648
17393971
19037192
17936542
18510665
18936266
19010600
19282506
16688508
20354115
16465053
15715277
17650782
16889276
18360205
19266713
20875486
16612771
17352695
16175728
16446268
15639036
21894865
19139668
20232252
19766889
20597710
20875258
17326019
17022324
19147323
20606057
17186528
16046887
21448038
17005073
18006131
18368873
16776489
16119570
15695147
20937936
19094381
18211483
19996471
15776599
17141638
17443554
21473969
15984505
17912822
21129704
18322027
20642088
17109707
17502432
18980038
20505606
21252889
20868254
17454342
21126302
16179813
16295514
17236856
21654602
17709166
19770109
20593987
15786856
16722893
15864364
19606561
17824264
19808192
15582782
16119488
19681711
17367901
16688665
21111952
20631593
19051953
19812242
16251817
16901882
18386962
21603729
19039051
21708526
19064862
17592658
20026721
20424822
21504962
20404284
21500510
19454528
20148933
20480130
18398697
17963880
15718626
17942588
19754633
16048199
18041355
18414327
19775309
17542721
17539210
18030151
19433997
20868958
21368658
19419352
17364221
20863357
19018908
19538703
18630251
18982783
19935109
16549294
16594277
17505377
18578801
18459155
21805951
18830770
18798229
17978148
18641496
19304806
20029343
16238513
16213234
17069235
17064819
15635133
19343863
20838134
21977725
18494959
20531493
16881753
16967734
21824389
21624687
20921249
16867083
16175921
18275402
20936570
21536611
17275989
19687464
19124977
20700673
17108599
16393438
16376145
20922540
19898099
15605747
19009778
20430215
21518295
16372601
19860093
17145513
17412079
18582300
18505664
20069957
17088700
18617824
17297243
16566617
19890086
19032123
19036038
18985624
15924035
16942418
19850437
19246845
20170303
20574205
18214226
18438567
16157339
18779186
21894840
19892890
17522788
19424920
17400084
17825956
19225067
20099252
17546355
21532080
18091287
21084575
17996173
21825919
20167834
17591606
16784048
21382252
16050363
19319635
16509434
18213506
18339391
19675510
17190120
16996372
19318460
15682721
16759783
21450679
15789968
16719673
17061337
17486358
19572457
19771528
18198966
16282827
16933637
17975729
17851378
19169311
16961098
15750524
17260531
16530117
19963303
17080696
18936029
19197777
20013110
17717804
17498426
19791519
16798563
21036534
21496754
21337243
16082308
20049682
19248372
16870639
17285953
17327188
15847865
21566469
18447890
20064971
17572801
17936148
17135842
15921061
20828726
21658713
21397129
20825856
17387063
17894953
16404863
18196711
19033177
16931972
17518884
21494167
17417043
20540408
21404497
17210997
19245156
16471153
17577555
16229934
20007003
20578642
16722853
16706773
16759963
17200636
16860964
21035300
17152454
17560953
21243878
17524864
19278185
20674116
16789331
16034855
15625660
16172437
20981638
17175717
21384792
15624551
16779140
17786521
19437904
17537258
18179013
21099065
20811186
20502179
19917578
18712640
18046336
20126958
19789447
21041842
16450936
18005126
19648384
21368550
21811572
17470926
18352918
18519926
17565431
17128542
21394491
19180577
19204226
17601217
18158513
21102244
16824205
17601235
18294873
16188426
16749640
16326206
20605695
15860078
15754735
19824989
18950001
18330403
19704292
15974225
18611253
15587605
19055300
18032742
17557506
16749538
17577174
21536367
18158520
20345206
18595871
21513445
20309740
20443310
19753420
18373049
19895595
15661265
21287816
20921496
20222392
19180006
18028849
19104228
20510843
21480788
20427002
17574191
15834342
19371848
19826116
16860261
18940709
16547388
16327040
20565496
17161900
15573505
19387125
18069316
19817274
20590506
19558371
17537739
18227463
20738054
18187010
20163484
20303030
20305532
19247839
20869678
20441028
19813040
17489499
16179857
17663416
21242563
19170303
19386402
17149038
19365250
17959478
17720351
19128346
20162921
18603221
20833382
16672069
15641947
21391772
19321066
18051015
18083238
17022918
21346463
15931492
17150326
17151898
17001357
19114882
17681611
19594788
16398889
16563315
21961358
17925585
16035335
18505616
18562907
16945446
15924039
17888804
15884265
15560732
17323334
19282690
20117563
19237501
17206552
17873711
21060101
17607539
18335259
18755423
20031865
20177950
16903300
17153563
20966631
21294833
16449087
18423347
21323845
17684861
18595420
15832071
17235720
21483003
19508712
21660534
17396040
16827505
18476648
19728502
15689089
21199141
18029511
21480489
21696240
18273482
18501359
16620046
18822998
17466653
17011217
21523998
19016254
20873431
21627881
17598894
21162358
18472623
18810233
21385448
17659765
16463468
16096148
17595921
20572429
20353663
16794971
22000178
19919290
19858822
17381826
19624440
16946440
17468786
21519226
18827762
16762052
18397719
16579824
19695514
17212893
16846539
18601725
16332190
17949401
21803663
17430711
16039735
16352976
20922921
16754831
18423611
17554100
17460307
16926306
18666911
15789360
17565880
19271597
17627726
18038527
18341751
19685611
19962716
16394905
17317434
19651575
20395731
18551517
16050883
18221656
19444731
17344264
19694852
18853541
17364077
19785362
16022238
20042244
15983929
15995378
17454287
17484652
21456500
15531936
18322130
15656843
16943717
19363941
16076796
15933465
20074905
20067944
16046892
20219160
20158320
17718377
20665117
21278670
18164350
17523576
19000464
15967625
15754859
19664410
16829361
19366389
20019348
16080648
19839292
17077433
19681535
15966626
18952706
21176251
17309186
18694471
20125106
19009790
21104452
17192220
18622998
19247559
17391559
18539517
17004425
19211100
17917469
16638773
17823567
19182851
19340778
20088190
18929435
16802080
15940881
15829472
16127571
20639572
16194757
16763515
15899314
21572262
20354919
16921324
18721082
21452645
15540680
17726922
20077139
22058392
17558067
20377396
21570527
17278337
21094437
15687899
18267176
20428969
18821031
19060806
21292755
15735593
17410509
16867965
18832107
16521715
18025487
17060287
20235421
16438155
15815962
17721833
16831512
19833331
17225627
16450794
16020072
15709563
16192827
16938143
19569462
18801865
16903305
21473663
21507260
17502628
19484951
16489938
19364033
18849806
19179217
16471214
17707251
21273220
19339450
19132574
17184419
18073258
21575883
18639936
17604553
20669596
21175971
21323043
17598039
19047490
19702814
19961502
17998411
18366755
17212575
20158126
18019209
18601640
19573771
20515903
17990424
16723921
21098154
19567757
20491200
21050203
19332575
17558762
16430349
17273563
16909963
18052895
19899258
17392945
17447344
17616454
16339293
18326343
17318662
19723270
18839514
19487945
21270415
19084099
16442424
15852073
16084800
21741720
17363210
20640516
18711703
20945719
21558105
18655730
21654376
20848428
21052724
20598825
20577274
20558122
20838705
18218198
21726687
20590514
15602187
18083170
20358806
19811192
19210013
22031346
16581636
20047130
19628304
16160551
17565261
20801960
16822995
16698113
15855951
20064197
16619769
19332199
18777972
16624226
16082238
17515638
20205936
19609188
15720311
15672425
17908528
17181500
15871467
15841057
19633917
20858885
21178387
15976500
19730982
20123672
19709016
16420107
20354926
16195574
16483091
17977500
16972607
16087823
20142405
19250153
17576245
17185207
17091750
16700166
18519296
20168152
19761916
18173735
20467339
17562731
15518001
15644672
17471617
20368662
20164666
16730491
17766519
18984379
16094549
16187669
19197698
19951223
18618273
16102151
19948571
16435312
19956159
19577752
20131587
18506658
17204565
21902115
16732343
17904133
16697601
19356201
17140121
16267706
21246866
15876881
18344834
18003870
17054152
16835672
18772182
21343937
19009464
15572502
20873066
17427618
17909221
21262793
16046566
15534339
19785291
17116115
19117060
17583078
15546817
20609661
19824520
18522701
19835465
16137802
18071813
17079614
21105636
16503005
20332744
20970046
16276857
20421570
16317867
17157092
18946979
17727759
19833000
19247013
18672347
18560796
19327063
18090141
20686063
21831026
18450821
17140424
19594344
20451772
20737230
19739878
16215518
16440562
21357781
18414311
15653250
16050400
21319591
20853586
19683090
20426359
15840163
16155348
18667870
21507105
15918872
18289187
19606776
18713128
18001656
15526622
19660624
17901828
20689196
19514130
17958940
18725831
16598960
16255338
21663608
17333312
21285468
15904528
18418108
18236848
19958147
19114838
15750493
19344442
19763006
20716901
16702820
21029377
16850023
15948091
18695814
19934858
16260484
19845179
16569179
16494664
20069962
16214624
19490299
16342025
16676553
17539699
20426633
20216073
19515862
18416361
17007885
15602707
16174147
19105562
20147807
16611513
16532479
21717149
16813539
20961281
17658006
19729322
19703383
16583952
18497214
19042824
17017324
20433216
18644916
21298505
19686224
19563502
18388681
17308220
17877872
17088223
17416702
15546554
17459812
20446622
16553689
20508682
18551885
19476891
19409635
16900280
20114095
21631943
17111645
17164029
18626532
18727353
15772510
16266959
21939002
18972235
18611317
21879680
18799237
17394176
19665919
15924016
16759851
20832921
18060500
16563144
19092029
17786088
19128310
16122540
19180719
20623165
19930356
17897148
21587148
19936838
18510576
20156379
20408275
16945784
17001260
20512448
17240136
19253130
16518795
15964735
19727041
20137838
16827445
18450676
16892694
16273992
20306771
21478693
16373136
18210735
16116371
19878479
16918744
17119896
16124420
19112875
21747417
15589704
18370970
17184413
21462047
18602185
17227358
17081913
15993978
15540710
20010012
18982839
20716804
19517200
18193482
16452557
19444814
18720573
16919748
18448933
20078403
15893216
18173315
16461957
16131284
15567739
18950440
21336010
19602539
17219527
19072193
21375102
18751647
17656407
16884570
16220059
20826113
19913178
20107917
20966842
19061173
19186226
20923843
18471674
16860987
18338445
15808121
18564969
18283063
19033150
15748123
16010811
15584668
17059971
21705154
18786971
15624349
17616311
17931538
18295846
18172792
18216600
16763282
19507367
16856084
20363445
19114784
19936604
20822270
20142011
16043345
16036012
20405303
19865028
20974414
20046116
18593834
21631927
21790099
16450926
21905476
17556325
17822750
16438810
21703675
19194641
16630317
18838899
16450237
16963194
19570067
20024702
20006419
17604978
15627007
19591512
21456490
17390949
19943978
20955135
19552036
16472040
16754772
20234199
17929748
16086615
19400339
17256018
18425602
19219661
17992299
19490598
17602015
19416050
15804242
16796079
20144218
16440938
19811604
17396446
21039850
15868984
18027518
15883463
16802685
18432048
20335648
18548794
17506893
17466825
18198360
18536546
21131605
19744889
20522453
16456206
19268237
17564279
16061596
19877977
16343083
21696320
15852239
19060640
17767689
19127448
20581166
18843139
19695286
19273863
15746595
16549574
20223310
16112540
20481417
18924462
18038517
19182305
21711126
17920270
17479356
21564464
20473648
15889867
16988605
19964427
20555354
20307361
16773318
15894793
21178600
17674216
17849824
21199074
21129618
20140355
16802428
17727340
19953755
21459863
18394106
21765035
21205724
18811613
16135654
21534900
17102217
18424872
16364952
18985810
16717381
17390749
19194310
18682011
16489897
19282319
18047923
16961111
15850255
19745393
15853779
15962640
18468938
15973859
19874304
19817520
19389535
17697218
16003402
16492214
17916873
16408461
20218162
19187882
21894104
19300284
17692494
16461246
17233863
15736894
21191211
17462044
18182636
15964445
19817163
16677976
20126962
21807707
20214779
18569197
18724547
18197883
20557393
21682626
15933914
15581955
16294182
21165654
18803742
19446840
16689412
20800719
17575939
15787223
17000476
18289416
19442968
19255305
21495336
17853260
18758849
21168943
15618104
17956529
20107815
19280438
21432603
17182417
15893207
20978932
19694620
21073773
20446248
17333297
21429447
21824231
16095435
16942587
16613409
16438813
17963493
16216379
16639199
20224313
21807689
15861919
15880977
18787443
20369438
19914022
21632000
21530414
18154103
19384131
17934943
16804364
17094360
20568551
18481380
21323006
21167022
21432840
18787448
17426104
19684373
15895142
20227642
17017842
20598613
19097041
16138454
17335524
15770561
15517691
16455323
20853211
19930285
16116357
20803408
17316883
20299645
20178588
16625890
21035994
19892511
20216168
18019769
21469986
21339402
15641236
17900485
20726410
19349018
20841722
21093369
19686269
19199850
19432597
15515442
21394012
17343118
16919162
21675383
17170632
15951518
20735507
20117259
16392268
19538798
18725849
16918745
17608084
18442677
15792753
19328676
18334052
20024709
19661195
19042825
17270088
20006414
19736656
15528578
20864874
17360319
16579216
16035725
17071299
20436027
21215489
16268041
19502171
17409367
16252635
16448964
19575270
18632842
17679241
16570543
21029281
17592976
16515564
16128658
21761385
21346708
18435961
17469376
16162702
20430653
18557966
19152898
21508627
15931045
16704611
20503678
18021169
20458106
20833825
17761570
21306645
18501019
15720709
17966237
18359112
20807347
15668077
17343953
15984507
19534170
21644295
20044162
19741218
16342912
18240839
16540279
16917911
15947333
17182402
20098176
16099126
15577647
15586121
19644973
17135904
17057138
18277797
17623824
16872795
17221295
19820204
21306858
15640630
18457809
18658115
21500178
16244045
18241139
19735763
16281205
17876209
19531773
20025770
21314772
19650945
17608648
20141539
19806767
20621897
19591363
17188854
18350213
20621900
19775467
17760300
19111866
17592993
18021137
16267145
18093505
16758094
21285471
19269375
18588727
17984649
20708563
21050340
20429234
17177958
18567387
20931513
19690607
19465748
15638043
18320628
17327741
15544665
17951224
16189328
19326133
21644886
16511612
20827931
16417700
17883713
18595303
17823734
15861103
20473194
17941519
15668270
18452367
20098168
17718731
18553252
19247696
20633939
21727887
17347828
18474884
19199154
16635052
15899727
17676420
15898219
21116179
18333730
17996820
16631716
16498199
19581787
19571322
19051170
19769566
20870690
17546833
20510699
19671650
16490561
18941964
18291056
17211876
17674201
20838131
21252667
16430757
20708975
20618187
18308023
20560218
15917008
21367478
20297901
16770370
20202269
15532173
18606290
16700689
17584339
21474201
21393043
17618630
18372954
16162300
15745369
19458511
15628169
18764854
17674224
21478756
18352962
18580046
18085415
16433263
15737508
16706550
19207552
19566021
21045783
17436785
18633020
16384766
16306755
16224032
16425897
18171394
19587248
19460833
15675218
17376688
20132576
19204615
16928578
17988048
19001352
19054983
16171082
17981887
16192533
21542811
17274754
19755822
17456169
16534084
19046651
21675316
21543914
20180056
17054735
20372899
19232919
21282279
20469612
19377071
18926930
18369305
19563640
18585539
19323611
15680527
16120895
18541643
19774913
21976585
19056617
15829452
18373613
21473328
18418109
17135856
17681078
18039550
17763050
19592825
18767472
16500578
16862025
21853564
15560292
21300920
18804999
17593568
18039518
16927953
15558403
18955440
17785686
21406478
18682476
21330804
15997576
17483997
17028624
15722850
16713336
16898377
18335903
15720485
16149255
15756184
21761957
16086507
18982990
16094061
19674761
21193083
16028831
17828010
15646115
19126286
17198753
19366499
18625892
21414688
17621450
20087122
18330626
18592066
18441273
18042378
19119095
17465252
16607066
16333558
15984179
17150430
15956267
18403715
19609133
20345062
18715382
19277873
19780435
16709883
16339250
17237557
18560068
20164816
20048248
21642732
16455463
16505655
16376739
18717664
19628390
20007819
21698915
20050427
17265784
20514884
16604926
16403202
16787911
21130202
17443877
21070639
17410748
17785685
20890138
16442991
15583903
20654899
17488254
17629242
16404802
19120748
18992701
20381427
16001612
15812732
16823953
18348105
19876629
16259852
20331888
17000472
20046118
20184233
18505556
19273780
20557416
19542059
17591532
20829005
16738983
20356790
21169795
21848359
16280077
15587184
16340097
17286721
17978612
19401105
17000609
17401779
18761842
16227665
21624869
15630975
16722957
20682969
16046896
18216618
19189408
18361951
20959587
20833937
18810663
16420546
21193785
16871980
21155123
17594407
21424566
16438766
19708839
16892667
16308682
17989126
19109334
21385531
20963669
18980712
20073551
15741585
21208412
21173510
21369634
15580415
