16633157
16719673
16740840
16739323
16735082
16730276
16722589
16787885
16783865
16778538
16778268
16769244
16763487
16760358
16756673
16832230
16827820
16827819
16816586
16816496
16814370
16813879
16809607
16807792
16802306
16799355
16799354
16790453
16789701
16894806
16890860
16888419
16878034
16875006
16873349
16860184
16842061
16841273
16840382
16959390
16951292
16917411
16916127
16910802
16905754
16899004
16897374
17034601
17028985
17028978
17022918
17005244
17003733
17000455
16987118
16983305
16968589
16967262
16964364
17133202
17130665
17125958
17124908
17123439
17122719
17122679
17119491
17115200
17112946
17102360
17095326
17095076
17093915
17088574
17083559
16594420
17243516
17240636
17237452
17228051
17225831
17217139
17211824
17201905
17200276
17200245
17198512
17194679
17194314
17187534
17185154
17176303
17174652
17174632
17174625
17157130
17152326
17151804
16033623
16025873
15962843
15952491
15951521
15918119
15917034
15915735
15915734
15901024
15853233
15828447
15812293
15782751
15780411
15766339
15743647
15710805
15704639
15697099
15643030
15641631
15595989
15589666
15583224
15583220
15579477
15577388
15571610
15571137
15534882
15534633
15532167
15513660
20303507
19405179
19366937
19050597
18981792
18973063
18839622
18832109
18809147
18821179
18820545
18806595
18791079
18754258
18715184
18709694
18707598
18672114
18666661
19825721
18629590
18401229
18393739
18377105
18330731
17496700
17487567
17474630
17474629
17470691
17465286
17452550
17452169
17448401
17447604
17446953
17446824
17446822
17442528
17440640
17440377
17424802
17407635
17401779
17394651
17388824
17386218
17384873
17383776
17382033
17376041
17370790
17352397
17348964
17346482
17344925
17332456
17330359
17329301
17329094
17324602
17322166
17315408
17308543
17303486
17301199
17288274
17286275
17285953
17284379
17279204
17266386
17261861
17260712
17255058
16632217
16515427
16499845
16465843
16458648
16457031
16448814
16438147
16429212
16420546
16390705
16371865
16365617
16358623
16352490
16322114
16322085
16310607
16294660
16292521
16229785
16199121
16182675
16175113
16154072
16134095
16128638
16105792
16084192
15997359
15983620
15927105
15914746
15850019
21842830
21830642
21805951
21732724
21657860
21657806
21649518
21646459
21586721
21220448
21214714
20678307
20658592
20439051
20411469
20373224
20107489
19907389
20065275
19897696
19845717
19668904
19607668
19577704
19567887
19564640
19495543
19492190
19470719
19460830
19381499
19364890
19350050
19343591
19328344
19094931
19273868
19251829
19239590
19228893
19178582
19176415
19172926
18090910
18090376
18083167
18074728
18068436
18067433
18061821
18048816
18038103
18032317
18032113
18031852
18018918
18004389
17999005
17998111
17996840
17990730
17987348
17984297
17969938
17967968
17921467
17957980
17957527
17957346
17909369
17896906
17944588
17941421
17938143
17932239
17927462
17923426
17911669
17911092
17910746
17903151
17895483
17886405
17854547
17847665
17761109
17845502
17844727
17824870
17823840
17823465
17804098
17803414
17766616
17763050
17761570
17714538
17711769
17711593
17699425
17678940
17682592
17682574
17682347
17669067
17666144
17665623
17656403
17654374
17650356
17644832
17636151
17633979
17615076
17609929
17609639
17608748
17608250
17608245
17607559
17604557
17603781
17595365
17591402
17588161
17584629
17584625
17576625
17574057
17564550
17560757
17558956
17558578
17540639
17531905
17530445
17519512
17518819
17518012
17516887
17516886
17515784
17504351
16423114
16355494
21673085
21672914
21657804
20965476
20965461
20940388
20921492
20890473
20886197
20872772
20862906
20841981
20841882
20841696
20720084
20720083
20719586
20685061
20682967
20673280
20664419
20660851
20640779
20609661
20598829
20513688
20490910
20488576
20458108
20453183
20452216
20436243
20403064
20397053
20396637
20394886
20390615
20354133
20237761
20227674
20204898
20184637
20174752
20158556
20128525
19161645
19155195
19152430
19150672
19146089
19141025
19139448
19139444
19138385
19120382
19117798
19106344
19097736
19050082
19037198
19034992
19030640
19025022
19021289
19011742
19011172
19008145
19001333
19001319
18999953
18948346
18928576
18928082
18926612
18855172
18848669
18848666
18845070
18837644
18836707
18829802
18826582
18823431
18821031
18817698
18816462
18806300
18783579
18759573
18727609
18724547
18714421
18713480
18712798
18708279
18682013
18660718
18638331
18638330
18637526
18627641
18618192
18614913
18612717
18607728
18595964
18592319
18591306
18585886
18584797
18584260
18580734
18579840
18578059
18570765
18557184
18556635
18550780
18549138
18548412
18519834
18519300
18518668
18510581
18509455
18507582
18506920
18487138
18485268
18477910
18474882
18473702
18462237
18461370
18459594
18457633
18455049
18431302
18430106
18419892
18418569
18414358
18411197
18410867
18407903
18397686
18397405
18386111
18380643
18380386
18378566
18373132
18363220
18362815
18343857
18336886
18330868
18321905
18318085
18317847
18302759
18302015
18299546
18282812
18276125
18269735
18248699
18247177
18242922
18174780
18229773
18227742
18164924
18209669
18202038
18198966
18198964
18189334
18189045
18182547
18178951
18175415
18171306
18159973
18159038
16680209
21803663
21770962
21737195
21597369
21591328
21575964
21563900
21558773
21555674
21555673
21548789
21525426
21511370
21498175
21482012
21461208
21460764
21447221
21446971
21429250
21422099
21402345
21393616
21378607
21359272
21293980
21262611
21214716
21214715
21162170
21138697
21091020
21078728
21075322
21067047
21050450
20613655
20604924
20582498
20578560
20566252
20564626
20564128
20564090
20559577
20557416
20552592
20545802
20535717
20532652
20527997
20509784
20469955
20464670
20458105
20456547
20452835
20450020
20442152
20439590
20437937
20434950
20413752
20410466
20399593
20398035
20394030
20392706
20392318
20389248
20380720
20367817
20367812
20367716
20367649
20355263
20354919
20349421
20346486
20336354
20331382
20308084
20303575
20229139
20226899
20224861
20221989
20212028
20207327
20206787
20204900
20197509
20191922
20178404
20163901
20163296
20152215
20146803
20144344
20143327
20117971
20109004
20108012
20107294
20103447
20103023
20082898
20077354
20077353
20071219
20068487
20066693
20064811
20064805
20061182
20057331
20057330
20057234
20056782
20056661
19995994
20054349
20051159
20051153
20043010
20042962
20038717
20036193
20034696
20015929
20010013
20007642
20001167
19997077
19959846
19957348
19957003
19952718
19948026
19940457
19940416
19937955
19933044
19929185
19912394
19901841
19901315
19887811
19881459
19877977
19875529
19873867
19854059
19845428
19843422
19842733
19839292
19838893
19837538
19813048
19805707
19797380
19781420
19780850
19776421
19772000
19765806
19765742
19763698
19760803
19752152
19743910
19743707
19743495
19739952
19728198
19725208
19717793
19715591
19712117
19705205
19694221
19675256
19675253
19670357
19660103
19648838
19647452
19643437
19632881
19602263
19601451
19582635
19570485
19568211
19567712
19566668
19549300
19543159
19534577
19522714
19514803
19506537
19503665
19489052
19485876
19470601
19476692
19473627
19455607
19455023
19450992
19445943
19437080
19424811
19418284
19414235
19413497
19401688
19385362
19383116
19382865
19371991
19366382
19362601
19359079
19345918
19335482
19329091
19307080
19299263
19294603
19291200
19287913
19286854
19282824
19273798
19273772
19273771
19266475
19250979
19237963
19222449
19221070
19218472
19208375
19208283
19202482
19202467
19196838
19193246
19182305
19175633
22065181
22006876
21957826
21957796
21814096
21922121
21893578
21879626
21860933
21834976
21834720
21831325
21824938
21824313
21819365
21805949
21805943
21791352
21785482
21729918
21748861
21735952
21735950
21725233
21724926
21689845
21680675
21670926
21664655
21649843
21641519
21615899
21606155
21592334
21585663
21569237
21555502
21545050
21502466
21490345
21486885
21477981
21472715
21465977
21457880
21440220
21440219
21436706
21430489
21429949
21423003
21413855
21411257
21402971
21359258
21357804
21356059
21317601
21349049
21315289
21314574
21294941
21294700
21292706
21292704
21275120
21272197
21269668
21265350
21262919
21256570
21254291
21248293
21173614
21176190
21168869
21159391
21156883
21156351
21146269
21145577
21145150
21144952
21144191
21143347
21142837
21138894
21134975
21131599
21130358
21129180
21128576
21127509
21121500
21112796
21109945
21088637
21088636
21088838
21086054
21078187
21074122
21070357
21063393
21057971
21056356
21029496
21029495
20978458
20976655
20973872
20965460
20965382
20952030
20881459
20881458
20940073
20935019
20878248
20868929
20861835
20858247
20857257
20854572
20833703
20812124
20807347
20800801
20729031
20722559
20719499
20708449
20640344
20678806
20673970
20665487
20660529
20658541
20652354
20615678
20433216
20381431
20380710
20353733
20220598
19927048
19711462
19695079
19439066
19308746
19273869
19159506
19087897
18936694
18849089
18779735
18665065
18657769
18646085
18613851
18511606
18380068
18379242
18189178
17823463
17636612
17455809
17109578
17062154
17002786
16922047
16815749
16708137
16707584
16707005
16706321
16699800
16690562
16681815
16680931
16679437
16676513
16674875
16635052
16618916
16611208
16603778
16596488
16557069
16551417
16551208
16538576
16533227
16531834
16530904
16528759
16525169
16520265
16516059
16505503
16499460
16490950
16482237
16475888
16472708
16462981
16461869
16441857
16440562
16426696
16424717
16422781
16421040
16409179
16403218
16402933
16398166
16398162
16381624
16377496
16351436
16350482
16345036
16336285
16333772
16315390
16313529
16310610
16310124
16299433
16288397
16286058
16268244
16255359
16254006
16249927
16247807
16244840
16240973
16238512
16230766
16221428
16199935
16170828
16169772
16155062
16151563
16151547
16150860
16138076
16133551
16128621
16122641
16109462
16097375
16095788
16054572
16052180
16050852
16036552
16036550
16036549
16032937
16027596
16009297
16006497
15999462
15995499
15989457
15985047
15976099
15949958
15948346
15947922
15939580
15933685
15929751
15929107
15923281
15922696
15922428
15921808
15917879
15915848
15914080
15913127
15909236
15889133
15878490
15871867
15867115
15859964
15855433
15850920
15850870
15813146
15812695
15811491
15805936
15805358
15802411
15798410
15789152
15781174
15776774
15776136
15769792
15761751
15751330
15741585
15735381
15725979
15722583
15722399
15720932
15715780
15715358
15682679
15670225
15665634
15663613
15660041
15649106
15648988
15629730
15626929
15625651
15605687
15605276
15605132
15604527
15588355
15584942
15566436
15563853
15551854
15548098
15546973
15544712
15542415
15533524
15530583
15529222
15529221
15526877
15520099
20921037
20653432
19333659
19121194
17283959
21820837
20044232
15717240
15644679
15752893
21237363
20690510
15610339
19180370
21843848
21041178
19018916
20509500
16521365
18661459
16467176
19525778
21033236
21399850
18552683
18176083
16455726
18238936
19363940
20846281
17566541
16598327
20501486
18412034
17982569
19186400
21709027
21404732
18183750
16093224
18327028
21047037
18822554
19522169
19394105
19592950
16700232
20225911
19386437
21938966
19179217
17485266
19185265
17212684
15805462
16790451
19944376
16098415
21285654
18474978
16049120
21211494
16041236
18393749
16351522
15602163
18322744
17503161
20565872
21150420
19160608
20675026
17544044
18309919
16430855
15817605
20191948
20798619
19261186
20084871
17917946
16431003
17099505
17188939
19820474
18506658
20370762
16498196
15672743
16045109
20187964
15857740
16144265
20974334
18035233
17913771
18182878
21319591
19291709
19753807
20455147
16796423
16388426
16609818
20619199
19379114
19546455
21152996
16719039
18446175
21194484
18630360
19134499
17385042
18500138
20669805
17406014
20390617
17363872
20847022
16082616
17479528
18799468
19674860
17330297
16678180
18972942
19785580
16689714
19627048
19138389
16938639
16750799
18384358
20331325
16644323
20638813
18777713
21171881
16050883
21857859
21133868
16505421
18226763
16182095
19094876
21094532
16626100
20137845
17261346
18715393
15723731
21404158
19199850
21198244
21712681
19021727
17491445
20029970
18437382
21511353
16859868
16179857
16294697
20439203
21727832
18668612
19373953
19202531
15844801
15532327
16927002
21136226
16274558
20493590
20539139
16124449
16342350
20339770
19808471
16199464
17163497
17015873
16737170
18294511
19432612
17563600
20122027
16287523
17662568
16093890
20378626
17075010
19390178
20007819
15679893
16285420
20547286
19293303
20657630
19733814
17667253
16856033
15648370
21810580
17944701
20107291
18709831
19103693
18314403
19893846
15876244
19929125
18785884
15780145
16226862
20107917
17636790
17761230
19065397
21244671
19741445
20237039
19767023
18398664
19378523
16492659
18774882
19328676
15942477
15574111
16830017
17658006
17703015
17955929
20447197
15926345
20806560
20189951
19387906
16191145
21392764
18406037
19004438
19232483
21398151
21991720
19537628
19507369
16909192
17060287
16926716
16714366
18772211
18715185
18371167
20806611
21922704
17664500
17901831
18280963
20000266
18358344
16608946
18924291
19281098
21285393
17260600
17591532
19152405
19050330
17109748
20450018
17000231
18727575
16986566
15653255
17175653
16080388
16823890
20458817
16050400
16252372
18321506
17999294
17963528
15608112
16203882
19626254
15891346
21879655
17368297
17925109
18325645
16471099
20696792
16240882
20630014
20218895
20519101
16409337
17244297
21213170
19617282
19233704
15856168
18603173
20502167
16714461
18923711
18655507
17984481
20012253
17803576
19824279
21272220
19493144
15567874
18472221
21800522
17475738
18389983
18038520
20858372
19780018
20532131
19945634
18291328
21548407
19682848
15762390
15837667
17514858
21149751
18331535
19291342
17471185
16401766
17785685
21320942
20174996
16220769
17910341
20935272
16382795
18809151
18669348
21464758
15910821
16181263
19326309
20677444
16951297
19728660
17486016
16697609
16948624
16101200
16049062
20469729
19933891
17694489
17580394
16328186
16971707
20654823
19468121
19576265
18365855
19612973
18693411
15863624
18781251
16091574
15777473
16735214
20351159
19259839
19846246
17607906
17435991
17472522
18586756
21874637
18441192
17973717
16971286
21162621
18709832
17340855
15853292
20582496
16815117
16532718
15778641
16869335
19351310
19996643
16872121
19480168
18545069
17443664
19010641
16676339
19491735
17230396
19523742
18292359
18519296
16235583
18457798
18512659
20630197
18836390
17330987
21392965
17898243
19945817
16612826
19555541
18696409
17654380
18591165
16986584
17160869
19034569
19852197
16711623
15781805
18922342
19374965
17828007
20544471
15724487
20981577
20418163
19398823
15801998
17224856
16046914
21335244
16027505
18427032
19189408
18413628
19789447
19446709
17608050
16134763
20543325
19816667
15538063
15532173
20360186
17154109
21665046
16263572
17915373
19524911
17385492
17713866
16199397
18585511
18760411
18350774
20716389
16583664
15760804
19843130
16043345
16257620
17293717
17330272
19250150
18293224
19064862
19380958
16205345
15616943
16521256
18350143
17353916
18415920
18437934
20373929
19634592
19011419
19337714
18513390
20961281
18053268
21776242
19200287
19601440
16564170
16832007
16879383
18791551
15615285
20866016
18648947
17502632
16629569
20420267
17384930
16390525
17936142
17233432
18174867
16921337
19397034
17852888
18792855
21135788
18522604
17828140
15786795
19013884
21359893
17960433
16501583
16320641
20801715
19505697
20495488
17058890
20472986
18386110
20402368
18082671
16102767
15630127
19880319
15530755
15747196
16635120
18005373
18788230
21441308
15551613
16529030
16119649
21531934
17262741
21569490
15861919
16977926
21157249
17038755
20406549
18757590
19061760
21485897
15566435
17925077
16672069
18459155
18095807
20586987
21388240
18784477
15701107
21678368
17927846
16430334
21642334
19106884
17428187
20309780
21307391
18063043
16724882
17309528
20107414
20151348
17020238
19751500
17524962
17220384
17988613
20158544
16315391
17518161
16148468
19184207
21137699
16570029
19382433
21505139
16749935
21786574
18414266
17951939
19394523
21368532
17870647
20378630
15720499
20843424
18946074
17530448
19397156
18815991
15801370
16244821
18928411
19383069
18687733
15641613
18779546
16008138
18076885
18240001
19947187
19120576
18269551
21531580
19826332
18041355
20375969
21333060
19213393
20595693
16630413
15998620
20352647
20142578
17098513
20890137
16584106
19718743
21309380
19266356
16752967
21241193
21323043
17975398
18819716
21126130
20063215
21254304
16903401
16225270
15777141
15632320
15720314
18840222
17061471
17904432
20064882
15942857
15913403
20081687
18184255
18580394
18794703
17891116
15746779
21047195
20579116
16043982
20029053
20959728
17922788
19850502
20947721
19958877
20824312
15984560
16317330
18493093
19882416
20653725
20614212
18817500
19689559
17766498
16381366
21359255
18560068
22069920
15596691
17096603
19170041
20565016
18025394
17162639
17563422
17164639
15954015
15701763
18394515
22032561
20503161
19735339
15784104
16680061
18050051
16184721
19335478
17518194
16877622
15764640
15774391
19628933
18395724
15693928
16922753
21676572
21806622
15622666
20806665
18959283
19488997
20861599
15931492
21368545
20465830
16584454
17939229
19828537
20529510
19365228
20957594
16099138
17915168
16414249
21060016
16548400
18333720
15609848
19114903
20337725
19014704
15839762
19452811
20629426
16054329
16918787
16688659
17931539
16991132
15853087
19713396
15822847
18579340
16875475
20335497
21879661
21308645
17975393
16091027
15687312
16685157
18095795
15619850
16257623
16138633
21059573
17873665
21063546
17700902
15662171
16326198
21702285
21037958
19169382
20512079
17439678
16571992
16583190
20210865
21484020
16777385
20350619
19323699
20440205
20021684
19719908
18052896
20831738
21067779
21448054
21317594
18988403
19399982
16640630
19018905
21605261
15983886
20345832
16240947
16686824
16374221
19828870
21130202
19133492
19579843
17880432
21790094
19995156
17699357
20023466
18088886
15798508
16672676
16203960
21541017
22043556
17719344
15851622
16954092
17454342
19068746
21113566
17509280
20299633
15622910
16792000
19606659
17331094
18198259
21282690
18401936
16087898
19574107
15789379
19709844
16711074
21217440
18505152
15690283
15883242
18767470
18999235
17054207
15604644
21078002
18600601
20738435
15946831
18712243
19833478
17308220
15610381
21240098
17124615
18688051
17233912
20633899
18856075
17420193
19755882
21258241
17122713
16018272
19413164
15672013
17724103
17278339
16411027
17389414
17364221
16081235
21156657
15658731
17120925
16863894
18047958
16110227
20458007
21188331
18158492
18927261
22164909
17038298
20496429
17611213
18343000
19300002
20051430
20701201
20465765
19443521
20100854
18032997
16291314
18075432
16048666
17022856
15641074
16613291
20579755
19539533
16204142
19500789
15980419
17827839
20822733
18395660
16927479
15619488
15530763
18683674
18177356
18332383
21127449
16809674
17269844
17975718
18439163
17131901
18556864
20411904
18478297
16856084
15934386
19117060
20602759
19773697
16343500
21473965
21387576
18670837
20368494
17327754
16860432
20698096
15895917
16875532
19890086
19482401
20540168
16045078
18771637
19422632
18997554
19571728
20074907
19039398
17238946
21382214
19282246
20795613
17673344
19366775
20470294
17383115
17133307
19115998
18511764
15653979
21197836
15916121
19088658
19402022
19860297
17996639
19590818
17983334
21520796
16332607
15811567
19135081
19573661
17874862
17407993
16963366
18278566
15737858
19671170
17460308
17252968
21078225
20434080
16670376
21199163
19261138
18664738
19594608
21401285
16878218
21404807
15589081
19806535
16427132
18561848
17726172
17394619
18154624
21765257
20827451
19232926
20069739
19897841
20883883
18157581
17182417
20507557
16136738
18649818
20177038
17907755
19248376
21824226
21733103
17575666
16004155
20464718
18295924
19243778
21591382
15608941
16622437
19072013
17441293
15690941
17785687
17998378
21494148
21308343
15754786
19293037
20712866
18508820
20002984
19425876
18097167
16555640
20056005
20505507
20185441
20530646
18542022
16391960
15655973
16376025
19412691
15859376
15841884
16310195
19781099
17304570
20183556
19826096
20014709
16401704
17351195
16425812
19898789
18717278
20712421
20443279
19021486
17038104
20922802
16332465
16629547
18358083
20492053
20177819
20980772
17414090
15684026
15692139
18059464
17951224
16403763
17365392
17414613
17110874
21108175
16699329
16310435
16024480
21311444
19296356
20925288
20841550
18479285
17985600
19471254
15788036
15675731
16842042
19590235
16922982
17410013
15631568
15548934
16292205
19909955
19340411
16199455
17222413
19204231
18542082
18204991
18028840
19021302
15925079
16925546
15864824
20847193
21763216
20737231
16376137
16135724
16629846
19207800
15715757
16045413
19433704
19534258
16476842
15525864
17158277
16924786
17042055
17068029
17397700
21535274
17904243
18700357
21130440
18689575
19280438
17237894
18448710
18416911
18235160
19375613
20158545
19060794
20069363
17520840
20889518
21894124
16293161
16647834
17332044
17027302
18267996
17310308
16123720
17402209
17591566
18538033
19068052
19463678
18401676
16476633
15947329
17085615
21323088
17080000
17235573
21537787
16604796
18666451
19256295
17274222
18843816
15555721
17667004
18281352
19399952
20171037
18353495
18585500
21882627
18629507
19417965
21977770
19586354
20039996
15884205
17945013
18560063
16967647
17447290
15542872
20168139
17984647
17588190
18978694
21560952
18060531
16898343
17235261
19552150
15624706
18028836
16800319
19900939
16086615
21665873
21287145
17265661
21339085
15662189
16863414
15706156
22029123
17214251
17131534
21383349
19239665
15706278
15875456
21599682
18725002
18986288
18378147
21135080
21051104
15671770
17089809
19905880
19189579
15563663
21359690
19887941
17536419
15544666
17577165
19351793
18182306
19704212
18797571
18595987
19454193
16610112
17124249
15857533
18513280
18359418
19226886
20852840
19272585
18389047
16460359
18180491
15965189
15516535
21389060
21112677
20675734
20713424
19469048
21449779
19485424
18764787
19060279
15624749
17397490
17571468
17936550
20505614
18796050
18372997
17714050
16102151
15833008
19708422
16280699
20929617
18184164
20019513
17091445
20386035
21275312
17767693
19397816
17308535
17261662
21658825
22029073
18644005
18352971
19414828
19748641
17516350
18053623
19278320
21883873
19719892
17071841
19374611
15643036
17393898
16521899
21854894
21641653
17803400
18613355
20530396
15552807
21087301
18559164
17627200
20872774
18349006
16510373
18822752
15639044
15583505
19728246
19338524
15802340
15761453
17210876
16501401
17249312
17404131
20712109
15940920
19025697
19010605
17414731
17936640
21299760
18773798
20693569
17540090
21244656
18301445
17804347
20029008
18280827
20935237
16302543
21486125
18725354
18818529
17487537
18332509
20602701
20435654
16717381
19564002
21882986
18998796
15776599
19263772
19856639
16272971
16310137
18363249
16911267
19097516
18072606
20029822
16923678
16861719
17613462
17901519
19690306
19700054
18417132
18019285
16602156
17683689
18561732
20466750
21238893
16501534
19642430
20624580
19254194
17524969
20671744
17419962
16965885
16927747
16758120
19581237
16573020
15752322
15832639
20717125
15737277
18556804
16139985
17169234
18188749
15674831
16468478
19538555
21519300
20851272
18048550
17156424
20522291
17272792
21484016
20502178
19996464
21747644
20840381
21882751
21427419
21144400
19128648
19119730
15755262
15611462
17685995
21353918
20621400
18445862
18236309
16650591
15991179
20929461
18198973
18417021
16950738
22128511
19414230
18573954
15943941
15761454
18819206
19533894
18492543
21244255
21062546
17661258
21447846
19335530
15875449
21592280
19178975
16427762
19461219
18064944
15984731
19247218
20959723
17958989
17460998
21692439
18726814
18988729
19593747
16125030
18538216
16619426
20367694
16834875
18519600
15987058
21293882
21073577
15757374
19718916
16192524
19445070
18019309
15567905
18090889
16509435
20864829
20369445
17181604
21205834
21744630
16005631
16330969
21112455
20437252
18604425
18613466
16411360
21730988
17147856
17868410
17828326
19668292
19552339
18371250
19916012
19048966
21624536
17458819
20681376
18789425
16739441
17205276
17935600
20923482
18394447
19520393
16960535
20416493
21083512
21534823
19682124
16117747
17873256
20195008
16341301
16964556
20534334
19326334
19152142
15542538
18284826
16294835
21426753
16008037
19054482
18477878
16567598
17725913
15656427
20529469
17193836
17198174
19377720
21157187
21941045
16492644
21510132
16913993
17334245
15515441
16358088
20126819
21091702
16334457
16773859
16331167
16680222
19247884
20938625
21440203
17537091
16893361
17524863
21262793
19603570
16684426
17128679
19507755
15709320
16015115
18974701
15950831
20838889
15913679
19648597
20159191
15774361
20131442
20972712
19750836
15986840
15544665
20478753
19353347
15751247
18702636
19134514
21356019
16777510
21571178
20027897
21299570
20205481
19905038
19643831
17355763
15995152
17136599
16821679
18504057
21615951
17183933
20651302
17554230
18694213
15652689
18334689
17056854
17487290
20387332
20063516
15871640
20016412
15920374
16878036
19323358
17133293
19358797
17885633
18311396
15606709
15813439
15708101
18987080
17306729
18593228
16441392
16997634
15670006
19588856
20827891
18361145
15695147
16583952
16451425
15603245
16080648
15645747
16105190
17681468
20829004
15797227
18172020
19820231
20942726
20096961
20623521
15838409
19260370
17364397
20088153
17693675
16732789
17551350
21376443
20469620
16043979
16276205
18725035
20236860
16447530
16373137
16680174
18572480
21440305
19251549
17530134
15641523
19952037
15682721
19856490
17521101
16035970
16787476
18454774
19033177
17164443
16870386
19463082
19156392
19131400
19694152
17375230
16473548
21139047
15655433
18595931
21384609
19194304
18690905
18046866
17260573
17436462
19745348
20155554
21437745
16637581
17079249
18785349
17318747
21143502
20738742
21062579
19088517
18624704
15739632
20738813
19287107
18425603
17081921
21111558
20089421
19130685
16135165
19819050
15720485
16641663
15871746
21894104
18351477
18929435
16484121
16510695
17918074
17438994
17075823
15840892
19348685
20081134
17464538
16053592
16476221
16114804
19116800
21047725
17966293
17536060
20586348
19751517
15618093
20190556
19705640
21515748
19034726
18496022
20738360
19177521
16076234
21178600
16719042
15965395
19760207
19195189
19166636
18592213
21590566
15687895
15757050
17043050
19812100
15735262
20622762
17923968
15741712
18157353
17591341
21142988
16550095
17960669
20880819
16521712
21768807
17299901
17343534
20010044
20696753
20545295
17354156
19115897
16314768
21122570
17468625
21072230
18832286
16205649
18808464
19411361
19567495
20015747
20199484
16101709
20040087
20428727
20888787
20004924
16677155
15576747
16884944
20042423
18206256
22168641
18429450
20696543
16326783
15955293
15788294
21139465
18337439
16228632
19141996
21208485
17256713
17024916
21778801
18561737
15927512
17198228
20089625
19201141
21563541
16171054
15955402
18456539
18628695
18588727
18442305
21199549
19739424
18952393
17482418
21672366
18075770
18384590
21183944
15751329
18264897
21241160
16646218
20384560
18362820
16933637
19203464
21062571
16913432
21090217
20871498
20094109
17548894
21554034
20211957
18041866
16618324
15713169
16834581
18179667
19446716
17645065
18331694
18416779
16730290
20706295
20547596
21413588
20532649
17519031
19883414
16595201
18519131
20081697
19016926
21109807
21135616
19526443
16911736
17261820
19880830
19137578
19950034
18853738
19448495
18939680
21122764
21119185
16676675
17981887
18481698
16945784
20212259
18347275
16205829
20158137
20446521
15785067
19633917
17419788
21462060
16352961
21317786
15619508
15706690
19545096
16849931
19893381
18095037
16182758
22104712
19166979
21586220
16520526
20104395
20833455
21067367
15567216
15603333
15760496
21658713
17994404
20071868
18942219
21263459
19300070
17879557
19042512
21173716
16415748
20176412
18984243
20633749
15877640
17072157
16883975
17478072
21044137
21530414
15612239
19610499
17574692
19390208
16382656
17146067
16086729
18259897
21323080
21355759
15761310
21541772
18031573
17688785
17183013
16192318
21332034
19070396
15682699
20452912
18434156
19487507
16807106
19592952
19643951
16550072
16921859
19891018
19167928
21384565
16092744
21324847
18763364
20163702
17296408
16216471
16469620
16205552
18372809
17014467
21884497
18652695
17327715
16151722
20636669
15599658
15826425
19197815
17685730
15617401
17650574
20019503
18828168
18306916
18522561
17674610
20555354
16117983
15931644
16620259
20581001
21177696
21780884
16863896
19265753
18329222
19804482
20685686
21143085
16882179
17951353
16330792
16289797
20822386
16842397
18544112
17081188
16422378
20031782
15710795
16266960
19411662
20491594
17525838
16220730
17537280
16721159
17158834
20099476
18535074
20642034
19444731
16700695
21439175
16473357
20032673
17557316
16475078
18496090
16076796
17693048
16501135
19475458
15908825
16924560
19448358
16318233
19705650
18517167
16752582
19296355
16840362
19198131
15741477
15801349
18421925
17484704
17883673
19359090
16639190
18512305
21276536
17469347
17182445
17030295
19234423
15851437
16154311
18060500
15712681
18928079
19500077
17340180
18216058
18058833
18449046
18547413
17727987
19057437
19088243
19897514
18489892
20113524
17301056
17520998
18613991
21324606
21097769
17973719
19029206
16900408
19248373
20555261
19274607
19388445
19788773
20190666
18546066
15636653
21692378
21478662
17999300
17395358
20143739
18760247
19181140
18360885
17705734
21167362
16738468
20564070
15620384
16097256
17588493
20448272
17061071
18822708
20673155
20217293
18775401
16111948
18240626
21149758
17242389
16784048
16545744
20881713
21362042
21411380
18793446
15515991
17674613
17137147
20133291
17986020
18041416
21793115
16988307
15892316
15946437
16596081
17348334
17992303
20881804
17007618
20065276
16568462
19574849
21388098
17361918
21761614
17665071
20440621
19729322
18496376
19383062
17944892
21793460
18847506
16503950
15659089
18382834
16830844
15794700
20562254
18193482
17371741
19694872
15839236
19832891
21524205
20677672
18443713
20457406
16982254
16605232
15701767
16860522
15662184
16716239
15612231
15579355
17596949
17197795
16388948
19180372
15700881
18220126
15708162
16710088
16688495
17955777
21253876
20191170
17427669
16525230
17352703
20603391
20158320
19069255
19606776
16008836
20719008
15678693
18633570
16168306
21563396
18594028
17848041
19349895
16858449
16515564
15572014
17505331
16267920
16861720
16897696
20188318
20177285
21500520
18695617
19596738
19833000
16488347
21165881
21738072
20852538
15569811
19297447
18350770
20614707
19017605
16167849
18385570
16469276
16006027
17083100
16760696
17128395
16985479
16723947
16625524
20675361
20803395
21182382
16495835
18198456
17359607
18715349
21947111
21863606
19248650
20214255
17366228
19272762
17099466
17470927
20522658
21168872
18563031
21726319
17420649
18341594
17601217
17015191
16422039
20041926
16390503
15853778
20421021
15754601
20465743
20148059
20128754
17042816
16966670
18992167
16144150
19166398
19217366
20299651
21388015
15822735
15825120
15518001
16955435
17009794
21410585
18161384
16719012
18783126
15555079
16960322
19703037
16914632
22053499
15578149
16602402
21602629
17430403
15631418
15744200
16618235
17425252
17133892
20956038
16889326
19592271
16618589
17927559
19554891
16752233
17557506
16581077
21977725
19272558
15934547
18523565
17688377
16466343
21214974
17345603
15762982
16100332
19274816
20675819
19592414
16803741
18380632
17880351
19033166
17605457
20535621
20061069
19845179
17059497
16551501
20931513
16767855
17185148
18777789
19968691
21148160
19386402
15579351
21471910
17703122
16332396
16759851
19814883
17954381
17695560
21990386
19719547
19369483
16375808
16396223
16491461
21219527
16172441
17393568
18074490
16526162
16344302
18189206
19342149
17290083
17084766
19966683
20029343
19522554
21321414
19394525
18049253
17498168
18974987
21168831
17971552
19374682
17200172
21092431
15530683
15675780
18019114
16476635
21292214
15577647
16799755
19706850
19345537
19423033
17983928
18824907
17658028
21091226
18716050
18425027
19406045
20151088
18942565
20697233
15740960
16366181
18273432
17131768
19455025
15561156
16485621
18597172
15796645
19094244
16782923
15532517
20486445
17558067
19555968
21608344
20712668
17907712
20175183
19489507
20083546
16753084
18812619
19835009
20177830
19530300
15580441
17467948
18235118
19300088
19133750
19222490
18164302
20108146
20213432
16602516
16884135
21431103
15843121
17425253
20823355
21368544
17899501
16307629
17506893
20825807
20735876
15674138
16755127
19319553
15765635
17190931
20727563
17684164
16722861
19782915
18227830
17931326
16728480
20079565
18538725
21910386
17042703
17063648
16044791
15580108
20552612
19249755
19889557
21679453
19680792
16550700
19715080
21385448
18375675
19176956
20009750
19293307
19018920
19256322
16594246
16610662
18300270
18060841
19343863
17263611
16697586
17154706
17786869
20934952
20882721
16236656
21294876
15540496
17828004
17300133
21458695
18028848
21053704
17985966
16914938
17141638
18632671
21926561
19368790
16572755
18360139
21684600
17676420
16688968
19033167
17978371
19506440
19057566
17138178
19717483
19762367
16549294
21304349
17253082
19216989
16102943
20875486
18826976
20480130
20073114
17489937
15931440
20624564
15824941
20433666
15865552
17450591
21116179
17318768
18316826
15909695
17052558
18245737
19948297
20119710
21259067
17986880
18277788
18757528
16282006
19772556
18830860
17227396
21376797
16226371
19748861
21569228
19716704
18036764
21229836
19046552
16371392
21138129
16681285
17033234
21084087
17715168
15816961
16905437
21695383
15868673
18817973
20672736
20736398
16920531
18621955
21147693
15785225
17202551
18293802
16131769
17509282
20595454
16112526
21911555
18005916
19835601
16520263
17785015
15582830
20943615
15890289
20565969
18515607
19065370
17584422
20519004
19188422
18959614
17453462
17615601
17342789
20532135
19281345
16420107
18607014
17078243
20017115
21824224
17101037
15935671
16215395
16855862
20069940
17085980
21905488
18077277
19961973
15660321
19209469
19737124
16289803
20887526
17454206
21610614
19360209
19929118
15773236
17880661
19110800
18295615
17727551
18550360
17341326
18716530
17126078
20695330
17495553
20605850
18505636
16015517
17339093
19012779
18431896
16236952
15941456
20402176
18519997
17084337
16600559
17207743
17844860
16670130
20136397
21936435
21040012
17040143
19752038
17970331
19528436
15644659
18792439
18773780
19281288
20075540
20584237
15532523
20851681
21323845
15933918
17942761
18844528
20118886
18097110
21224329
19819206
20417476
16282827
21077929
21084438
18839735
17054446
15527614
16413434
17427483
18065365
20695669
16287886
19376385
16810086
15577290
21342420
18804232
18426452
16217635
19996500
15877684
19072456
20360409
21481732
16435158
21765244
20671007
18319292
17370455
20884163
16896860
18414327
20368483
17705096
20378307
18845416
16550800
15774058
17874269
18657928
20156934
19615624
15914767
16388192
19564267
16268411
17269608
20047627
19736656
16898980
20024702
16879382
20860257
18812797
15951453
16874440
16615260
16530604
16426796
15984453
20142133
19584343
16678952
21382202
17897265
16882102
21268519
20337847
19432872
15778133
19756511
21418095
19366300
18248693
16758331
15608585
18512819
20037616
21462098
18539874
20592004
18674406
20353542
17659645
17998407
18577761
21035700
17256392
18834545
20124813
20102130
18199301
20649872
15991588
20881153
18396599
17627836
20717172
18472065
21690604
21246171
17901783
21355762
19433848
19910895
20860610
19256298
15854176
20220626
18533313
21367822
19927849
21239908
19174801
19038479
20438034
21193332
18649080
17661967
19179322
21317959
19664410
15587603
16102145
17337153
19739484
21265354
18232293
17152455
15596158
19106282
18806027
20150849
17218869
20158550
21294218
15603380
17245200
18536884
16714982
15618764
15841671
18709580
20375351
17102467
18689712
16637452
15746594
19843273
16638260
17577082
18524652
19299261
19825711
16451720
20597406
15687761
19395703
17762845
17602321
21174846
21946873
18493712
16114647
18082108
17565796
15663707
15638445
18360836
19376598
21771359
18751654
18772182
19682828
20336328
20349778
20051186
15807796
17544181
17270088
20064210
20074438
15832885
18026029
16582971
18382703
18083268
20722812
19404580
18810650
21352624
19777359
20063198
17851345
16384803
21739733
21269670
15584489
19896185
16515988
21623282
19800997
18942535
16756523
15575189
19555475
20533578
20444771
19962629
16115252
15653051
17142611
15965213
19382079
19898099
15644641
18975476
17539556
20186132
19390760
18461495
20845676
17418125
20931892
20197556
17633502
21503506
20807441
21283004
17420944
15726463
19874099
19659690
19319000
20858108
16372707
17449215
17169232
17507825
17638947
15911195
20520995
17994498
19694232
21344984
15966448
16900722
19018908
21117877
15774077
18335842
16919128
17934591
17949625
18710128
19842526
18604759
19715058
16223629
18160862
21383568
19418788
15853783
19090387
16879384
17043775
21848722
21471897
15577825
17224605
16492233
20858296
15735491
21089143
19936424
20860580
15656847
19323712
17968197
15657324
17305036
18487708
20145923
20019120
17583080
19077024
19773145
20302059
17949569
20011732
20552363
21727856
21322460
15896942
17368206
20544041
20825515
16227662
16808124
20615297
17031733
17944769
18296844
16019261
20002507
16495493
17822460
20101417
20137024
16487423
21198742
15817601
18186031
18072525
17098155
16429215
18639660
19398326
19627049
20971519
15835338
18844560
16830252
21096918
16512040
15548249
17466213
19558666
16645854
16234334
20869678
15833226
19835287
15544693
19061448
15833474
17033207
20522076
20031865
17210494
20298668
18423616
20738389
20031470
21512347
20849796
21896439
16821481
19126337
15575815
19731887
15890224
15851871
18778947
18237347
19509598
17925496
16915542
19273779
20107815
17573296
18072450
16686584
17548028
21323087
18954428
17520850
17576247
16061888
18397157
17330709
15984561
18454927
19895933
19243317
17844984
17383522
18630214
16189060
19406507
17386309
19620163
19965037
17424791
17559705
19667887
19617356
16777826
20027655
16756731
17137938
17314576
18481380
16099552
15644644
15824726
19824187
18205964
17069466
20706167
19588448
18498574
16638778
18420693
16878191
17036151
16903616
16830256
17684107
20437114
16502599
18984375
18307598
20005783
16359739
20040124
20436064
20066735
20207265
16192823
18797209
18486415
16704405
19065965
18854258
16995610
16926948
17606335
19154905
18269541
17486194
16698157
19266749
17425124
21119152
21072074
17692249
20008217
19919195
18544976
16374192
16553707
20599337
20865872
18181072
17145910
21462458
17133883
16563316
19175248
16268341
19820537
15540670
18808733
20031870
18218082
15660148
15786856
15658131
15699089
20415672
15892722
20092915
17914293
20382715
20552920
17033591
16189328
15616378
15940504
16124694
20709554
16779441
15861917
15655239
20007796
19672827
20601640
15788080
15727548
17524190
20126962
19241979
21744574
16264906
17411691
15747901
15793023
19926646
21710086
19827047
16809915
18434103
19282060
16181047
15923147
19138911
15723152
19331257
16538669
21727791
16466499
20833985
18090138
20953729
15634822
17630555
20113915
15557918
18208956
18639936
16711076
20726842
18416361
15707441
17473956
17722793
19400938
15942376
18682352
17085608
18427242
17475127
16449089
16373183
18434459
20718394
18076127
17053855
19757348
19064141
17378189
21349210
19516910
16022019
19560245
17351407
19828955
19655602
19901016
17354135
17471995
16813541
20864908
15537189
21916094
19545659
18298989
19786417
21048210
20078015
18786081
16479203
19755822
17405360
17202518
20077773
18561586
17133682
16131277
19217498
17458027
21839879
16238770
17265784
20873902
16396413
16758094
17138719
20682496
19298101
20973810
15769969
16997822
16612921
15827431
18496089
20507043
17210544
19153132
21700150
19803291
16869125
15654612
20689358
20144184
20177043
20926167
16444126
15547013
20525465
16636958
18390630
16708980
19387286
19864184
22053663
19405299
17700331
17701118
19566991
19365826
20923281
18399368
18820517
18079239
15813396
19999957
19916822
17486679
16260484
17414277
19768806
18455052
17707718
16014211
17592294
18497664
16972604
16780085
20505459
17694281
15683143
17674615
16729519
17891470
19943866
20568551
19150265
15636652
15856925
16756187
15805447
18241751
15563054
19147394
19247226
19714953
20498011
17373239
17942458
18709593
18262139
18853885
17668735
18038531
20859614
15741357
17396446
17192816
21073777
18625752
20002705
18619767
16174147
15899606
19331007
16733114
19780749
16379510
18361702
16403595
19636020
18487766
15800825
21690434
20381155
19319001
17212864
21533288
15844721
20865480
18459477
21375430
17263062
17539206
17326916
19589709
15844846
16904860
16779065
17086298
17332119
18751998
19603223
17560755
21564392
17620397
17335530
17573738
21166070
19454208
21803278
16278531
20940175
17524603
16955055
19752703
18196490
20042244
18787448
17095988
17704676
17210887
21675476
16554429
19845193
20031892
15992203
19945102
21516665
19258835
18418016
20970237
20974322
17763838
18623200
16539991
17016994
17786088
20656603
17662754
20236400
20393365
18800285
16021559
18373955
21675699
17713882
19054983
19883886
17510850
18697975
20072975
18348414
20654820
20356353
20690461
19947046
20141095
18679147
19474415
18240478
19945814
17667018
17888715
18232065
18334052
20525463
18023256
20067667
21122014
15604154
16884567
15602166
21097770
17326368
16409213
21050203
19770368
16531938
19648790
19368582
15621478
17494279
17965396
18697657
17165205
20689929
21411823
18020289
19888021
18044231
15987229
19390962
18197453
16618471
19689480
15665661
16869086
17708500
17184099
20023498
19778670
17081644
19695878
16507286
15829025
19444721
17280921
18536216
18181318
18816909
16338569
20526901
18450675
20182814
20825533
21469036
17518020
20099439
16623030
16249136
18833880
16122857
15615569
20090339
18402301
19212736
15933272
17683303
17986499
20236299
16796497
15646524
18272608
17852259
16121877
15742601
18523144
20085690
20862889
19771517
20482816
18633015
16209375
18335670
19018885
19010185
15920711
17583103
22067735
19297830
21494781
18292481
15834260
21171494
17235044
19436687
21155637
15743602
17110877
18324582
16202313
19704188
18578801
18005378
21998983
16594192
20331392
18440766
20398115
21514641
16363310
21462758
15975955
19684936
17850938
15817804
21791063
16720486
16174144
20010373
19197588
17390192
18478275
21545021
18556692
20722810
20602687
19202963
20367724
19285666
20384527
17058754
16594292
20542403
19001101
18946979
20922344
17514833
15847965
16715030
19359313
17978946
20031846
18053289
21618688
20144035
21199550
16617918
17142408
16398039
16036251
19148819
21733968
20136167
17927095
21505122
16075907
18295432
15540666
19115892
19300076
18573120
19778705
18578607
19741381
15700635
16533954
20657609
18771525
17201099
16141104
20188453
17395604
17622362
16318105
20370860
18723582
18624025
19728434
21366669
17182416
18175192
15673643
16381260
19396490
18019766
17324193
16613389
20614429
21059150
15805455
18954641
17883985
21439171
18985370
21624907
18476648
17963335
16390640
16185114
18538219
15718186
15677807
17673114
17565765
19911481
17185036
16411037
21788285
18657975
17646603
18640951
19674021
21266281
19280201
20003533
16973446
20564632
19148818
17557028
18467051
20003704
16850778
16300211
18997358
19850598
21333914
16245304
16678696
19247096
16611193
16739445
15921061
17475123
16024213
21725218
18666719
19184551
21252831
18373579
16174598
15918239
17410927
17579305
18755564
18245219
16620258
19231904
16700692
17349439
18387718
19736574
21718855
17927764
15713995
17420109
17880481
19653047
17931319
15945229
16339290
15768648
19701731
17268040
21458151
17633908
18605350
20825516
19055408
20972385
21539275
18254457
19937614
17162992
17452019
20122607
18020062
20200818
16163427
18835724
20005147
20946497
19537416
18228643
21450779
19208054
17601832
18602058
17294775
20186664
20875168
17234474
18498221
20108789
17421095
16542661
19371935
18075945
18001148
16939565
19856860
19860968
15729991
21040560
18563023
21807707
18360149
21517787
15588356
15660548
15976799
19127235
19701783
17183894
20419517
16635705
17080004
17390706
20647783
15897499
21242390
16195096
19770471
19626753
18981812
15569959
18307703
18258936
19189157
16517030
15717518
15745875
19774970
15909434
16618023
17020108
18564969
17294063
17269947
19827322
17253146
17135087
20660633
15718184
16970053
17852926
15927652
20956260
18573425
16153049
19285283
18270772
19614876
17223770
18386452
15727546
15683018
20044335
16522511
17600453
15801695
17077718
21199548
18949763
18340988
15736899
18372375
18395392
18577733
15721509
17265658
16396713
17655996
20207658
20879859
21337176
17154112
16917454
18813775
15574526
17040136
17135842
19401360
18429739
16607256
20605530
16336373
19194685
16245559
17592976
18578198
16921803
20220631
21429954
21813221
21214132
18497510
21636343
20657269
17981374
19754687
18728143
17985968
19054272
20057327
19597654
16157943
16680051
20546564
19658281
17955396
17336868
19481045
20015491
15810764
16336549
17013067
19181371
16430605
15697046
20839549
17477088
18291722
17175651
17146311
19060805
18505619
19475364
16133615
20019864
19111855
18175246
17493274
19723866
15992228
21291051
18788956
17193809
17851384
18620598
19689554
17848423
20593678
20131106
15609214
16048199
20214769
17069923
17207007
21714372
19813368
18717664
15966626
17353805
21250405
20151854
17575444
21244477
20171084
19664877
19863769
15900803
18536545
15846721
17517081
21251780
19485862
20724873
17710761
15753483
18758747
18315504
18047252
17988769
20064134
16268229
19752260
20354244
16809654
16736818
20955563
17569459
19443525
16271129
17250771
20380962
17427172
18512658
21952573
20021578
19285168
19632975
16581639
20507926
21441151
18155536
20879014
18786217
19826998
18068026
20026688
21229868
19146362
17364579
16965249
20878862
20465974
17575757
19042887
21219821
17173659
18557966
15768652
16769550
16041228
18302595
20950990
17235260
16342351
21123236
19147989
21722223
20525464
18496374
20812603
16954053
17959344
20441064
20634328
19853789
19664527
20706178
19781816
20065013
20051070
17571783
18066739
17453872
17888990
18554650
16226481
21972662
17476854
21959637
21053693
20713872
16878008
16735940
17242441
20494453
19060433
20440410
20838266
21317659
16883670
20381222
21513840
21388246
20428183
19474588
15799253
21878863
20458647
16340615
21473210
16094750
21612477
18715969
20203460
16542132
16101855
16003482
20689129
20807119
20112144
17960652
20395648
17688481
19093407
21228095
20676583
21163726
21244659
18772626
17348282
20920267
16876728
18787976
18161452
21470753
16187669
15565499
19460597
18569412
17986680
18186494
17327722
21198812
17577468
18445925
18498345
19958408
18347750
15911728
18036016
19665624
16050857
16436569
21784764
15651587
19326723
15978874
19874523
16918738
17546367
17573876
17131641
15529716
20737795
17692494
18029541
18061312
16868472
20085908
17034677
15736601
16925180
16683218
17578968
16959931
17312410
15820426
21446264
18827093
20102810
18303937
17671004
19779947
21035041
17201103
21702401
20148365
20939875
19171331
16935191
19061525
16263648
18385405
18998904
20000251
18785463
17419883
17984805
16444925
20201628
16350498
21272371
17695938
16680633
19836194
17878134
20073571
17158127
18682011
15699080
18700870
20201666
17564102
16831787
19574317
20876928
18655644
20583104
20801921
21322196
16009743
16206537
18082004
20175420
15853241
17558490
18841185
15851050
19760564
20381407
16804496
19968770
16630997
20306844
17144841
17994270
19014410
15832874
21586988
20423289
20153537
15796417
18580392
20857125
20485104
19053915
17388819
16883734
21705154
20800719
18380372
20640516
16926365
18166728
18358874
20103067
17925734
17885718
18461517
16224670
16183359
15566598
21558484
20592658
17194351
19969334
20447799
20654921
16163418
20490571
20426241
17145489
19253116
15606832
16292723
19385348
20386307
17828432
19917545
20150604
21557016
17610181
19803665
20935011
19175044
21322194
21901675
21684395
16004095
18514825
19066143
18556639
19655499
16779248
17594915
20121954
18484379
19725398
20857805
15553800
15750050
20090660
20530312
19428869
16529591
19899401
15576514
21982520
16594429
16097503
18309475
17396717
16436585
19251970
16281669
17463337
19012724
15797155
17043938
20871510
15993259
16634121
19785293
16722902
19504737
16378773
19914086
17333497
15842115
21527006
16284977
17594776
18097726
21160346
20543368
15528284
20439208
16482752
16696861
20923049
19414431
19452814
17122484
17985748
17044575
17202153
21157237
17549829
17966773
17259199
19656719
18955599
15565363
18800356
20800414
16326263
20679636
19449270
18974186
20940210
18329157
16189982
16336618
21870681
19353979
15515442
21873843
17457776
16946157
17414079
19237957
17563485
20598987
16463240
20393431
16512271
15977944
20179464
21458038
21248525
20889637
19652590
17092288
19629415
20937443
17498426
17356350
15646720
18797222
19444526
20946564
18998896
19657936
17024613
17509694
16319707
19359016
19124808
21290863
18724571
17449324
18540798
17960348
19804437
18615959
18197068
21232829
18030102
20152512
21129179
16753252
19835228
18769802
17727584
18334246
18725030
20003236
15983308
18269419
17138955
20636590
20963720
19884808
16170416
16652282
20680355
17025041
21539746
19910835
16648014
20378210
20031809
18494628
18635374
17727546
18494430
16441679
20452623
21447231
19036551
21537199
15813311
18181419
19051672
16877150
18618579
17284476
16455221
19744955
18609505
16898103
15985092
19324026
15984507
20506928
20611002
21410090
18525139
21481114
20597710
18265820
19837426
18062441
16864133
15849218
20883230
21765263
15823889
15984917
19573773
15897166
18410449
16638946
18812804
15854068
15834361
20520216
18080622
21356601
18360178
15802000
16757281
18192110
21442324
18253800
17262860
17521258
19716070
19634047
15601407
17086418
20063282
18690788
20002422
19709790
21614879
15544295
18419626
17924261
20839143
19489032
16327735
17270062
17063419
18538094
16205862
16164513
18570120
18051996
19649002
19278132
19824241
16401179
20196713
18346493
15730045
19783837
20870972
19651575
16336544
19502852
20421086
19443240
17324304
20346338
16603985
21122753
20188623
20614376
15720167
19772168
18556638
16907794
15894777
20207924
17427369
19605964
18427902
17992508
21675642
19032073
15718174
19488602
17227606
18458620
21484041
17785486
20467909
15973903
16512439
18332357
20223789
17907011
20338979
19589270
16926739
20722840
18522259
16207662
20702891
19142227
19544075
17493780
17641348
19253701
20728326
15612844
16082277
20578046
18557069
20889509
17711808
18051015
20377798
17294706
19271662
18720561
19675401
18071353
21593246
20642037
17877871
16737437
17253501
20004443
15710725
17168043
19474372
17019550
21139520
16730107
16686964
18988001
16913612
15700156
18784562
19659488
18630780
16116147
20589153
17284980
15625045
21299759
18546569
19690607
15893166
20094124
19703060
16877191
18394860
16119488
15846012
17521855
17619599
18762641
20833285
15644541
18080485
19892332
20443410
19263354
18684127
16430350
18561849
17299658
18172404
17481456
19860274
18999223
21474390
20659270
17128678
17014748
19002473
18543349
17989450
16215867
16012548
19903186
17099195
15675547
16938788
18504691
19372540
19338653
19597806
17430742
17168042
20594791
17522788
17966292
19119689
17903705
17413780
18843076
16894924
15896696
15807910
20634227
18378086
17062549
16595002
18611087
16321533
15767217
17176942
17385361
17658090
19548416
19426930
16295153
16903403
17140421
19024225
20123326
21926498
20719567
20946212
18810663
16967784
15844291
20828333
19916140
17623357
19219512
19480375
18970983
17509283
16517805
18182537
16039809
16288093
20118708
15991276
21038830
18803842
19331722
15966919
18690276
16449741
20167832
18182629
16541720
19186228
18173315
19961261
19136167
16612442
20160547
19294824
21518096
18190580
21214139
15704636
20411859
17150048
20863345
15836555
21141408
18751333
19651576
22013818
19366398
18521969
19116974
18030959
20184108
17594405
18678960
19256263
15918428
18709839
20695949
21609422
20614644
15974112
17444572
16391311
17994508
20924304
19949884
19200465
20933146
20302995
16673222
20132006
18708533
20852932
15988947
21292637
16427564
16263664
18547349
21285363
18995164
20642215
19668123
21299599
17470037
20687357
17175683
16004677
16792045
21542914
20221338
18682473
19247229
15947809
16493532
16129011
18021518
17106565
17326557
18197590
21326245
19574751
15566584
16487814
19773701
20667683
16139153
20096114
16607262
16544235
20677692
19577331
21478588
20674500
16619958
16420907
18782209
21789766
21273251
20397503
18035261
19901582
16887319
20824361
20032758
15935081
19085896
19795365
17472512
15641947
17443877
16258342
20815880
16503952
16207267
16116774
16476748
17577004
17577552
21465692
15894234
17969090
18629359
17997828
19275001
17402953
19374646
19193915
18494101
16530114
19648596
16440710
15750527
21670616
15618370
18467294
20684399
17292764
19134363
16450511
19845821
20018989
17915971
16025786
18555158
17828475
16479362
17331807
19642146
17561014
18227884
16274940
15706006
16516461
19024591
18828193
18669711
18756487
20653421
20558024
18686413
17457099
21440812
21857856
20636510
17679224
20525777
20652527
20048347
16402447
20220622
17678824
20202395
21651654
17662665
19189614
21413846
17640844
18370586
20193874
21439184
18430276
19472805
15584668
17911892
21206744
16922100
18601637
22030513
19936449
16922980
17101077
18751648
18595303
18082666
19623319
15572938
16897026
21438677
15944109
20121577
16769339
19021125
18796510
21214680
19898766
18721221
17620394
19951431
20443352
21094792
19916821
16834883
19556094
20421061
20636470
16487421
17981445
16306279
20196712
15692898
19552186
20921483
19032911
21228042
16637416
16929420
20064971
17973716
19606731
16338814
20869659
19655676
19653388
21160349
20956000
21817972
19154472
16770116
17660096
16749640
19307455
17644041
17177744
20569149
18796491
16676754
17192152
16153768
21714409
20533572
20150605
20353527
17134596
19926740
17137425
17467992
19107014
17059642
20552779
18019305
16825229
18357845
19777309
21066978
19858355
16794971
20838319
16875101
16430759
16104457
15728953
16915611
16569795
16913335
20486343
16861198
16121655
17556151
18448727
21608314
18391108
17613594
18347906
20354925
20551742
16327572
18500136
17040509
16940917
17933619
21487383
20795611
16872790
16443958
17984649
20964469
18397446
16879094
16507619
18520368
16893143
16010471
20397523
21523263
16287789
17626389
18179989
21771357
15983083
21610455
19536010
19160882
20679556
17969833
15696568
19287112
17892115
17298133
15578156
15716810
18626030
20678968
17509266
16754363
19270238
18655322
17413794
21082710
17393648
18560100
19111783
17010181
18497658
19914484
18701971
21036534
15834256
20589446
17705765
20226557
16622817
17609050
19174943
15532442
21510261
18950298
17901274
20235421
17473397
21703670
16452284
19105913
17202904
20711941
18197542
16364107
18754234
17982999
19465865
19531463
19636171
21507232
17978632
16613601
21502444
16222646
18293872
16678003
20579582
21303935
20549118
16565276
20496315
17760300
16092394
21209568
21320347
18372252
16828344
19706072
21211988
16996457
21415614
19618705
15722963
15901418
15720481
20178429
18252933
19212250
16209671
19904852
16597053
18441273
18597971
16332187
17285196
19399010
19245724
20688876
21301689
19350322
19832783
17040635
16358548
15580363
18638714
18293235
19672696
16781241
16491921
19775919
21037439
18843062
17219527
18301089
20636181
18752095
20202506
21568696
18842457
18494393
15714021
18393740
17004023
16062141
20529078
18843135
16239979
20947284
15587530
18589314
19159977
21129700
20648099
21305312
18379239
16533141
18304886
17212816
18583447
20877950
17057603
20807969
18001656
19363379
20105274
16272425
17718309
21514838
16272071
18707620
16418987
17224699
16251817
20438384
19080875
15712292
20636586
20340047
16909169
15759072
19539124
16191141
18258975
21599531
16365613
16492209
16676677
20537837
18222586
19909516
20931098
17268910
17409214
19731892
19641329
18274417
18180134
21742562
18435314
15799295
18802717
19863980
17495309
19633547
18092916
21120767
16271121
17244514
16005415
17446790
18853903
17122618
20001883
17591414
18319132
19183115
20418352
16494663
19343033
19101209
15737222
17257297
16839819
19764839
16430347
19566994
17641972
15861361
20737232
20808105
19941582
17656406
17132380
18216080
22005604
20591803
16360700
18845347
19960922
18814304
18997566
19301463
18414311
16119142
19202248
16174812
15993677
20625672
17853369
17391425
18807434
19572068
16568450
19101804
19179790
19938426
19143579
17939218
16020574
18365512
19179235
21683625
19687528
17454287
16035414
18047457
20463485
18604337
20659400
17304080
19319760
17468142
16787467
18164944
19648843
15602142
20975552
17443362
18501019
21471881
17904337
19497889
18664778
20399060
18551517
18386954
21811160
17617501
15550953
19255336
16537300
18629621
15590584
19103690
15881934
15842444
19711048
15690830
21711125
20043502
19723861
15566599
16829828
17851332
21780092
19968393
21371646
15894602
19156105
18219695
16281697
20671079
15946460
16235285
20045746
20712554
21140554
15658136
17077433
20586173
17573682
19251834
17647065
16374246
16885251
19771410
20592048
21034238
20060139
18312194
17717285
20580605
18797227
17760529
19906442
20951399
21595359
17486528
17073191
19447845
16843778
18450873
17516905
15973772
20737229
20925713
20655522
19788102
16522492
16652320
17676697
17188221
17902537
16168344
20712468
15648127
20013110
15574714
17721968
18485550
16903582
19922024
16633201
17533927
16677180
17872874
15738843
17629242
20000304
19271457
16763515
19893465
19125654
21534093
19642433
20307283
16203852
15639679
21435417
21683474
19085957
15931310
20427521
20579160
16728939
17768282
17645954
18519926
20574853
19096850
21323006
19081417
15789311
19061787
19531630
18826783
18044415
20110516
15761646
15709563
15847905
19248372
17215605
18823688
21117327
20870685
16499745
21659397
17150072
19504353
18669411
18843139
16308068
16507503
16314606
20031864
17335523
20497731
15835012
16850437
19361059
20102101
20846562
19413560
20081100
16006830
15690591
19158646
20070598
16240065
15742907
17974292
21039031
18424872
15769972
19619203
15994387
21212420
17939227
21504959
19131753
19269405
15986722
18378349
17683718
18266885
15644652
19628149
20479545
17220677
16719846
17604464
19822274
18038299
19930874
15857323
19738216
21565652
16570730
18495050
18320956
17901462
18345997
20472608
17565036
21209127
20229212
19910155
18044418
21108192
19164613
17427666
21209578
18768286
15573464
16802535
17828003
21462466
15942390
15947366
21115986
19011318
17656407
17656226
22128565
17666224
16409174
17682222
19691463
19794159
17192219
19214261
19152777
17352772
17560957
19033150
21483008
16983457
17550684
19665617
17139206
20581648
16814955
20187531
16137215
18336450
21268517
19860067
17260575
16624451
19653441
17310340
17307086
18672147
17105539
15574458
20959765
19761574
16092777
21345380
21353130
19534192
18492640
17381876
16012448
19449269
19811883
19090376
20463359
17324692
20932193
18533013
17190942
18695085
17804213
21804485
20701054
18397949
19089505
15552802
20433728
20018543
15892429
15616751
16433106
18192128
17852904
19153954
20391675
20935008
15754100
20469573
15860878
15622523
20601563
17978322
20197457
20042769
20837681
20109006
20546817
20045622
18065806
15683271
19901005
20398146
15683013
21467056
20147807
18822580
21092892
19370811
20371054
19448044
19616800
17186221
19913187
20524070
17620214
16501133
20563730
20707670
20694761
21571237
19447530
20395614
21704110
20849291
18166697
16565634
17609227
17697948
18042470
20920808
21504240
19017394
21813731
19455875
19507359
18446931
21125963
18187283
17701533
21730241
19673984
21787029
20185980
16481778
19299400
18678729
16279158
21054592
17934144
16008136
20178188
17593767
20597671
20946571
18071204
19955045
18553064
16164511
16287894
19051974
16671311
15765642
19465748
19479283
21488764
17333637
19264941
16119642
17711073
19013121
21306064
17868965
17982948
15590232
18241631
20714143
17263049
17491567
15893215
16126602
18498567
19443523
19116550
19717690
16566316
19477885
19660205
20558561
20009903
16214698
20364693
18020245
19504812
18062636
20455122
16962407
17359623
21619644
20940272
21160300
18216062
20037151
17166062
18275360
17240917
18762992
19539815
19447319
16614013
21055578
17708128
18005124
21660874
16112979
18276048
17343319
16981989
20401828
18310208
15669516
16850684
20307361
16610497
16829831
20182915
18657995
20424500
19627913
19112873
17978612
20842912
17311361
19753473
16822715
16514388
16879087
17672819
20844423
16120501
17672906
17136752
19525769
15628643
21055278
21901876
21257948
18190775
17786521
20569255
15865824
15912087
15994340
21047039
19009802
16557122
17264031
18595309
17523753
19114579
16958714
19114780
18245214
18546983
17504585
17432335
21473786
20804891
16528139
19840578
18388169
21160141
17572924
20338980
21146876
19712844
18654957
16730578
19615535
16296376
15597290
17026762
18719721
19728524
21943076
20234207
20065277
16996898
17136927
19797496
19065866
16190003
16377191
17413301
17665067
18384589
19866508
17287841
19181452
16023901
20031893
17901454
20204989
18158525
20698187
19297119
17110302
15851384
19209566
15582636
19632876
18491685
16849783
17219519
20399093
18329827
16960490
18275590
19551273
19539813
18648014
17902035
20129896
21317661
17507734
21783044
20560683
20146552
18023129
20442609
18279766
17958972
21834378
16325024
18662169
18578802
19562422
16316896
19946120
21411825
17708742
20211588
17004397
20504233
17941410
20395948
18610926
17803578
21417749
16050860
17256708
16720517
19341041
21046535
18666912
19342618
20520126
17681256
20825667
20397348
16809742
16567994
21268518
20443409
17653447
15571880
20216026
15745401
18684359
19258094
20923287
22164936
16720089
16965708
19377174
17601835
16688101
15667698
21555752
17965642
15763713
18574371
19665860
15976565
18723862
17331693
18039730
16444341
15821676
17977500
17099253
16910028
21675887
15622906
20533145
16358953
20697235
18759756
17006873
17635055
20722477
18562861
21972461
17309015
19434948
18277552
16523796
20875213
19160887
17022797
19674428
16918782
16973462
18603221
16602517
21736109
18433879
17042820
17551869
17903572
19643409
17404126
16380577
20187719
19318665
15761629
20591015
18307685
15722850
18677877
16132281
19385387
17122715
17157128
20094093
16799364
19659717
19395934
17070458
15791782
17083753
16813545
18245216
19755973
19091089
16471165
17626507
19487615
17561955
20357082
15881716
20435611
17491214
17205015
20160527
19477884
15590224
20536762
17596745
18076555
21234746
17847574
16875298
19112244
17924242
18018819
16752963
20970061
21031129
18473088
19564327
19541101
18595416
18409322
21548943
19279488
17941520
19538798
21942003
15897772
19748369
16781919
16786951
20401505
16215361
19585920
21349007
19637555
19901854
19415424
19746251
17380521
19926562
16752962
18479225
16938458
21121845
17123214
20391676
20122774
21667677
19068904
16469472
19507263
17427618
18386071
19396710
16786660
17052090
18251444
21492277
18216632
16492635
21501725
17960671
21545947
17181083
16324039
15590340
15966169
16889320
20869466
21595608
18186911
17067898
20033786
15548440
19565040
16422057
20142739
17187348
16646728
18362066
15682016
19700091
20352648
19255127
21456994
21952572
17707499
20078199
20113917
20356790
15807760
17305265
19950735
