16715903
16715901
16714503
16739907
16739905
16735762
16730276
16326262
16320379
16781919
16779535
16779441
16777833
16777829
16764198
16759741
16758051
16832335
16830008
16825669
16825668
16824205
16816586
16800319
16794104
16697601
16686244
16895278
16892780
16892774
16887012
16884944
16876004
16863873
16841229
16963366
16949077
16946280
16937891
16921728
16913612
16909183
17057138
17052558
17040607
17032950
17027627
17011075
17001357
16996831
16988307
16988303
16986482
16977987
16972584
17143814
17140091
17133304
17118659
17116557
17112946
17110874
17110861
17106539
17099199
17099193
17098110
17098106
17098101
17098098
17084467
17062420
17058060
17249284
17240868
17240867
17240857
17239730
17238623
17228508
17225335
17211732
17200513
17197784
17191674
17187032
17176544
17173716
17165219
17158698
17154346
16565271
16080388
16037657
16027582
16027580
16003459
15962493
15960398
15889886
15881716
15829397
15829387
15774074
15765823
15762901
15749791
15737287
15723731
15692139
15692130
15678929
15678928
15678927
15625459
15599649
15581299
15580819
15579354
20229043
20211394
19378218
19351309
19274811
19090375
19041857
19026897
18970983
18947114
18930373
18843063
18807396
18807300
18807299
18795509
18794050
18784502
18782209
18779696
18774048
18761850
18761849
18755996
18751333
18689084
18664229
18601633
18584275
18580278
18573961
18406980
17498844
17495726
17495374
17472791
17470037
17467120
17465252
17461316
17446195
17444465
17444445
17437738
17427248
17419790
17414332
17413487
17400084
17400078
17400077
17400071
17396058
17394986
17393901
17391577
17380843
17378865
17376688
17376560
17364675
17361586
17351407
17351220
17350396
17342366
17335737
17332813
17328473
17326368
19848033
19848032
19848030
17324308
17324306
17320213
17276800
17268208
17256018
16642898
16628985
16574526
16564170
16552592
16549574
16539992
16515426
16441278
16439744
16396128
16326263
16326261
16324070
16316972
16315251
16278126
16266960
16203280
16182528
16153768
16122857
16119296
16102378
15962490
21955399
21936076
21900586
21841632
21642799
21630563
21627896
21166070
21047653
20853586
20654974
20491200
20057231
19928714
19908647
19692967
19682011
19665625
19651576
19650267
19593901
19592989
19592188
19556029
19552342
19546272
19531080
19512935
19496363
19469048
19460597
19454399
19454193
19447316
19447306
19447305
19436695
19423188
19381055
19361090
19351310
19341998
19276741
19276734
19192601
19183330
19170377
19168841
19166636
19164613
19160631
19128915
19124861
20351932
20351838
19112628
19112004
18072989
18065039
18057473
18055687
18043837
18043775
18041416
18032992
18029511
18021045
17997494
17987759
17976799
17976352
17971552
17968199
17955690
17941245
17938060
17937971
17936358
17920982
17919217
17919211
17901270
17898253
17898245
17894125
17892759
17881194
17870484
17848423
17828651
17823567
17766498
17760801
17671059
17667008
17661968
17659765
17655638
17653393
17638030
17632954
17622862
17622492
17620848
17588762
17564691
17557190
17538077
17518141
17503255
17499670
16478832
16430333
16421619
16327362
21721495
21684417
21684416
21684415
21684414
21684413
21684412
21684411
21684408
21684406
21684395
21684391
21684390
21684389
21684388
21682172
21665158
21658779
20964266
20964265
20964157
20957859
20931819
20873433
20873431
20873068
20869662
20865915
20863357
20855129
20844100
20841882
20841804
20838108
20825903
20825898
20825891
20825809
20825802
20810585
20709240
20705211
20685063
20685061
20660904
20649673
20640393
20637390
20624559
20608484
20593693
20593652
20586177
20579563
20553535
20535896
20535893
20525464
20511094
20508688
20508682
20503033
20502385
20480130
20451303
20407961
20403305
20402368
20391795
20390379
20349624
20223390
20185441
20156857
19145517
19080751
19069137
19054930
19041531
19038976
19025089
19022074
19022072
19017869
18996746
18980456
18955599
18922661
18843816
18843058
18840905
18839867
18829201
18823311
18813030
18785936
18769260
18758042
18714752
18702276
18687247
18657928
18622993
18622992
18616554
18616438
18612571
18609257
18606325
18585499
18584502
18580392
18572343
18563995
18558892
18557433
18557069
18555155
18550568
18550482
18549052
18548793
18548298
18519158
18517071
18499815
18489892
18479658
18479655
18476313
18474760
18460954
18460951
18450878
18448500
18448499
18446067
18439722
18407380
18406987
18405351
18394853
18394546
18378967
18375087
18370997
18359378
18358940
18356346
18353601
18347487
18321506
18310774
18299361
18299355
18289186
18279283
18277849
18277813
18277733
18273567
18272092
18254973
18242922
18237661
18226488
18226317
18226316
18226315
18226313
18216062
18197542
18191295
18188640
18188104
18180660
18180658
18164933
18163137
18159041
18096508
21782074
21767164
21726445
21571658
21564396
21561573
21548789
21546643
21539690
21534423
21513840
21507903
21504260
21500514
21500507
21487051
21449513
21449510
21400967
21368524
21397126
21382252
21342892
21322875
21317697
21314778
21294396
21292359
21288750
21275285
21268421
21251533
21193168
21143362
21143359
21128984
21127088
21112972
21109101
21103767
21088635
21068178
21068171
21046868
21035900
20624148
20620088
20602701
20596688
20586585
20564932
20553349
20543679
20541284
20541074
20525463
20511639
20510841
20509723
20508687
20508686
20508678
20506878
20497725
20494356
20487072
20480264
20478056
20477768
20434873
20434100
20428969
20402374
20401972
20401971
20381916
20367821
20363578
20337836
20234208
20219160
20211406
20211401
20189784
20189741
20188318
20181412
20138399
20113935
20112790
20102895
20099383
20095319
20094002
20094001
20094000
20093994
20091991
20080377
20079956
20074833
20069825
20056722
20053250
20053236
20044414
20043491
20032795
20031770
20029006
20027666
20026835
20019614
20006419
20006196
20002715
20002712
20000202
19995133
19967948
19966114
19957460
19956825
19952972
19945603
19944486
19943978
19941671
19938397
19938331
19935357
19931746
19930289
19930285
19923945
19914484
19894592
19894483
19893849
19866508
19863288
19860072
19858243
19857414
19851141
19851135
19842971
19842602
19841952
19840086
19829120
19825203
19807626
19807230
19799568
19794010
19786448
19780749
18976191
20038717
15788031
17449504
16550700
18176179
15548413
19513956
20831106
16358623
19127229
15854176
18689150
19514803
21282279
19216482
18815509
19918731
16805937
19402357
17722223
21599841
15660321
16879172
17037708
17548400
20457313
21601772
17651162
18572480
16798177
21542775
17852888
18575344
19247276
20424802
16034316
17163222
15857495
19585320
18160861
18414128
16610297
21712255
18844560
20663801
17136752
17112142
19018905
15609257
19201059
19216983
19541014
20055985
20092616
19948302
18426375
16076600
19432915
15662173
17477224
17983360
16548400
16630971
19800997
18206583
18035535
15752924
18953195
20088150
17118052
18207353
16106331
15525848
21350505
16627313
19208054
20707799
18512304
17980668
17640843
19574762
16150017
19537389
20006644
20887572
20003350
19060802
17061659
16515692
19248376
16118105
21384467
17582015
17390196
15566436
18343274
21692436
22078678
19849909
17198055
18032204
20660555
19841482
19714953
20153537
20050789
20947284
21819365
16618486
17214007
15871867
19317204
19769207
19374313
17182970
18951753
18565717
20711678
16688495
21035383
16643231
16473979
18610926
15768652
18929942
20532531
18241775
16563767
19521272
16392268
16680206
20618947
19440177
16008836
21565446
16923037
15993978
17902522
16781607
20576292
21690603
20081729
17133898
15851437
17486478
18622980
15845689
21148579
16954123
18357437
17828400
17486951
15960692
16412975
18177975
18292101
21208829
16060013
16615711
18779735
20363444
20443645
17101624
20088340
17575764
16371863
21949180
15791873
18285435
19091091
18434916
17384514
21393392
18405009
20476517
15567634
16900281
19522169
16982298
18990207
17107619
19798773
20823077
18775401
19247229
15683203
21035300
18803442
20921496
17851299
18578763
16553507
17582028
17683594
17386309
17599583
16539321
16285636
20232252
18092495
21240103
19791665
20675736
17077716
19119774
20390985
18376498
18522335
20636180
20594365
18578440
16602156
16903586
19786241
21452535
19550170
21878863
18484601
16637961
21197791
17066836
17692249
20113535
17410927
15737235
21874753
17274042
17980927
16968426
17261144
21561510
15812434
20674500
20132978
18048628
16107460
22017017
16863046
15772137
18412885
19564267
16378582
15720499
21122271
20638866
20702445
20038541
18312751
20690513
21448038
17962497
18609341
17462084
18662241
20920084
17037703
16324962
15815886
18947122
20711941
18069917
17477485
17667006
16628162
16371732
21702204
18227679
17018170
20382369
20162341
16724314
18715966
19180577
19775762
19323358
15948479
20003039
17973717
15848454
15981065
20507899
16622818
20878743
20688258
17060292
17212895
16359739
16609344
19743713
16821464
20152089
18787438
16334975
17309015
15774054
16951435
19569062
16481253
20464541
22110098
21102317
16034319
15875101
21527060
21191154
19619206
20509248
19525085
20221338
17992483
17029658
21507805
17671027
19448210
20025041
21614944
16027335
17946369
21046968
19835228
20362713
21458695
18503838
20478810
19114583
16730107
18596020
19008615
20467018
16354222
16174232
20889852
21036284
21214615
20481080
18491685
16256877
21272382
16843066
19149053
21388907
18672542
19550262
16174996
15737508
16963677
15739128
19123879
18621942
17714049
17111944
16255338
21434742
21456488
16420214
19038449
15800346
21258976
17337588
15976099
16009877
18475239
17590320
20675827
19439707
18289424
20340063
15540498
18038520
15715073
19133492
18786971
17139878
19130311
17123927
16563144
18041567
15942857
19296031
16903407
15793024
21450779
21048501
18455538
17891632
16502965
17319806
20536517
21290960
21692729
18461296
17425125
15788981
20373929
17102341
17410403
18608413
20199959
19704292
18416398
17437970
17711615
19154861
16022616
16987128
18489686
21162153
15681882
19541573
20038254
18972903
16736827
16111880
18669711
15701763
21603729
19929235
20882732
16604851
21053704
18053765
20559406
18821088
16522545
18354050
15619850
17644700
21670785
17542172
20736398
19926978
20097932
15793025
19272585
21080835
18239378
19142317
17402951
19054272
21373178
17078243
17183013
17111052
16236656
21810724
18488439
16377191
16149976
20104404
19174801
19061201
20121338
18229771
20795424
17325560
18486415
20624923
18312990
17726671
16426696
19255979
17627838
19906428
18536217
15685405
20354133
16863896
21299991
19236871
17671080
16053592
21590628
17973719
16283902
19277873
16327040
19567495
18301445
21209436
16798756
19253128
19479670
21125707
17928621
16858894
17186422
18657806
15953639
19999373
19859851
19517579
18988729
19697531
20113757
20164666
17764606
16728288
16047512
21667812
18722655
21314572
21368551
21843118
21262793
20039966
19385424
19117537
20117674
15917504
21740659
19715093
16158034
17933370
16923678
20008210
20579839
17094305
18715456
16013014
17724103
19034226
18774870
16848881
20066851
17436863
19626260
19208816
18286928
16004098
20681376
19626959
21323844
21345818
19061746
16220148
21198812
20216168
21682924
20095098
19875529
19504762
20972385
15530751
19072456
17566541
21548505
15532442
18564295
15713182
16869335
19444493
20178029
15544665
17552345
16791667
15966629
18220602
18179989
21123751
17725116
18578676
19545661
18335258
17151804
17004660
20132713
15766490
20687035
19234760
20884700
18760247
16128430
21111271
16449883
21240105
20512449
17874543
18592213
16124685
17760519
18816703
16461447
18095044
17068348
18450873
16180556
21291051
17605287
20345062
18975485
16416888
19577033
18715349
20419988
18605277
16737032
21999064
17044560
20865480
19659705
20004798
15945581
19476884
15688920
20825512
17049695
21080297
19548416
21943344
17903780
19759436
16987118
19173177
16341680
20439051
18931547
19076664
18552686
21364214
17039753
19879459
17697762
21309472
21560456
21555667
16048867
18480204
17103344
21301273
17907051
17186528
18681344
20019503
18843635
20159530
20440205
17334609
18951660
21305918
20634280
21421991
15968876
17518143
18477723
16482478
17112781
19307508
21067779
19193915
19008695
20458055
19999948
15717902
19481879
15605746
18795905
18300737
16138454
17202904
20056018
18776987
16719132
17660859
15900181
18415920
18078189
21614879
20048347
21744630
16846179
18770934
18594256
17168043
21319425
17418677
17555611
19734128
18330386
17494443
19241979
18236848
21369847
21658255
21277030
19893966
16731876
18030160
16046566
21095690
18389318
18567402
17475940
20677673
15976556
16870387
17277665
19609188
17984647
19763700
17073193
18808053
19031302
20367781
19140366
18766107
18560956
18186035
16260054
16075907
21107514
19430389
16835667
19046651
17579311
18320908
18625892
15819839
20969617
19097470
19734825
20589609
20495334
21271385
15667684
21059173
18377448
18664823
17453363
15674925
21324099
19525769
15909787
21449185
17212859
18030944
16119180
19469434
21444186
19160878
17578068
20929412
21862907
21724926
16280699
20032760
17115200
20014709
20684413
19969173
19280201
19017599
17685076
21458038
16478905
20863176
16777612
20827068
18588670
16380575
17574193
19418242
16608474
20853250
16266421
21061308
17706426
19331247
19207053
17277650
18275402
20346894
16673639
16388426
17048754
20236433
21034169
20227621
20005147
19710340
18329827
19131469
19817598
19061448
19282681
17954864
19101310
17479054
17263054
18072473
17205001
19247561
18350769
15576514
20509066
16108943
16275365
20712668
17210426
19683090
19723279
17941190
17263053
15835336
15887359
20414433
20462746
18350471
18481698
16783796
18051972
18715382
16536726
20107351
16396410
16898050
17603972
20543652
21507105
20124254
16709021
18270845
16047482
19143233
19095105
19091084
20554626
16313379
17676967
16338918
16488296
21730078
15530763
15852073
15700600
20201400
17766668
16045646
20981687
17454795
16413431
21116943
17310664
15553754
16449995
18495052
17352704
17100721
21756579
18547413
21197829
16309073
19294827
17629751
19851232
16169069
18056752
21397885
17269608
16767024
18569368
18630360
21351190
17175676
18521990
18414325
16523802
17646603
21745385
18480649
16881337
18440354
19447744
18198359
15833226
16137814
19731166
18668187
18315681
18363459
20822386
21957827
17718725
21244247
18518961
15819495
18187280
18409322
20829259
19177859
19410421
20628830
21150420
17985600
19589668
16831791
15678965
20693209
17968767
19610525
19106344
16100540
16989993
18789742
19681779
19114838
15791765
16411421
19357603
17761183
20665409
17056043
19538715
20879611
20116308
17726172
16551381
20536755
15523942
18462237
20605530
21165654
16224670
17639825
16215523
20132365
16434935
16529181
17290038
16306277
19557400
21667703
17328990
16905630
17072569
18203534
19729266
20670319
18560085
17007155
15511424
18773704
21870731
20348364
19995296
19821892
15597936
17664534
20084785
17944154
19232691
20238152
20683659
21664719
20379946
20453758
19150911
20450324
16259231
17122530
18344834
19338401
17369044
21198463
21188866
16808770
21306391
21159197
17926605
17228210
20479642
17935243
18268002
16135471
18461853
20306615
17044548
20546292
19910195
18548420
20078245
18705735
18442105
20843758
18989880
17197795
15701779
17591508
17822424
17538449
16203846
16613400
21500520
21385531
16636735
16000102
16006495
21099699
20103026
18357845
18997357
16843575
18180471
19879462
17577555
17185238
19005190
16340690
18358296
21602164
20680355
16123471
19842075
17763110
17040152
17345761
18036122
20065195
18533033
16948420
17558490
20609661
16144787
21411257
18328024
19552182
19573123
20520118
19278185
18757351
17187617
21424311
16856093
20495864
18631302
19108047
15969988
19254993
19682134
15536222
20335913
18828830
17416366
21520562
17693048
15633857
16701771
20942327
21714895
16810037
21560950
15971934
19650070
20602139
20413409
19998684
17214919
19266944
15574033
20368484
18074490
16905552
16343083
20360145
18787440
16352980
16462981
17128542
20923990
18457798
16324939
17419057
16162300
18514930
18438162
16240860
16243085
15637868
16466493
20890150
20919464
19463083
16848897
19565988
16525901
21482347
19390053
17723930
18437070
21228661
17604553
17495557
16765872
17059028
20402170
16625524
18563863
19907237
15534306
17342851
21264669
18257828
19744715
19393121
17594294
19185265
19534170
17214251
17338950
21661648
16041965
18043526
19962629
21665873
16861719
16759386
21346388
19581664
19942671
16281435
18602185
18983652
16792717
19363941
17108599
17476209
20719816
18774872
15726240
16868240
19813773
21138140
17261820
16884120
19154304
19032659
19146559
18403661
19648012
15916837
17664522
20673619
21168831
19433845
21218739
17526470
21572855
21977605
18188711
17368692
20080821
16138600
18393217
19731420
19962609
17298611
20533572
20692658
15933465
17484934
19839548
15765642
16971816
20456855
19209053
19642434
20816554
17238763
16398009
17343028
17901190
16627218
16433804
21337988
20005860
17257391
20614422
18206522
16257620
19950458
17553019
16304319
16504893
16583663
18509583
17060313
18786753
17563043
21112677
21977618
16879943
20000261
18083464
19242350
20077984
19069711
19213401
21091048
19186279
18412034
18657673
18556643
17804348
21211599
20722310
16879506
16200515
16916340
20473793
18037096
20649439
21537321
16174925
19359085
19184062
20123767
15772484
16427762
19926646
15574713
16523570
15867778
17473811
20100052
17443630
20232017
16195092
17973622
20737229
16857074
16050386
16341117
15571610
17854734
17694716
20865817
16447784
17149083
17004397
17293365
17873210
17878134
16305292
18998594
17223479
17079023
16773549
16689756
20625672
21689845
16422713
21952571
17466042
15805934
20925303
18343859
17454507
18853535
18441628
19664877
15520103
20077797
16799355
19361775
19298305
20077792
15699080
20467909
17696113
16793836
19729437
21349446
20507046
16492233
17108547
20818925
16931461
16932785
18194624
21456939
15612844
16897569
16649402
20569188
15962074
19698025
18080932
21422954
20231189
18558019
18663033
17289538
19995864
17982948
21488559
17845383
17636723
16113711
15624537
19008757
21671766
17098535
16568596
15852799
17038840
17510820
18585539
18928960
18393965
19694849
19622467
16012543
19217498
17885633
20562564
16157339
15965189
18347906
17985766
20555239
21280286
20309780
20012347
17897265
19009935
17524720
20424256
17459150
20662865
16717005
18565693
20514712
18314860
18664076
20559055
15802479
18587257
21199432
18981790
18705737
21723143
17513535
16128641
16499673
15723908
17646128
16459340
20617291
21086668
20840827
16266035
17249283
17523576
21565374
20373479
18260038
20122033
16438155
15893061
19041212
17903244
20692122
19632395
17556151
19405421
21744188
17393816
20879134
20173601
15673363
17148526
21610597
21068488
15721977
20146908
17015861
17519376
20598493
18702636
16891192
19695878
19717483
16878852
15540574
18095816
17760913
19015294
17427483
18847430
20346033
19659843
16282006
18598904
16781441
18998904
16285420
20081722
21046383
18166697
18363496
17433462
21222427
15807755
19831158
19416054
20491383
16602514
19647330
19233107
18829016
17329301
17667497
19433998
21117379
21124232
16274169
21493174
16312204
20535942
16720486
19250150
21879652
21316908
21139133
15935627
21168213
15851794
18480606
17907650
18310377
20840709
18060327
21348562
15933964
19460257
19536013
17869138
16089237
19020397
21032972
20646900
16636961
19825474
17220391
20860433
17198665
16429683
18808644
17182427
17066970
16956071
20205936
18591571
20948471
17915083
18540687
16427131
18525432
17684773
19156389
19271660
16515253
18261063
17984780
16997634
16190009
20442253
20501510
18578955
17265703
20729031
19223842
21783230
15615569
20625025
18803845
19646173
15713186
18198360
20662284
20579126
20358731
18540935
17455746
21610614
21135788
16295512
17697912
20648257
17606959
18768554
16567855
20305590
15611486
19764524
21683491
21351125
18209000
21057073
18452367
21040261
18708533
19714367
16981989
15754859
20185446
19487533
16216029
18700871
21727792
20495584
19423963
16151563
16910129
18789048
16425819
21276552
17653447
20158549
15779513
20614401
16888600
22098841
16931922
17355405
19554436
16824983
18422266
17448916
16544559
21511454
16618235
20852840
17891048
17082827
18295373
15871403
16549028
15983929
18810233
19387128
16011908
20590514
19194456
19822563
17168086
18380998
17424791
17464126
18946949
20963676
19880956
20738741
20623338
16796448
19349502
19756423
15653250
19465317
19165122
21749555
17142595
17596080
19039213
20205481
20874711
18661614
17032465
15706832
18317851
21098628
16273817
18316826
21138697
16310139
19116753
20386308
20718396
21355759
15566437
21573122
20395648
20490675
20309560
20889067
21449130
18434459
19004576
18390479
15520160
19529041
18468354
18926963
18272612
17896218
17318982
17515265
19899295
17761619
19179789
17116149
18277222
18197759
21411824
15590232
21798499
19380366
15801523
17098679
20091227
15571880
19086484
15637990
17632126
16174941
15617635
16736352
17567302
18445760
19118912
21419250
19937919
19039051
16681285
16542838
17007161
19662791
15968228
16597053
19653614
16525525
21083804
19647969
17061311
20630118
18520654
18649808
20578046
21844765
21887945
17256810
15894461
20532137
21430335
17320008
18714719
18420526
16422000
17219502
17536655
20473187
21320230
20400899
20801967
17482192
17980798
19320404
15837453
18823688
19343434
19068042
16733656
21199207
16250826
16670259
19139483
16439499
19246146
17102217
18222382
20347328
19318665
19443876
19951223
17711355
21618756
16522346
19346565
21677532
19655523
20630399
20724330
17475606
21554289
20716871
17594994
17479318
20064882
18325112
15720488
17289465
17578579
19493141
16877039
16595533
17279443
15918469
18656072
19835604
19754687
16426618
20932658
17955625
19085666
16145642
18757528
17120941
15980079
16964732
16627842
20459911
20962307
19482120
20162878
16799016
21692586
21492279
16878413
20125106
19120748
19643244
16095789
21711531
17204565
17135067
16835517
19703639
21872497
18777713
16776611
19877340
18725848
17077631
21438709
16802313
17194987
20006414
20712670
16330624
18026806
17260712
16551583
15662174
19187165
19170041
16003402
21491343
15656469
20438034
17600599
16379129
16911544
17502639
15836524
17546860
15923985
15656463
19466370
18998190
19183098
18727575
16860261
17073192
16183359
16021555
16546063
19263196
20454567
18040100
15720995
18837657
18445762
19382434
17083753
19845200
20806865
19486786
18279521
15967628
17650719
21717720
19294747
19530633
19473739
20171037
16205851
20553402
21057839
19842359
21513533
18391673
15695473
17534085
16828344
17141112
18073705
17176304
17721699
18832107
20693238
15714072
21319423
17182975
20158128
16604803
17987416
16263537
15840070
18810506
18494959
16429215
15950807
19806254
15550953
15603214
16027349
19146083
18221469
20353319
15815802
18598253
18425602
18626060
15617401
15635014
16764157
17881092
17984217
17901783
17112987
17174045
15887429
17991598
17421119
20452713
17487254
20833622
20552770
18208958
21266559
19684494
16828669
17141638
19406044
20411613
17321932
17416702
16004104
15818638
18359879
22128567
21537192
15798043
18208739
19771934
16487921
18022831
16119661
18041868
19591682
21462663
20235291
22046739
21294941
15567684
17924559
20562371
20163762
20500704
17214831
20438015
19697810
19154307
20523219
16595344
18522561
15857858
21469512
21170659
21862079
18595309
17656203
16261791
19125308
21518976
19683408
17851382
21729112
19660205
19548177
21209142
16514136
16125898
19883486
16758094
18955440
18593826
16616171
19331081
16390525
18334517
18640406
19120855
16849913
19875747
15742907
16352961
19179217
17973700
18339730
21701448
18599172
15916471
18485268
19918217
17328807
18808693
18181847
16825229
19964427
15639679
16923645
16336481
19859000
18435115
18021149
18630370
21106655
17059417
16764223
19588316
19061731
16505877
17302596
20540614
16555756
17265658
18653816
21239783
17904432
17008829
16384766
18423348
16095450
19592838
21682106
17668831
16723929
21813221
16253153
17327541
21316906
16253788
18588646
20078015
19244697
19223339
18981789
21231884
20031870
21991779
18672147
16434916
16946118
17441366
19179871
16980791
19538800
20381797
17525086
18369048
19241779
16253789
21952066
17910532
16136612
19538556
16036825
18697346
21139454
21571237
17076969
20233676
20630014
15784135
22040851
17035433
15639038
20827237
17389541
21421648
17944163
15856427
17716098
16857051
16112979
21523751
16116371
19138911
21587148
18835682
16945685
19684558
16708576
19638979
17252968
16827838
21237552
17655685
20116791
18258576
21059573
20455379
16572981
16263369
18809647
17317292
20528703
16779443
18604425
17343534
17626550
15782876
19901140
18327396
21435541
15719603
19726990
20102684
19405342
18848402
17306249
18003493
17402647
21223401
18316655
15784348
16175025
21457625
15793979
21499008
21386081
18629746
16953860
18405565
19035895
20631590
19298681
15936406
17709172
17517445
16213693
19446121
17679663
15911198
16973948
18209667
17509285
16390892
16407601
21786715
18928822
16318109
21961386
17931143
19084301
16135654
18578801
18241954
16487425
19949887
17471052
16965312
19281088
19192241
20808199
20046134
16974215
19365222
20017115
15954048
18353394
19508267
20564528
21824959
16917911
21629336
20695830
18334982
15701783
18488575
16813879
18341244
21214680
20630922
17926454
19673010
20173619
16573015
19533586
19475826
18752854
19318659
19776255
19578818
16316877
21837886
19222636
16471110
17912778
21739919
18447987
19340984
18240991
19073518
19203485
17233863
20636182
20590900
17223770
17000345
18093121
20014540
20077790
21416864
17284474
20222635
17565402
19900742
16737502
16926726
17221178
16255328
17034640
21560957
19715404
18614445
22069919
15700873
15939860
17119662
18389029
17592980
16826589
18816746
20671454
20660471
18236875
18389047
19269959
20163296
17182417
16463601
16670213
15632795
16855955
16541477
16641079
16503843
19140196
18712798
21397876
19017894
18787902
18201030
18474877
20178571
20822848
15988666
17175678
18571140
18923333
16025893
18092572
19892446
15923595
18515743
20064813
17565096
20391667
19501941
16162468
19784911
15646115
18987069
20019504
17661149
19505697
17955895
17334302
16632765
18998822
21046529
18725037
17678833
16764377
15705243
21436706
16942122
17207278
19861029
15528288
17823705
16153565
18631389
19339314
17873665
17937801
19062302
20866016
17340180
17988822
19228637
17604262
19723738
16647644
18981814
16515009
17210996
19646716
16683507
17760529
20350745
17764430
17370790
19957822
16176116
18402349
20377798
17826070
18287181
15725206
18472623
19776537
19591578
17364726
16460671
20673244
20975520
15689645
21036526
20640330
20439095
15611432
16912103
16620197
16406785
16459208
19520019
15724947
16489379
15867120
15890039
15548440
21645418
17712842
19318673
21353132
21718625
21701043
15630870
15792747
22128562
16611513
21703808
17004212
20398120
18681246
15713169
21602629
20360220
16022233
17310338
18293243
19536372
20163757
19884239
18723862
20500037
16807106
18448502
19050634
18174092
19675268
18264897
19561555
16381348
18619689
18499528
21507260
18487967
17040159
21184362
18563013
19861102
20889635
18442595
16154072
19788748
16258930
18986288
15553057
17073195
16128659
21520697
20097397
18971800
18945252
17567871
19127438
18304886
21429780
20085116
19114780
17314725
20098883
16585026
19618578
20684398
19708098
20367292
18477393
21076261
16249590
17463206
15990739
16113141
21129322
19546446
18225675
21392965
16644855
17174516
19288345
18982395
17907688
20151348
19423279
20966631
17688476
20395614
15612232
18438158
19643831
16439351
16961098
16802308
19257798
17969938
15709850
20170430
20824553
21099392
18232065
17258801
15644699
17069595
20469729
17562253
17272730
20689929
20346534
16650586
16006914
19842526
18232612
17655514
19880940
16406133
17536419
21462469
18158517
18057177
16752982
17560953
20846193
18830699
16084187
16377823
19348102
16551208
17624157
17682030
20502178
15583504
16915611
16405386
16758714
21972312
16508486
17600243
20357650
20882803
18715969
21906397
20419748
20423574
21990415
17386913
20853212
19517763
16253113
21165379
19459239
18774131
21127318
18681200
16215498
21443827
21664737
19772784
17185925
19396575
20525649
16122361
21668384
21443066
20113524
18072402
16379462
20058534
16698510
21325098
18833625
18620503
17352299
16147725
21171881
19777359
17122761
20186567
16186054
18158492
20857660
20604649
21299276
16296376
18753715
17618077
21137520
16703873
16272918
18005916
20975324
19216242
17391422
15875276
18625927
15990043
18580868
20357707
15864824
16416386
17330297
19793865
18050982
21204697
17274556
19543407
18194523
19679690
16442476
21325099
19844102
16798255
21595608
18382047
18972100
16267805
16922980
17182195
17142611
17597523
20033354
21631923
19266786
19196034
19667776
17583592
19492512
18577323
17868477
17211120
19788778
18702787
18582361
17595921
18552321
19278806
21459183
16956927
19738219
20738770
20028276
18695180
15597141
19543670
17596949
17629664
17884713
18697655
15573804
22066299
17338398
18827611
18652695
16483724
16798654
19619203
20158137
17058890
15624409
17394519
20696543
19665915
15604527
20973853
15902611
17642349
16951616
15781177
18811573
17531766
16970660
19177431
15528290
18299778
18041329
16749417
17989566
18809119
16119488
16240704
16033588
16793044
19440947
21468499
18853662
15636591
15572574
18165651
20374986
21403141
20196310
20638738
15750527
16781501
17913777
17665821
16782923
19845942
19765116
19173143
15867700
18641112
21155703
21271750
18693848
15574526
17727586
19235253
16903529
20394770
21863606
17000942
16704017
16308171
18775398
17551869
21441795
15618370
20551695
16445833
19747383
19160608
18588397
19049724
16651353
15737277
17268138
15573675
15674950
19413560
17412032
16605144
17361502
17098356
17011901
17992064
15724881
19232919
20869659
15582349
16425902
21436708
21417148
18786217
15625658
17187534
18423644
20714143
16095435
18296928
20615678
17522866
21615196
18980460
17221041
18007252
15612429
22013818
17036884
16529341
16696786
21868477
22034725
20601645
18414337
21095014
21336127
17402954
18775827
20971519
19102436
15846480
19705986
20132621
16537580
16136201
16704183
18955608
16035562
18402202
17958989
19013884
16945065
17490762
19226195
21601010
17644041
16484121
15878536
16752168
21069116
18561732
21592337
17237128
18031947
16869179
19917443
16443137
19734646
20306101
19242580
18834738
17220158
18173895
15689724
15610339
16464329
21477027
18078589
21307118
21247444
20131134
18482123
17694232
19488789
17170582
15632464
19566021
20858372
16539086
16572536
18797211
18216738
16026187
20497827
17332176
19248449
19281447
16364176
19526443
16584052
19891018
21295485
18402238
18727763
16024978
20070498
16137072
20142407
19051170
20306150
17294706
19914795
19267033
18609240
16006859
16422488
18328277
20099773
21727856
21410661
16468478
18777062
16417695
15659085
15635517
16534044
21592383
17964892
18299494
18520668
15714020
20428391
20936737
16533903
15605916
17624898
17102477
16526152
17220387
19056614
17925134
16379471
15526664
20060970
17918304
21470031
20083972
19716702
17635299
16565030
16785215
16124694
16820831
18171971
15833469
18182635
19300851
20626486
19440715
16220613
21166869
20100152
18274298
20200583
20103070
19646191
16963194
16287696
18696409
21560898
21329281
18257446
20443265
20230171
18448727
19788791
15633403
17266405
19638741
17356351
19932220
15526494
17331259
20535797
18241563
17438886
21087239
16801882
21625662
19733118
19811559
16403214
21371155
20719740
20029822
20201115
20378676
21307691
18269426
17518020
18378464
21875843
21471881
17526293
18019118
16903401
21610345
18519296
16825851
18360805
17025000
18090698
18580104
17931539
16801655
17183058
18501836
17685912
16544059
17953298
19449614
16639190
20379944
18758747
21745651
20709997
17347846
18823325
17310429
21483387
18803547
19175680
19751517
18027518
16319035
17275601
20299410
21099396
18184982
16368096
17413678
19564278
19915454
17985963
19271449
18638714
18975287
19637534
20645898
16482237
17063631
17473538
17472497
17392349
20211082
17803363
19423171
17638798
18476647
18603033
19689494
17171723
19241143
17419926
17608243
16162586
21751755
17490922
21693356
21855839
17512471
19930219
21678268
19504083
18806181
18414295
17432992
19580105
19627506
16044988
19864968
16965891
19592810
19680310
15826511
18188140
18665429
18497658
20546166
16189060
20426241
17545823
17043938
15940138
17512862
18806197
16112540
18951399
16432647
15869019
20360427
19127537
17700945
19683407
16446871
17491352
20602848
20429974
21830642
20528667
16688101
20593644
21725416
20179660
17244288
19396641
18791404
19127130
18778558
17593642
17855231
16187439
17000484
15612403
20025749
17984650
16543740
18028892
19647970
16645494
21526523
17933955
18274426
19848548
20165846
16106771
17949275
16735667
21765035
16010850
17066354
17079618
17621785
17039997
18822707
21147003
21140348
20483635
15758594
19171334
19234424
15926744
16836761
21419521
15644760
19165634
19085668
16013648
17545841
16313292
19814889
16388872
21129077
17365897
17166062
20957594
16029979
17926660
18695085
19204222
18437939
17662689
17537116
17488153
15741585
19753643
20602280
21138497
18980458
17179376
17122715
17108610
17635952
18362820
16573020
19082929
18780932
20696951
17486016
17244295
19005959
20957393
17437383
16039809
20349640
19057566
16451424
21449227
20666035
16752972
19358736
18380299
18207046
16354885
16783842
16988287
20955481
16205352
16879542
21242800
20841683
18370885
19813369
20016412
20869329
16025151
17395968
20421019
17515018
17905234
19379454
17489937
16945199
18544377
18591640
20032721
18429371
18948434
16167615
21645040
21523263
17121508
19819191
21197836
15787774
20229139
19147425
15930430
21045946
18799514
20409059
21727290
20552775
20659203
20358806
16188716
17853182
16864168
15526622
17238494
21799327
18307598
17666609
16404326
17614071
17667931
20503678
18719058
18783502
17237894
18826873
18840126
21402400
16393438
19031406
16717026
20925713
19538607
17456463
21484020
17157557
20609507
19165757
17364403
20383755
18293220
19647598
20163758
16977554
17512880
21730912
20182915
15728419
19786769
19131417
19300071
18345369
16117209
16688967
18246904
20975928
18431302
20538441
19047665
19180370
16902171
17914895
20375351
17604522
17094366
21216080
18633680
15660148
18959283
21912023
17474344
18232061
21330327
20461348
21841061
20515887
19698037
21736109
16675776
16936529
16082616
20093280
16141104
19706308
16398905
18205964
18955430
21893738
17264354
18414329
18816927
21853701
19941577
19625565
18269551
16803941
19752084
20546364
18197883
20386035
19952152
15624549
16719017
21470753
17265660
15743441
15849619
15822046
21456994
20536762
20047173
21591329
17978322
21815515
15536379
19093298
16538516
16246515
20334002
17944608
18394106
21254824
17504597
16076234
19111270
19464097
19782791
18478644
17729170
20870990
17956646
19267369
19443292
18515435
16153378
15590584
19490232
17937656
17711937
20101417
16096454
16158036
19962475
15931043
17168069
16148475
22046017
20358493
17678607
19704190
20426633
16217973
19911729
15597931
19014410
19880475
20237217
19720706
16520263
17680514
19780435
16622643
16795980
19242482
21251138
16883190
16366372
20495104
18063043
18160245
18335898
20690461
20050487
21492358
20063443
19745637
16394454
20853103
18503535
17153132
21138207
18946242
20538475
22046847
16034297
20230175
18512305
16911174
20009052
21685744
20546817
21214399
19050996
21642520
17279327
19860067
20106933
19195050
16647673
18573954
16715030
17002082
15595907
17219938
18672820
21534379
18719507
21425244
21132294
22128511
21680042
17484704
15518001
18461495
18354823
18264925
16594878
17284233
17992703
20712210
17360793
18327398
16959930
16043003
16191140
16231095
17630555
17620400
15846012
17000480
15527814
18166406
20557383
18426103
21150531
16020072
18845412
19933891
16332553
20687092
20435496
17310340
19077024
21118564
20861288
16788353
19759423
20436062
15656249
20871495
18430153
16595002
16942866
19209015
21476424
15580014
18360149
15521337
16601514
17368074
15615304
21035994
21999063
20591747
17386392
18551517
18259995
19856089
20478554
17091909
18608725
20063567
20130828
17352993
15630818
15899730
19060825
16316439
19729568
21121802
21521893
18260772
20009750
21531889
16617638
16892935
15926345
19166664
18419042
19966728
20377347
18752527
17909431
17135845
20956000
21090363
16636009
16826470
16969749
16524996
16180386
17543696
21375100
18085911
20152573
16439285
17090744
20568976
19623816
18588253
17645955
16779248
18595303
16964792
18842455
16328394
18005377
20018960
17965396
15838441
18164469
21356092
20029008
21368525
16097619
19877163
20415111
18190370
18988403
20399491
18515436
19194142
19948040
19331311
16001612
22049811
17212065
18564956
19907370
16242897
16496812
17685847
15688545
15746593
17955884
18837659
15699653
15824726
17092375
21317630
19385331
20235421
18190479
15610343
19825897
17334545
19824096
20054158
17022849
21845553
20525109
20924255
17273492
20347565
19685084
16497309
15515279
20586952
18982839
20080021
20175361
16979311
17387056
19952043
18357933
16240947
17785015
16461448
18040272
21655786
19091933
19827968
20505508
19471254
20430210
20104400
20485694
19282690
15977519
20394030
20730389
16350596
16153049
17593633
17003253
21298276
21491756
18683041
19382433
21228438
19419589
20590511
18380609
20586623
21269458
21739743
16326253
17504589
17973716
19472959
19836188
17227606
19116822
21667573
21284498
19805769
21382047
17457775
21817971
20807893
19591020
15720482
15826580
20728066
20551740
21879651
21388240
18778557
18343252
21164414
20392667
17436831
19212247
17207005
19839391
19117232
18829246
17610440
20978932
16487899
19883965
15675061
17880469
20004038
15853099
19324327
18082416
19147394
18073254
17519302
16767870
20025804
20939229
20807969
16200695
18090519
16264081
21919294
21131265
18585511
17874086
18376736
18805749
19197779
17621356
18378725
18075965
18399021
17559917
19524441
17941555
18609242
19615536
21998983
17101037
15540550
20665341
20209007
21376443
19387286
21375203
17484411
18057810
20506787
21359254
17850296
21175928
17284981
21724782
19901746
19114387
18403078
16407697
20937590
18561835
16289797
19387906
16719016
20819304
18198964
16276175
19128315
19883996
17212292
18217474
16912623
20522291
18384011
16904615
18468938
17547099
19000337
20473214
18521875
20795588
17486386
19905918
18079569
21719626
16034853
20423368
17623499
21484016
19046827
21555652
18096354
18756487
19772968
21391837
21521838
16861720
16326785
20954828
21337176
19682847
21946881
17007324
18330002
15896695
21385082
20229072
19215330
15527223
19671916
17408822
18561619
17191258
17994270
18291010
20361458
18708889
21897403
21247825
19562237
20418580
17185154
18973710
17256708
17040575
20380228
19411575
19755822
15603685
20230177
17652180
20013760
21341442
21149395
17667338
20447006
21214907
19103895
15604229
21327528
20429124
19477972
17285234
15984437
18838182
18722196
19306370
19450260
16531954
15992184
16799364
19387871
16128658
16686873
16035980
16450742
15965766
18027000
17014467
16788086
16200520
21727758
21071584
16184696
18830718
18364061
21061867
17921937
16010910
20557393
21136237
20071219
16718841
19150201
16322139
16006186
18586556
19105562
18715396
17414331
17892635
16483424
15678221
20149573
18959302
18328683
19958064
19523033
17410509
16485621
17892574
20618526
18337077
19061685
17531568
17516009
16370401
20462742
15900805
18439609
17689916
21824224
21287905
18447890
16136828
17921106
15878428
15542506
17727584
20486500
20966783
16799361
20137845
18629359
19542038
16199935
20162914
19258838
18720617
16914106
15995388
17416275
15893218
18382164
21244255
18990040
18612163
21156291
17406173
15737222
15957698
19033166
19100146
20570292
19553064
21980630
17394738
18612905
16585329
20587888
19814883
21287145
20305461
19584762
16352518
19074497
19862494
20183371
16721695
17270089
16499116
15759524
18705120
20579755
16029975
21276199
18547400
20466750
16968511
18669414
20081728
20078323
21144121
18977551
17152024
15923793
18954641
17934828
19667840
17699295
17986071
19489988
21954793
21991720
15682879
19584343
19536988
19813360
19339450
18817024
18019902
18302651
21837847
19201298
16457405
21990151
20227674
18435321
18549134
17548401
18298632
18350774
21426753
17060182
19197680
16546447
16192176
19745635
15641946
16515148
15624279
16885652
18418104
19934964
17483923
19041835
16529363
16686812
18082665
16879092
18757381
18648947
16977272
17967296
19363379
17263656
16585498
17210887
16211180
17349824
18631406
18391804
19887655
18686836
17030826
17698344
17684111
19112812
15629990
18837896
15841423
17320552
18463881
21462490
21297320
18490893
15796488
19228233
22005243
17241105
18467294
17622032
17187120
16793783
15532173
16945784
20497269
16639199
15765635
16434415
19095334
16458628
18727752
15517169
20713422
20671007
21123504
17613485
18032364
20713655
18507850
19491750
19648194
15527604
20099755
15923965
19551656
16901253
16094750
16370922
20927774
21269297
19573630
16580492
16859868
16330518
20611002
18080336
16268411
19700582
19863767
16966913
17901274
15992203
17088110
15823381
19186632
18034179
16076894
20633738
19734397
20043481
18819225
19221715
18804722
17274693
15518359
17978615
20042146
18165379
16262969
20493795
16449742
17711974
18667872
17135924
17535600
20825536
18214677
16117983
16769784
21552087
16837693
20846288
17902602
16924184
21805947
15615141
15770561
20000014
17873711
16202146
21933274
19664527
18845046
17431061
16326211
16032567
20492057
20374101
17949622
20565872
21507257
15704770
17356934
16675475
16543791
16594230
16649826
18984506
16394682
19800037
17062549
16413555
19371417
17091750
20937544
15951582
19570200
19963309
16493933
20220685
20693569
16134664
16045107
17804944
19422582
16547388
16370506
18083268
21069692
17969290
16109119
17257964
17922360
21218304
17714050
21311270
19912967
17249312
17091438
20307283
20695347
17655571
20802274
20708255
18595931
20922514
18053623
20551886
18025448
16027596
16900915
15736824
18760559
16268467
18785194
19348827
15552807
20494965
18687841
17942317
15674780
19999040
17657327
20921917
20503672
15625661
17054631
18511768
20816103
21489268
17567229
20698232
17185036
18815497
16638831
20453351
16584553
17042466
19068052
17625081
16594432
15940585
17400424
20068415
20163295
18335685
16290975
17075823
15529102
19103915
16939142
19715493
15619737
15511740
20380748
18839886
19573958
19073955
20046117
18028848
18608081
21040230
18754982
16750798
16476603
18648893
19643437
15716810
18279125
18237621
17435817
19491574
21841704
18414179
20876170
20070716
20424822
19572068
19291342
16907686
21272197
17986880
18051978
17147856
20453187
16850023
18668176
17127156
17594634
16294947
20950073
19009120
21413846
17611823
17492993
16821202
18505556
17664508
17907725
21869658
17070347
18835124
18256563
16245190
16482017
17234418
18178132
20427298
16878675
17917822
16869125
16808751
21566441
20393365
21436664
16968589
19850436
16565792
16968430
20947721
18980451
18051996
21775273
20152215
20217046
16401807
16575712
16061596
16393097
21131574
19480748
18827080
17265663
16127527
20578313
19645807
20671338
17727585
20351324
21680675
18187246
18664778
17437826
19139928
20067349
15600110
19940558
16411877
18196853
15911501
20870685
19254403
15623120
16041519
20563939
17076180
16494284
16191142
20373726
21270920
19366541
16161861
20568975
20118886
17510154
17193946
18789626
16161386
18695814
19469051
20443396
21679547
17284952
21481113
21105763
18312617
15544580
19191134
18377550
18211529
21189206
21062136
15877640
17553406
21473240
16710764
19566991
17540553
18547435
21284562
21290863
18578779
20421061
16488688
17464573
19477574
20002480
15908676
17067898
20013853
16203057
19256108
21214989
18763650
20235302
16530108
16250163
20044232
21314812
18338454
17160874
16499252
16325407
17149165
20103833
17108601
20142027
19381078
18710678
21266889
16299191
18771637
16276956
19234429
19522341
17215598
19539106
20714151
15662297
16679437
16700786
15923949
18087985
21388007
17929153
19104249
16879096
20929109
21781080
17000098
20921483
17564102
15673579
17158837
21294498
15626072
20883594
19484951
18701973
19446459
16083700
15891488
18245737
19014427
16338569
21181283
19463080
21663416
15940531
18251447
16267982
18065294
16955638
15630863
18073657
18690610
15763217
19055303
19291084
15614123
20516708
19104321
17951939
19285265
18612531
16741693
16279158
19731345
15648370
18401054
19748869
16757489
17268910
19448133
19720766
20965459
20825687
21206293
20445451
21199305
17072512
16061312
15940504
19656149
20633307
21525436
19695843
16927579
20172452
18446175
21477981
20554423
18705090
21805803
16026659
19523057
18489687
17255612
20657888
17518884
21533934
20798083
15750493
15853194
22013829
17589550
19170781
19789928
19696572
20422062
21209578
18361948
16213285
21747417
15731637
17694233
16636958
16638028
17443554
18283559
17310052
17353987
21266287
19471030
17619326
19044192
21757083
16829776
17589214
20519101
19022185
21129343
21240098
18164302
21382072
21292712
19092649
21488749
18772663
20497268
21692724
16532379
16550840
18595416
17038111
19581026
17137147
21647082
18485225
17621580
16393479
18592950
21046170
17845883
17286192
15737160
16435925
21403453
20696792
19775571
21193088
17411863
19700280
19067161
18803842
18624704
17260560
21456440
16335292
15814395
18182541
17976282
19582523
19050028
16076514
16501268
16077285
16473694
17152029
15946460
16416037
17367892
15805358
19012722
18202732
21320941
20172190
17470093
17574192
17923289
21637274
18490685
21596879
19771995
19383011
17881316
18592424
16382647
16680055
20955563
16327509
17519615
16890882
20388936
17459812
16860043
15792753
16564218
19349900
21600062
16518620
17017753
18544112
21122084
21058958
16234744
18191799
18424316
17259029
17544541
16196501
17412717
20027287
17945320
18562819
20200284
19115883
15915734
20579582
16021668
18488588
20178697
21127101
20619768
17082170
19006590
18163408
15541128
19668280
19472551
20054163
17285196
19913187
17641318
18044825
16249136
16871980
16883119
16734038
17239073
15942390
19027618
21682969
19543101
17910032
21074647
15537585
16670130
15658237
17608889
18667127
15601273
17480142
18787448
17346847
21440523
18753685
17006855
21229868
17534469
16625891
18496365
16311521
21298898
15562219
21254161
17805455
16136455
19404286
20972712
18163263
16308327
18515442
17645791
21102170
15622417
21178030
19343033
15587461
19555475
20883230
21198742
18374561
18007210
17508502
16616643
18777511
16892666
19762582
19702979
15612142
17684107
18273581
16790039
17762436
18346001
18486879
21473318
18569897
20502170
20581734
16689409
15789678
21642334
16498200
20833382
22053656
20140793
17058721
19234002
17408073
16478806
20405969
18377569
17285010
19898787
17425124
16581639
19430677
17966313
17061473
17557623
21558512
17847975
20578642
18399374
20377497
19916219
20088153
21135781
15721497
16225336
16629972
18517167
17486194
19738146
15905004
16102767
18579144
17077787
18789627
16823890
20108885
15608585
15750995
19901502
17290963
15967625
20220286
18787486
17431698
19928616
17608339
17344672
18805686
15767197
19077648
19384131
18222586
21446599
21672366
16950056
16759851
15736601
18272605
16772071
15884741
20465076
18290751
18580738
18270498
19183318
18342653
20081723
17876250
18351621
20595720
19674021
18033790
20170407
19596930
19242088
15584687
18195414
21273106
16918745
16342631
16369277
18848958
20650026
15999919
15883242
18245578
21041178
17152453
16761662
18258574
20351163
20066814
20021383
21375101
17496819
16149981
20968214
19059568
16199397
17608870
17655636
21340639
17131302
20049075
18638330
21460713
16260823
17893382
21110121
18556864
19242321
17177907
18804390
17095298
16516560
21476419
19858355
17584305
19712124
20822644
18942535
20046177
21742461
19357964
19035076
19899196
20532657
18548409
21486986
18728136
16962458
21624907
16035423
20947577
19370377
17764556
20636159
17886262
17057418
19216759
18206382
16808724
19543092
19151850
17211568
17385657
19339446
17057634
17850665
15519899
19761482
17020240
19522907
18767515
19784692
16464348
15532812
15950831
18350941
20158550
15974332
18056324
15923409
18018812
20738451
16681474
17086418
15887941
21710011
17366228
19578819
19609073
17462044
19375613
20180156
20643729
21526685
17407632
15650867
19553705
16014990
19883474
19834802
21262611
16978958
19745348
15637955
17044441
16423111
16689117
18588395
17919163
17590302
15645189
20726471
20940699
20637343
19480376
19552339
21801539
17429508
18760147
19664410
15817597
17607616
18322741
18539278
18022833
17917469
19072490
17058752
17382213
17092453
18389216
16352773
21636870
18712640
16195096
17125956
20022534
17486679
17327754
17851088
19172450
17311238
16830214
19496031
19630448
21129180
15514170
16015513
17079249
17470720
17561955
21368527
17224226
19265789
18435310
19021126
18333733
20466370
16927575
20700873
17384553
16475874
18996787
18837203
15648520
20530305
15777473
17935600
19740044
19100960
17224774
21231882
17453993
17062536
17993276
18198362
21334207
20446110
17058411
15999081
15548249
17890348
18928082
15991108
19796410
21112685
17767930
18405494
19547799
18430563
17190121
18315998
17581708
19112875
19032911
17149042
20729511
21141263
17766796
20920077
15622675
18279766
16421854
17393922
15800664
15754280
16848967
17784884
17353843
16021265
16445071
18848669
16752872
16873812
16379113
15619402
15719848
18687488
16762063
21730987
16619734
18555682
21415613
16794094
16869525
15903002
21944692
20853581
16492794
18551888
15839236
18180634
18414324
19203803
19021488
21819028
20068461
20401873
19109334
21414143
19032020
18157830
18684103
19745632
20478866
17412115
19643676
16997849
17019447
20722312
18271836
18331480
16116400
16836215
19022071
18196842
19380210
17915373
20094124
15585426
21362182
16520526
17165487
18573120
18261064
20063594
19714765
15917977
20363445
19489376
18670198
18647388
17895683
17983479
21884838
18596118
19015826
20531493
19593591
20305532
18416356
16828521
15557911
21092885
19430416
16711307
15870615
15990428
21520796
20127272
20031470
17064413
17446825
21037270
21446195
16629547
19493144
19343845
21957588
15685097
17592993
15687394
17542391
20532530
19360982
18580533
15805811
21199549
18364172
18622591
17067321
16398302
18592319
18725407
21642331
16142017
17911330
19718542
16584804
18496108
16910193
17973711
17907011
20881159
20116893
21990386
20738360
16184694
16485366
21658020
19912096
16972607
20576734
16300027
16276198
16761661
17324176
20225409
20949328
20207923
15572938
16121496
19690962
18176083
18535317
20146803
16898048
20164816
20023466
20575470
17580126
16499789
17212893
17007650
21480157
18372678
15818718
20168139
16960661
16442479
19633593
21383301
20543356
17895492
16045413
16470155
21840519
19921999
20858885
16509450
17592982
19286581
19779771
16278571
19709118
17461754
16685153
16443994
19627053
16436084
18477124
17665536
15673481
15555490
15965388
18038104
20378204
16096150
17111639
20863343
19534222
16394685
15664224
16819630
18654778
21292720
19451479
19214259
18545069
19462336
19686269
20228360
20116205
15522054
18295216
21191034
19686275
19558289
17933804
17060269
16757396
20601641
16463453
19579420
17515318
21154090
18179495
19572102
18724118
20436033
20976838
20510843
19623510
19475364
17257516
21128576
21674523
16941919
20889637
19503703
16050891
20939875
18791622
15836555
20150604
18715245
16704395
19189408
20019505
17710049
20970788
20729729
15812092
18434103
16326789
18684008
18950298
19142365
16720263
21164109
16904367
20162763
17897115
16508472
18030151
21952064
16273994
19833859
15540619
19686324
16270796
19776551
19119734
16088435
19943226
21176305
18157568
17039499
21778910
20967480
19165548
20167537
16517029
21999065
20690492
19706077
16528759
19118972
16829831
20371054
19146069
20540625
18504095
17685830
15811198
16398069
19481043
15696631
16499745
16045659
17391600
17458027
15628650
18569625
16457031
16800393
19723933
16523990
15573828
20050791
16261779
20667285
20098139
20407398
20433666
18364488
17622362
21226847
17563443
20092136
18216618
16355050
21097761
20659409
19592950
18981966
20617931
20852567
21273220
21750593
19142781
19454528
20654815
19830851
19897697
17206877
16821510
17418133
20197456
19438113
20551726
19250559
20207173
21702401
17452026
20676573
20477855
19692804
17613160
21111980
20083537
19819115
17944137
16048467
18037283
20100845
16594190
17187535
18401936
20706180
21534498
17443076
17430742
21323081
18268853
15960554
18702421
18360282
18477122
15947913
17171750
16959927
21528622
19327616
16903403
21523983
21670456
19912095
17300638
16021729
21622488
18201598
21120767
17993638
19534213
19685683
18080485
15909783
18295458
19567494
17976839
18753879
21417050
21888221
19678469
21534383
16565461
20162921
20935561
21077743
19823090
21281024
17400289
18488425
18336265
19573210
18241782
15709630
21661617
19493137
17710561
16507286
17707902
16841084
16130343
21751718
17577185
21297458
17342852
16506212
17766662
18065030
20116122
20530396
20148365
20973307
18018751
19051982
17876966
19328742
18574369
17925586
19394033
17194372
15907666
16292623
21677092
18336710
16284216
19560693
21140345
19293173
15582830
19282562
19249515
17050292
17331094
19895595
19639922
17097648
21042243
17658965
19072193
21404462
18653392
16637384
19956979
20688190
16566345
16476881
20976486
17041167
16686888
16420907
19650682
17122589
18835701
21696077
21134155
17676420
20563369
17658008
21531963
18036125
16643345
20660807
17300614
20596900
21214618
17075364
16358969
17437840
19773701
16466484
20087122
16594277
16648618
20627817
18792855
17330993
18051920
18443713
19773144
15724782
16493300
20602138
19043338
19055138
17259922
16157935
15515735
19786527
16238770
21299757
20550841
18206736
21938970
17992336
17486826
20978458
20032930
16728385
18505950
17726405
16645132
15877560
21294218
16162290
18333555
16130682
21903014
18622339
15812732
19387911
19552323
16710574
18306356
16894877
16335351
16466119
16854420
19657308
21801946
20675424
21469488
16454148
16387810
17516352
15629558
20501431
20590026
15785225
17923470
16259187
18525247
18181072
16215208
16548474
20617716
20719752
16477410
16188034
18072450
18209148
15969707
19243243
18164146
17204810
18787451
20593987
19238717
16960491
17999273
16534404
16808082
17542348
19680588
20429693
17414580
16226650
19650034
15542003
15751247
19447074
15580091
19460667
16024857
18335830
18186451
21277126
16055241
20140355
18291328
19098617
19335526
17349439
17380366
15822628
19877387
16847789
21034884
21483025
17319187
18227889
16573671
17394095
17325121
16967112
18402738
19022037
16211174
19660208
17640108
21056164
15915068
21781627
17633502
20979771
15672291
16143267
19092471
16594229
19134496
20059792
20970062
17122618
17336373
16893677
16155809
18690630
17196902
15656857
16426798
17572055
16289803
16902372
20671001
20088955
20013862
16313546
20128543
17985961
17577552
21682166
21504259
15912809
17057600
16620317
18376741
19789389
20155642
17262005
20648582
18595582
21362766
15836532
18850538
15664106
19399952
18333732
19443086
17767720
18496376
18639410
18060326
16170061
18465383
18480954
21504264
17713323
19594340
17426492
17239061
20484092
17592106
17372550
20174996
15700897
18320906
18395025
17420944
17142592
18404061
17542045
22128565
17971601
18482489
17880663
19238647
20738432
19369483
19441635
16847672
16285343
21233663
16299433
16026960
18019305
17713366
16557117
17149428
20225938
19832815
20553366
16035267
16434220
20557397
20824612
18947120
21115350
20683302
16427833
20487613
19221081
18719004
15892511
21440305
16173835
16757043
17706756
20654811
16410101
19356323
21359272
18947095
16440403
19695973
16883079
21259067
18622219
21233884
17700902
17265562
19640011
21486724
16255737
21235609
19753807
16527150
19717991
21514554
20444773
18299731
19117504
21442644
18999245
17066968
18362066
20576399
16627411
19306980
21151417
16148468
16718578
16563995
17524737
19722148
15740630
21409670
19266739
15721972
18464488
20621400
20600516
18400462
21139014
21635795
20299692
21456398
19684045
17057164
21402370
18246886
20848072
19522722
21761385
20564063
19576803
16977441
16472495
19281443
15915843
15789379
19451866
21250556
21420214
19143586
20965461
21198244
16485087
15987544
18435361
19961973
16242331
21419260
16772832
21729955
20653432
17218707
20409102
21824947
15722841
16676553
19287914
15762982
18549843
16564198
20686765
19828870
17384930
16649849
20183360
16365607
16718977
20559160
15623167
15774368
17478122
17785686
16163682
17556999
15660041
18989650
18160862
16103847
20834022
17048351
16521003
21102244
18385570
17471829
19760582
19054953
18953221
16703230
16253110
16786362
17184413
19115998
17917746
17619598
15597002
19524899
16739186
18075638
21371373
19542059
16700232
17188221
19889379
20868929
19083561
19066137
20436243
19290975
16035276
18827760
15603664
16856033
19643951
17148530
15933685
20213944
17304074
16324899
17883628
15566027
16515856
16009289
21093304
21179664
21359258
20451936
18065029
18506126
20426656
19139453
16601526
18792439
16922100
19103329
20155605
18359579
19133849
17873564
21224944
19996471
19777385
17876186
15540702
18595993
15893215
19826325
19853936
16302483
18267995
17922171
17645065
16351522
21046535
19515888
20835677
18032679
21295064
19758738
16649271
21739899
19770733
20841651
21048468
21381554
18280827
16489909
18715393
19148824
16594293
20059676
21254288
19494055
16685163
20842336
20168152
17170671
18445176
17161757
20803925
15722840
20519004
19773562
18813611
16729886
18306650
19949884
21661649
18754706
17079619
18391248
18298996
16752053
20355346
19271621
16601510
19240439
19723270
17076800
19443040
15931047
15859377
18808593
17087813
21284518
17685066
17990123
19323846
21140884
18560219
18513825
15960063
19731127
15803044
20077996
16321198
18314837
17280672
20414799
15683956
16036007
20881158
19484484
20694459
19326638
20541077
15861197
16708137
20846541
19237100
17960429
21972309
17958932
17978946
20706893
20572429
16296992
21140754
17299466
16338916
18681250
18644668
16335610
21106660
18946979
15955292
18060841
17095336
18195274
18956998
17561131
19247488
18981549
19266713
19500375
17389413
19623843
20582496
17491214
18664806
17899999
17133195
21987987
17244299
17034716
16244821
21679451
16986752
19189601
17299807
16632217
16228106
20345512
19450992
18460266
21959637
17496680
20976837
17903791
18264608
17397367
16857118
18759755
19765427
21293980
21198461
17001264
17676216
18057844
20420154
15683018
16690762
18460067
21143564
18517166
18333742
15726544
19811195
17907712
17412236
18661159
16138793
16957636
15681907
17873249
15667384
16377190
19090387
21724790
21955907
18445861
16945783
16670509
19031208
17533927
17675114
20091965
16753252
17715601
19944876
18674406
18364252
16730602
21148160
15514186
21070702
22039681
20811783
21254290
21307157
17957502
18198363
18446110
19728503
17596598
18190369
16783582
16023822
20069918
20808105
20455122
15720867
18587295
17803837
19822289
15717035
19042825
21086841
17219527
16862023
18020289
16137071
19328439
16925257
16987196
17588493
16373137
17380812
18557572
16916193
21159898
15766334
15966919
19695086
17267742
19304727
17135646
16403755
18041547
16019771
16784530
15513613
21035766
19186285
19800205
17869629
18384589
17386230
17454287
19526413
16078356
18533152
19517200
21069603
20423409
15835223
19681533
20397538
18090516
16477287
20720611
17684110
19489944
20868386
19910601
21132866
16807570
15804323
19324927
16040323
17624815
19194132
20629768
20357705
20540001
20348199
16165080
16131931
20888535
21789289
16340947
20070068
18379239
17329313
18209669
19483522
19389825
19388901
20005317
21085909
16276131
15917739
18769743
20855660
16472356
18630251
20963720
16177996
15534339
15552501
15820984
15817367
19229706
19715494
19931963
19946947
18194398
17666298
18181419
21295300
18618958
17088920
17508231
19653615
15761646
17474630
21078683
16173909
20955603
17612846
19300082
17557215
20238129
16215659
16323463
18538424
18202721
21545663
16272977
20137747
17445135
17137254
20446387
16056112
20804947
18086023
15608590
18049299
19827205
21089403
19609133
19994653
21384650
15626161
21598893
19306021
16141741
20851273
19100667
21346534
15673205
18598388
19730812
19058073
16679426
21178611
18302579
21467056
21620311
20841984
17999405
15690593
15616237
18286995
21894784
19827966
21781212
20039222
20650440
19798831
21144018
16092629
15741428
16907936
19893465
19801007
19125385
18414331
18335873
17063649
16421612
19846270
16715033
16548408
19864966
18693199
16823674
15631568
18714744
17470280
17931538
19772228
19969162
16275445
15839372
19051953
17605786
19239527
18215197
21159391
18595494
21066929
19377807
16143751
17029628
17287373
17111645
20735496
16684638
20182963
18776750
20890253
17607539
21217440
20544041
21157240
19887653
21492277
16321687
19639848
19418708
21098046
15933466
20830625
21402307
16266648
20617786
15735596
19167554
20175280
19111105
18352918
15876471
21149871
15921005
19031845
21278506
16447620
21558484
17565880
16247355
21762827
21413898
16439775
16326779
18071806
19638142
18096228
17042021
18458622
19201514
15515614
17210503
19250024
18175415
16905990
20188629
16877620
15917368
17475127
17654419
18023176
19245724
21676052
18158387
15616943
16974179
15778151
18775835
20589400
19918153
21150797
20973851
17692636
19025484
15789292
16495324
19554988
19667888
18176217
16825133
19166698
19860093
19137480
17263097
20586354
15992199
17311240
17263926
19092935
17375685
17997264
16604802
20435611
18574393
18650645
19244785
16938639
16572041
17824192
16249588
19619369
20527623
18728143
16565619
19789455
19458595
19114915
21710068
16795977
17130381
16268072
16104615
15866395
19681537
17253013
15576226
21160341
19061197
19444731
21067891
15955402
15966460
19880841
21434510
15747703
17535121
21894840
17680901
20201365
21569613
19462470
16436161
18046866
17656742
17620214
15992672
16965558
18214033
21938999
16769120
16095071
17389535
21417749
16361395
16389007
19060795
19357425
19202753
19432986
21560954
19167928
15723706
16100640
18175207
15966461
20590889
21651658
18839723
17925140
19523058
20525962
17510001
16311693
16263865
19653152
16091028
16749297
19026477
16466326
16267979
17179462
16617637
20371035
15701148
18834055
19709792
21600375
17525963
19377174
17470188
15595989
15645770
17044631
16355834
19589766
15792339
15606832
17072284
20923622
17234107
17138524
16868772
21555086
21771357
21635184
19228245
20941464
17020108
20061069
17156447
16735523
19186225
21450679
21665161
21879667
16224112
21502238
20631585
17888785
18242130
20443410
16822715
17697014
17592782
16005784
18038299
15656388
19256208
20584809
21624511
21597369
16555757
19919300
18000079
16238512
17952258
19634607
17308443
17939624
19407054
16095149
20019513
20654822
15715808
16479362
15555479
18208731
21334942
18595587
20226917
21402456
16825920
19373185
20136709
20438371
20163420
17040142
21710086
19184551
19093407
18808464
17496369
16847798
17613159
20546463
17063135
17162992
18188973
19591659
18977628
17298264
16025652
21189756
16915111
18020106
18563031
21493699
15899229
15669435
17210497
20030843
18245216
16171237
20638814
19959166
17554092
18281295
21424304
15918426
18535074
15965386
17167376
18937591
18586816
18825572
16605226
19184498
19243317
18161180
16790946
18203243
17435590
16788256
20712207
16430362
15552222
18043950
20334767
16987120
16163576
19836276
20466693
21534927
16879382
17016461
19711655
20623993
20602585
21109576
18564969
15565596
17449410
18623200
21480494
16883975
19388569
18269305
19104228
21684468
20131582
21316540
18384789
20091507
20111916
20025426
19087770
21371292
19418284
17117700
17024614
19179322
