16719191
16719018
16714461
16755195
16741693
16735762
16720484
16704611
16787476
16782299
16775869
16775733
16775732
16769467
16768985
16767508
16757281
16837681
16834768
16829722
16828961
16821050
16818841
16814678
16810049
16810045
16810040
16807725
16802535
16802425
16797312
16794971
16791759
16791758
16789407
16687723
16886911
16884462
16878191
16873350
16873349
16871142
16868772
16865350
16865349
16857435
16850288
16849386
16847672
16841214
16963365
16955638
16948999
16937216
16913342
16913337
16900346
16897018
16651353
17053747
17048184
17042999
17035474
17029025
17020485
17003585
16987367
16978417
16969749
16969164
16637416
16636958
17142528
17138955
17133305
17133187
17119920
17115134
17115132
17110646
17106218
17102449
17099264
17099263
17099253
17095498
17093983
17091600
17091597
17089146
17084843
17079584
17072286
17072284
17067513
17066362
17066355
17065888
17064415
17061594
17061576
16611353
17236324
17236322
17227280
17224036
17219944
17219360
17194398
17188162
17185650
17183894
17180845
17167350
17165098
17159687
17156405
16575088
16553054
16552230
16550099
16550095
16084236
16076791
16047810
16032394
16029990
16028339
15997803
15990043
15968552
15962057
15950116
15938098
15933880
15918824
15892475
15890224
15888857
15887924
15833473
15815740
15813711
15796488
15792753
15779659
15770579
15768653
15761368
15750843
15748138
15743463
15742176
15717518
15717194
15711812
15704769
15703894
15690604
15675218
15674831
15667359
15667358
15654612
15646515
15646120
15644678
15625743
15609018
15601267
15599652
15586549
15572975
15552232
15540550
15529102
15524353
15524352
15524351
15524350
15517111
15515873
20236430
20202227
20208472
20151578
20125211
20125065
19403574
19339449
19318659
19307889
19264748
19243346
19203464
19179313
19066847
19049487
19049477
19048698
19048528
19017897
19010639
18982781
18982332
18977951
18957270
18956282
18941825
18941334
18935701
18926715
18856125
18846150
18840842
18830784
18807217
18806331
18805619
18803547
18801161
18777062
18775348
18721332
18696266
18693671
18689575
18688600
18684529
18682473
18675179
18664509
18655322
18626533
18618954
18615378
18614905
18598388
18572841
18514828
18495050
18401054
18381019
18368840
18339152
17495574
17493446
17493246
17476067
17462808
17462207
17460998
17456175
17446824
17446822
17444302
17443921
17439769
17434880
17421119
17420681
17418071
17417977
17414580
17413401
17408021
17393816
17384570
17381482
17378356
17376129
17366437
17351490
17347826
17343037
17337364
17333034
17325835
17325832
17323671
17323550
17313926
17313915
17313914
17313913
17313912
17313909
17313908
17311642
17309528
17300306
17296669
17290087
17285010
17266848
17261146
17261144
17259568
17244671
16626924
16623359
16613047
16568274
16539925
16531875
16528112
16527147
16521003
16502599
16498197
16498196
16491741
16482393
16477411
16466406
16466326
16456367
16452564
16451156
16441005
16425949
16425948
16425947
16419452
16400271
16394685
16386873
16352978
16340925
16340692
16324541
16308682
16292625
16279270
16235483
16227942
16223382
16182675
16182124
16182123
16170545
16167131
16162586
16153563
16144265
16137142
16136341
16127906
16115252
16114756
16049710
16045650
15981992
15968801
15942857
15942390
15912843
15912689
15846480
15839232
15836778
15787103
22033731
22005243
22001799
21844508
21641683
21635795
21610622
21610619
21404462
21396331
21305265
21234746
21174654
21097756
21057277
21042197
21041191
20712675
20654974
20515884
20515880
20513908
20502161
20502142
20491193
20452874
20406519
20098883
20084871
20050499
20011636
19814942
19731473
19700971
19700054
19653441
19625003
19584211
19578832
19555968
19553707
19551275
19546729
19535929
19533095
19517669
19500942
19485881
19466275
19460738
19448484
19448477
19446509
19413071
19410417
19409246
19401108
19399745
19395700
19387871
19384935
19341041
19319510
19304900
19301153
19281444
19281443
19281437
19271594
19265607
19243317
19225910
19201298
19188879
19182277
19179047
19177916
19157282
19157281
19157280
19157279
19136397
19131753
19127907
19127695
20873061
18084821
18079246
18065204
18060216
18055659
18052893
18050507
18048876
18039617
18038535
18038517
18027288
18026708
18020063
18020062
18007268
17998378
17994222
17988824
17983928
17964577
17961965
17953297
17953295
17953293
17953292
17949984
17948337
17946818
17944604
17944067
17939237
17932653
17929734
17917989
17917844
17915104
17914514
17907640
17907550
17901832
17898965
17885379
17883647
17883628
17878473
17873210
17873208
17873192
17855894
17855890
17855818
17727585
17722773
17715168
17713368
17711397
17706426
17699357
17703326
17701384
17698331
17695953
17695084
17694233
17684984
17675944
17660736
17658438
17657658
17657653
17639837
17639825
17639388
17632445
17627837
17626910
17624157
17607865
17607652
17607559
17604978
17599583
17595371
17595370
17595356
17594066
17592217
17582316
17580014
17579302
17577091
17572924
17570194
17570193
17564650
17563999
17562304
17558490
17542525
17536992
17529904
17522791
17522790
17520999
17520998
17520993
17520226
17517829
17513166
17512151
16479635
16475408
16467176
16424765
16352976
16352972
16352970
16340403
16328951
16318052
16315423
21707962
21676261
21658020
21658013
20974016
20970062
20970059
20965399
20964266
20964265
20964157
20951873
20943098
20938365
20934210
20933435
20930619
20873160
20869652
20865881
20830836
20821832
20819047
20811728
20798083
20724878
20738186
20735247
20731597
20715719
20694712
20665353
20640393
20629341
20628719
20613695
20611002
20610985
20605754
20598847
20596685
20592189
20546292
20541072
20540236
20536614
20514959
20514949
20502146
20480870
20442008
20406518
20406507
20347565
20347327
20338599
20329335
20216163
20205952
20201365
20185413
20157971
20156710
20155642
20118704
19144895
19094381
19139461
19136403
19136398
19131756
19131752
19131419
19130311
19130310
20201288
20196210
19104247
19104246
19097258
19094227
19080876
19015826
19056319
19056206
19054806
19049485
19049481
19049476
19049474
19034493
19033337
19030784
19023164
19021078
19019621
19017895
19017665
19017664
18996746
18995155
18983412
18977992
18974238
18925529
18853659
18840327
18835682
18830699
18825367
18821035
18812888
18810663
18810662
18808636
18807675
18789640
18787443
18784582
18784571
18784564
18784562
18784477
18779186
18775663
18769183
18762753
18762751
18754274
18751459
18724025
18719058
18710057
18705566
18705289
18701526
18686882
18644822
18635372
18625673
18614907
18603536
18601637
18595536
18592213
18582317
18581017
18580533
18580518
18580507
18570830
18570825
18562072
18555165
18555143
18555138
18552931
18538219
18535736
18520673
18520672
18520663
18520660
18520657
18514825
18514822
18474120
18507193
18506338
18496376
18496374
18482147
18468838
18464682
18452592
18454762
18448933
18440403
18434900
18434893
18431557
18427242
18415031
18366526
18407728
18402202
18401883
18388681
18384589
18380417
18373108
18361028
18361010
18358114
18308220
18308212
18307598
18302851
18235403
18284013
18283429
18275533
18273581
18252933
18251190
18251187
18228701
18216633
18216632
18216617
18216608
18216600
18214361
18206373
18197916
18186374
18183643
18182755
18175106
18173315
18164302
18097110
18091199
16779140
16272971
21888221
21574347
21568118
21537238
21498455
21484623
21484622
21484621
21484620
21484619
21480157
21464063
21464061
21458716
21458715
21458714
21459867
21444830
21433013
21424311
21417624
21414688
21404447
21393392
21355832
21351046
21350426
21348217
21336106
21330034
21324552
21316909
21302649
21302535
21299991
21269297
21255498
21247367
21240126
21240101
21216040
21207737
21192395
21188331
21178611
21172991
21172503
21160300
21160297
21160295
21160294
21157989
21143085
21130536
21125034
21123022
21122950
21120406
21109837
21102317
21090159
21078067
21044485
20404787
20614572
20613692
20602280
20593352
20562562
20553632
20552629
20549166
20541354
20530086
20514960
20500650
20497535
20493590
20485134
20473256
20472860
20423373
20421061
20406506
20405264
20400899
20398957
20398378
20386309
20381291
20350197
20236431
20219269
20189342
20173631
20146025
18298037
18725829
20727086
18477124
16373032
19824256
15692898
15846604
18397405
20921882
18222479
18551857
20452620
19330348
19390962
19562656
19730197
17933619
21602629
18792439
17241853
18785347
21949183
15942343
17001131
21392965
19365651
16717065
18289238
20305569
17049694
18723257
19966558
18942134
16188036
20352312
16843064
19659690
19786421
16498199
21190025
18461370
19027628
16521593
21134055
17803363
21605732
16287927
19215309
15685816
19775200
18525247
17264112
15887788
20024774
19753508
19149063
19061552
21555700
16093967
15709547
17697762
16679961
21592383
17535600
21105897
19061201
21314444
16004098
15887919
16311622
21029491
16897570
19238355
18649812
17727690
18481922
16180112
17347190
16526152
15984303
17112138
21780720
19350050
21335244
20455147
17474629
16342351
16303690
18536968
21703670
16510023
20657609
20934364
18800356
18092373
17500169
15832071
15544666
19170219
15740487
21284518
19008870
20002590
17216964
19039740
16643350
20934922
19572457
18434872
17284379
21413458
18322027
15603635
16488823
18198256
17951226
19124176
21757084
17881925
19503964
18301115
18680919
19738472
21214715
19764524
19542968
20429125
17936452
19202391
15725178
15660148
17334171
17999273
15762209
16532235
20426382
21122570
16572746
15721977
18372074
19592836
16137802
19544075
19357425
18795905
18075638
19695010
16227511
18359112
16496662
16230764
20332284
21360697
18310624
17626550
20384510
17134633
17978615
19619203
16423791
17075368
18709672
16985231
16529145
17095424
17305269
16837694
19653152
18773321
16275521
20107786
21614939
18414965
21209136
17560066
17580769
15853091
17711355
20644182
18595821
21809909
18482557
18314831
18959282
18198365
19246103
18314860
18300059
18774670
19227022
20338426
17880310
15583501
20046133
17532180
19961630
17239726
20831000
15765814
21462581
16220148
16115175
19807234
20073571
21727832
21527006
16826589
19294603
16481096
17957502
16101651
15878428
20545223
16689756
22030934
15720496
20642621
19766136
20863324
20962121
16024417
19204130
19682355
17853168
19652919
20157964
18947118
17366250
19813386
19143580
20210865
16092629
18684127
15968915
18647388
21442345
19032015
19896664
19228233
19441600
21704974
19076663
18847103
21057411
16547944
17219522
16513375
17679641
20923897
21366738
17996755
15865623
20119828
21072099
18841343
20118886
15718626
19588055
20307439
15530766
15666676
18094791
18727310
16850684
21631367
19960396
15741496
21307691
19569062
18799514
17906546
16799355
19957674
20080021
21126675
19378523
21317789
16550127
20463515
17328473
16335552
19117232
19369508
16825843
15772484
19958418
18187246
19273868
15823890
16910792
21187745
17430301
17366949
21099675
21159772
16524868
21531670
15672566
18507600
17346321
15930214
21473312
20579160
20671079
19106490
15582830
17352695
17697095
20810177
17086639
21209295
21600378
19887653
21099083
21793374
21291059
17013067
16021265
21789766
18951825
19887191
19251829
18656044
21549465
16624481
17036462
17664516
16048529
19081417
17947892
16324939
21473814
21070691
19139444
20888642
20580525
17510030
18154492
15871827
19795533
18437597
19393415
16411028
16353659
15563964
20925708
17482418
17065659
15948295
15895546
18756138
15982758
16275365
16043087
21824224
18722942
17354232
16145237
20955135
17927012
18235395
16839431
17822526
21919294
19514390
17497309
17604304
18839647
19041225
20052837
22041957
18610809
18417132
21555655
18680571
15625966
17009151
15998511
19381078
17551420
17641967
19489507
17205835
19858950
16515856
18580738
18812619
15730184
17328146
20425741
19681006
21520572
21553560
16996767
19202851
17629906
16938645
17385657
15632812
16749640
20186874
21691239
21534878
20202779
19374646
17627743
17685847
20446521
21146313
17061151
17445107
20889634
20147807
16119655
19517050
21716048
16157827
20214769
19284167
16884570
21383349
16181153
21114915
17724291
19028135
19819169
19016025
16854247
15566027
16572671
21356655
19417119
19581526
18582361
21776307
17679583
18971403
15538063
20017225
19146559
15567217
19418242
20869319
21506464
20798619
19619376
18037444
16119661
20878670
19207055
17970860
15754631
17767631
20829115
19374611
17160541
20064055
18575943
21079464
15737222
17045718
16845682
16553757
17426936
19883414
16676553
18081185
19188422
17917411
21174852
21678264
21682166
17250941
16174144
18405345
20919958
19489940
20077805
17038965
16504893
20486582
19183496
17929401
19699445
19364996
18852581
18286995
16332396
16343906
21044137
18845478
19833668
17582019
19929235
20222404
16936519
20810257
21555673
17081913
15987329
19777359
20546564
18248395
16979096
20044846
19005091
19655502
21316785
15643028
18211659
19671126
18662241
18394030
15704596
21271872
15823204
15633857
21333588
17393648
18536216
17828836
17243516
16112760
20560990
17944610
18618203
17485577
17470037
19806416
16594280
20963612
18726796
18412586
19667775
15580819
19213516
20087034
17240252
17964014
20452623
15546147
15739936
19106729
16244203
17560916
17468458
21044354
18294580
21232162
17135647
19399545
19196586
20671454
17569459
18044231
18376332
21112453
17588762
19281098
21365974
19686401
21092429
17598687
18695975
18990389
18320066
15906888
21403141
15647734
17019446
20403903
17019552
20483677
18487967
18513354
16225709
18232620
17260490
18664235
20081641
21576612
17985101
20398120
16468080
20434086
19741333
19472490
17678514
18346629
20178432
19488789
19694845
16494533
17966731
19865577
15869554
15969707
21121764
17276649
16870055
18215499
19187170
16148510
19411361
19348818
20674334
17210497
15763849
16134763
18334237
19043338
16202313
15644699
21651653
19577418
21761595
19062459
15803325
21439172
17509938
17562307
16594433
16879381
20473187
19756453
21132601
17484934
18504332
21368551
18251578
17727584
16124449
20446192
16808770
18335696
18650639
20485287
18073248
15780342
15841423
19499857
18201316
17427669
17214237
21600361
21789908
19182457
17063631
15948080
21591376
18378512
17618630
19363882
18654093
20357651
19629856
15815971
18243706
20059394
20072088
18560100
17968197
17909379
21785179
17396058
21285468
15868390
19884355
20823348
16033446
18853738
19660166
18533152
15778631
21368658
19895690
16220769
20057235
16307703
20975553
15910230
18246862
16253110
15783053
21447572
18541752
17000609
21099699
19998725
15517741
20097643
19541057
18196490
19327312
16596859
21199142
21174846
17621972
18923213
20156379
17927067
16046887
17606591
20717172
16149253
20825054
20178029
18032162
18700102
21642331
20806585
20443986
21244671
18331694
16046914
16025652
17761230
20368223
16614844
16119518
16826044
19823974
15839161
17626391
15597832
16098705
18038830
18211524
20644498
20488607
21938999
17542719
18419987
19651575
20131134
21030729
18661191
18461523
20081722
18338454
19080933
18671895
19054983
17710834
16050827
20587105
16791667
20540001
15632346
20692452
19506585
19647663
22005229
17626389
18019116
17824869
15644541
17041799
16238958
16530115
15599658
19492212
19744889
18958984
16775795
16594402
20452912
21294769
20479136
16352515
20869329
17518890
15745441
20375983
19298305
19131757
17804347
18790477
19588080
18504063
16336015
18619084
20595454
17545348
18056515
18574978
15536366
19256770
17698344
15984178
19819097
20220686
20050480
19338730
21671766
19694850
17257391
18364061
17846440
20716901
21651372
17464573
18028892
19588792
18193726
19249539
19411585
21410900
21198244
20818925
15525864
19652231
19878036
15718187
21884609
19684493
20450025
21545951
20401828
17174847
20188623
20958849
17945886
18608081
17853369
15655052
17355102
17284297
16949077
16215358
17413403
18995854
19665338
19694861
18386962
18297317
21349449
20597748
19295974
18712798
20158138
18625892
15966919
20356790
19703048
18260198
22017017
21276980
20946212
18003593
17909433
16584553
19287104
16351714
19551235
15663350
18027520
17328816
19537416
18464129
17683718
18180790
18157004
21767163
19707978
19583168
15857487
16449741
17519608
19811195
17017628
17998356
19945194
18356003
19728382
16555754
16255103
16991107
20981577
18515436
17526445
17689082
18188993
16567319
21287773
18160993
20229139
21527623
15682263
17447290
17260712
21553513
19921999
17313538
15669435
18440354
16352514
19551962
19675401
16334086
21476412
18538296
17610440
19825895
19639922
16818834
17378818
17446134
21111375
19757348
20332309
18316655
17364221
15646720
16716871
16755664
20004439
15869559
15598067
21068548
18935839
16225271
16637448
19108047
20890137
20531171
20193881
20923049
17488173
15731976
16092319
19409867
17363210
19712783
15659998
20405969
21524205
17684169
20563939
21404798
15540498
20511243
16282000
16945446
19082637
17193943
15681311
18515602
16572026
18082665
16276203
21868479
20609661
21612640
18598904
17274807
20840709
17924271
19782328
19422582
16779501
20803925
19239078
15761310
17933613
15818264
16369431
16831791
15704328
17206210
18959104
19665939
18466649
18569047
15767197
19389535
18426466
17610056
18985843
17694883
19439708
21050516
19621201
21500700
19878340
17566476
20391657
18182305
21564520
20490455
19620163
20837293
20187349
19956978
21536502
15789679
20043845
16023804
17318364
21169745
15853163
17542231
19318836
18330192
21463291
16441887
18768178
17591514
20214703
20675736
17336866
19117501
20735876
17920270
15793271
18757590
16126601
21685721
20458195
17395605
20396850
18072408
19895408
17087612
20220286
16366867
21145522
17059979
16722289
19698028
16273451
18464488
17413782
17310746
18164468
16469474
21057070
21730931
16372599
17653493
15681216
20404628
16618471
19062603
16394905
16479208
18808459
18752527
20040017
19820574
17570911
17491498
16543791
16125480
21625662
20377396
21910386
15602279
15583486
19253265
19124861
17136290
19839531
21977773
19227582
16375802
19260614
18787976
19706351
17549465
19179560
16370233
17298264
21688903
19142780
17040509
20338979
19707118
16623604
20056309
20092452
18441192
16488418
16808704
18769743
17923968
20672524
15994607
21893577
16034293
16978923
20224313
18418017
15950807
17112119
16427131
18302015
16061444
18445925
15528287
17165073
20584809
19175044
16114732
18351625
18768012
15928530
15946608
20593676
19467120
15534620
17000387
16627396
19504614
20561840
19261197
19350695
19958147
19470234
17584426
15969706
20487528
19775919
19203299
17953060
20167833
20025452
15817605
19709798
18377901
20441028
18694913
18399387
16610298
18212587
16941965
19299162
20546466
20806208
17991532
17623357
18339391
21531934
16838801
16006914
16749297
19446840
16355834
20564528
20498011
19266767
20053226
17459132
20162794
16921337
17323873
16469104
16749369
16586308
17208121
20373700
21053264
17903791
17443610
20673926
20395731
20587744
20158320
19825897
21538039
16739390
19041531
17615842
16785215
19247884
17135847
19999315
21352225
17967374
19806287
20940568
20449664
20859113
21910370
18208604
19130333
16939994
17452732
17896122
15776072
19342036
19671641
19900250
18448858
21553576
16445071
19663240
20173601
15672336
17185207
18596176
20978003
20930915
15887320
21237366
22046673
16193229
18972903
17290095
18557284
18503016
17895690
16941919
17446732
16359677
16014211
19956658
15539531
21169163
20305010
18047642
19111783
16594252
19475458
18690370
18665069
20695800
15908631
15517746
16050860
18057191
16631460
21191034
16583574
21690434
18951864
18810616
18515441
16684439
16310679
17316160
17109578
18204377
17455181
15546222
21109549
17955303
19200384
21476819
16897940
18061994
20708828
21507105
17478412
17971465
16999371
18810621
19665686
16213285
20053197
19836920
16762127
16096153
21221001
19390250
19732169
15672013
17700306
19300082
18240982
19708930
18187280
16206681
18509583
15692139
18175190
20618947
18375174
18279447
20077792
17185154
17242441
19239676
16551208
16194183
16800219
19820484
20848428
16037723
16709554
17305104
21459494
17340711
21138697
17371889
21309317
19495946
20495596
19842785
15853281
15872180
16629279
19535791
19601690
18030151
17122713
17141638
19465344
17581185
16109192
20979001
18293731
18190599
17331800
20048248
17958972
21237552
17881101
19857982
17598292
18817960
19480115
19773697
16524352
16459890
15819834
19175822
20024698
21290924
15897835
15750524
15868346
17160874
18097296
16301940
16039809
20414945
20056214
21389942
17017685
17908126
19909074
21406428
17548447
18728949
16174561
16416762
19039213
18481737
19552339
16883079
20579332
21879664
21673199
21343558
18980451
22041949
18639410
16238541
17283218
21505139
20377400
16421657
18208956
19486786
19188133
19476597
19564278
16195571
15695473
18578607
20120851
16700695
15935421
19114882
17667004
19889472
15956267
17469706
17073191
20383078
17149529
18574269
20718644
21470427
15861197
21739869
18824907
16689059
18830764
19475812
17162627
20196464
16328186
19011173
18051979
19835240
21890093
18455642
19442479
20621008
15923939
20545873
21261696
18819691
20359693
19629415
17062420
18371168
17103042
19181140
16054572
17851820
19822289
16111880
19446709
21519300
15980079
16529223
17941589
21366932
19648525
15520086
18955426
15928222
19343591
20481096
17392945
21427366
20399353
21612437
15974137
19100960
17094300
18060531
18798714
15671584
20664419
15567208
19351302
21406996
18206144
19788772
15558082
15534269
19387272
20675346
21957799
19808267
18273530
16636040
21263077
19380920
17664500
21178553
17937446
20541074
19286279
18478489
18063268
22121557
20630427
16102145
20715648
21066933
17057634
20538961
21765330
22053656
19255583
17963880
21427590
20462074
18534284
16606434
16799364
16739183
17923784
17426492
20712554
20097397
20545295
16939142
18350262
20701828
22002648
16257563
20950198
15782316
18823311
20336355
16635696
21800741
19123735
16128661
20616295
15672029
15646524
20333596
19811192
21655408
15623167
19329091
18537800
16762052
21046529
20932316
17655638
18046336
20579137
16027596
17997828
20364647
19363884
17269951
16501133
16877191
17574303
16642247
17360793
21413846
16008133
15862043
20625568
16883670
15766334
18181847
18214226
19579576
20633669
17081180
20335899
16627372
20037500
20380710
17251714
16868427
20937448
17239070
16920526
20663701
19898786
18489687
19320566
18333923
19811604
19766889
16001753
19842578
16583190
21500623
18183053
18709593
20007796
17210396
15650625
20659214
16250532
19319001
19581533
20486411
17571606
16524996
18031843
20057328
15536025
15803895
15737277
16870815
18687268
17470666
17619911
16581257
19933540
17199087
20507555
20808108
21982520
20736156
20525465
18765325
17851337
18572480
16199400
20693726
17109114
16635705
18486879
16056115
21334541
20137845
16594432
15760804
17901462
16897379
15970856
19667919
15865581
18244998
17514706
15762907
17147799
21121576
18426467
21416901
19194334
17804944
16137814
20218973
21484016
16907936
16759936
16091574
17697454
15856171
16980515
18715456
17003220
17400084
16215350
16759758
19619092
18295540
16594292
21813221
15916231
21440219
20070504
17564542
19772582
16925546
18547384
21651657
16393097
18724884
21469369
20882210
21527175
18848669
20140833
19170300
16021729
18240178
17635299
16709207
17036450
17319372
16966996
17767689
20122505
15895331
21853564
19838845
16148244
19133288
20133477
20159458
15685408
15706006
17430711
19416567
19728404
16511612
21035383
21366115
16682392
20029311
17984299
19352161
19459753
20434252
21480490
21873843
18333732
21144199
18721221
16023942
16418828
21140884
20201115
17015500
18478275
18315681
19145803
18561633
21486337
20103004
21521456
18390044
18853708
18638330
21121113
20442338
16351527
16902289
19702489
19851253
15548440
19552182
20815908
20649918
21341951
21275120
20495317
15782581
16475146
17898243
20533248
19014116
19250617
17394518
18032198
15524127
20546464
21173716
17874873
15886743
17414613
17960671
20228359
18855828
17433615
19061173
15841884
18631406
19287107
20579121
21783092
19168306
17718649
16376472
19502977
19065054
17872553
15997955
15922885
18927100
21362766
20862893
16859868
20585420
22026065
16039937
18401223
20853586
21396088
17189747
20081640
20558366
18822708
21088524
18330002
15624549
17515018
20351861
19087473
20806671
18194180
19762197
21029279
17931915
17709172
15810764
20487496
20329671
16097606
18376330
21038733
18724333
20031904
19691850
16940917
20508687
19960628
17596080
18525158
21888454
16503046
19046203
18454986
15788032
19271625
20638218
20689129
21587272
18998435
16450660
21079529
17718728
21491343
17136927
16866692
19846861
18467804
17164455
17664534
20106897
19860235
21298898
18466604
18709165
16915716
20064813
21349446
16687336
16522405
18592986
21676572
16821349
21947111
19884410
17366527
17161127
18649821
19728246
16902079
18799642
15652439
20854577
18928065
16874785
19816624
16309594
18462286
21291051
19879092
19331081
20418007
16752111
16760680
20697269
17058757
21473320
16131931
16826870
17063585
16859860
17042149
17698684
17908745
21404141
21294700
18176217
16549294
20927774
16295992
18548412
20852515
17015865
19595550
20031893
20935115
18650034
21689004
22072165
19665915
17415099
17483100
16468543
17145253
21259067
16731093
16430346
21306421
18197068
19297446
15530759
20423575
16834581
20443396
18183697
19138378
17950964
17323665
18357845
20428391
20583104
19239596
19191621
16865561
18474847
15644682
18444044
19046244
17548702
17260226
20574180
21178540
21069603
17390945
20689937
18433879
15797149
21359256
20113535
21473169
16205241
19172703
17656406
21982517
16927002
17591402
17171563
17935600
17290038
19491686
15650523
16565277
17502445
17600602
16954092
21926511
20626479
19646192
17651770
17164639
19761916
16503952
17934144
21341931
17695938
16933155
19114387
16487423
17125956
15740172
17967631
18946243
15586302
17846366
16510172
18822553
19818581
17213049
20849796
15835062
15911950
19411013
18812614
17470220
17551431
21824231
19437873
18694714
19968947
16087824
16306279
18717919
16985390
20132712
17534881
19469434
21972756
19943831
19186284
18463016
17108841
21062136
19692857
16466349
17568280
19483114
21857013
19386880
18974186
20404229
18550777
21478277
21404886
18172792
17388819
18573431
18182785
19797339
21604862
18512819
15838090
17034716
20383478
18055756
16247807
17201920
21478756
17394012
16311521
17728593
18615943
17719690
16907794
20476519
16763271
20698730
19036140
18454927
19748041
16326783
21801542
15942397
18051920
18025861
20969741
18779459
17322163
19274906
18257492
15986788
21805803
17244246
18727336
19725210
16034036
16174201
18314233
20231340
20735245
15787068
18404137
17290963
15952435
16767634
16423789
18300277
15644701
17453071
17215638
19930289
17326598
18684359
17060177
21457726
19385331
19270481
15644689
15590034
19049552
15839046
19839515
16462392
18039447
21898325
16398874
19558736
18766354
19725018
16540279
17479318
16384746
16650032
20025424
19539814
17919211
18321582
16710574
20351917
16449087
20838269
19507755
16879540
20031823
19560304
18710377
20964469
16751464
16603331
17563853
19232603
15622814
18271833
15751434
20869678
17872552
15631276
20496429
15589080
17211702
15709546
16979088
17669281
21635281
16690352
19247542
20306935
19263772
16404863
19648848
19272762
21791099
17083100
21070702
16370401
18314047
19673054
20508952
17691711
19161482
19592331
21476161
19384131
17000994
16432830
21254812
17874269
16542166
19958408
16787477
16410621
21826968
21692595
17880351
19665620
21890770
15987058
15966780
20097932
20406315
20137030
18478297
19064141
18974598
21598148
21708970
17695581
17592980
19288345
20531262
21426582
20870685
16609079
19955101
21116868
16292681
17685733
20566604
16123012
16761661
17051886
19370381
18488425
15787223
21205258
18431881
21241466
16112527
17955884
21429528
18661159
21301277
16010225
20584364
16957523
19825894
21225535
18275402
17278934
18317851
21109782
21174855
17606178
20536803
15804903
17962494
21837913
16900408
16118102
20168196
18450887
19414828
20552929
21263079
19181880
22106614
16627843
19018218
19827326
15871756
20868958
17029119
19227688
17086470
17441625
19157750
21690465
20223450
15700601
21539746
17544677
17897148
18715965
19490296
16643176
19592825
20354419
21561510
21910307
16719130
20024733
20609507
17351220
17131247
19489086
16823890
16394231
16302156
16728301
17062549
19000404
17645195
16522511
21268419
19232217
20633939
21092892
21368526
17089809
17933804
17044443
17975185
20230177
20667173
17521053
19248650
16355916
16863041
18516757
20875211
17969090
15580109
20826377
19647967
18567965
17546367
17562661
17455037
15566584
19715058
16509952
19372507
19375786
18767476
19735763
19226886
18695848
18087020
19403469
17577468
18500138
21409670
15825891
19394791
18570847
21276958
19437952
21373820
17036421
20110605
17027880
17662156
17500264
15992195
20013938
19120855
19851137
20305845
19966749
17518161
15964865
21226409
17067241
15722399
18214232
19864994
18025362
20011751
18435244
17629242
17518886
18048816
19407333
16163427
19674427
20836940
18522259
18042020
15931020
18199862
20124024
19349457
20049081
20077996
21612747
21045576
21516665
17043050
16582971
18078260
20678890
18500136
18541638
20555239
19084972
16136001
15762390
21813731
15631293
15974046
21309404
17002482
20234203
20004924
15561158
21219423
18687815
19854086
18026029
19021476
17924559
20146202
19507311
16155356
20486613
16328673
16629568
19888021
20720083
16136612
17980668
18787331
16722122
19476229
19835535
17427794
17337155
17359565
21473695
17263929
20236446
20576673
20442253
17042837
17143017
20565016
20132978
15819351
19033167
21517836
20889067
19124857
18440792
17478643
17212816
19166437
19939417
20690390
20002480
17333494
17211165
20077795
18524057
16482237
15952491
17037446
17992703
15788078
16192524
17565929
15962835
16708137
15722840
20143102
16581639
21285970
19335154
16720852
18293220
21952568
17365449
21171792
19016937
16882000
15960698
17279193
17583379
18842456
18062804
15712680
16758120
17694224
19237100
15899763
17579305
19346274
15568423
18416911
17440306
20193936
21658215
21715009
18820520
18437069
16608158
17074822
21467077
20819831
15816320
20331325
21118321
16918738
17636805
19433835
17249154
15659250
18611104
16633201
21409666
19300076
15899730
21913620
15668268
19816828
18283141
16339293
18199725
16229785
20509066
20536490
20601549
16884888
18236875
18664778
19593032
17044548
17540180
18089870
20000010
20220287
16778300
18246391
18822580
16266648
17094354
16523818
21610242
18331479
17468793
21493699
16843066
20812124
20236239
19266749
16569722
17022324
18842972
19089732
18494958
16106491
20886768
19253201
17254667
17412032
16822470
19577702
21398320
16372238
17233143
16645903
17461372
17364243
15565901
18693587
19386368
17452604
20529469
18059464
15750527
17597350
17102891
21226886
21428230
18024087
18811781
16422714
17403346
17102919
15555978
16562385
21129179
21666976
17353842
18997524
21596892
21446258
19719366
16999183
16293538
17473811
16263572
15939493
16500251
17222294
19791531
16649725
21749554
20882732
20800768
18993131
19338524
20843424
21999063
16185370
21511786
21034169
20923482
17805954
17559722
20863245
17207002
15588741
18028388
17626134
16343083
21532086
19844102
20213068
20597671
18193482
16316443
18993134
16443313
19236288
16138487
20970018
16688101
17630389
19471072
15553059
17053928
20029750
16941895
18021128
17937024
20696034
19196034
18480043
19308831
16792710
16436226
19132806
20085150
21825919
20654811
17221295
15641946
17665623
16106686
19647968
21171844
19903737
21339199
16689110
21243870
18259816
17559614
17962172
16829359
16240619
16128655
16120502
17919401
18299968
16430362
21060101
21632665
18318098
17681834
20868470
18827760
19538795
16204445
15527591
20821958
18245211
20528703
19741432
19357952
21503452
19660205
19255336
16138795
18562224
21085909
21152996
19656110
17464569
19509603
15551613
17080329
15819835
21299077
19454205
17319981
17057418
16541831
18372252
21392804
20590513
19043653
20092528
18992167
16890860
18522701
15534339
19260603
21248644
19968393
17387076
18669672
19852714
18674473
16289065
19901662
16753084
15890300
15927105
21500511
20212302
17630271
21479566
20708185
16875532
15931412
17522582
17233432
16457457
16457055
16646703
18787440
20022198
20479642
21397103
19947843
19622270
16716857
18398799
17146204
20678231
21722164
15815962
15546535
21521838
16594245
17335530
18493093
16198219
17314390
15845822
18077492
16799755
15546644
17219513
21122761
18018812
16190938
21493407
17321932
21320943
16093886
20452243
20453758
16473096
16997822
18426460
20163484
15839183
21768584
15993260
18060967
15739922
15542506
17284980
18049253
15620127
15559103
17556338
21047648
17334124
17911509
21058163
21139455
16487896
18006884
21166869
21349374
17352334
18294599
20439333
21375203
20812027
15887923
18269441
18610901
20560967
19160902
16905630
21650136
16998406
18299462
20434634
15816961
16280833
17321361
16686888
19289342
19674935
18215263
18206256
16749539
16479362
21536367
17584350
18242613
17536060
20585083
17687657
16081572
20176351
17196105
21082874
17572806
20008018
19372344
20550562
16565282
17112142
21855831
20155792
21879669
15687140
19534181
15615569
21528170
17007618
20430654
15650146
20876403
16855002
20065194
15995378
20215333
16669477
20534276
17076969
19022037
20838315
19940010
17227745
18318967
19926646
21175121
16916340
21733109
16579216
20878861
16164503
15823383
18695624
15853088
19148818
15710799
20557417
17206082
15984364
19508712
21557105
19651576
15640632
17615420
18971493
20677392
17353816
18321837
19594340
21879667
16573015
18335829
16135878
17373396
17173716
18229653
21585138
21822074
17166982
16122857
19436687
16736371
15831548
21475053
16669565
19203803
19014801
19858395
16195096
18542842
16294937
18403998
15854080
17031733
17645954
17160733
19239527
17446195
18430276
21300647
20860015
21123230
21344984
17720359
18703444
19382539
20305444
19652590
18808644
17936543
15585706
21194660
15573505
21626479
19192570
17888917
17954381
18371051
16112674
21170787
18565855
20144942
18097853
18476647
18843063
20014541
19103329
21292051
17209154
16497427
20951399
15919142
19475830
20057327
20146803
18833458
17479329
21211499
17425278
16872504
18491690
18361543
15622906
17654419
16485588
17086836
19814850
17563967
16756051
16641654
19140193
18767386
20485104
19577419
16099200
21445517
18829260
17487706
19759979
20049369
17058754
17662754
16846779
20354928
20584278
17786743
20031470
16892682
19450992
21717792
18395657
20538441
15991107
20461605
18999065
16482951
21403487
19286334
17577722
17081919
20058534
15947809
21764005
19104261
16280946
16908229
16636220
18541852
16862022
20522394
16108943
18070780
21531580
19129293
19715532
17912116
18283966
18086958
19770471
15618104
20453351
20178573
19746251
20419952
16015224
21083894
19648201
20518685
16465090
18373401
20362219
17386358
17683304
20546976
16623375
18709580
19886592
18067659
22058392
20215615
19731420
16757376
20144028
21159278
16928282
21473342
19726783
19196462
19060818
17468630
20047543
17228432
17332570
20972581
17108599
16697586
21268517
17440640
18154533
17060897
17234014
20394886
17107567
17615073
17157124
20860319
15573464
17585519
19822873
15553058
16197596
18949763
19709015
20420267
16431070
21176251
17125958
16621784
18371167
20077799
16584454
17877565
16916193
18242941
15730455
20934571
18788123
19366017
20186272
19491848
17496369
17633340
16330134
16761659
19309488
21194663
18773215
20576073
16401807
20420999
20942881
19634592
18326343
20224964
21404004
17710761
19376355
15920650
16948420
17675114
20159456
19910090
16292130
20184637
21610455
16484714
18220067
15802479
16162578
21143347
20973740
19515198
15940138
21980630
19770174
16584013
20827068
16289090
19863766
15801049
16927747
15717336
16622657
18161384
21139020
18496021
19947783
17077796
18068279
19492659
15887949
18381020
19110845
15856169
17099193
17288320
18295615
20710129
18037096
18083675
19945204
20177859
20386035
21207189
18174780
15640681
20506090
20018543
17008829
18229771
18643804
16334975
17969833
16799016
21710011
21247825
21041160
19715097
17327910
21150502
18997901
19754687
20174947
21770355
16035725
19824282
19018550
20429197
17211120
15916254
18300737
17925111
19282681
20956000
17233189
16779535
16686244
19552150
17253013
19237903
16333006
17690655
20536632
18647787
17539557
19634626
20535677
21501900
17719512
17492990
16937841
18998896
16644313
16466482
17803414
17936430
15824291
18302579
16302860
16006495
16418992
15526488
18399393
15609804
18330626
18638031
21429958
21972461
20482461
17368206
19104899
15799295
16091027
19670018
17342855
20687449
18522335
17233863
16533673
16421464
20394476
19801932
17696629
19143579
18681339
17902163
19828279
16940300
20394268
21430578
15966461
18608358
22046017
17343245
20421049
18158212
17543579
16401158
20838329
15965766
20011732
18957455
20583686
16094061
18562862
18697966
16513873
17500344
20508148
16789669
16955034
19285363
17544139
21977725
20371031
17635627
18924272
19776537
19372125
16274940
18667127
16620041
16732017
17547270
16036273
16711307
21831021
16169392
17470215
15662792
17136375
18834738
18537481
19948026
18587295
19925743
17540805
16471214
19643951
21667671
21733103
16783582
21751723
16509435
19490299
17929738
17518880
15544665
17418848
19709171
17425124
18543525
16875103
15821676
17162544
20667055
17290089
18700254
15778131
20141794
15853873
16946118
15850331
16217009
20387368
17196716
20170869
15962843
21612433
16816586
15655922
18380998
16202105
20357650
18234680
18313179
21678267
19644900
20670428
21977821
18758277
19150541
18575420
16867122
17236480
17514991
18423762
20000249
15631214
21576064
15733808
19736832
19397393
16106689
19061176
19134363
19058073
18826873
17168043
16712851
17705866
18685372
20887904
20372005
21252214
15971943
20673155
21132553
18196842
19346031
19667006
21414024
16422743
20728998
18068292
17144955
17644917
20088177
21084354
15834361
19172302
20879639
20863343
21977618
19069137
19080875
18783502
16078408
16517497
21610629
20499769
20671442
15565902
18207643
17161511
17928621
16379512
19327210
16794886
16967108
17924242
17828325
16539991
18785884
21449779
19781901
19271589
15871791
15853292
17578394
18976204
15859377
21045577
20673280
15532812
17825116
19062357
21559751
19913187
18382164
17988599
16937787
17184413
17924269
21053708
20667683
18385405
16425009
19999957
19011420
17968215
21353120
16996453
18042486
17077433
17135872
17914337
15759072
20107815
20953977
16096881
15930218
16528139
19665613
17987539
15575189
17149526
15673579
16506870
19875529
19422938
18720573
18319403
19139474
20654872
18539278
20179254
17936542
16642691
18279125
15946831
17000472
19187165
17308454
20085690
17850296
16263978
16759631
17976352
16128641
18241624
17698460
20716551
20952030
17109081
19778923
16898907
19051672
19892383
16523100
18926453
18595383
18801874
19293173
21340716
19501034
19462470
19089671
17035565
17786870
17364798
18336450
15842680
16640630
16628173
19486796
18812589
15817597
18447973
19234002
17040156
16260687
21879659
20484949
20970883
20375351
16162385
16143751
19035895
19564327
20649457
19788775
17606818
21473975
21526559
15630059
21117379
18796491
17490938
17036591
21366009
17897265
18563022
16777796
20420549
20177830
17144052
21388246
16922987
21486125
15633057
19712791
20647791
20531493
18179989
17911667
15822662
19067298
18019209
17936459
17052090
17689372
19745628
18928082
20151348
19256742
18984375
17334302
16352775
15728223
15531988
21987954
18984379
18856094
20124890
17666293
19187877
19368285
17853260
15745363
17263734
19433843
15587715
16907788
18561924
17992336
19422989
17964856
21330804
21234856
20069739
18307597
15747911
16489518
19060279
18664802
17249904
16168341
21574247
15893208
18795445
15611971
16124136
19876941
18245167
20467718
18365169
15820161
16447890
21472715
18569197
18585513
17888785
20871497
16529186
21750594
15706278
18772306
19432597
18677075
16041234
21359507
18278613
19999862
18941437
21387661
21119150
21703676
18847652
17003545
19307523
17474361
21330485
18384789
18325459
18573018
17985063
16230302
20829259
20956769
19488660
21701043
19902898
15715075
19753930
20423392
20196495
20162341
16139153
17652180
15581430
15645188
17160397
19655602
21267949
18562819
19734512
19940457
15715277
19426295
17490918
17593767
16579824
15647308
20657630
16517778
17170582
17720453
21401687
17850937
20799388
18802717
16585329
19848030
20605808
16862325
18681371
20459911
16078968
17443368
18773712
19962839
20442616
21073561
20458647
16964771
18386606
19293307
19913928
16981989
20092135
16160587
16236837
18972942
16424962
16549967
16376137
15992979
18628742
16575376
16651317
15943941
19529045
17397608
18191764
15570333
16393479
20306615
16405386
19920097
18612739
20442362
21558769
16986758
19856490
19400938
17717442
15889783
21556848
18036016
19325506
20081721
17345754
19015926
17284943
19558943
17824870
17345974
15711229
16645494
20102810
18443010
17711808
16331790
19694530
15609848
17207743
17076799
16715030
18665060
17362517
15624641
16125027
16082616
18595577
20816337
21073777
19826998
18419626
15646750
21789953
18544186
15622675
17187538
18661759
18990095
20708255
16377365
18042214
19375525
19965954
19050194
19253199
19068052
15600037
17897113
20106692
16201984
19968144
20088397
16509387
16737502
19655554
15825667
20969538
16544655
16482752
17933368
17563422
20148365
18778553
15859376
21072017
15817601
18800284
21382202
15947913
18291056
17365975
17074865
17366839
20805023
17929730
16344646
18163863
17366227
20536626
19772784
16910129
19697196
18157360
19623510
15663707
19825494
21097976
18725834
17098106
21211582
16770370
16213787
21688468
18602044
17286868
20306640
17310342
15822847
18492377
19847645
19966692
19150094
16268341
16684759
15542812
16728302
16875475
16998856
17254903
18236309
17472497
17636790
17937656
17485221
20128251
18520670
20591015
20858372
17487068
20875179
18976191
18298996
16277741
16420781
17219465
19800537
17882863
17501883
19542423
16403225
19225315
21450767
16131555
15550362
16085952
19859862
21510261
20523150
21143961
16899840
21431387
16959930
18314889
17158127
21705886
18490663
16292070
16334968
18629746
17944801
15995388
18650534
16544076
18557433
19256209
17324093
16441395
19552247
20091227
19051953
21678368
15876302
16923433
18343252
19194118
20102928
15927512
20847074
19745636
20195008
18585500
16447530
17440290
18034967
15629558
16477286
21346587
21799327
19050330
17283706
18411890
17001071
20862625
16933576
20617716
19092520
21255708
19568215
19174269
18063444
19257798
17760237
17176360
18573777
18703383
16801655
20644475
20390985
20158617
21783041
20368659
17880314
20064890
16316441
17705841
20946566
19935608
20381427
17352023
17607817
15689089
15660321
19620220
17309812
19228305
21482389
16227544
16112979
17452026
19222636
20505999
15992203
20507679
16696786
15574033
16827445
17513535
19300066
19463677
16252793
18798897
16496832
19482401
20804928
16489938
16310137
21062546
17285196
18655669
19948609
17681763
15983707
20484916
19812092
20203460
20846085
16043983
18429749
19781099
20355342
16973953
20510704
19112345
16677192
18388715
20569188
19171059
17457397
16973415
20728705
16972603
17063134
17998411
16192823
20044162
20044232
17549970
16223113
17094063
19634588
16244204
18374116
16334801
20378728
19493137
19770117
20953218
19941237
17673344
17526470
16673673
17070347
18290920
17713323
17022797
19193548
17402953
17484794
18193623
16827769
19197588
18720633
21178355
20353929
19683408
19597893
16981970
17684107
18176179
19564002
19713396
17318951
17785644
18390258
21702413
19043632
19161809
17979951
20081692
16327104
17073194
21518751
21067272
19689634
17913778
16312204
20679561
20965103
19901182
16462404
19694852
19184061
17218721
21410585
16150775
21117305
15751247
17822750
16634899
16164533
18453503
21718855
19333972
21692247
18690005
20210658
19399982
19369190
16935459
16173913
18226761
16322418
16024212
16530117
21590564
19632912
20699733
20739151
21388099
20705412
18679141
16439321
18332403
17138178
18422207
21718082
19694388
19647132
18693994
18827611
18021149
17056898
20675734
21818014
21121802
18378729
15666886
19934421
18723307
16025151
17640105
20864347
20439293
20146908
21062549
17339306
19998905
17494426
18619799
20002419
16936614
20354133
15700864
18525432
19801374
19712545
16892657
18175415
18721223
16507619
21748998
17535121
20814796
21541806
16918743
19329723
15674925
19947306
17521795
16860522
20827062
17604069
17077752
19564003
20716871
18647212
19176797
19183330
21426523
18021557
17560165
17396681
16377191
16334076
15617215
21117877
17689397
19112875
20177045
19021090
20003236
18619086
15893061
20050478
16217214
15674879
17639635
20443264
19674431
17361388
19895595
19060794
17010664
17140007
16579288
19665619
20540165
15699089
16464871
19090412
21531989
17454286
17174399
17453993
17312215
16607066
16903407
16357705
20487059
18450821
16441393
19247081
16476635
17711615
19115893
20512534
15690831
20940272
16849913
21519425
20586893
17241635
20443294
18992683
18954274
17441796
17596255
17569442
20025041
20046656
20966373
16469149
19592208
16911544
17898929
21138207
16260707
21678804
16983457
19218376
15639032
16121877
18399087
16741840
16231164
20351948
20682499
17917466
17591806
18787458
20201147
19650511
17105637
20573664
17617637
17091438
21073502
18786017
16535925
16596488
16643589
20541075
20227673
17850523
17214831
20712421
17174511
21471881
19293069
19173177
18247179
19653555
16800216
17387058
15801999
21273251
16253066
16471296
15940531
21826042
19390870
18713537
16002922
17928606
16749587
15832639
16512746
21674913
17920823
17594294
21436666
20585211
16649321
20147344
19942702
21322904
16910140
17958697
17894125
17703122
15907668
16710428
17033277
16292336
16430332
16542661
15926758
16506233
16213234
16756843
17234474
20235422
18414309
21047039
21188878
17949401
19388505
17515311
15768587
19816153
15928299
17371423
20495584
18155575
17432333
15631265
21654482
17642393
16752193
16416155
20406498
16722454
15675780
19042824
18513247
16383053
18519600
18435303
21525436
17181681
18398664
18380826
16565867
19662923
18248706
17413676
16320982
18582936
18939680
16958714
19327064
19786417
17502432
15853789
21623216
19837459
21520690
16583663
18454243
18728297
19018906
20807992
17633979
17313089
20077966
18620104
17156416
18183749
20153911
19440928
17542794
15944109
17407213
17308535
17410013
17504525
15589705
15717079
21040261
17157363
18001656
20948271
20629606
21425360
16813258
19698140
20546470
15517297
16764400
16784155
20371032
17697014
18336706
15735199
17665067
21741566
17146119
21658255
20362791
17591341
16334710
20500702
19351793
19928616
19076460
17593305
20484722
18402349
15582644
19175248
18945220
15929166
18043837
17985732
15861918
20965691
21162326
18182636
20370766
19566693
19457010
18349435
15925287
16219623
16927582
17309386
19414298
20442352
16864132
21362720
17989126
16388973
16950738
18220679
20841882
16201415
17664054
20439044
17311361
21134125
16905424
16430759
17504597
21150582
21504962
15966782
19117883
16749537
21667010
19403235
20597714
17469362
21359504
21140859
17387063
19580536
21157187
16261273
19788555
16716875
20738770
17626023
20210824
19634261
20841317
19049697
18666912
15610991
21531940
21473786
18251787
15644672
19007689
21134155
17957980
21450779
17140758
16427132
15644692
20595720
20858885
18997358
17657327
19701730
17066990
21282279
17057561
16789335
21610353
16530149
16910949
21398387
18784967
19455607
21251138
18836687
16436911
15603634
19789928
20171827
20220626
21039589
21155123
20802350
21874753
21108428
16310575
18338341
16836215
18197883
18542990
17544683
15618764
21523751
19187418
15755538
16991049
16184680
18587619
16126602
20068465
19271090
19430509
15672024
18495548
20105589
15565357
19714953
19284635
21933275
20710110
21857323
16001821
17343118
21240022
18031431
20736716
19372127
19052703
17631233
17762243
18157487
17279016
16116783
20555354
15759071
19641843
21469986
15946171
16308168
20044340
20450246
16449699
16140699
16889276
19051974
20665341
21636343
20551726
18051963
20397538
21518096
20559052
18348350
16922986
21218737
16568813
21528629
16178340
17985963
20806560
21910375
16217714
15530846
19457513
18162451
17334166
16798756
15613552
18838702
18325102
19476786
16956743
17939006
17405392
17510453
16285419
20799394
20011758
19520228
16912623
19525484
17592423
19161748
18163235
17249394
17627726
21116945
18307703
16520915
16676338
18621778
16428559
17494443
17534469
21714189
21488764
19146069
18588727
16076514
17054446
18567130
20131119
18678557
19912096
19172450
20719008
19519752
18700870
20025454
18025448
15844634
19270470
16219112
20464718
20698409
18688048
16485087
21322451
18463840
15624279
21220994
20857805
16817296
16734650
21545635
16474249
20500338
16116847
16094178
19273866
20598613
20888949
17996057
17610158
18226623
16818165
20182968
17881240
21205724
18377155
21219644
19512935
21784328
19085668
16215464
16933670
18163263
21419521
20704678
17623260
21164109
20208049
17802985
18787907
17136929
19709790
16273441
21251722
16485554
18023610
20149724
15856168
21136570
18985370
17635088
17405747
19968011
17394519
19603321
18362004
19969388
16832335
16255328
16618486
20176512
18928964
21879646
18316754
16104676
19856559
16434113
19456247
15558872
16696140
18097726
15754509
16750098
21058896
16167658
21115294
21316540
15939515
20487406
18245214
20827259
17331095
20522620
18678582
21126965
17941408
18997557
20042814
19020144
15662180
16162637
16880177
15990914
19476865
16060580
16793956
15904750
17931376
15566217
18772659
17611983
18394764
21091702
17410927
20336328
16520500
16967393
17488520
15842207
21524002
20558561
16199397
19191134
17626069
18438676
21672116
19114838
17580003
20404691
17154703
16649271
19683407
21103848
18559018
21624511
15550361
21387580
20824612
21595906
21604821
17063096
16779794
19940999
16111603
21261474
19377027
18849744
20386241
17852904
19713631
21462635
19325488
20003350
19828530
16949288
21601772
19098944
16502828
21140754
21679547
18928129
17685146
18768025
17852926
15805359
17421088
20041384
15639038
19222490
20100151
19072191
20888944
18578677
19356201
18630064
19716702
15529235
19835228
19507357
17140420
17079620
21088660
17187535
15937816
20345062
17985961
16836472
15554356
20956663
22147374
16459340
20580362
15924027
16217635
18333558
20374101
18402738
20934543
20042225
17925734
17524969
18565788
16050867
21778801
16321733
19686269
18468938
20973307
19813040
19339446
20123817
21038496
16759783
18720666
17212895
16214882
16546015
17038080
20052891
21306423
17318982
16242295
20367724
17353805
16550938
18477272
18082836
18569625
20678968
17885633
18037270
20299633
17518881
18705120
19423033
16011496
18928190
20860249
21057232
17426497
18455960
16284216
20497880
18676539
15570546
17163095
20443310
20699722
20096114
20077782
18191799
19351312
16824987
15576756
16903403
19018916
16060296
20942319
15757049
18042945
15831420
17438886
21361119
18240611
15530752
19319576
21191154
16619395
16686100
20202506
19685099
15960112
19249637
18257786
17828675
17414595
20869656
17918029
16418145
20186664
17088221
15966159
16638773
20472461
20873399
15970747
18019766
20699039
20959738
18271792
16525230
16856093
18257804
15552539
19282506
20336354
17900485
17408073
18608725
15838965
16840370
16151565
16449838
21382252
16679876
21088636
17534085
19592865
17653878
18489197
20191948
19123072
18194594
17513011
18809647
17883286
21187262
19058074
18808574
18702636
18560068
18453793
16960933
15750507
18482122
18190580
20215334
18318971
16620172
19449606
21841589
19729266
17380843
19008743
21139501
16450665
22025436
21182797
20224406
16004106
19759436
19016632
16506641
21348546
18363482
17444399
17708500
19774078
17941410
21369847
21163648
16618589
20651476
19893845
21665161
19317898
16582973
16235813
20804886
15717707
20007493
18078273
18694208
19085356
20617292
16442431
17069466
20007003
17592982
17700950
21441571
16262841
20081606
19349189
16085200
17849466
21129180
21084890
17107619
17914661
15540299
17927115
19220382
16255838
18434103
18350940
16958724
18184983
17439386
17702101
21848199
16631176
18317257
20423415
16535903
19949221
16303701
16191142
16877043
15638354
16479681
19100944
17215607
16134659
16865618
16937143
19167928
18648958
17564544
21586258
16499792
19266806
21702206
18480649
18424318
20119895
20191888
20219315
19067989
16799361
16481897
18005916
15952969
15871901
20824553
20087084
16544674
16900278
17244297
16236850
20833937
20974414
20545236
18540547
15552859
21569490
15805811
20438420
15635886
16336481
16596081
20937190
20051186
15549016
16956927
18238748
17978612
21143363
17598261
17287143
18700984
16438766
16410856
16411027
21066978
19006588
16287559
20654815
16462446
20378676
20729729
15977240
21595360
15630864
20152215
20182813
21307728
17052824
21056316
16360307
17531568
20633970
16243661
18596708
18556692
20047173
15997995
16616171
18636026
17293181
17874610
21366160
17085608
18838268
21425070
20465758
16930787
15774063
20049603
15632809
18280827
17518166
20660555
20054794
15561456
21654374
17941772
18262005
16488345
20597406
17037342
20224504
19606196
19530026
21240082
20570462
17494245
15842683
16473065
19479167
16875101
16625524
18926163
18163408
16786362
18300619
19700041
15835222
16109681
18186906
15937267
20693881
15624872
17514398
18773583
21069122
20924818
19170862
18322760
15561160
21168247
17695353
16297568
19850598
18806318
19955300
17610020
17448916
16164384
17212684
17980927
21783090
15740815
16350432
19536388
16285604
17669849
18999280
17413549
18563001
19476234
18320906
21179667
16468261
18251737
18021523
16241917
17461371
20592548
19095330
19694550
17352706
20450122
16892667
18175207
21462490
16698621
19942108
16248863
16489959
19251549
21262007
17855231
20397348
16779356
15651587
16766909
15657689
19443351
21702285
17240136
19591366
20461785
20183899
20642050
21418095
16714975
17286203
19858822
19591020
17034396
19342260
18451385
19737124
19065971
16292205
19051008
16443975
16116782
17142586
17476076
21862067
18259718
19697531
17326557
19708325
18378825
20427299
18380372
17067674
15656151
15678740
19416036
16687338
15620077
20889628
19896893
17592961
17764387
16689120
17134641
19263774
19183115
18504244
20640330
19588512
17252968
19736262
21520796
19653126
18809064
20205012
21505573
20033887
20652210
16442422
21210926
19892820
19861376
15722845
15830271
21061873
17505331
20966859
20543356
21368514
18980442
18575788
15533081
20738741
20522076
19999602
15717463
21457880
15584496
16081334
16408524
17925588
19114583
15871890
20546817
19147647
20847193
18353007
21143428
19226881
20119630
19503766
17406014
16374262
16876004
21548790
20709554
18272607
16456211
17446773
16581636
21277528
16583872
21482615
20545802
18574371
21547859
19843415
19455875
15625921
19530210
21072074
20159119
19218955
16292626
17400513
16458250
15679025
19761024
20825856
16240060
15603245
20346534
15934573
16092779
15638445
15684853
17911861
16728866
18660902
16053435
18053289
18823865
19682828
17306249
17656741
18843605
15877566
15975757
18498567
20630118
20833985
19828906
16446270
18442105
21496748
17848041
20116205
17362188
19010943
19820535
21362757
15683266
19737125
16881246
21667803
18227851
17699147
15678221
18271288
18556665
19192903
17924261
19673717
19460830
15720932
21029353
20403550
19457153
16645854
15768651
17328824
17704678
20708031
20950434
20724192
19461220
15624706
19172574
15923793
18196289
18289182
15794915
20029341
19537392
19142365
18789018
17904243
18926047
19628933
20795829
18500140
16368586
20393971
19018885
17665071
21362719
19707164
19638371
20813336
16580370
19908947
19350322
19773732
20718818
18678148
17989116
15819535
17640844
21411380
19591624
17019348
17471035
15686818
18176852
18615962
16608722
17899993
18005124
17346917
21449130
15794082
21158744
21624867
18202988
19014739
17263051
21045100
17361955
15671770
17868193
21825946
19384738
21420535
17163000
19530014
16122477
16439771
19033590
21297320
19380958
16129011
18764854
19564740
19363941
19134494
20122028
19103895
17564102
18827088
16387415
17443361
19809005
20446387
21599841
17701393
16676754
16903589
17111727
18341244
17684110
20204420
21947653
21667813
20334763
15738368
18023615
20697962
20834035
17088063
19935109
17727749
18584908
20530526
18358116
18512144
15728419
17205125
16137215
20443072
15608097
20448272
18264608
19954137
16797440
16494539
16856033
17430312
16553671
19491750
18590978
21096579
20935009
21566417
19700583
17524008
16493300
17681395
20549243
18988072
17554230
16752967
21058891
18518731
19933886
21553968
18611312
19327289
16326663
21086112
20558463
19374701
18703445
20144035
17010034
21244247
18049170
19132791
18090516
19675323
16223109
19170377
17583067
15815802
16605232
16824155
17361957
16629008
16216471
21402459
17070341
21931027
17896048
17767450
17691478
18560145
20435206
15565976
20039996
19146362
17060263
20050471
15714097
20054079
21840545
18709684
18853737
18680925
20095874
19653389
19551656
21692586
16117209
20445716
21817972
19302422
18557966
19443525
15965550
21389060
20019348
18668187
15883469
20189911
16543906
20953729
17617014
20171448
18158489
17401779
20617860
16398905
18504549
17725265
18701158
21674471
17565096
20029343
20230169
16618687
18156246
21211988
17064961
15998615
16061929
17490762
21097760
18049154
20078014
18272212
20235757
21796682
16759386
16821682
18426463
20171663
17955929
19560693
20443291
17061759
18553040
20233982
18926150
17102327
16427057
16627411
21765263
15999859
16702587
17565433
18839735
22066277
21218571
18205682
22041965
18273482
19021484
15782836
19232929
16544559
20603391
16963668
16218125
21542913
19748369
18987516
19628353
19189408
16511579
17622032
18700586
17185036
17584351
17405224
16180481
18507893
19077819
21069116
18751998
19006595
18161468
18939411
18612092
19283974
20870181
21139369
18636011
17069973
17238454
16352933
16263484
18666911
16882563
20654985
17269542
19026897
17201336
16439269
17805222
17701622
18399869
17845887
16504481
19731446
19229706
19008975
21527060
17332119
19541099
17349950
16510373
18030197
17225335
18181318
20420728
20436094
16649849
20803577
16781555
21629205
17442108
16148808
17181500
17960388
16262092
16100531
19965953
17059417
16208592
17317434
19601451
15552377
16449088
20806707
21426376
16643262
17680013
18352996
20434292
19067893
17054631
16297578
20121954
17378520
21231884
19101774
15889656
19005434
19433927
17899044
21111274
21703010
19248345
17899453
18718887
16542812
16495020
21500975
19105911
15587605
19115897
21168213
19255305
20947856
17875621
21218208
20104515
18569779
17151163
16673197
18839550
20050447
17019550
17401770
20373224
17116010
16282012
19495819
20649872
21557102
15945229
20459997
20637320
19106285
18446067
16735258
17011264
20920232
17925412
18519116
19416045
19390902
21693723
21044437
16226481
18583447
15618087
20419525
18186451
17416711
16376522
16977272
20695949
15887946
18086988
20119873
17760571
15941078
15732615
17413920
20000306
21054176
19831158
17310339
20069363
18826466
20420548
19955971
19930356
19581026
15530599
16520677
18189306
19687107
20237761
21130030
17646998
19694528
21111557
18539544
21669385
15696887
17766759
16832992
17652952
15515975
20664379
17851308
19648596
17990717
18248673
20735444
17064747
20044871
20486519
21955907
21658337
16996857
20438344
19073377
18595303
18480675
17901175
16258342
16595542
16728804
18405170
21641653
15581720
20421019
18498922
19798555
19106431
17382042
21635184
16821201
22029123
19350879
15976799
17678607
15933866
17039988
18783126
21259276
17007704
17385492
17883735
21519423
19625565
21959637
19525361
16106772
19260602
20385565
16863896
16280090
20405326
19694232
21876449
17220158
19770109
17547099
17987819
15924900
16220059
16205432
18981834
17547265
16119628
19066162
18570745
19218484
16086618
20222232
20937199
21194807
19943577
21219504
16098411
19017601
18035097
19339319
18275692
19287264
16774690
19740140
16287816
18082108
20950967
21075319
17302096
18094296
19340984
16076893
15965384
17194412
16138817
15839372
15967625
19440947
18757313
18474885
18702081
17896695
15719585
18649109
21136100
17018460
19300217
15924035
21126816
18285435
17849721
20509347
19282824
17468786
16330476
17240496
17571608
19135824
19405456
16354124
18667690
19530018
18391340
21841704
21711125
18807099
21099396
21327509
17324101
21584449
16270813
21120766
19583899
17241187
19070205
21707838
17077409
19467736
20861288
16202146
20803405
19049226
16686584
19058076
18257047
20932190
21727100
15964736
17135856
20643993
15613092
20841979
21586990
17554092
15793551
16272425
18088407
18204844
15534341
16320641
15927296
18245419
20373978
19225847
18690127
18254676
21500507
17574193
17397708
17558578
20159531
16620259
19547799
17131640
16706569
16083376
16308129
15622149
21426616
19808372
18973056
17989984
21483025
17468606
16215367
20337847
17315602
18512579
19699822
18755830
20131584
17620395
18578442
16900452
21670623
20055199
17327536
19105913
20535907
16325024
18328145
15949738
15884501
17340848
17963657
16513920
20377431
16783796
15579352
21279253
22129251
21563900
15834528
16004836
21148579
19001352
17116781
20103026
20077803
20431457
15531936
21119185
20552917
18640407
18261063
16995611
15683203
19568217
16276642
17260233
19008145
16021258
17256717
17955625
18480606
16728290
17486679
19057497
20835283
19538556
18033790
18437059
19697662
16368057
18071204
16213235
15919007
18501747
20981480
17512471
15842444
18346405
16472477
15933461
19715514
21429702
20051400
19255100
18320988
18592950
19933287
18594490
18096354
19298681
19000348
16313292
20627817
16014173
17959006
19716598
18426469
21422100
16646728
20509784
21403050
18463296
18157447
16463453
15813628
18793379
15678928
21710873
18582380
18611255
15715756
16141782
21288722
19748748
19341996
17593384
19425287
19207173
17012080
21500008
16023444
15909783
17546575
17118638
20135939
19125385
18512101
21882627
19583860
16823953
19444493
16130925
17223479
18595931
17106344
17907496
18316826
19228301
21736168
16527476
15793025
21619609
21596224
20955603
17276321
16912577
20443425
20729512
19100145
21040004
21220657
19164613
18229987
18366363
21232097
17028632
16281205
19207736
16050433
18580868
20533965
16426796
16003060
20335895
16938225
19768331
18157958
20602687
21163478
15550802
20738389
17066836
16358088
16279332
20299645
15756120
20093900
16641072
19955243
16802677
20005618
20187719
18808589
18520315
17446023
19945914
20440106
20112771
19445726
21671526
18203565
21410090
18569897
17899501
18617706
16604867
18211656
16648083
16553911
21521213
18428416
21500016
18672852
16191134
19179837
19106282
17265412
16177583
21617091
18766417
21540689
16605041
16382795
16650118
21682106
15999352
16562702
20568324
20156667
19508138
19824252
21860960
20090663
16162290
21463550
18777217
20508688
17503752
19468090
19935526
17933617
20089488
20189784
19484846
18399829
15782448
20438034
17580317
17697913
15947361
18227884
22006146
18380940
19140191
19134488
22021468
17204810
20040632
18698396
19999433
19004576
21626343
19286888
15853233
15899314
18690788
19856246
21762837
21471886
21473669
16449755
15527223
21322879
18078550
16250121
18636228
17091358
16473357
17257516
17650973
17851351
17466653
20113708
15620049
21042245
18403661
18594321
20163758
18658242
21534403
17760976
19013702
16764362
19949887
18201012
20394514
18804722
20564849
19327625
17078349
17471617
18786217
19595416
17565432
15573349
21333177
18220677
17950879
16455323
19719464
19266739
19099570
18283996
18840859
17007224
15944496
21473210
18326417
17844723
19820671
18605272
16512049
21240787
16420822
20632189
19254872
22078679
19861106
16219214
16971829
15789938
19366541
16162387
20334006
20177043
18562863
17037233
18261219
19051612
20015919
19326651
