16736799
16784886
16764303
16759320
16757775
16830245
16827453
16825263
16821462
16816297
16816279
16816278
16814441
16807267
16803793
16790163
16790162
16690266
16895711
16892512
16889457
16876380
16869948
16859865
16850288
16962652
16957798
16954094
16948342
16945865
16945232
16921001
16914067
16907936
16904490
16901699
17045102
17032114
17015522
16991107
16959930
17133995
17113281
17099506
17091082
17068804
16583532
17249286
17244421
17216813
17207164
20208211
17194909
17194361
17168255
17162627
16082881
16076666
16050290
16032409
16026221
16001567
15968876
15960288
15889561
15877557
15871467
15828447
15785219
15765821
15757374
15739740
15735240
15728223
15723731
15718576
15696899
15679535
15672908
15645778
15643030
15633549
15631265
15624549
15612231
15582137
15576709
15551613
15511415
19506170
19487617
19420035
19268144
19244600
19154243
19049479
19033894
18996605
18990895
18984906
18983379
18945732
18838309
18817232
18807808
18796048
18773765
18773583
18754246
18713540
18695694
18693227
18689530
18687733
18683450
18677715
18669115
18655627
18636011
18609800
18605061
18592066
18433658
18392546
18386178
18374873
18354066
18333404
17496398
17481769
17472499
17469425
17468793
17462137
17454206
17410008
17396763
17389537
17378870
17377921
17359902
17349492
17343021
17339988
17331800
17330409
17329464
17318594
17306174
17305449
17294209
17279204
17264136
17252963
16628985
16607870
16579824
16566102
16535903
16532417
16532075
16520508
16499789
16498550
16493878
16489445
16461447
16439269
16430334
16424962
16422483
16422034
16407697
16403750
16400368
16392991
16341295
16321533
16319461
16310614
16269496
16268240
16259198
16238515
16221651
16174201
16173860
16168038
16168031
16145196
16145195
16131011
16062141
16035276
16013675
15992183
15955762
21960374
21905476
21858946
21843118
21805951
21803246
21632032
21266283
21210354
21057303
20654839
20654824
20654823
20654822
20514877
20380227
20363713
19685032
19678460
19668067
19665614
19643560
19623816
19592952
19592188
19567753
19565687
19522911
19522782
19508133
19506176
20690376
19460830
19446716
19350750
19331310
19327079
19268143
19326555
19326551
19321216
19278117
19264061
19263196
19262570
19251829
19218945
19200276
19185202
19183330
19175663
19159543
19152340
19152057
19149340
20229485
19100131
19090387
19087770
18090156
18085036
18080152
18072460
18072444
18068292
18064813
18064812
18054523
17922456
18039993
18030604
18006884
17999300
17997260
17996548
17994440
17991602
17987880
17981887
17979619
17976290
17974291
17969961
17945456
17943595
17942058
17941245
17939006
17936426
17935600
17925070
17920823
17919216
17918605
17911753
17906310
17905442
17876982
17875621
17873667
17852321
17825645
17847993
17847894
17827094
17824257
17823459
17805058
17803418
17803397
17785024
17784583
17784582
17675019
17723148
17713179
17703795
17689397
17687656
17664512
17664511
17643578
17642094
17626631
17624217
17619324
17617757
17599201
17598626
17594546
17593329
17583469
17571090
17566476
17565797
17562442
17561210
17557437
17554230
17548796
17534881
17524196
17519024
17516750
17509383
17505168
17504590
17502439
17502437
17500078
16430336
16430335
16425887
16424997
21711124
21689042
20974025
20949838
20940270
20923898
20921093
20842957
20829160
20804878
20802263
20688777
20685192
20666086
20639645
20630926
20620316
20609661
20602313
20597714
20575876
20551187
20525097
20522620
20510664
20467718
20447508
20444765
20442347
20441394
20425283
20372688
20361380
20359397
20230576
20191723
20183882
20179106
20171060
20162341
20142181
20129227
19154861
19135824
19123694
19115885
19115883
20391861
19114689
19095678
19078835
19073299
19070939
19023954
19017376
19005734
19004430
18997557
18989491
18989487
18988319
18954791
18856076
18825440
18783120
18768434
18728297
18667984
18657930
18656580
18618203
18616438
18608407
18607728
18604724
18600247
18597730
20666297
18578677
18569950
18569897
18558894
18556379
18547384
18542104
18536968
18520239
18519311
18510832
18504854
18494176
18484689
18481674
18477909
18469766
18462500
18461849
18449574
18443391
18441627
18432021
18427997
18422052
18414320
18412588
18412586
18408402
18397591
18380386
18378512
18373400
18363492
18360282
18349435
18349327
18333733
18333430
18307482
18282342
18278700
18257026
18256038
18252074
18245767
18237661
18226315
18222126
18212174
18212170
18199862
18192128
18181670
18178951
18176356
18173865
19736656
18095538
18090646
16267978
16266605
21877589
21824389
21762825
21748737
21601723
21591382
21576604
21565592
21516377
21485897
21460764
21419254
21417646
21410605
21384467
21383364
21382946
21378692
21378607
21357818
21357817
21344712
21323047
21278672
21278218
21276530
21240727
21162358
21150502
21149765
21141082
21115584
21084411
21041160
20619001
20597710
20584701
20564164
20562253
20558024
20552363
20541189
20540033
20509347
20506873
20491383
20487178
20482430
20459853
20452166
20450020
20450019
20445220
20443986
20430562
20406524
20406148
20405758
20397351
20374405
20369771
20367818
20367726
20338471
20308451
20308351
20061227
20196496
20189950
20178708
20173438
20163760
20163563
20155727
20131115
20118390
20114123
20100348
20098361
20098360
20095309
20091379
20074810
20065762
20064971
20059676
20057327
20051400
20050903
20050901
21461149
21456337
20023523
20009825
20000304
19998079
19968454
19960130
19956172
19938565
19935730
19920746
19910328
19880834
19902221
19898231
19880351
19873868
19860072
19851141
19849904
19847684
19847186
19837210
19833823
19826024
19825895
19819660
19811604
19809350
19807232
19803573
19802635
19798555
19788772
19779052
19770549
19767272
19754957
19753952
19745467
19740044
19709171
19705981
19698028
19694189
19674860
19647969
19642033
19621462
19580221
20429354
16798179
16509952
15933272
20597709
19332199
16447890
20852469
18226157
15843427
18277637
18647977
21112453
18482291
17227875
20223789
21467056
16700695
21129007
21272303
20158551
20932316
16484171
19406488
20494279
15580108
21655407
16001760
19186400
21478085
17655571
18323049
20381797
16533418
16245917
16480050
16669939
16772832
19960016
16728804
20019727
21776834
20647236
21051326
19697594
20595487
19919195
16039388
20925291
19058503
21989747
20393347
18194180
20874513
16951616
21719756
19240203
19237957
19073359
19008695
15919572
15537122
19888021
19306147
18339668
16786660
18828293
19777727
20426300
20443072
19390341
21858241
16594432
21191202
15546535
20636192
15717707
18156955
16871848
16784063
16334086
20088062
20345835
21532643
18564422
19671645
15752924
17324466
20380748
20627185
20499780
19566021
18835124
17462142
16911058
18489673
17193946
16040376
17102524
19752038
16151586
15757049
15763309
22068179
18341724
20046117
19552182
19505748
19623510
18812370
21453525
18588597
15721966
19139382
17081930
16450630
20231340
16704017
16595344
21275976
16861719
19736742
21050443
21205059
16737741
16835552
17175566
19849931
21809286
18212587
19184551
19480375
18595420
19891397
17136375
20677673
18448499
20467938
16487895
20738855
15650625
17296669
16493324
19839216
21099425
20383478
21244247
16879381
15771661
21525436
17094359
17458539
20705551
16526334
19937955
20538441
15646122
15527614
19197588
18435814
18274298
16925546
15960691
19876941
17873249
16245304
20591747
21341221
17515318
21392195
20629426
18095907
20438384
17911861
21118321
21651363
17804971
15630975
17420649
18577133
17728586
17110823
18182305
17493954
18766107
18207046
16826947
20041384
18191769
17573299
19281702
17577174
17164933
20063443
21651366
16102142
16200520
17394619
18076555
19945194
21277126
21704797
18165898
19060279
19697675
20463515
18569047
19065397
17684164
16796505
16139638
15536222
16164888
16318034
18660768
18828166
20890143
19260581
17463206
19167094
16430762
18034982
16620164
16764229
19723279
20585748
18979856
15844289
17203511
17383655
18522259
18439169
21867855
19056319
19955458
18271288
20453351
16076894
20816104
17013870
17000484
18786017
16649832
19952983
19256295
19243317
21145197
18926163
19359084
18980458
20129271
16759070
18461495
19235253
20176913
18347487
18236650
17409965
15799485
15970422
18376246
17594409
19037225
18019518
17200636
17388763
20843425
18454825
18215263
17054572
18056752
19196860
15552460
19745313
17624212
20825903
18595494
20812124
15838410
15626632
20194608
20582802
19356517
17727749
16968589
18726796
16512033
19817948
17330996
16760768
19539413
16690581
18688055
17176652
19146089
15931492
17650971
18038104
17145737
15747901
16878218
21387580
16441887
19794269
18756170
18846794
20644497
21402400
17886424
16939142
16926369
19782928
17256293
21135781
20527597
15960398
17182213
15810565
20423917
16436327
15909236
19779970
18292101
18786082
20845676
18843139
17036591
16464275
19928362
17042709
17492122
21723025
20971595
15913127
17802730
18557069
18165374
17313516
16652320
20102984
17563050
21499490
18399368
15812616
18935701
20193890
19467998
21739732
17822426
16817002
21486129
16999379
15552808
18954274
19666880
16135165
18063444
18418109
19812793
15516732
21378301
18289182
17059156
15637956
20956707
16412975
17855718
19283562
16553911
18375174
19086282
16706243
17695084
21280352
18496376
17828325
18830834
16262841
15591917
19249637
15852073
16403202
20824760
21999064
19443876
15644685
20356353
19965037
20222964
21672061
17427248
16937216
19054953
16651296
20441464
21187262
16136829
19606776
15736997
16607332
20647804
18423611
18164450
21500738
18727763
17690089
20345832
18841254
21763127
16459340
22024309
19703383
18472065
16164387
19788102
18307701
19827326
21748998
17265661
19806767
16192827
20079610
20420728
20405326
17917844
20594365
17665067
19117232
18928129
19879514
15837028
20168268
19273778
20122607
19836731
17978632
17044437
19493177
17893379
20467020
19252202
17187548
19618253
20531081
20563404
20166651
18454927
18575344
17208924
15754194
20486500
15921753
17654513
15849218
21563900
16641129
17554946
20830822
17137141
15616751
18677075
17983544
16856033
21669385
21456398
16317867
19240439
20615297
16788086
17312040
20157747
16906628
20946681
16311693
15857730
18206583
16542838
21382078
16579332
15800007
21123409
19425287
16188716
18209667
20547775
16735258
17224605
20357651
21511835
16230764
19450085
19996500
17727340
19741333
21879648
17447604
16180953
21057395
17366949
19914484
16565271
18693140
20121961
20806671
17518143
15893213
19418982
20845194
16814635
15603246
18192127
18558248
17204565
19321069
20879014
19584122
18848753
21504240
18691802
15808027
18284537
17456121
17089452
20442609
16003005
21456108
17666144
15877552
15579351
19949887
16099552
19631005
20125211
18234699
15516535
17299807
17417043
16238905
16135490
20838889
21368548
18051917
16629543
21595360
16546768
20935215
19912120
18434916
19180302
16828344
16924180
19743532
18788958
15786856
17686390
17876985
17059642
21044150
17472517
18571213
21368511
16883170
18161229
21155363
21477493
17635299
19865016
19006917
18809312
16258342
16432594
16616171
16863894
19817529
17908529
16242291
16762121
19686271
16570543
18798229
21360697
18988007
18330192
15755262
20367292
18562907
17261444
18684359
17448401
19374611
15515441
16325024
19594788
17596246
16499309
21764242
19649002
17308443
21922704
21242559
19767521
17456202
19761912
21051920
17169084
21642931
19926988
21788585
21756579
20630924
17937971
18075770
17612376
20148769
16492923
15881934
21146667
21367384
18430563
22005230
18640542
18524343
19454204
17684121
21877510
20187349
20166914
21414811
20223390
18343857
17447591
21905295
16112540
17643712
21894126
16473123
19229836
19084288
19012768
20927774
21220657
16423791
18411391
19695730
17635307
21676333
21074647
19094147
15668838
15989116
15732888
16909072
18854974
20386462
18320988
19643612
19097470
16988303
17521855
19287253
17215415
19370811
16938902
16192177
18322027
17703122
16728939
19346565
20129896
19124857
19011172
19712844
19264058
20855386
19646887
15713169
18319491
15597498
15640630
21403042
17604262
15714072
18021137
21501900
17087177
19584763
20970051
19663271
21879654
18496893
20848072
22003535
20555018
18603339
19584762
15875447
18678729
20362791
21312083
17578068
21135791
17456175
16779248
21815471
20647783
17723957
19832815
17114848
16489707
17410509
19552323
18060327
17114836
18155398
16492635
15951311
15887875
17526293
17470919
21375101
16048621
16180481
15787223
16240145
18713473
17268335
15946924
21879998
19998684
21194657
20617931
16077286
18780925
18312751
15732615
17334245
15818355
18828830
20047543
16962408
17907688
21346444
17622862
16483424
16006829
17347875
21440870
21977770
20123831
16013344
21322860
16735214
20579755
18295540
16494663
17091913
16564198
17266420
15865461
16393233
17901171
21596217
19646192
17366919
18447890
21495397
21378648
19945914
21078463
17583080
16174925
19020144
21882632
18269421
20970046
20629945
19969162
19174801
16830255
17577722
18617708
16586308
20122018
17988824
21537787
18825511
17630555
19660166
16855483
20551738
16297579
18325139
15944499
15534158
18544727
20374101
16951292
16398889
19813554
16512438
16476842
16186465
19734825
19200391
17348282
20357705
15542812
16910755
17881092
15715756
17346367
19950735
19581624
20508241
21787981
17710962
17679241
16807571
17874543
17320336
17652952
21705886
19383173
19148817
16324185
20053236
18252933
16858623
17343661
20838266
20357701
18638329
16238958
15914055
19539455
18807099
16846830
16121877
16525525
16192176
16231609
18710376
19814850
20624564
17976799
19643950
16025636
21080297
16597533
18051920
16789336
18801188
15558075
15894994
18992630
20963673
18655709
20428183
16442430
21315215
19853819
16182821
16463240
18688051
19117219
19036551
16895249
20636153
17936543
17094819
15565974
16013906
15537586
15615170
16471091
21530706
16986670
19200287
17009141
19014116
16192286
16887319
16035980
16096454
18990325
19661081
21357781
22013820
17541876
16148475
16816293
16411487
16034855
16218155
21712255
18030568
20715304
16826960
19945107
17659765
15951523
21214301
17387304
17123275
17883235
16723935
19788555
16704378
21817972
17419034
16502599
17165326
18840222
20022857
19505062
15876302
17901270
19585808
20113944
16268041
20738390
17484704
20510843
17451880
16224646
19883327
18403574
15712470
21600368
19903737
20552538
16792010
20709240
18538973
19583645
15761368
19632395
17202153
17929507
21439175
17133895
15877684
17803407
17299658
19917944
16416763
16178829
16091027
21241162
15784483
15794199
17984647
20857889
18584908
17207214
16764155
15686337
20230176
21351125
19667785
17201722
17194679
19700779
17312215
20602701
18050748
16195185
17469703
17293717
21488416
17785688
20920073
17455181
19559512
21673530
17502445
19139928
16825669
18727353
16483095
16680049
15800664
19751379
18044231
20231494
15825590
16780619
20334016
16288583
19722422
15960406
19939723
15576817
19293307
20373918
20153457
20132712
21843128
17413487
19293284
19455875
21503460
20010176
19726990
20443291
16350354
21661267
19503665
18715975
15889886
19054959
16551208
19891301
15875162
17969663
17697951
18457754
21125755
19067161
15789678
16265798
19140357
19268327
20080021
20801275
20660533
19769145
18927962
16740565
19717826
15898822
18195639
16049710
17941519
16926306
21511353
18774436
19524441
17270062
17825136
18589343
17351023
21040004
17397447
17218869
21491756
16518558
16268876
16316439
20570781
20729729
17057603
19017601
15722845
17918618
17009794
21074332
17828142
19318665
21527135
18769981
18597971
19406045
20959728
19597372
19329089
19227688
17705080
19740444
15913271
16702081
16583345
15822046
20386374
20235422
19250026
16255737
21499198
18308924
21029998
17088223
17186221
16024417
18492551
16487900
20180439
18418016
17883660
18676539
20697132
17947752
20011187
20395734
20171448
19347728
18625906
18778556
21475090
19437955
18550482
19395688
19531463
19318836
17521460
21087817
17201920
18322264
20816339
15717518
16512270
17442031
15933461
20817494
21309381
16410101
19378673
20155789
19004438
20494356
17310422
20735503
19014739
16234299
21197791
18252078
16718841
21617505
16784062
17235261
20493590
15948080
18571134
18611307
19240948
18041355
17639097
18058690
17674531
19265046
15668312
20308172
16333526
16305292
17574692
17654419
16447784
17482301
16509438
16751464
19022074
20414799
15933465
17164803
20107351
16218244
21480495
20835283
19905880
16208592
17391510
19386366
20932433
16911544
18232242
16594418
17514399
16480405
15960063
17219508
17938579
19180372
15895176
20499655
16594428
16324070
16719846
20638005
19380123
18072442
21503506
18362523
16728302
18290408
15580854
15530172
20870475
20931513
17123214
18626532
18549063
21129700
15603094
19514130
17308454
21599896
17352384
18041866
18387880
15817597
19192903
17268940
18953199
21094716
18646653
18506703
17205000
20840827
20364647
15760808
21566106
15646757
17709760
16441396
16602156
17430455
21044992
20559055
18194352
16551381
15709547
17140421
16887022
18453895
21385083
20003038
15799305
15577666
16836620
17695981
16908470
20349649
20011956
18026806
18237621
17579305
17925134
17617908
20827777
16528759
18267994
17851308
16969015
19824241
18465407
16425901
17335530
21710761
16888512
15968193
19583666
19583654
16145237
15617358
16137587
19151850
19363883
21518096
20217048
18340991
17170582
21073826
17224695
15908854
19260370
19931708
17052090
16562800
19112244
19183307
20186647
16985408
19338185
19269405
17653003
20069739
21193785
21197836
16092782
20816344
17459150
15618104
16354885
20483963
16515712
19621342
17996755
19629415
16267966
21531934
18465717
16393828
20520550
21460351
19706850
21488601
17169231
18352962
16257620
17410748
19560317
19497898
16515282
20298668
20005317
18096508
21361819
18215751
18265714
19098962
19416429
18528781
16959745
21570527
16651507
20884161
20487406
20137030
16543513
18490877
20013853
18792706
16540788
15844721
16340097
15639048
16007738
19012761
20306091
17716085
19646191
16134677
16838090
20657978
19407674
19566517
16045107
18165798
19481045
15706158
19419344
18798714
19433841
17024612
16775183
17629906
17126971
16467285
19752703
20592521
17546787
19104294
19899398
18972235
15515975
17083278
16121496
18489197
18402907
19159977
15792063
16372238
17440782
19579066
19070193
18613247
22096876
17985960
16808774
15974371
19956658
17076800
19655502
17519031
16339336
16719739
20391269
16452280
16515257
17375226
18237065
19186604
19643831
19266283
19572058
19458459
21593081
20167833
17625078
16931976
15746595
16781973
21198803
15894761
16758331
18466848
20232252
15957874
19890683
16676288
19268820
16148468
18047173
17601474
21629144
18281231
15523081
20014744
17917946
21213170
19281677
15715897
18628695
15520941
20699733
17514724
18388681
17275970
17035433
16866801
17365370
21367604
20099654
16925375
16139467
17564063
17175591
16952402
20559052
17920270
20927678
15630864
19061525
21462428
16777829
21762837
15756486
18697959
16893807
18922403
18698189
17356030
15582346
19287499
19856591
20883594
20229845
20003975
18816373
18244998
15637990
16316440
16972449
20192715
20016435
18981966
20499790
19544719
20545805
20708255
19142227
15917054
15575117
17469479
17468606
21217609
21134196
20479545
20825809
16917188
17396612
18005918
20571105
15533100
20156313
18753715
19260602
17190756
16238853
17660859
18777511
20511731
17850296
17483100
17077254
21262084
15558082
20922772
19274816
20151060
17139815
18946947
20189911
16642247
17087399
18839647
18266575
18711703
16629579
21106655
18419626
20807441
15564996
16108777
17019551
18726939
21916145
20005369
20185972
15655338
15717035
17897650
16336618
18215447
16190009
20298307
16740840
15799505
21862907
21088838
22026194
19017894
19266991
15777026
17040358
17292131
21507110
16381624
19232929
16235392
21722164
20856193
19653556
21167771
20431785
19704215
16440030
15584186
16907789
19605620
17487706
16806220
20030500
20031864
17265821
18291056
20445451
21577161
18283429
17608042
20970018
21890093
17969662
17942364
15840070
16165075
15797852
19368089
18053501
17462044
18384011
18825572
21252667
16356316
16273451
18694250
20711076
17367901
19564740
17170661
17212895
20956038
21432701
20584237
18046139
15807910
19375525
17973700
17682410
17540530
18976191
18430153
19721927
17898401
20603048
15619737
15916506
17119752
18580046
21124232
21333018
18981213
18629691
18171306
19192897
18582380
21523998
17705211
19855038
17419057
20049092
16392103
17477884
20633970
22168641
20068024
18343977
19668146
21215489
20488605
18304337
22053663
17168043
15754510
20010044
21095321
18991012
19734383
20050465
16787467
16371122
20398358
18300277
15844634
17298284
19407054
21570528
21273184
17874230
20580415
17441625
19714367
16217779
17907011
17522788
17160869
19266944
16091096
20230518
21692378
19281447
16137071
15587530
19805653
17240136
21123407
16700232
15635790
20092512
15729808
16711076
16491935
16236850
17336480
19942671
18356715
15960689
15693928
21439174
21431387
17414580
17470926
18212186
17973694
20847346
19306789
17339984
16970554
16259634
19204531
18294599
16370506
15714021
15701211
20224530
16961103
19650945
20088340
16505500
19948517
19959057
20336979
16509387
19715514
16804364
16318672
17359606
17686602
17383236
15621478
20081721
21462094
17135087
17116539
21684461
15641281
19791519
21368545
19429768
17081940
19648983
17416711
17868965
19578818
15778173
16035081
18494430
21085068
18569903
17322008
19584756
16594409
15742601
19028331
18657041
18020062
21341639
21144018
18607872
16734271
20235400
19751935
21893625
16696786
21144472
16620046
16476133
20817564
21122761
19509522
15715031
17934984
16637448
21291059
16034758
20533578
20816337
15683956
16648328
20236446
20373479
18501055
20190556
19297115
17874269
19890818
16179857
18227884
15831188
19225067
16035471
19233689
17518122
20093900
17600599
17603000
15803044
16981989
16927575
20044163
17260233
17163003
16224670
20110333
19091313
18501359
17135059
19136306
21093376
16217587
17592972
18051971
15789481
17142611
16802484
18758334
16394682
15768648
18002880
18248693
16162038
18047642
16208656
18478489
17324196
16194644
16989330
17804941
20678231
21105763
20921483
15813763
17515004
20931414
20097636
20964469
16956071
20816307
16817671
17342850
20572531
20541884
21162694
16829197
19069711
20458007
16080648
17711934
15976877
17466213
16227544
20054079
16025441
18501835
16794548
19587108
15529892
15706813
15800337
21766435
16786362
19344442
17158830
15860051
17909862
20023274
21375203
18069494
17233258
17874862
20168196
19066143
17901513
20465974
19633883
19010943
16390503
17328662
16393479
15630062
20211089
17534469
20099956
16600012
19521648
20642219
16398065
17546364
16336015
20943343
18688048
17594213
17383114
18318967
20003533
19642430
17053154
15907979
18157487
19157280
20456076
19680792
16121868
18030102
19754686
18694607
15886176
16454153
16563624
21439109
18069369
20056785
17181500
17473538
17342454
19062459
20877775
17408159
17588161
20590506
15707107
19037192
16388426
18729028
20451816
17014447
19453917
19714302
16355834
19269375
20394518
21409418
18514819
17851360
21091702
17608302
15518247
19788778
20148059
17932653
16712851
21476861
21868463
20726842
19049552
18095889
18452594
21268517
20469777
18833725
15658731
21116144
16604297
19402860
19371991
17523326
18395928
17286737
17454796
20410778
16858894
15992228
15566606
19863510
18482123
21639966
17990717
19823974
16983270
19775200
15799490
15708101
15631015
19642482
15857533
20798264
17383321
17035553
19194641
18721332
18623200
15718326
19445343
17135872
20657023
15709550
18285552
20194321
16438812
17400145
18660737
18058833
21960192
21216792
17958128
18379242
16732789
16877191
15852699
20930622
17086470
16543791
16021729
19124630
17222961
20545223
16193599
17212864
19272549
15819535
20147836
20570292
20739577
17500349
19667840
21349374
20523219
20088177
21385085
19272550
17019543
15597007
18705566
15984179
17169232
19714765
18840131
21563739
18426452
17409024
16886312
20183538
19786421
20619232
17088221
17975687
19750819
22027164
20015124
19373176
18270308
19404286
16387810
16860987
20480775
16398007
17609639
17628387
18581198
16497736
19256322
17406189
18078261
17705852
16247807
17721966
20978451
20013757
17471829
15577825
15997996
20345055
17069595
15737858
17383776
15557421
15841057
20200830
20464206
16452557
17559479
15633310
20626830
20470951
15630077
18173895
17067405
18654778
15860071
18254002
19533597
17079552
19366791
20454567
21413855
19159080
19091933
18762992
20050487
19004171
16923479
18177975
19959482
17336819
15964002
16319704
21038931
16583574
16193874
19168948
21684416
17116781
19317857
16353827
17099197
19464097
16430351
16125027
21971093
19272644
18777974
17309897
15999859
18032748
17563425
16696601
17418848
19668921
20550653
21666960
20702679
15718571
15947742
19645537
20056186
21717792
16479655
17952627
16967784
19595570
18694227
16527150
17499955
20642037
16799364
16786829
15550799
20851087
19560692
20804947
17582866
18330057
16698659
19738215
18765325
18194397
20715299
19928616
16955657
20500650
21608275
17720453
15741583
15697100
19546455
15978179
20923511
15583255
21132559
21057144
18416780
18665065
16915060
21879655
21744523
16938355
20541077
19186229
17680330
16669477
19537399
18502375
17509423
17693906
20132979
17215746
17251710
17958720
16469473
21149395
17876186
20398294
16875276
16550700
18690994
17393648
20420475
16136927
16636905
18448727
19526887
21614879
20955563
20059351
20878862
15686081
18063275
16134041
18570552
19524172
15628658
16706573
16964775
15969988
18234036
15970375
20195008
20554367
16582707
17313089
21834378
16178312
16648090
20733312
16175972
16898377
17238492
21266202
18604934
17137943
19114882
18048503
20831004
16411006
21411821
17447344
17260846
16004106
20816555
17321199
21162621
18022833
17455875
17408073
19027434
18382703
21457726
18172020
16865561
20362216
19283634
18520428
16086714
21418623
16499674
17227356
21275120
18952748
19326334
20380613
21492277
21987988
20735294
21242563
18065075
17037233
16531947
20935007
19300076
21170816
17521795
18482146
15856427
19666851
18550437
18796190
17329643
21596757
20525464
20517975
20677672
17972783
15916312
17080736
18226542
17898411
19437091
16799755
21449510
17118638
15717463
17937801
20021383
15971943
20630399
17286730
18365156
20647248
18840126
16281701
21122570
17544139
15744904
17651162
20970632
18657425
18540889
19433836
20368483
15956267
16768073
18020063
16456206
17176984
18768286
16124685
20592706
18562863
15690593
19556552
16821695
18299942
19239728
16965558
16821464
20729493
15628049
20202528
20397525
20541074
17992483
21174896
17361586
16874578
16514096
20032673
16049209
17475988
18752095
15542538
20335497
19622270
19298681
18801274
17991255
18330386
17487068
17996057
16010471
15918435
16963194
19023771
21334541
20690383
20614373
17143814
17764430
15660988
18329222
20571093
16792517
20557391
21733109
19920744
15532176
18429749
21277030
19423963
16052127
16815573
15674138
15871537
19854086
21665873
21457843
19918217
21248756
20095297
19172574
19436778
18090144
18560145
20971828
15942376
19911108
17054862
17042817
17880475
21674523
20071834
15998996
18096587
21710915
15690592
18453922
16909192
20397545
20197457
18714421
20620809
21182442
17042811
17263047
15862050
17136599
16872794
17982569
18481922
19525361
20940249
18411890
20064210
15944495
18690005
21679419
20001883
15615215
19181880
17533913
20496423
20178029
16861720
20141092
16334457
20094109
17146119
16997822
21893651
17727406
21047696
21905488
19994653
19941684
18568872
17265411
20235774
17210987
15719585
16794557
18580081
16316434
17268910
15999410
16910802
18176083
16802312
17727550
17313908
21813026
18039617
19692053
17314586
17903047
17560961
16808088
20083413
17764095
15909783
19637769
19475364
16423111
16729851
20524498
15644644
17613139
21174860
17394514
15998615
21592032
19000907
19409078
18779462
17343319
16268766
16398194
21186315
21226385
20371032
20113917
21209295
17489898
22069920
19029841
17007722
20349850
19173177
15750504
17364077
16409216
17615842
16996836
19100667
19592365
16078408
16045650
21553575
21492358
19551235
16825366
20536278
15607150
17443877
15804321
19139474
18839886
18811781
17165379
16424983
21083366
19786671
20677522
20505610
18322130
15586093
19023522
19828906
18848689
17067375
18844274
15571854
16955055
17402945
18461360
19893846
20456771
19820537
16052180
21342420
17957502
17279016
17042837
16423299
21436666
18567651
21840840
19546639
17060292
20147798
18675188
15983083
15818638
16713512
18419364
20628189
19387912
19342836
16443392
18723450
18187246
18463296
16548476
18571140
16499116
16793491
21469582
21952383
21036534
16146487
19822057
20946212
17365378
16127571
18405469
21374886
20101059
17926772
20561387
16936529
18062636
17438472
21061867
17925734
16617243
19775434
16673673
20602714
20087034
16168341
19068141
22128521
16629846
21624907
15683056
18953226
20077346
21747417
16426486
16722893
20222392
21545947
20495334
19736720
19571514
21062571
20938365
16228169
17439386
17661544
15725826
19253149
21359258
17656412
16503843
19748869
21187265
21576064
15541123
18268853
19388383
15956826
19290712
21879651
21052568
17533960
16932230
19538561
18709839
19948609
15845689
19060806
18615962
21321414
18663033
21703897
18202934
19921996
20159473
18520258
19418242
16492843
15960789
21270920
17327248
17669849
20308943
15572395
20397348
18074490
20850713
19919658
19132186
20130160
17175722
19192896
21558134
20050500
20853657
19856124
15841064
19327950
19136368
20679161
17211204
21293882
20593644
19127448
15920383
15615285
20880819
20336314
19243525
16855079
19782445
20554626
17387060
20836418
16565282
20653725
20026689
17481458
19275835
20337205
18081997
17267671
17244290
20386257
17303388
16218150
20631585
21273219
19155811
20126958
20422792
15935099
21621462
18373613
17553402
15910230
18487708
18031843
17561800
17263051
19874304
20570462
17927095
20710135
21787029
21361237
18039518
19698012
16884567
17193941
15560900
16759741
16900272
19605964
18028383
17852110
17592168
18752659
17222832
18360205
16133696
18542006
18281644
15622675
16480558
17007224
18612860
20648856
18283061
21109126
17518009
16962407
18173315
21285471
18273872
19854441
21591431
21469983
17239060
16511380
19823898
21623216
17664502
19254192
20586354
16447646
16640275
15930403
16915724
19951842
20237219
16162565
16563144
17375685
19388505
16011137
20486411
17942310
19299202
21488482
20717894
20865480
20693881
18347906
16076327
20848833
16696140
20234287
21694580
15986816
16752988
16106768
19627685
15566015
20177046
16370481
18617379
19291342
15590224
18370997
21267565
19588316
15806322
18815959
21362711
17700299
20825856
20225728
16357657
19740357
16350498
19492760
17139878
20949591
17941190
16138454
18295382
18989134
20373649
16224500
16188034
17883459
16706773
17704874
16185590
15902037
16618589
21285085
15992192
17988613
18042484
16910028
19228233
16389157
16951838
18402301
20329335
17593643
15683053
17003545
16218148
18541752
19700091
17091750
16697609
20008625
18666911
20799570
17425749
20946009
16892675
21066933
17002010
21298939
20629461
15682429
18257966
16690560
20852506
20122505
16568625
18755423
18332384
17726411
17357240
18619767
21059150
21449779
21709131
18712243
17539557
20093994
21089995
21362757
17917470
18350471
21839888
20637343
20963669
19470234
19032911
19278184
17449437
19779771
21332034
18299546
17418194
18842968
16117008
20078023
16876234
18774048
20050336
21549465
18796337
19263718
21229601
15832583
19752680
20528703
17514708
17884363
17269951
21467077
18819045
17331095
19207055
17123951
16844895
17802733
19454871
17091909
17138719
16823674
21674718
17280918
16483092
17278934
18314233
20435206
15871827
20933365
20458055
17853172
20391795
15560732
18442964
20448224
19812092
16847789
20080808
19366395
18022025
17667018
19479670
17561955
20075126
17492990
17397608
18573661
20598987
16215659
17167376
21330895
21817968
17971562
16049402
17716737
19609073
18958984
16847172
18622999
18337049
19808151
21060123
18049154
16791743
20398115
18184594
17391424
19024424
19746251
16282827
17825730
20674500
21324024
20175794
21619644
16696539
20443383
16550888
19377071
16766909
15772509
17828852
18808636
19455365
17027429
17910532
20949872
20529495
19162408
19009937
17440296
21239135
18491221
17573983
17673094
16803741
16151565
21750125
19128650
15551847
21181560
16477958
16622657
15997995
16618863
16215498
16256049
18416279
21388907
16304497
19880319
15920650
19013121
16689409
20663004
17269495
19387906
17907348
20920322
20444568
17254823
17009255
21368684
15786978
17108506
17587355
20123767
17389542
19614826
15677596
20660530
18226758
18541401
15947361
17342971
20120851
16553054
18588253
17456285
17274693
18608068
16190011
16463599
21444186
20718394
18164456
17679660
18373049
19339005
20132369
17919875
16754815
19084971
16598609
15577498
21198233
18525065
17985732
19381051
16111083
21147693
15537470
17537082
16622358
20057158
19781420
15667359
16622161
18495050
16527147
16449883
19958064
15893218
16595206
20601614
21424311
18760889
19496031
21598810
16429960
17554092
16030369
16494144
18640951
16212217
19827377
17125956
15999894
19960396
20232049
16512977
20671209
17338952
20142743
17060254
20097643
16859860
20371034
21654227
20177859
16334970
18708675
21670785
15712681
19415965
17729128
18649821
18578681
17315602
16787476
21367369
18511769
17679264
20671744
19685084
17268416
16405386
15846672
15894777
20379946
16876728
18586182
18837644
15532206
20964266
21315289
19223834
18223158
20829259
19329723
15557991
20172559
17229532
18959284
20233574
17020241
16143023
20602584
18023610
18370359
20417783
21421991
19279488
21459866
21402634
20693890
19214261
16773286
17268039
21725218
17058889
20964265
19587027
21276107
16129540
18044379
19527383
21224466
19382434
19650541
17608084
19783333
17244299
19605600
17430279
16877043
21156893
19351529
20614401
16989295
20920048
17015810
20227621
21462907
19133370
21617267
18668476
20980666
15653241
20860249
21688468
16417412
16911752
19648849
15829397
17723968
18513526
21545572
18928082
19387270
16480240
17165478
16996457
15918239
19922955
18264608
20307364
21198812
16493933
19350079
19629778
17290963
16978687
19958027
19143580
20885331
17506893
21413588
15804903
20724330
15819165
21786855
20137052
19874938
16703745
16537281
16411648
17293611
20561885
17375032
18047461
17133761
15605746
18338445
21317851
17283217
18980712
16830843
18626699
20119873
18575788
17368297
15705243
18093121
16112249
16997849
20029008
17728652
16869525
18575289
20702444
21067379
21540700
18354333
19490598
15546644
20044315
19550262
18222056
16808695
15717079
18561857
20186272
15580055
18396504
18194405
19319000
20358806
21684468
18180181
20502864
21678368
17713192
21771359
18208604
19789438
20368658
15946460
17458368
18594490
18395023
21611924
17435991
19084319
19476900
15616420
17095377
21282549
18564789
17518822
18477179
15542872
19174529
16916340
17989984
21610597
17339823
18275533
16450665
17097447
16378817
16344631
17381458
21383360
19825839
17539699
21905317
17668610
20142131
17970856
17099994
21793115
17111639
21220392
19218955
20201248
19882416
16765870
18787958
17000347
16081574
16309073
21610345
16557152
19353986
20090227
19575719
19692674
19387930
16449755
18465381
17908126
18002962
17998378
20125065
15917259
16862022
17727546
20030843
21068548
16215794
17459542
15832644
18768025
19023571
21612463
17620921
17907667
17963973
17544140
19728198
19011232
20189539
20630197
18558181
15561794
18321835
19143235
18752096
18336708
21591404
19150201
16676754
21393043
21699033
17007158
21389060
16499171
19626766
15715124
15631214
17936148
19449710
16703832
18544112
21698995
18935780
15908676
17845383
17851368
20443278
18928065
17638947
19940596
16708309
21503462
16722300
19216749
18555252
19006500
16839431
16334394
18816280
16521901
17173659
19524494
18275539
20638738
20966841
18158212
22066294
17982824
20660555
15544667
17149460
17234107
20433666
16564218
17262741
16061444
20044165
19449614
19757977
19826332
18924544
16773859
16557069
15910435
20875211
16510023
20853250
21810723
15630863
21044135
19443523
19536006
20005178
16403225
19389825
16574869
16549967
21463415
18047497
20890150
21486146
19271589
20056904
18390144
18174196
21682924
15784135
20395354
21196567
17971308
17768008
18164466
18337271
18505616
20536115
15569363
20038717
16358088
17071704
21460349
19783837
16416888
17334166
19592271
17482878
19228413
17630942
16169069
17940343
19843130
17454510
19461551
21834433
15679893
16207280
20332480
17154024
19946872
19088243
16330385
18945252
15736894
17872907
15789968
16517009
17300541
20039840
16102708
16967735
17410999
17524864
20969538
20040017
20333493
17785010
19041531
21941045
20001544
16282272
17164455
16802682
19327772
17851374
22045882
17924269
16771288
18078210
20214255
18175190
21197905
19901662
16471289
19521272
21156883
19637555
17167187
16374162
17096051
20701237
18377464
17159018
20423383
21119100
19713396
20302625
15778641
17337155
20822694
17667534
16534045
15988947
19652679
18216011
19589822
16638122
19436231
16697601
20157964
19300433
19104171
15577647
20080462
21057070
16462443
18324329
19819115
21332574
16326206
18789627
16406471
17266765
17721833
20738185
18695975
19862494
20471766
21965009
21382252
15725203
19105666
18371168
17967374
16336556
20416240
18022039
19061024
19321901
15917361
19685611
18454689
17524799
19154565
19054930
18055503
18797227
20795834
19366499
18231111
17624678
18245167
17718666
21560954
19821366
15660707
17048753
15540835
17283295
17470037
17251535
16607256
17017628
21922698
17509694
19295420
16451360
20835677
16222176
16529138
17663416
20810417
16039180
15940358
19038073
18062033
18690131
15952969
17949448
16181798
19094198
17411745
17326598
17678833
15964175
15992205
20223626
16182094
17512475
15575037
17442662
17140014
17102360
17900477
17161809
19057437
16483724
21159197
18620101
19320566
20530526
18725354
18694213
20435611
16472481
20128543
19925271
20464519
16949942
20818881
16371760
18048882
16963366
21228092
17681111
17126457
20461605
15782876
16798655
16155809
16904970
19639850
17198055
19120949
21053576
15672743
16408461
17707149
17468786
18711454
19728752
18390020
18477722
17020701
17368975
18277551
19597228
18402382
20636152
19800257
18665429
18709273
16567238
21062464
19786527
20654869
18563492
19948926
16711083
20817453
15550802
18467479
19637528
19920832
15709093
18950333
21657804
19328676
15817601
17973717
20629334
21113847
18077219
17452733
19218301
20211082
19182457
17480138
19440177
20031782
18754767
19715080
17553107
19602971
17116348
16501127
18813611
18026052
18216080
18500273
22078679
19651465
18664778
18390479
21070104
16387251
19323709
20151578
18595821
21469369
16141107
20819049
19382516
20444063
16164654
21592337
19541101
18845412
20654827
21690603
19840275
16680909
16734038
21324847
16458648
21441795
17437071
21557378
16360307
19366837
20427807
16035267
21534900
16754831
18777789
21158744
20712670
18700984
21163478
15564228
17532895
16841273
15843121
18391108
18678582
18245212
17324692
18554384
21199142
16938645
19080751
20563939
21576596
19256051
16249592
18289436
20076899
19032132
16116783
16418828
17973719
19154858
17975252
18786341
17326916
20956663
17518245
18590091
16923195
20557381
15737277
20532649
19813773
21563541
15822847
19420279
20088318
20534276
21537324
17718732
16314768
20637320
21801928
21062722
16750798
20738360
16214476
17088063
17939218
17307086
19887653
21093297
20134316
21487345
18038831
17197788
16157462
21884497
17942317
16195085
17707085
17889000
21540618
17187348
18557314
21476315
16752168
20952030
18083668
18612106
15848496
17655538
20147344
17972468
18301112
16579216
19247014
18773774
15987406
19822480
21699428
16650586
16221800
17236855
18796047
19670004
19055248
19124317
18414336
20221646
18161468
16886911
15624551
20174934
17534743
21329506
16515373
15797358
18849806
19431106
18431896
20204991
20009771
17474939
20603391
19329101
16783255
18718157
21275285
16222646
17296651
15924897
20395731
20632014
16784523
16892682
19602539
20178571
20436033
20150732
16324161
16124136
17595921
16754829
16261779
19582469
18715396
20684426
17474361
22033731
18519622
16808691
19465865
17572055
21366932
15892475
16914696
18399392
18470844
19055138
15821661
19414837
19366411
17885379
16110012
16041228
16614882
17060306
19018126
17313538
17354156
16394838
19817618
21639897
17485814
18715526
16794971
21146167
19850182
20954055
15730365
20102928
18082068
20650593
15857961
18200763
17427483
20606593
19899647
15942366
19675323
18650767
15999921
18319132
20618083
21277166
15662792
21815515
16187477
19043632
17411505
16911267
18484255
21621408
19995319
18544377
16403109
18788956
19865012
19186492
18583447
19197698
17184417
16932138
19101116
21144024
19451084
15990043
15796462
17908530
17668293
20224964
16929624
20543249
18578442
21042243
18577170
17283942
18297317
18387698
16502761
19222604
21116142
22002644
20544471
18157353
16690991
16099784
17469367
18382695
16864497
17707077
17640844
18477717
18214777
19111270
16023822
16096881
17043950
17238454
21278668
17091597
19323714
17309186
18829016
16649725
17938143
15726615
19376598
15612398
17310746
20096961
16752963
20672736
16387109
21076165
16513375
17573272
20806648
18751333
18401226
21266923
20697468
20546168
20677444
15612220
17192523
15866650
16897570
16106764
21268521
18787443
18842459
16104453
15590803
19839548
20451794
17824264
19694550
18250266
17363863
17397975
15677608
17656608
16092779
18064839
20555261
19839679
18580016
18172404
16487921
20497268
21545663
21398238
18019902
16878038
21545951
17674685
16236839
17034625
19004044
19936424
15587603
17007309
15857323
20868642
20105608
18278566
15845324
18255069
18431894
20335136
19667775
19714999
15607249
21272278
17667002
18467149
17175545
16477862
19689699
18389433
17149088
19546722
19858807
16174145
16048199
17421107
17720691
20465743
15605298
18041317
21114909
21612477
20108146
20860787
20855168
16616398
19084972
20087122
17263656
17142584
20553584
21540689
20677684
21429702
19358074
18551881
19081406
17574193
19197815
17249472
21658255
17326557
15928559
19576329
19947105
17724291
18674404
16776955
19583899
17711937
17988769
21457695
19811215
19998833
16830214
16573774
21413594
16945780
15947903
17545369
15726867
17540574
19750387
19930483
15834258
20049547
16555667
17984649
20587888
16845756
16995935
18972903
15744200
21137520
18379895
21103771
20836340
16650657
20506090
16104485
21443806
21727856
18386071
15663012
15597283
19206034
17638778
15911187
17603834
21258318
15851372
15859962
20067684
17417769
19280454
20485104
21806528
15528290
20827891
16202887
20299047
18080622
20841517
15920457
15881905
20131588
18419892
18715850
20423587
16534660
16642691
21898454
16468082
15891722
16860195
15853088
18026022
21342041
17987457
18663481
15825120
16767855
18842460
20023337
19433847
17364798
15986788
20487062
19025084
18431292
15583504
21127318
16567985
16893334
19065866
17331259
16259838
21051886
21054592
16814220
15840068
19052945
16967856
19209172
17601835
17616315
18549843
18073261
15852727
20347328
16530149
16909724
15705638
19112264
15608864
21262506
16043087
20671510
18947967
18020845
17555656
17471995
18001656
19390178
16772628
19172980
15979627
21532758
19858792
19887191
19273777
18085415
18456983
20388936
16082241
17873711
21645418
16563315
20204383
19399636
19072012
16873350
20547028
17154706
20850843
18318971
16842042
20675292
16193603
21692439
20152512
19065621
18164249
19201322
18621778
20591005
17675667
20686987
17828140
18854258
19417119
16132002
19231928
18793423
20107815
18301231
18675032
16418992
20064805
20452169
20008060
19915903
20178573
17189117
21693723
16977272
17185238
18481465
16544083
17277009
15810764
19688658
19297101
16161386
16440861
17958989
21393292
18842223
17334124
17766072
18075638
16186080
20842120
21311711
17341248
21825946
18829659
21191034
16526146
21526523
16148962
17192116
18240178
16717381
18041283
17909431
15964371
17681468
20650357
21772125
20948472
15788083
15627872
16585091
16613291
18327350
16378254
17327741
18034179
19721026
20461671
16096152
17996753
20085970
20500338
21053693
18528821
16691092
20712463
22082557
15655973
20530403
21858789
17976989
16449742
16832075
20679969
18472265
21436708
17167350
19731129
17596085
20455111
21148654
19546729
16200514
19447744
20461689
21617648
19021486
18047450
20119656
19711082
16584454
19669104
19012769
19100146
19335530
20975928
17656738
19674452
18316826
15635492
18666923
15861915
17329299
17484705
17402647
17015500
18364172
20535797
20077962
21382867
16085927
21904104
16750703
18358874
20973734
18084368
15591608
17666224
15569130
20162921
15763217
15764468
16124420
20720611
19021488
18975476
15980079
16613286
15865495
15588359
20220622
19446779
17449521
20508688
19785564
18316875
16137393
17620395
19307120
19963336
19055998
15816320
21118876
16101857
19025697
16396922
20453825
16259852
18057499
18286981
19012195
17605569
15575125
17880314
19384460
20066735
16261273
16102943
20090658
20353319
21271385
21679547
19463672
20027097
17883648
17725947
18289424
15640535
21761595
18800285
17535343
21386081
21263077
21521566
18462280
16714975
16948440
19418708
19809607
20864275
20505612
16285334
16608617
17416702
17187696
15984917
18163235
18328638
20684197
17901462
16816039
16894800
19147425
17411927
21079484
17228210
17912116
17352334
15824228
18053957
15681983
17890996
18535074
16078801
15653250
20043502
16649075
17486722
16958164
18389838
18091633
19180577
18605513
19930369
16449394
20176616
18431317
18979573
21932716
17618118
18173051
18049155
21488536
16492644
20150605
20087969
18007210
19606235
20943615
21651657
16442453
18512659
15744187
19448358
19012066
18477878
17490867
16967647
15632894
18928488
16798068
19634261
16862029
17892241
22021468
20728318
16874785
20466750
21456488
18467311
18285435
19256209
17419232
17334721
19105563
17564544
19005339
21770355
21448054
18564954
16686812
19916758
20738741
18022588
19581787
16515856
16563316
20148936
18096353
16273007
18041457
21566417
21241205
18197453
21491223
17558762
16641663
19797752
20538256
18070788
17027628
20190722
18507891
17656742
20091991
19923526
15736600
18182629
18779483
16885556
16927166
18569235
15780549
15735561
17326524
16116391
16595018
18721082
17935835
19634612
18157360
19571322
21484016
19921223
18394447
19565441
21684388
21282796
18705735
19644630
17631350
16451156
17953334
20485722
16390896
17334253
16619426
20830947
20420352
16817916
16544559
20922343
16274169
21659986
16424959
15646867
15947809
19457266
15721497
16414426
16148244
17122718
21294941
17122715
19596964
17300614
20045228
21048468
19803561
21139520
20393174
19525769
19940558
19585071
16887392
18073258
16190002
19017370
15965189
18252911
19237475
17322006
19487507
18073645
15984560
16137814
17474614
19072491
17563598
17551698
17541514
19332285
17564403
21099068
20843882
19475826
19403556
21067855
19166437
17042024
17955683
17935047
17306956
21047195
19068052
19373185
21393616
20334010
20506669
17959642
19675510
21510891
19543014
17601181
18365349
15869233
19061731
20397004
19592843
15824657
18076885
19151734
15881710
18787458
17446134
19056614
20722815
19148340
15919007
20959727
18564600
16114810
15905484
21131854
20014541
17708500
20512449
21768616
20176463
16987120
20389315
16875723
18468938
18271767
17942229
21135620
18323555
15575566
17139665
16206812
16082308
21446929
17727690
16164506
18333352
15733808
21510132
18795445
21402458
19261197
19473377
19343434
15552378
17090790
16294628
21651660
18321460
19016937
16095071
21628011
16835560
17210069
21534109
20615181
16484923
19033177
17414331
15917980
21335930
21928599
18610695
18687815
18162970
19535946
20841550
17062536
20103833
19142066
18997358
16597053
19955300
19189061
18180517
18930971
16323463
20185059
19131417
18390466
18437939
19706077
21824231
17267370
18087681
19685441
19117504
15819641
17383115
15935019
20863245
16111947
15860240
16523603
20429125
17365898
19050028
21090363
19072191
21323978
16225970
21823498
17025000
19399006
21327509
20837284
17617501
18344890
19827045
20377771
16184784
21841588
17886426
17892759
21352624
16783582
15865270
15941456
21744584
17305299
18521649
17883460
19583665
19890896
18517064
21277449
16918999
19804437
20970788
17113406
21761957
15514186
18573961
21121844
20216026
19009141
16295153
21736075
18556643
16445443
17767720
20049075
19703797
20865975
18188104
16551327
19116820
18682011
18585535
17984297
19827322
16350594
20126962
18380316
18701158
21690602
16601610
17933059
21047725
19714512
17440291
19024832
15550210
17885771
17433888
19098659
18622998
19900323
20167615
20081692
15600217
17133142
18418108
16018272
16680051
16188036
15588372
19117527
19231935
18595577
17891632
16594405
19592436
19024666
19798773
16036507
17285234
16784043
21715009
20019511
18955426
19467851
19125891
16585328
20831738
16651304
16335475
15947922
16463012
21336134
20051847
16930269
16084483
20076927
15917739
18405017
17407993
17521767
19861695
16450677
19715093
20336355
15667358
21294002
20001630
21519425
18310215
20046656
16536968
15624706
21935800
16615711
18322026
21555939
16911052
19175822
18625616
17604069
19910864
20033227
16899987
21791261
21430577
17302870
16648083
21439170
16768335
15762982
16151865
20541075
21330804
15970921
18191768
17376129
15548410
20800414
17041799
18809051
20722310
16353288
21075915
18702651
17704678
17768801
21316540
19851135
18488864
16003597
20934213
20626794
21308857
20630118
17699347
18078589
20711941
19343371
19619369
17308445
15690832
21232067
16450230
15515156
20642732
18378464
16506932
15557911
21121847
17907696
20392641
18021145
18762530
16440978
19048505
18326285
20663077
20227811
19381730
20364762
16374246
21739899
17435799
15924039
17292764
16941128
21102244
18383938
17555150
17664534
18653515
18494393
18260857
18343624
16814678
17701384
17413404
17457776
19022170
16572570
16552278
21463803
21667703
18164468
20826377
15815967
17439448
20466693
18453795
20440409
20715707
19035076
15574111
18052858
20113269
20519008
16816289
15960790
15521897
20030774
15872180
16299191
15723727
16266960
17060178
18375258
15746779
18448710
20224459
20513695
19240613
21292637
18993134
18384590
17853370
21183505
21320661
18634745
20336354
20146000
19580105
20803167
16359014
19797499
17037319
18221469
18063550
16052943
18334246
16474223
17454286
21523500
15684845
19967336
18399829
18758315
20091475
15580023
21056316
17185208
20009052
20393965
20164800
21133807
19236633
19706071
20672683
17689650
22066299
17390949
21622774
17100864
17443361
18590520
16847298
15780342
17336373
17845656
21678746
17828630
16822117
18711951
16191142
20077317
20407030
16003596
20186132
21093125
16572406
19291197
16566177
21085909
17873256
19608199
20795835
16670575
20562617
21940547
15644652
20880759
21555673
18567965
16600559
19036675
20554279
19120979
19383069
16487425
17516884
16816541
21614831
21269668
19072013
20439044
20046133
18805668
21815794
20654903
16594399
20205936
17966300
16673977
19892293
15964672
20464523
17249281
19597222
18683524
19719366
20602594
19751991
18705718
17609331
15612233
16858449
18376525
16761659
21501057
18399391
17506869
17548028
18271675
17628961
18030197
19804795
17081644
16295992
17500296
21041044
19042059
17283959
17472165
16365607
15819525
16245478
18551968
15991589
21191196
17202109
16224984
16287696
21649700
19396490
16023901
16398251
20069518
19151889
21723152
19182305
20102811
18047593
16507286
16214146
16774291
19139443
18440681
16313546
18940709
17908233
19661099
19101224
15601409
19009778
19100960
18936266
17176515
17004397
19263906
20371779
19140191
18777026
21585696
20537501
19638603
17877872
20391148
17703015
20842609
15574193
17124908
21402459
19674462
16102767
19479283
16124075
21884846
21368524
16597578
16313370
18835682
17667052
19260899
18184982
21074874
17175829
15865623
17676420
21866728
19745636
16641650
20678968
19567494
19261186
17642393
16279332
15937400
20615739
19386826
16398601
19609133
18693795
21301667
17760651
21084438
20834022
20119710
20415078
16287811
20674334
18533013
20495474
17352703
19914795
19699134
17806034
17538077
17024614
17408822
19098508
16761660
17425125
18581690
20709477
16432647
19768640
20422304
20801975
20580525
19383958
18299968
18956282
15848471
16301276
16425949
18714747
16553690
15597141
16959466
19247226
21272820
17962879
18487967
17275601
17070487
18513244
20131583
16387415
21486148
17487704
19469048
18285590
18384672
16330301
17542318
17853754
15852584
19092935
21152711
18701971
19717839
16684206
15543896
17122713
16929473
18703770
20044414
17926279
17592980
20107856
18403998
18512565
16369411
17897147
21413849
17310658
17177907
17976360
17107244
16266648
16173006
17551279
17382044
18761294
21510261
18451385
16513055
18446927
17464738
21500016
19657182
16213693
20843982
19720810
20207924
20802340
17955745
16365613
21457504
16670190
16630997
16740822
19559195
20443260
17039753
18445925
20224999
18542082
16185588
17868477
17573752
21807832
20846231
18801867
15853783
19680301
21554021
15749396
17906546
17951072
20031171
16302483
17875219
16945615
19685099
20598470
18520668
16429949
16382647
16946119
16918738
18065922
20674846
18616858
18386449
17702522
17034396
18322044
16832675
16342631
20966842
19202753
19682853
19132806
16236700
21377679
16304302
17213498
17480142
16787539
19756479
19193242
21176258
17705836
20429693
21474201
18401223
20420095
16376522
16679892
16125480
18762140
18756139
16482237
20650441
17613462
18065806
19877326
18030963
19426295
18178698
15960112
20877772
16398604
17954864
20002422
18803496
16579282
15768651
19879730
20593652
16466089
16483097
19568217
19893369
17133187
18771643
16098415
17353575
18302015
20543369
15823890
17356093
19123879
18800283
18324582
18327374
20176351
17333656
17890180
21177426
16449088
20104813
17470215
20510824
20102810
16441983
20426309
17883790
21617510
17476163
16230302
19921997
16416080
20836940
20381642
19623798
18060500
21412145
19451489
15573451
15606728
16612442
21717947
17417932
15747756
19433845
21476412
16632069
15750524
17216945
17621446
15544295
18649588
18287979
18774131
18166883
16849963
16464258
17405675
21161873
16088017
22097444
16516665
19859862
16509940
19706198
20636115
19345553
21496804
19945817
16969249
18369305
20050789
15995499
16842344
17158184
21741007
15761344
19455932
16619958
17106565
18646587
16379510
20044340
17249312
17263717
19648091
18181419
19741218
17310342
15690252
15895546
17126784
21789953
20536490
15962401
17605068
17644700
20334748
16846695
18020851
20419525
15597936
17253501
18411387
18370885
15649108
17252078
16215465
20922921
16272977
20861620
19247559
20123337
19446459
16871911
21254304
18973674
15658177
18666885
19563640
20213944
17079023
17093912
20107917
17786869
15612128
17693295
18298508
19350874
20603909
19832891
18188719
15659925
20000014
17486358
20218270
18604144
20492435
21922692
18535893
18608082
17376021
19018218
18802717
20541076
18362820
17917822
16650118
18436909
18214232
17284943
20728066
16436586
19120898
17494444
15566027
21192136
17953060
18436568
16627372
15540680
17073190
18164458
19235496
19134499
20557383
21123234
16046892
19914739
17849466
17413755
18612660
16926949
17577173
18666886
17306729
19160902
16762109
18823177
15820161
18561824
15889867
17904327
19287264
19212225
15611491
20432118
15672024
15815961
17120941
16479635
16052880
19301463
17030492
16427762
16122641
20399487
17352397
16882000
19101209
16873848
19861368
15918864
18976246
21317594
18000700
17204509
18096716
15921988
18765706
17394176
18428101
19731892
17141112
16572026
19850180
21690604
19225847
18036016
19648599
16102151
18713128
17204738
15637849
16875198
16674784
21985048
19609188
17003585
17103000
16870972
15941078
21167040
18378725
16175823
16862025
20514886
19570200
15768931
19120733
17472514
20528667
15679279
16518928
19073377
19657622
21955907
16426796
18849478
15864162
16829776
17973806
20801916
16153049
17001264
17142592
18573425
17132481
18661759
17567229
21556263
20090656
15586302
16259859
15999855
19840278
19564001
19227647
22098841
17419883
20423214
16688663
18684585
16913521
21333060
17626523
16265960
15528058
19033833
18545069
16052902
16759426
21416864
15797149
19657243
18663348
15895331
16364573
17643979
18295924
19933243
20091227
18951660
20439208
17027072
15896261
21378063
16872504
19095334
21269379
20022909
21493329
19707083
17697912
17924495
18632842
16789984
19887343
20376994
18365197
17563109
19484951
15575815
17261346
16411037
20452243
16676339
17568246
19169588
15999001
20354244
21378634
21879662
17714255
16999743
20837253
19196596
18293811
21540681
15821676
16499681
17601174
17437826
18258508
16297568
17963969
16145719
17324184
19671170
16770368
21384072
17913498
17901105
18302971
15695474
19447316
19809876
21534383
20408762
19891814
21530172
17444172
16045663
20298301
15748678
20386034
21041842
20302614
15629979
16276157
19593076
17289465
20139572
19769566
20570801
19410517
20175311
17992104
21156351
19675268
15582636
21529729
16969312
17526329
16824298
20305461
20722884
17142610
15877572
18073643
19703042
16450935
18188910
16714366
17925587
15682016
19084893
16492233
17923426
20808105
20081100
17118616
19247218
17181498
17563290
15750484
17615420
15678928
15766349
20674362
16323983
18259897
17002786
18597695
15555978
18768411
21486986
16690393
16165079
16724882
15753505
18357845
19775571
15902873
18622118
20458763
17901599
18215329
17872817
17978258
20706759
17720192
20487075
18363249
20430944
21149288
17300919
17500502
19437856
16459289
17560921
20417261
21602039
15635558
18560219
19581027
17118052
15528578
17563967
17146310
18690574
17410724
20151088
16835522
17073073
20517109
16155348
18431289
17634894
15583907
21440220
16567668
21557829
19956978
19728767
18814476
18375632
16898409
18301949
20223310
15840156
19507357
19102436
18727823
18416925
18287181
18630213
17262843
18206589
15961913
19919592
19962280
17489524
21837886
18457065
18280827
18338267
20163766
19530633
18803842
17522986
16035335
15626870
17880473
21957801
17011909
19117497
19018749
21477630
17896048
20160544
19018515
17254667
17944801
18766413
18462237
16980515
17098106
19331045
16324962
18630780
17638030
18438533
18711031
17650782
17524004
16632189
18284013
20425474
17169827
16541932
20655164
18558019
18604759
20531173
19665613
15720502
15829472
18061797
19274906
18238742
21544033
17455746
16006844
16358174
16945784
16869520
17493307
19032073
19855272
19025484
18061421
16895278
17668162
20492062
20887572
19259870
18973994
19563729
20146820
16643345
17701518
19274607
20303450
15738923
16688665
17601738
19327336
20546287
21932720
21254812
21269297
15854933
19880475
17370790
20464593
20427000
20212368
18466386
19541057
15856171
17849931
17603873
15859106
20804488
15526664
17126163
18853708
20860336
15807929
21466754
16708509
17539985
18164114
18360246
16043257
17000609
19248426
19744031
17116952
17294778
18959302
17683303
19522714
21610353
17711144
20103511
19552351
15707807
16307627
16761882
20362944
21469474
21180319
16003482
19220235
20142264
20553541
21806622
19741415
21507076
20701230
21576537
21462469
18787441
18499518
15785217
16519372
19446121
17492993
16700693
20462074
19842971
19501307
20629463
19719030
21619766
21614728
19305340
19542038
17562253
17580014
18757103
18079569
17035876
18664301
17620665
17687209
19459862
19860295
20497731
20116791
15993374
16440562
17389535
19323160
20005501
19912121
16718578
16978554
19370522
20541284
17873210
16008133
17879557
20447578
18838454
15968215
18612091
19781827
17442027
19402801
18426469
20630014
19044253
20716478
16450742
17519048
18194523
21655973
18325947
21126374
16092319
15575519
18804232
17058415
21317789
16628312
19879711
17583897
20533965
17459630
17165076
17646998
19209533
15625661
16813258
15955293
17414332
19930280
21520690
18241531
20219315
18073657
15741585
17040526
19919172
19228236
18307685
18493090
21666976
18434872
19326315
19372121
21721495
19063808
20440414
18700102
19192089
19651938
15659922
19226881
16056112
19641419
21503177
16643346
20019503
16010214
15946831
16271129
19824282
21526583
18853885
21155639
17891043
16363014
16310679
21205599
19720056
20973851
18520798
18186827
15851046
21548348
19228509
18074870
19385387
17926660
15540550
17559612
19962629
16921327
15586152
16128363
21817971
17678607
18838702
20305444
16248863
20369445
16521712
18494639
20578075
19838840
17244008
16362252
17600598
16528905
16126566
15597006
16551027
19021125
15725178
15761309
16390507
19711633
21425710
21175971
16689122
18336519
18777976
18332573
19357603
18607555
16903401
17002482
21497250
15998926
17042235
18948800
16021802
19955045
17583281
19914032
15992240
20652759
18394540
16941820
20871804
16963365
16019771
17128680
16101202
19529991
21991779
18488774
19024823
19379114
19883346
20949870
15573671
16477200
17990402
20527446
18320906
17914661
18361954
18713537
15787075
20626191
21426523
22028288
17523031
18376332
17310739
19244631
16106772
20403641
16000106
18573485
19552036
18552094
20215750
20490910
19293351
19694152
16010142
15902758
17467120
15923414
19204057
16972583
17576248
20579116
15554356
20942883
19087465
19538796
20562620
16452707
20179250
19127123
19859000
19162948
19782328
21480494
17009793
18724590
18157452
21519399
21301237
17592971
20665341
19084880
17096457
16544674
17582019
17204732
15748057
21391944
20618498
18981351
19962622
19576265
20355263
17980798
20068465
15836551
22066277
16791758
17290640
18246862
16191134
17727771
17892564
21601533
16620317
17950045
18670199
16454003
21963923
20173631
17469706
15892429
16430350
20210665
20390486
20029309
17388824
18694479
16860524
18846365
17699295
15887319
16463647
21090217
16865053
17479048
18778558
16456477
20153537
15869214
16865349
19858126
21204979
21095276
20571123
20442362
16167410
16817331
16870639
15820382
18482653
18275692
19678469
17022891
15754925
19080034
19761024
21205724
15820426
17826060
17562731
17980927
20823077
17332119
21229930
20857660
18590978
17329060
17497483
20177688
16873812
21317601
15803042
17166270
16044978
20032166
20524070
17425280
17311240
16210096
16498900
17667396
21158900
20002507
18437943
18229731
15920939
20597336
20618603
15997354
18477716
20163761
20968142
16177290
17331807
16253054
17035406
21258663
18524338
17194054
19524899
19390967
18947114
18756163
21632665
16613410
16315810
16978415
16553704
20502178
17001436
16150016
16147797
19528344
17069582
16883975
19105562
18487210
19806254
17526308
17289538
16020073
19623319
16284216
21631936
17955077
20116205
19525484
20194891
17577535
16318057
19656019
19084757
17848423
16045413
18257446
20337801
20605850
19397100
17719362
21944158
15609056
19670361
19513835
18762529
21614729
16301958
16620041
16344014
19273780
18492634
16594860
16698621
18929942
15544662
20963671
18843062
18380609
19275841
20579168
17690523
15904503
16967014
19219412
16583287
19846383
20868929
18977679
16422430
20514880
19041626
16457728
16242292
19863765
20144283
16622818
17089929
19039055
20095182
16493937
19723271
21586166
15850153
17600602
17549970
16634446
19410214
21647078
16681123
20232270
18614912
15717898
20433438
17400033
21127097
15803895
18387070
16876921
18032199
17397690
21426582
20176916
17661954
19417646
15970241
20857674
16671975
17169959
16759046
18840287
18592950
16544676
18522532
18946244
17902035
19146557
20153902
20652354
18608081
21532075
15799673
16254657
17144841
18953670
21292210
16330792
18936382
20371053
19169826
16925180
16471298
16862744
19207173
19845807
17163394
20592048
17570875
17472500
15762901
20494453
20922979
20795874
15899604
20402170
20044327
18567475
20738451
20374400
21397102
20712459
20179660
17530677
16685143
16276131
17096652
16100531
18570847
18443303
