16752053
16752014
16749297
16739202
16732782
16729851
16722919
16722911
16722902
16787539
16784413
16773318
16768016
16767508
16759426
16758330
16757489
16836761
16828669
16827928
16824270
16823009
16821673
16821322
16816297
16803742
16803741
16799727
16798071
16893846
16893677
16892657
16890708
16876187
16873333
16866013
16866011
16861864
16857051
16849963
16843761
16842397
16956715
16956337
16954004
16951780
16937880
16936613
16929624
16928282
16927585
16921334
16920220
16916119
16913238
16907686
16868335
16866012
17047574
17040546
17040534
17040526
17040525
17040512
17040509
17026414
17018196
17017760
17013066
17008829
17007324
17002912
17001935
16999714
16995611
16995609
16988289
16987792
16970526
16965312
16955591
16632765
17143017
17141123
17139665
17138414
17138412
17138410
17133010
17129326
17127156
17120113
17119488
17108590
17102513
17102254
17100219
17095835
17091047
17081644
17080696
17078345
17077768
17074877
17057801
16581641
17245481
17238363
17235456
17233652
17227745
17211876
17193942
17183058
17182519
17178313
17175872
17163000
17149505
17147758
17119896
16570029
16546508
16050386
16049402
16047987
16040887
16033623
16010811
16004718
15992675
15966629
15966628
15966626
15940916
15918260
15910587
15902006
15871901
15870773
15870117
15852699
15829460
15805462
15794700
15794417
15773252
15760813
15754503
15747756
15746132
15726463
15700873
15693988
15684026
15672695
15647224
15640530
15639683
15637955
15636397
15622672
15575186
15566599
15564997
15558973
15551659
15537137
15537122
15533343
15522648
15513660
20305450
20217630
20212368
19388221
19285283
19042843
19002473
19000173
18998939
18976204
18951385
18923348
18853708
18841185
18814424
18812795
18807244
18783765
18777026
18751654
18715404
18714791
18711895
18690623
18687231
18679381
18678961
18678960
18670209
18670208
18668611
18668178
18647988
18626847
18625906
18614452
18470784
18393058
18376521
18362004
18358124
18339391
18333924
17494453
17485266
17484413
17484411
17482301
17481486
17468786
17466754
17466042
17464602
17446732
17442028
17435205
17430832
17427618
17413511
17412115
17411757
17411640
17406014
17404704
17402931
17397692
17395605
17388824
17387285
17387283
17386151
17375545
17368975
17368206
17367440
17365640
17359615
17355406
17354504
17352336
17335738
17327722
17324180
17322016
17322008
17310658
17309550
17305106
17287374
17287373
17285196
17276530
17263049
17263047
17259199
17259192
17258128
17258104
16672816
16629569
16610497
16609344
16598561
16583190
16550074
16548408
16521365
16521364
16514777
16499465
16497309
16489909
16488652
16483860
16479453
16473734
16442430
16442427
16442424
16442422
16413839
16398069
16396140
16383053
16351516
16332190
16311232
16311180
16310323
16309065
16287379
16262436
16246653
16239869
16238517
16220998
16220058
16215795
16195562
16190311
16186637
16173895
16167410
16127571
16122926
16121496
16114151
16112979
16091021
16062166
15988669
15947537
15945411
15912843
15844801
15842194
15831188
15798852
21972305
21932720
21810580
21693747
21692247
21651382
21644028
21641505
21634216
21473169
20942759
20551695
20547913
20514602
20367725
20173694
20173693
20096219
20057232
19947843
19705986
19697183
19669716
21349007
19629910
19593307
19584607
19583929
19583554
19526443
19523539
19411506
19420403
19399010
19399006
19414431
19413614
19411358
19365959
19354085
19337714
19296355
19222976
19216198
19204646
19204231
19155861
19135592
19130360
19124857
19120978
19104215
19104206
19077067
18090518
18090516
18087202
18075638
18069316
18057190
18050983
18050529
18048561
18048550
18043339
18042946
18041421
18040100
18032364
18027523
18027520
18022523
18019522
18019114
18018351
18000486
17995557
17994499
17994498
17992767
17991367
17991366
17991363
17989543
17989539
17985948
17978371
17973705
17966250
17964892
17921467
17958192
17944769
17942502
17942501
17931572
17926446
17915628
17873158
17912644
17906288
17897265
17891081
17888097
17877563
17873572
17868507
17849608
17823959
17823782
17785690
17785689
17785688
17785687
17785686
17785685
17727584
17724680
17724241
17712233
17694281
17540259
17686123
17685076
17684861
17684190
17679264
17674224
17674222
17674216
17671242
17665062
17659905
17659645
17655994
17653917
17631350
17624156
17616315
17616311
17615420
17615076
17607616
17605536
17604553
17601235
17591453
17590366
17580317
17576636
17562847
17571222
17570677
17569459
17557622
17554100
17551937
17542391
17541752
17540835
17540318
17535360
17535359
17530141
17522346
17518878
17505248
16479681
16430341
16379447
16334086
16321198
20972381
20950875
20890147
20862625
20865339
20850650
20848072
20827259
20824612
20808199
20803398
20722311
20678890
20667285
20664087
20663934
20653702
20642220
20621901
20610980
20605003
20525465
20523217
20506090
20484949
20486085
20482915
20470294
20470272
20453183
20436060
20407961
20399353
20399352
20371035
20371033
20367870
20367868
20367695
20363408
20334763
20333431
20306010
20216026
20221341
20202506
20185413
20180056
20167834
20159473
20151349
20151348
20151346
19142627
19135577
19126255
19120979
19091333
19046651
19042709
19042059
19035900
19031845
19025503
19019866
19018906
19018905
19011877
19010576
19006625
18949678
18848666
18832603
18828293
18828193
18823325
18822708
18815500
18815494
18812762
18807855
18792656
18783760
18783755
18773780
18768285
18728518
18723582
18723247
18722937
18689088
18658198
18574277
18574269
18574259
18625892
18622885
18616052
18609739
18603221
18588253
18578641
18578203
18575420
18564600
18559020
18558934
18446181
18446175
18556638
18551517
18548418
18548416
18548412
18548410
18548409
18548407
18546238
18540857
18534073
18522561
18519604
18513620
18510185
18346597
18494392
18489499
18489065
18487756
18487726
18481465
18475104
18427230
18423732
18416916
18414295
18411860
18289268
18398757
18390019
18388647
18379908
18379671
18378731
18372954
18370882
18359431
18356768
18354282
18337743
18318334
18318098
18316875
18293809
18288485
18237351
18237347
18277797
18277637
18248947
18236767
18220631
18197015
18194693
18192512
18184594
18182800
18171323
18164474
18164473
18164472
18164471
18164470
18164469
18164468
18164467
18164466
18161384
18158392
18096918
16737064
16686100
16256768
21830643
21772000
21599730
21586993
21576613
21566582
21555746
20697132
21502551
21488459
21471595
21429956
21359548
21346388
21325188
21324606
21314572
21301689
21287432
21275490
21232829
21224258
21218211
21211228
21181283
21171126
21163478
21114716
21091020
21040815
20610314
20586585
20585094
20533145
20523015
20463433
20447578
20417133
20371034
20371032
20371031
20377057
20367831
20367724
20367716
20367694
20363445
21702285
20351537
20350326
20338377
20227648
20061231
20191793
20188317
20186032
20175667
20171663
20146947
20123817
20121338
20116297
20113524
17025000
18751998
18095907
19304807
20029311
16635934
20964265
19191854
17661258
19278320
19154905
17184413
18580016
18681977
16688971
17076180
16847298
20673256
18762753
15616237
17505406
15910431
18065030
20735503
17409023
17149993
20332686
15973772
19806416
15662189
20593237
15928575
18193482
21531673
21135788
19175637
17000476
19372128
18057177
21214615
18030102
16339675
19683092
20523219
17989126
16814678
20355312
16569998
15694504
16618235
18925919
15789360
18625920
20122033
19690607
21106993
16430336
16394787
16855955
18062762
18358793
20098176
20106897
20709997
15644682
18705737
19077257
19804482
18325645
19819191
16794782
16182095
15889874
20054034
21029127
19052702
20215334
20011956
18952748
18314839
21709298
16466405
15739740
20540001
21419262
20210665
21722765
16448484
17076969
15538641
20666035
21329281
19695286
16717518
20466596
20164800
16333538
16327362
18774870
21273627
18752459
18337049
17931328
16169582
19175822
16404732
20722815
16955453
16509438
15846604
19694517
16436171
21091417
18556864
16217714
18441192
20846085
16395947
20529186
17190120
18307461
20543356
17601465
16160551
17667645
18682011
15900803
16675775
15852239
16419405
16594418
18655672
20095209
20340047
16645516
16684439
20881679
16299190
17908082
21717678
18219244
18948798
16869179
19840129
19935179
17559479
20564528
15839372
17694612
18314831
16997425
19663528
16150458
16401807
20697241
15523075
19151986
19801316
19535939
21539746
17135872
15590230
18382834
16471375
18350511
19495942
16912623
19945320
16361596
20143739
20351333
19042817
20027655
21540424
20718597
18493711
19996586
21168872
20529039
19366980
20884161
20929382
17024615
15768653
16246224
19827963
19563729
20825536
20845197
20846910
20541076
17042020
19247542
21385531
21129159
20658592
19024782
20592048
19883886
19009120
20141539
17577535
20511243
19564267
17656738
16487423
16287816
15881629
18244995
20722312
21879656
17188599
15966124
19096487
17378236
15573671
21534439
20829005
19564180
20502180
16737502
18197437
21123409
20183387
16633276
21467897
19797948
15853841
18310208
17664443
16546921
16426516
19062110
20564714
20873399
17708181
19645200
19781816
19995325
20542793
17449437
20826510
17605624
20477768
18433656
16194757
21635284
21440870
19921999
18095816
19921997
18981812
16433106
19293316
16604908
18347907
15709552
17073196
19242321
18773712
17712156
16768073
17010181
18442552
18720108
21589868
21046170
19412569
19594346
16167717
19808192
21534878
16755127
21590628
19735497
21692258
21298382
20146549
20046116
20935603
16379129
16146487
15822055
20003350
17238763
20105274
18028836
18379226
20644185
17610107
20188453
16124420
18595309
17079617
17010555
20981480
17986880
17152455
17701393
19115710
16284983
20947856
16014173
20390985
15711342
18537987
16455221
18082534
18038534
15604154
18982781
17632445
15994126
16617958
15560596
20500964
16927953
17970856
20372688
19123265
16237350
21618756
18023610
18060967
19280201
21717817
16351714
19492178
19519232
17250466
19724287
21712372
18068939
16720517
17672906
19484605
19433847
19880475
18561011
16306755
16762800
17318752
19699822
16323712
16138633
21115471
16571992
16273780
18596708
21527623
15550361
21381954
16669589
17077752
19043804
15947898
21483025
20353126
17363802
15918790
19406044
18281877
20509403
17000347
17547027
15739922
19423171
17083318
19650945
18378349
19794321
20542366
16255838
16979091
16413434
17126967
18974987
17193764
16781555
16324058
18089545
15586831
18274509
17107244
17224774
15856552
17826065
16136875
20921249
21715009
19965568
16332470
19029919
16436569
15779516
19550170
20070498
21244656
19507367
17244514
16882179
17462037
21537964
17185082
20058098
21118321
21329471
17213005
21624867
18693944
17876186
22039748
19306147
19290712
15528587
17667253
15846592
19554798
19674021
19072490
19515888
21857338
19462719
19006594
16213693
21488482
19454528
20425956
16277706
20803281
21040004
19440928
21722980
15842203
15769971
19720493
16479635
18565855
20943343
19334007
21278672
18672542
18467051
17289538
20400134
21840519
16339250
17985065
19874100
18655730
17620205
18258936
21646308
19351407
19670361
19845717
17394520
18452366
16630413
16764502
19282824
19063808
16110926
18835682
16478905
18754739
16866655
17550091
16535909
20346338
17400152
16979082
20809853
20078437
19958027
16497265
16426614
21062579
20120851
17764387
19473377
19760564
20603391
16150319
18999275
16464138
16633764
20079565
18612163
16356316
21146094
17502445
15557419
20552920
16636733
16916420
21848600
17412592
15938407
17620665
16250826
20369445
20519729
17402601
18656858
17971372
16900903
16988303
21805952
19157357
19487507
21278670
21476860
18307497
18555158
16997633
18787484
16088435
18094296
21801399
19697042
19914086
21282690
18361948
21240105
20695356
17699001
21831025
17410724
15675061
20545873
20655625
15754735
16800395
21527153
16613410
16273797
19688993
19248376
19836605
17478309
21297320
16374262
16443975
20507597
21725239
18437938
19849931
17949275
15683956
21207772
16382656
21591405
17419468
21150411
16689409
16594242
21557530
16405711
20925719
18990007
20067668
18796049
20540625
21783041
20501560
20572627
21764005
17519604
21708522
18985081
21561510
15880171
20636181
19909009
20008602
21320941
15962490
20112458
17328990
19066360
17664500
17413403
17903223
21432787
20077996
16983946
21353941
21140321
16479203
16607898
19322971
17140014
16532151
15641946
18983065
17828836
17531766
16641663
17489875
17378836
20825903
19174801
15528881
17205003
19437873
19397156
16195085
17098368
21158903
15600065
21504240
21076722
20430552
21449182
20043481
15835274
15774047
19247559
17623729
18575344
18261949
18417132
15736899
20188289
18066631
17966743
20444773
19923148
20123762
17488254
18613355
16846868
20599101
16091027
17899990
19728752
17409919
19673054
20081722
19320132
21563900
19329101
15700897
15632388
20922200
16080128
19637528
20405969
17563425
20560853
19061448
16777478
21341931
18803442
21675383
19171331
19627053
16034293
21074218
16530120
17678607
19671645
19444408
21526684
21576537
17936688
19098659
16022139
16627313
16449089
18308220
20303591
19077648
21539719
16091160
17354220
18533033
17362517
18786218
21790099
19124216
21726319
16957799
16789335
20197456
17133187
21525436
16901253
15654901
16422267
17334253
20859114
17882096
20682570
18710377
21143347
18705724
17069205
21427419
16848677
15824055
18842906
17099134
21240787
18840742
21575155
16255359
18196694
22090330
18571013
16937143
19186410
21226545
18173848
16366372
15886176
16340688
18238936
19961816
16092782
20825836
16260342
19180006
19327616
17010034
20974418
19285666
19930228
20051159
21129010
16671414
17899512
21371155
19131540
18567651
17419232
18981790
20869678
15680117
16813539
16263537
20717125
17354232
18384423
21558484
19245156
21415614
21501900
18221656
16253789
17851317
18038830
17911667
15883143
16649832
19671650
17133685
20571733
17896155
20939229
16061929
17229777
20970632
17449504
17500618
20553535
19283546
16466277
19695776
17007722
17058753
21164071
15521295
20598987
16274139
15762390
17385657
20875178
20384527
20525523
19883486
15844846
19591115
20536540
18465407
16741701
19861106
16391309
21800640
15599649
17039986
20156667
15942390
19619372
18649830
18164193
16817974
15587000
19325329
16737170
19945817
20581648
18572480
20870419
18557069
17390967
19773029
18997534
17160738
21365235
20860787
16808742
17707077
18414329
15862985
16010848
19749658
20530395
20595487
17145737
19155288
16200006
16475146
16840484
17988429
20675424
16706710
16410101
17371423
16019771
17102407
20048377
20429974
19409635
21211076
18300838
16412443
18031482
15841067
17385492
19058078
18614912
15813311
16850781
19323712
19253149
17487290
17390927
19073377
21309381
16202887
20033887
16174926
17343021
16281977
21398370
21340716
17495375
19074050
21284498
17066968
18802808
18769981
21946877
19797471
16972975
21294353
19784619
17694716
21639615
18663540
18343977
20920067
19043339
19388505
21059572
16755942
18258807
15681216
19885069
17268039
19879473
21492274
21624687
21762230
19858950
18484381
16644323
15998620
19686553
16834875
20841550
15664106
20795613
20429693
19146559
19552247
19860059
16247636
20563730
21545616
21448054
20222259
19716090
19008615
17205000
17136990
18703444
15745401
21369633
18160922
18025861
15746496
21036526
19926978
15720928
15796462
18048851
17072569
21392764
21702398
19403574
17110646
18843062
19701782
19772582
19940587
15914375
18999288
19995268
20656491
19771995
16390532
17575092
17515857
19058466
17086470
16035475
21291064
19146069
19731420
15780018
16499789
15570524
20306101
19242088
22026194
15968801
16060579
19008272
17469354
17919211
18339337
21093840
17872834
15565357
17584822
17295602
19347728
17960670
17955685
16966667
21317959
15659085
19754009
21337176
20650440
21692435
19575721
17925677
16553120
16825667
19805795
18237668
17185154
20586895
16600012
16332484
21047195
17587085
17502434
18856125
20557391
19013743
19024427
18523144
21531580
16927747
21210354
16398868
21034884
19137480
16148491
15686333
20046133
19186225
15889883
17600602
16911752
20675819
21118727
18715975
18251424
18181847
18628763
20512448
18186994
18501748
16449399
16604867
20180338
17894246
17976292
16517030
16295024
16641650
18362090
21314594
17266765
17058755
16208592
17662156
20531493
20875252
16967014
20064132
20684197
20573643
17564550
19525359
21841282
18761196
21616755
15992228
16268777
16603331
18335903
17027628
19164133
20950442
16112760
17135646
15774391
17002010
20879874
20345062
15805358
17996764
17451088
19301081
15884244
19156392
18360141
15946285
17456169
20847193
16967262
15526595
19118771
17432306
15604644
15639043
21521954
20959728
15946460
18380299
17657138
19531080
16867302
19166698
15630834
17893379
15648520
17428540
21844508
17595408
16709465
18271288
19890683
16053435
16131645
20576829
18069441
19528344
18081373
19388445
18825851
21073773
16462392
18849404
21165735
20429354
21524315
16307629
19005339
21462490
20214707
16531849
18312751
17048351
18726939
20886773
21218704
17455515
21612747
21266290
15568653
18776987
20527994
15529716
16024021
19204615
16544703
20689929
19157750
16084187
15645188
21323231
19820474
21152823
19297446
18390051
16670136
21378689
20659409
19828279
19397034
19276220
21853698
18764853
20163757
15616404
17004023
16036728
17400078
19009141
15822717
18621942
16830631
19327598
15566598
17429914
21178537
18444395
16977900
18431894
16141458
16544671
20144032
20880922
17460308
16191139
16688661
15669928
17337347
19694550
17182516
19756423
17704670
20923990
21355759
21605267
20541077
16646218
19368285
21600378
19394018
16825072
17165205
19917945
20800564
18997524
15710642
21492337
17131635
17667004
18828168
17907276
21425639
18562877
19503964
20309560
20227642
17458027
18947967
15828514
20360914
20532131
17873734
20946497
19054472
16911052
21898329
18057810
20226943
17595405
18829417
18443144
18812804
20435787
20446045
19422280
17060269
19632805
16741850
16343637
19092532
17992346
16313379
20123266
16563940
20965460
18513379
15987328
21667671
20647248
18625090
20472461
21341930
20395837
21074874
20441119
17380366
21402456
18504057
21045946
16119682
21888068
15653942
20561129
17459139
20380228
17112119
21159904
16671975
15599146
15832609
17594219
15884238
19729964
15536379
16937891
18987511
17996004
15628650
19545366
21806560
19908926
20478554
16034260
21303764
18679147
18564324
15543666
21281293
15921983
21824224
16282079
17427368
17949984
15741954
17970860
17998355
21387661
16050891
16398383
19181371
19909636
16969616
21534927
20232500
18549843
18488864
19134496
18093253
19369681
20956023
20027097
21855831
21111389
16491935
19266283
16956498
16793044
20212288
15727355
17098679
16777796
21884838
19877816
20852538
17347504
19587108
19550215
19193590
20070598
17296408
17644041
19192986
15866395
17186688
20536803
20439203
21485941
19402320
15687394
20536277
20222964
17262005
15947913
17502229
18379664
17624157
18777789
19687307
16949271
19336753
16163050
21320943
15691442
19851135
19959166
16136829
16024417
21887954
15584687
18495415
16443392
16401771
20698414
21659483
21362042
19539814
18198362
20136167
17547752
20601563
20077346
20391657
17623824
19213401
21291326
21635281
20380037
21615346
16629846
16832335
19592081
17949624
15997964
15823383
19487940
16298287
17694224
17822429
18465381
15635918
19757870
17456175
15789185
19533437
16927721
15786795
19468089
18290981
19397816
19437906
17936642
16652282
20481417
20690370
16477857
21667714
21460710
17475637
20604649
18412079
15722841
21741566
18436568
15890300
19051791
18275590
17954873
17351843
15799588
21133215
15574726
19132344
15946278
21180310
20395733
21875538
19558736
18591571
17256293
20500037
20688190
17766072
20555354
18372975
18926930
15962062
16161964
20359648
16145719
19719367
16169794
17537199
21189819
17710658
19388374
19581237
17096457
21053576
19860297
16779794
17630006
16275213
16387948
21500003
17674201
15829458
20025426
16887470
20869545
20592521
18843135
20437869
17257963
17160432
16298284
17565431
17151829
17652952
21349446
21287147
19055137
16144242
17823815
18048628
18330626
20869886
18329460
19792840
19799738
20219160
21429622
17305299
17134941
16287524
15608097
18680925
17671782
17567672
16438787
16959745
19628624
17298247
21081716
18570120
15609477
16651296
20447839
20173438
21515748
19304691
17804518
18792855
20191466
20693206
16117032
21391861
16261128
15779211
17007249
19818250
16439351
21075324
21226886
16781919
16838809
19328345
21750284
16420206
17256018
16466493
18681344
19915903
20950201
15921988
18829213
16983965
17845887
21456315
20961000
17099505
17099573
17009141
20967509
17032612
21170786
18513354
16161382
16128659
18279067
18037602
15557991
19694152
20687092
19444731
17825095
17881316
20674108
17495726
19009802
21523500
21368531
17606591
17728362
16425902
20107339
20299047
19920097
19897514
17350559
20865975
20091763
15707107
20508686
15571881
19166979
18693994
20140833
16989129
16832075
20218938
20654986
17264698
21191196
18555155
18269419
19186674
18094893
17442030
21504264
21312092
20726471
20349421
21520690
20492435
21689037
18800285
19504353
18426452
17914080
16623666
17395358
21404781
19127448
20337847
18842972
17828007
20193890
16826949
16796079
21858241
19667774
18423716
17158277
16802535
21163648
15711101
15734134
16399090
21565652
16403202
15739633
16997634
18592393
15647079
16259795
18642619
15713995
16788387
16723947
19086705
20652466
19736742
15778070
17207006
16061139
20359809
17096652
17628971
16276131
18394860
21841286
20712463
21105584
16436586
17009572
17917526
19187163
19283562
19492673
20949798
21143359
19465344
20426815
17238494
18388681
18018818
16281701
20956418
20050447
16782923
17563600
16184715
19048572
20855386
18274361
16781241
17591514
18805749
16420546
17015191
18728512
20123326
17110813
19221763
17474588
20032673
17116184
17387415
18929942
17419578
20059394
21084354
16985408
21428239
18573485
19323716
16731139
16669565
18160890
17401770
21507260
18484321
18667867
17853842
18083675
20001195
20337952
20439486
17944163
17898250
21675642
18928065
17717804
15861918
17212684
18226758
19528436
17883630
17018460
19967309
19161748
19269241
18346988
17377328
19174637
16569981
16214698
16737503
17927072
21280340
16638028
16533537
15848471
17516352
16860261
16115832
18246888
15572996
18217474
19720766
21869666
21345380
16396713
19076464
20188318
19900257
20712666
19734646
16384766
20189752
16236850
18194099
19403556
20927774
19438135
21052725
21626612
17671005
17939227
18358116
17356354
17963880
16720485
19177891
20497991
19042850
15527814
20380340
20006419
21634217
21943076
20195554
16808691
19396710
16635939
20373929
17071936
16545744
18564956
21357882
20623165
18525065
19537396
19957353
18032992
20408320
15799505
20307372
17040575
15537404
17472829
21218713
16793330
18699762
16296260
21438709
16060584
20679968
18784477
21911633
16918755
20879638
20033624
16100413
20812603
16078965
18340975
20854577
19655282
15875446
20077782
21884846
19526684
21727791
16821701
19907393
16872789
15552859
20557416
20223078
16926306
15543405
21882751
20446141
21145150
15788083
17926454
16800117
16983900
20216111
19140366
19451667
21456497
17058812
20620266
16878036
18777713
18403078
15928299
18353750
19160631
18711259
16563769
21129508
21316540
18845412
19703042
20956284
21150385
18558894
21853824
17687657
19250617
22073695
16617638
18294351
20431857
20182814
16206380
21805941
17390192
20048268
20837607
17452019
20403896
19136419
15530766
20465765
20818875
21714372
17901640
16095478
19051672
17192219
16101855
20980772
19190999
20095083
18418104
18789627
20645666
17158127
18578795
18551968
21073502
19946872
17913461
20077799
19648694
20332284
17935651
19117717
17405747
20546292
20535503
18580533
16885678
18312194
19883352
17483999
20103511
17965396
16696763
20082054
16781108
17239072
19134514
19913187
21141161
16297578
15774054
20027507
20383078
18705146
18321272
16077285
19495556
16116400
20511735
21078463
21610353
18395145
15619531
17154661
19748861
19231711
16116366
21280548
19642744
15959758
19574751
16001751
15593323
21147693
17081919
18601725
19390094
21640688
20308019
21140345
17919875
17964014
20116158
21272380
16955864
18668488
18488425
19244148
17075010
19947324
20738741
16633295
18698236
17272798
15684211
16098117
17255058
15624279
20814796
17621785
19719383
21268421
16829829
19056014
20204704
19192570
17142653
16877656
16637581
17565147
15899763
16917424
21385082
18076697
19388410
18582300
16996836
16122885
19567495
16648730
17627239
16211436
17191676
18053231
21218696
16133644
16620171
19605604
21188876
16158203
16231554
15957874
19670963
21499490
21942003
18778557
19918088
21333060
18688054
20568317
20398120
18220068
21638822
18847122
20575470
18202986
17002786
17320017
15714716
20460001
17613686
17666296
21526374
16143023
18295846
15682016
19272153
17059163
15536222
15853233
20216163
17156997
17955625
16606434
16879008
17470871
16153378
19187882
17355405
16524997
17269608
20673619
18341171
21521566
15811567
21641653
17491498
21343171
17992064
16773438
16790162
17577164
21427590
21817971
19944465
18053765
21109782
18245063
19817274
17009793
20831738
20399376
18517167
15892500
19756491
16434935
16394682
21680916
17633836
21228088
19057953
16784063
17348119
17508949
16076600
21343937
21796266
21292444
21748623
19786676
15642765
17175415
17128675
15912808
19524859
18601637
20078245
20638813
17539985
19123072
20848116
19227022
18302595
16873775
17722681
19120379
16215345
17699299
17846046
18711418
17612808
21572061
18438260
19594340
18796275
16252084
16832007
21512849
16442453
15997347
18644481
20647783
17044575
20662280
18757347
17691489
19538795
16132281
17365203
19653152
18789742
18000675
20544471
17883645
21739869
17162627
20405396
18560063
18434459
19295974
21576612
18357933
20398358
20220663
18300270
19187554
18773710
18772663
17606335
17785643
18351625
19524899
16977272
20039530
18328963
20423363
19819761
20692122
21118603
16728804
18674404
18648890
16272071
18610923
17896218
19835465
21128694
18349006
16344419
17824264
18515441
16103035
21925397
19259269
17717308
21965779
18227851
21560957
17506869
21725777
16469470
16125027
18095044
18217874
22049636
17264695
20970018
18849366
18721167
20159119
16432594
19368507
20975520
19331253
17595365
17045177
17593306
20812549
20105287
21196567
20657888
17474630
15930917
17603781
20031870
16106210
15517741
15643360
18297976
17907696
19577702
16194179
20390485
16194180
20047740
19129289
17619594
16968428
19453920
19886105
21317851
18360139
18570598
21427366
17851337
18541638
17420109
15533992
19574016
15917368
20543368
19484846
17719690
20185608
21990151
18563023
18709836
17916588
16937599
17580769
20572375
17471035
17116556
16905437
21306645
19573262
15978179
19786527
15992696
16010140
19240203
20002480
20230177
16381624
18227889
18999235
20488575
19402840
18226763
16964775
16612297
21330098
17613605
18344781
15994588
20590511
17609249
16082913
16532479
20027018
19725216
19588666
15592990
19250152
19089505
21957827
21255001
20967869
20382715
18326127
20231340
17486679
19350838
21955399
21730912
18448710
19847570
17724291
18804235
16270796
20816307
17998356
15858624
17949569
20369642
17414352
20557397
20297901
20564166
19377027
16703874
16944381
17197840
15866650
21193653
16290975
21991750
20421061
20807347
15595907
19033740
18250484
18033664
17312091
17081940
16636090
16629972
20015357
18379720
19813386
17214422
15803325
16164590
19228236
21222427
15803333
20050445
15521135
19154298
21879669
18926978
18562861
20860250
16082881
21743091
16092300
21344721
16360307
19758738
20456771
20459997
19817514
19363379
16400271
16831514
20890136
15689021
19649422
15856169
19661825
21291059
20921496
19422687
16749587
20016058
16521895
16978415
19592857
20153359
17953061
19817111
15669927
19263564
17500341
16620317
15739923
15945229
21667055
18989650
21818983
19399527
21198742
17116056
21446301
15735261
18610591
18609240
21461208
20122774
18700390
17654525
15516535
17019450
18613786
19707769
15659993
17153260
15924034
20846225
16594397
19351312
16282234
17926279
16287769
20175794
16238510
18074970
19925399
15912377
19335526
20954828
16231123
19051008
20570484
20823391
16273007
16404682
17724101
19880954
17137019
18665056
21404770
15546431
17454342
19335478
21126195
19523058
16688659
19263122
16875298
18761849
16147819
18158212
15948049
18974598
20447220
15624409
15618805
16899938
21205046
21324126
19006590
17991928
19398326
20560683
20580525
18219243
15635790
19890086
17666298
21800655
17844727
21190464
16245674
18646587
21488564
21054632
21229868
20889513
16799016
19101209
20081697
22049632
15588534
19050330
18000441
15603513
15829397
16327952
20201665
17268138
19912124
18377105
20598825
20403173
20854334
17420402
19824096
17257601
20107815
17244289
19397136
19364895
19271589
17304983
19167670
16355045
20029563
18766417
19101926
17577468
17682222
16308168
18667872
16964792
21242422
20463086
19626346
17184372
19397146
15552807
19375235
20620810
19752680
18348350
20078457
20719472
21465926
19721927
19537392
20890137
16534084
17346316
17313089
20934543
15763713
16450722
21099392
20104453
18694227
16021803
21158990
18191669
19485724
16307954
19371558
16775904
18265910
16401179
17703689
20684403
21255708
16514136
20088190
15682971
20849686
16925257
18297984
18558181
19883888
21129355
15530846
19387930
17008952
19024591
18360149
19863765
19737850
17240917
19888959
21322300
17102316
16438074
17336373
18923133
19955904
20360220
19689480
16499461
20920084
16675772
17033207
17941520
15640632
21645114
19665624
18557966
19446459
15759535
19581533
16132321
15575566
20672653
20500646
21138883
21299759
19910835
19566991
20515602
16999371
15816201
19029156
18562224
19378450
17766668
19902646
19955971
18712798
16024147
18812555
18401676
21168831
21304349
20955878
16711083
16104485
17641348
17133293
17309364
19445616
18660902
17549465
15942950
21312083
17978360
16311284
21196417
18055901
15598248
19786152
17193809
20843886
18779884
18619799
18941918
18177522
21902107
18312059
18157452
16819563
17975253
15992202
19357507
17504585
18842456
20973045
20810177
17883635
17504545
20605850
19369143
20868470
18556643
19884239
17596063
20690276
17069595
16098155
17373528
21505139
18700984
21183307
19581222
19388901
15913074
17081188
20946564
21682626
20598829
20571224
21813409
18935702
17141719
16735667
18956998
16336546
17552290
19224878
19068042
16493981
18027619
17453071
19305451
15772484
19558936
15622523
21738072
17477187
18990325
19046558
20493795
21596210
19632844
21947111
20194107
20099755
19608199
18301445
21957826
21311827
18318967
18950369
20123251
19780514
21809787
18578463
17411559
20207173
16954053
19999940
19194118
19960161
21450679
20578587
17502632
22010598
15871867
17225627
21462659
19564281
18039730
19396648
17335523
16861012
16352515
20163700
17395673
17147799
15841893
20633899
18757353
19545096
21212621
16327572
18951399
20665341
19736656
19901142
15755396
17392949
18240982
16871911
17037446
15853779
21197771
16373178
15967550
21575842
21507078
16777833
20159456
19665939
20881755
17851998
20220626
19324026
18665683
17252968
17951072
17173716
15877638
21551221
17608243
20457985
18199300
18580738
20601641
21239422
16919135
16566616
17486915
16195110
16900278
19331034
16114761
16449246
17462039
16715030
19878783
17700296
18853541
21690602
21174846
18378768
15759524
20627817
16847769
15624549
17509048
20306616
19504762
15887817
21406315
17335522
21038530
19394524
19050972
20421853
17518381
19090375
17067516
19273394
16035696
20012076
21739733
21524661
16970808
17352299
17064964
15735561
17260233
20494690
19061173
18304147
20447149
15702577
17932359
19301983
21478683
20362944
19077807
21507049
16430332
16469474
21295485
17522184
15964175
21272278
16353511
20009052
17700902
21322439
20852467
19414477
18381849
18187011
19387125
18769996
21493699
21457903
16984637
20833825
15962843
21485928
16903403
18414334
18808578
16094224
19770549
16900280
19409078
19797752
18282633
18799237
20171827
16186450
15850858
17707718
16061762
18260772
19247738
21063799
19239663
17936543
17004660
16200948
16044988
16162469
19325488
16719429
20799388
21088636
21558105
20940576
18756161
18386949
19280454
17329107
18517171
15887819
15782876
15911159
19642475
18721358
19797559
19717991
17306249
18928735
19120718
21837858
20800458
16563144
16573879
18842459
17935835
19669802
18414953
19214705
20709647
18335898
18399087
19811155
18195274
15541123
15553800
19131469
16217119
16783796
20413414
18669704
19282245
21123236
19159835
18657806
17019543
16302483
20965691
17352051
20136397
15720533
17888785
18603173
21497248
18270924
20431793
18159966
16274558
18558019
21799379
16450660
19901662
16703991
21536502
18194791
17284474
16790212
17688564
16913335
19366775
20626379
19430828
19711655
21216080
19198129
16688662
17240875
16302440
16514807
15565976
19657622
16441983
16253113
19694872
21569978
15640301
20128251
17978274
16061158
17607816
19041211
17885379
17057937
20511731
16513055
16297580
17584339
16598960
18684367
21511883
21807676
18664235
20056309
17516117
17917946
16816586
17647065
16998856
19720706
22039729
20206424
20638218
15678693
16548474
18039440
16933821
16190011
17958989
21296482
17957980
19520451
16584467
18951344
19317191
17581485
19773144
19958416
18078190
16830236
17590302
15692871
21542189
21488563
21038178
20147807
20141092
16629547
15616425
18597730
19340411
18048874
17195149
18336519
21067779
16125480
18214069
17125956
17256712
18517166
17312040
19200391
21690465
17564539
15690593
16874440
16488348
16877620
16280895
20046119
17679120
19297830
16275521
19619376
18660723
17549576
19912463
17941555
16114760
19659663
18669709
19716063
16911736
17588484
21469417
20345832
17889734
21411257
20357661
20027897
15911198
17461372
18051970
17874323
17654513
18820832
20552612
19495946
16942418
20858108
15933396
16109046
19397100
19399952
16035413
19274623
18674473
20581323
15960789
16441850
17039753
20144029
17681117
16730089
19525768
16219112
16320144
20499780
19201260
16757775
20207927
21364379
19592866
17132383
17630007
21807832
16800216
19606776
19828870
18923249
16162586
20616295
20950198
17061151
20545774
19029841
18403998
19402357
20505507
19621532
19247081
17285894
20177045
15722806
17681395
17375753
19902573
19017894
17760651
19606236
21079908
19931150
20308222
16733116
16332466
19958418
15770559
19000601
16376025
20738742
15741477
17616432
17043938
19383069
18540547
21646983
18702408
20017788
17017690
19838852
21342892
15584654
16609080
18522335
21508627
21307391
15690865
16767855
15791765
19686587
17134596
18201316
19205064
21764242
19136368
18777511
20738855
21359269
19055075
15612429
15754566
19948571
16456367
19688635
21545635
20236431
20959368
17646128
18562819
21534900
19112873
21459183
15588366
20122027
18657248
16288390
19130225
18984376
18787491
18650034
16485087
20875486
16046569
18926150
20671510
19648194
19384131
20508976
21324249
16478832
21160349
18309941
19031133
20972581
21208702
18227880
19735590
19297917
18264188
20419748
17447603
18507193
22041965
20631577
15946171
15997045
18452594
17487254
19882062
20598613
15842207
16096596
17394537
16260702
20297576
17261852
17972138
15663314
15918428
17225654
18669114
15674163
16620820
15713168
18661759
17188854
16550072
19013404
17540805
16697614
19534387
18162451
20858692
16396223
18467068
15540672
17500264
20429125
19445342
20525649
15789968
20354243
21298947
20010420
16050433
20307369
19041531
18261411
17364243
20610983
19946947
16806501
16280793
18344812
20613695
16945784
20700873
20841983
17327740
18026777
19474588
16779408
18214232
15566443
17960429
19945815
21099083
19307120
17521101
20679561
16278182
19327063
16268752
20583686
16551315
17616329
17425147
17042149
15603245
17179531
16039735
20838121
16916563
16536768
16252372
16020072
19094155
20923843
19588080
16469132
21329619
18691272
20841984
15859376
18561633
18672634
16024978
15996268
16834578
19326551
16873593
18442677
18829184
18073261
19898787
15802479
16965255
15965384
17009794
21199207
16471099
20675017
15704062
16380574
16679876
20087969
16967784
16243085
17383115
18032197
16813267
15569130
16908802
17597262
20516452
20386308
19064602
19588512
16496660
16957523
20168175
17124249
16430343
19942697
19947781
17400071
15947329
15537067
21700562
16825229
16334710
18198964
18257457
17092375
19331058
16872786
21067080
17397708
17538757
16684486
19526524
15815962
18777461
19692967
19688998
16052926
19642482
19791531
18580201
19597688
17356958
19194304
19207552
17425775
16109292
20334010
16572755
15788917
19323714
20361726
19386402
17635257
20618187
18082004
18454689
21160346
19963336
18580506
19436231
18060327
15805447
18451080
17713882
19450039
18572540
17640382
16624777
20810417
21150517
19876757
20215615
19019233
15544665
17886591
21057303
16208533
19952146
20919503
16285419
16160657
21718834
21079464
18049141
17998344
17680013
19439707
15964371
20195109
16868472
16711307
20718640
16316440
16299191
17263612
20156411
18377579
20359386
20695330
18326417
16570555
15822622
16965708
20950967
16193599
17620912
17234107
17021282
20333597
16280090
16284977
18157583
16228169
18552116
21075915
17352993
17931495
19272549
18368655
16164398
19368569
18669411
20058533
20218136
21089994
20881429
17146726
15625023
19227589
17118116
17904500
18372074
17954133
21447846
19118431
17976220
19485424
16542132
16368497
19723861
19300851
17658438
20369438
16820831
21268720
17414595
21122730
19539533
21231882
16482752
15974371
17884490
17898253
21323087
20369687
21045626
15633403
21727758
20364411
18580645
18371167
15821661
15818133
16386739
16604979
17560921
21718988
16954123
17108594
20964049
19879092
16842059
19266123
16648083
15947922
16290977
17537258
19480793
19663578
20497269
16263484
16541932
15768931
18953469
19963148
15770505
16438155
18519095
16295518
19880843
20797356
17963528
19678468
17182477
17077415
15892722
20445131
19009935
18184597
21056869
20210527
20545592
20530172
16515987
21226847
20356430
16151493
19648983
20690890
18269426
19255297
21350271
19295970
16826058
21708000
19793865
19812100
20065277
15871467
18712489
19012819
21455810
17324097
18019768
20551886
15633384
16045660
15896603
17525963
16316434
19469068
21684404
18218265
20810257
21335930
18180471
17116010
21710761
17125958
19857153
17199451
18586576
17559731
15557355
17071417
16456394
21409708
20167833
18797222
21079529
17079552
18289424
18080485
17960671
15606321
20887671
16648094
18826731
20086260
18771539
16417700
18370898
21590572
15690834
20452166
16978554
15588259
19811553
20935008
16636361
15655922
21478696
20628830
15597284
20187949
16411032
19797339
20123876
16374192
20351324
20331486
17504847
18156880
19554891
16938143
19763006
15685405
16139910
18783001
18461370
18380645
20937590
16687381
18379288
18985547
16683641
17158830
19395649
18038524
16276390
19806254
16167446
16157935
19645153
20517975
17283304
15853091
21568720
18441679
20141794
17180555
16808751
16905961
16749539
15904503
20920902
17185207
16388192
21893625
19009464
19266944
15842713
18030959
18386606
15932385
15798422
18350774
17908233
17331096
21848359
18287979
20214255
20633061
19912619
20403641
21617091
20502142
16177581
16910140
20655633
18090186
15675902
17103108
20390615
21208551
20886631
18542990
16868240
17441372
21300097
20841445
18192260
17845502
19215330
20443408
19648829
17689809
16602223
17518910
19928709
18703384
19731473
17040144
21781080
20352647
19578818
21902121
20963668
21894868
17184312
15682957
16787477
21319591
16918782
18294606
17594409
20005178
15759161
16669556
16217009
17133195
17504351
19273779
15677614
16162637
17583079
18795509
17030295
15628651
21404768
16145186
16570543
15666142
17258017
18992630
17290963
17700975
18955918
19433953
20677522
20457326
17910315
20546817
16490155
17996057
15573242
19080751
19743707
18258697
15707097
16931972
16452564
21368551
18769104
19097041
20144218
15774058
16910408
15573072
16358174
19663714
18197510
16537855
18028892
16637944
20441028
17393568
20469620
15971383
19582523
15570771
20872773
17621444
19675958
17346324
18216083
17558578
20211089
19376598
18496374
18396504
17256713
15615342
16192286
21393574
20846281
19429734
16700166
15832071
17438635
20395614
16236108
16607244
19300071
20869656
20564632
18197883
16206396
17844859
20424802
16310436
19097209
20194255
16441817
20176412
16210466
16627244
20575199
20708975
19793245
20836797
20679511
18844193
17642349
17602152
21646289
21531963
20890144
19522722
21308343
18462285
18431881
17421088
20492070
21229777
18325122
19357516
19295419
17081744
16982254
18709694
17179376
19704292
19072468
16860965
18849806
15579357
16543512
15588042
21488764
19633896
18687247
17345758
17102156
17689462
19820278
16905630
16529223
19474415
20508687
16224112
19842785
16005341
16202888
18209771
16625524
21949183
17024960
19507471
20039934
17870011
20213432
15789680
15960461
17898401
16706328
19491848
17884713
21409297
19426371
16757281
21612752
17938143
15668849
20921095
18678071
15973272
18580125
19426295
17254903
17880483
17444445
18448134
20972689
15739634
20829237
19292230
16540788
17924190
20860015
16273716
21493350
20186132
18068279
18762140
15871791
16050883
15632503
16441693
21413594
18034333
20123767
20487490
18994651
21471911
16218125
17035406
17639388
16798179
18487796
16260138
21459865
16881942
21084575
18657761
19200384
20925291
19006501
17016888
16187666
18434156
21674913
17446790
18179258
15640534
16553507
17531568
15986309
17522534
17353843
16942866
19024666
16080388
17157243
15799305
19546455
18774882
18369582
18838489
19728503
19782979
18038531
17514724
17381826
19815903
17448662
18829830
17212859
19331295
17330709
15991591
16816293
15666886
15559598
15759073
16489962
19783333
18279924
18751356
21295300
16083530
16180953
16554429
21462857
16568810
18770988
17331807
19088351
19932548
20450999
20632546
19184200
21703010
15551979
16686812
19734397
19121052
15625004
16756519
18321445
17917469
16815573
20444765
19485860
16529850
16464924
16248861
16780619
20162794
18788955
18714110
20162921
19719030
16736703
21542811
19713396
15720932
21357781
18836326
19135822
18412885
18048259
19920832
15719603
16815234
17687656
16569795
19682134
18608358
21480832
17869138
18322741
17874862
16086536
20959765
17557215
19588158
20831465
18431317
20000266
19250523
21205258
16136828
16520566
18841254
18157913
19760913
21544044
20008828
19593591
18644822
18617709
15704596
16902338
16333006
17270326
18536133
19282060
17619599
19283634
19944369
16543096
17617637
17007708
21527768
15586302
15741003
16131277
21457624
18777217
19785295
17060034
21879660
20451661
17565809
20233916
18445925
16359677
21169964
22096876
21242267
19826024
17942364
19255051
17881101
17885633
21139369
16827534
16442027
16446335
19606731
18378086
19375525
18095795
17439448
20108713
19586569
17409367
19950037
16547944
20187548
16932785
17942588
20717172
17042709
16370189
20582722
21584945
20091668
17324094
20308644
16374246
16496812
18804390
17459812
16909192
16617893
16549574
21413664
20123819
16685163
16449684
15781177
18843950
16875101
20707799
17310337
15642125
16331828
19775803
15557569
20489639
19338186
20078423
16711623
19238355
16134677
15697046
16495871
21365632
19930356
20879642
19061197
16363417
17592976
18972903
16457031
17243271
17524196
17253331
15573667
15756888
20397323
18585535
17284233
18197428
18216608
18372380
15908666
19565108
15902607
16923480
17914895
18937231
16910067
16091096
21854247
15910230
19926188
15805934
17441441
21708526
20223626
20826377
19263812
20635280
17123275
18226316
16779356
19465317
16968429
16466574
18535316
19632975
20959735
16648723
19324241
16568592
16425948
19697671
20023470
17717242
21499109
19575791
16675475
15857858
20800542
20739152
20888944
17873208
19444288
15847965
16178134
19386325
15580055
20139655
20799544
15577704
18694213
19639904
16003482
15608940
17013869
18245737
20705165
15890289
18814810
16076793
17141572
17364514
17786803
17509286
20671209
20606138
15887429
17176360
16398302
17214891
18448047
16061312
15552388
18424316
16623609
20078405
20023466
21675258
18158495
18390466
20860433
16966913
20688541
18324313
19838845
16155311
19217498
19949884
19062603
16869085
16430356
16295282
16052732
18025431
17715601
20543652
15575037
19077804
16450936
17384356
17518825
18455052
18275539
18333732
18807300
17665821
17205015
17908544
16995935
20548254
17933059
18181419
16501373
16750798
19517492
19835231
16395067
20103004
17584305
19523580
17302097
20526117
21334207
21941806
18674978
16261791
20042225
17985783
18416356
15792063
17971554
16007301
21146342
16690991
18096354
15575815
19192089
17784901
21504548
15900181
15633072
19192241
18372820
17985051
15909434
17727690
21824231
21419250
19356201
21629336
21862745
19405453
17393971
17182454
15992195
19088620
17269609
21289022
20069962
17206877
16380575
16519372
21610053
17918080
20854523
18182469
18289142
15533351
21744188
21941706
17192152
20081732
16986758
20587048
20088156
22066284
17934058
19697594
16493293
19496036
18385225
21576596
16427564
21639966
20579640
18384789
17588493
18923216
19201172
21626999
18201143
19377618
15781508
21346444
16818841
16960752
17419799
16922985
18559870
18838491
15581955
17982999
15829452
16641080
16336481
20013853
20937185
20519101
21902122
21714409
21087463
16213645
20132006
20392354
16232104
17010012
16055340
16830017
19750861
15579477
19004139
19069449
15689645
19692201
18662261
20938894
19335479
20351917
20008217
19952652
17132845
21806622
18343624
20672461
19405456
17669850
19660617
21125755
19817878
19833670
19377807
20384183
21915586
20977993
17855821
20863045
18003593
17059699
15741961
16425679
16880222
20826494
17880432
21422099
17516009
18785460
21182382
20175183
16082831
16004157
19205660
15515229
16009289
16798655
21350426
20432853
17354352
17851382
16767623
17544880
19947285
16829776
19911108
15622666
17958467
17233147
19032208
20017460
17999005
20832923
21443827
17542172
18190370
19957674
15846672
18294534
16601526
19502977
17041073
17486787
17685994
21389942
17101036
16574526
18069314
19124861
20636182
19254276
16938225
20562254
21658215
16019214
15842706
21216420
16525169
20441398
21693089
19346031
19058503
15760804
19239527
20487059
17502441
18713128
19798508
18988729
17568285
20055199
19480076
15668268
17897153
18831674
21378607
16807570
17131719
19659705
18700081
16860853
17592972
16855802
18393329
20513681
19360209
19345298
22058396
20096114
19264570
16505131
18516679
17105741
17601838
19661252
16225322
16621564
21247672
16475891
18607255
21057144
17626069
19041225
18269678
19430233
17337364
17445107
17260600
20106933
18298835
18716737
19581624
16491921
17657327
15687510
16251817
17473981
20552306
16719846
20880366
16617918
18266575
19580054
15968876
21391446
19479670
16553752
19924581
17620393
15844186
18611087
20642088
19444671
18447759
18454825
17419783
20719487
16076318
19062423
17853754
19243519
20403196
19038976
20838315
16444408
20579582
16092629
21155308
18506703
16116844
19785304
15787223
20421021
15615569
17103000
17140421
20191516
16490013
16919128
17874873
20667350
15877686
17883647
21168114
17177903
16446269
18448933
19489988
17386392
15749720
20797561
17852110
16683218
16510172
17958128
15724847
19478572
19536389
20585748
16207002
19318659
16274348
16681708
17310676
19477647
17806036
16931414
20202654
20543383
21340369
16143750
15620074
21617508
20091507
16763271
18434868
19256051
17060291
21959637
17900484
18769183
19691445
17356435
16005235
16554694
21303772
19941577
17626256
16282005
19760371
21757083
19272644
21561546
15918115
19323358
19725210
20647236
20135939
18641591
19809431
17260560
19654579
15870791
16557153
16370481
20184114
16315651
21698915
18804085
20105264
20163979
18665065
21262611
19560317
20031892
16184617
18700586
18467531
19066170
16174815
18637856
18442318
20026525
19116753
17824870
21115629
15931492
15800173
19547799
20334016
16627842
17111239
20196464
19247561
16267982
16964793
21108770
19224804
17666999
17313909
15640659
20078023
16329225
15999295
19813081
20516298
17056206
21566417
15953979
21371026
17726711
15917980
17339313
15583505
20579603
21376519
18649107
18232293
17890180
15794082
19078876
19054959
19290975
16779140
19642430
20976837
19940596
21233263
17551452
17427794
18949617
15794199
15844634
17666609
15625798
19465046
17714255
20374101
18997901
20597630
16607256
19936838
20077790
18405017
18395660
20469777
20014744
17290065
21765244
21598810
21093304
18640446
21132553
18924529
15792501
20139572
19415504
17569295
17470074
20506883
16106689
20981638
21486160
19365929
16602661
20702860
17244008
19745348
19648985
21678264
21804146
19122950
16434919
18385151
21137455
16600959
16848967
17440377
17658961
18042020
16028852
16215464
19438888
16435312
16752111
18690131
20057328
16688968
19896893
21478588
18985427
16230764
21481491
17581242
19183948
19619369
16677715
15623167
16304762
19762106
15839762
16405703
21188664
16010902
20214847
18293243
17589980
18618579
17726903
15576526
17938399
15754194
15542506
16533673
17000478
17274147
17149042
19482810
18349574
16967112
20967840
16380577
20657609
20860289
20133477
18980038
16545033
18549436
16517337
15645894
17383321
20492062
21426753
18853532
18978601
16398589
20502177
16244850
19500700
15968228
21375573
18029541
16363311
18830138
18323049
19961038
17570877
17557434
20009825
17153563
21692591
20569869
19584638
20180380
16190008
19014117
18358259
17578579
15590224
17098155
18610714
20423428
21419309
16287056
21966720
16688504
19028827
21150531
17634894
15655338
18308281
18829016
16938136
16566102
19027445
19095823
19254203
21473210
15788807
17167366
21473975
21048501
19207055
18413518
19833331
16119488
16911051
16737139
17872818
16539318
16159029
16512871
16565282
18715393
19743532
18587257
19782445
20113917
17443455
18314047
16824168
18382191
18769938
20589153
21564396
21150420
21711124
19468090
16766686
19308831
15669577
16821695
15787899
17973698
21619644
16353288
17262860
18386952
18460078
16153565
17661198
19556552
18073666
17333798
21805787
21545663
17112429
17017628
21560897
19208283
21710068
21322460
19714765
20064197
16078398
20393104
18834023
15600222
15588030
21586220
15934173
16344026
16187477
19681779
17963863
16323983
16390834
19062430
19091089
21039589
21216318
21430036
18401226
17499628
16862033
17925134
15635492
20007796
19813369
16566177
20601372
18448753
18725849
19019462
16450926
15852799
19591363
17616567
19367231
16616267
21209578
18586556
17086836
19901039
21145197
17102360
18462854
15832243
15546554
18691302
17495549
20360209
15778132
16287894
15555785
21045814
19433945
19659963
19091084
18227463
20005317
21675891
18326458
17511206
16730491
17299964
17464706
19267003
21425249
17349500
20308220
16120891
15533143
22203544
16019768
20382367
19256295
21317508
18723307
17162114
18347487
17904133
17046808
17723977
15637949
15588367
20661038
17058890
20331382
15970752
16201605
18196853
19751991
18622914
20671564
17577085
17131640
19135017
16417695
18554077
17115974
15824657
21540700
15857724
20804928
17394596
20128543
15543759
20110107
19824281
18320906
16600820
16913605
16824155
17214237
19706077
19916012
18849744
15956871
17635627
19582943
18497658
18498574
21928405
19718743
18417233
20189951
18460067
19018911
17662809
16594860
17326877
20507557
15899224
18387070
19160886
20222373
18538094
20589966
15573385
19070326
17066985
17060306
17591806
17035565
16424959
17484794
21220392
16553671
20709554
17593456
20722798
18382715
19268165
21335575
19968393
16186054
15796488
19335811
19933935
17575749
18431889
21383386
15552377
21569490
18617708
19785861
20602594
20103023
21097770
17015201
15618092
19861904
17955884
18852404
20084871
19820231
18604759
21391837
19472805
15949738
19719536
19860093
17629994
19444493
20383755
19496995
16101858
19370377
20350914
18488866
16563919
21676572
16762060
18563022
17560957
17472791
18479285
16793855
16762794
19902696
21199195
15706006
16645854
16267979
20077809
17603972
19238717
19270238
19717483
20413409
21299599
21045098
20924007
18261060
17194351
17941245
17418133
17202518
16700695
21592027
19192841
17455049
21555700
18084967
18993023
21629144
18381020
18549134
18057033
16002850
19154492
19673731
19948387
16687380
19753889
19032659
19897540
17936550
18027532
21175928
19227593
19179235
17061966
17057561
18240938
18347485
16034758
21362757
18005377
16293538
17604304
15775808
18983412
21925408
17185208
16700350
15532179
15706832
20162971
15997974
18556639
20541064
15534882
18620101
19179789
18539768
20934952
18236880
21744575
21233884
19695730
15750380
20487419
18496090
17601213
18702619
18377572
19863510
17266386
21045640
18787440
16445855
17665763
17705211
16218772
19908670
17277665
20220273
20119895
16508472
16259859
18493127
20970883
16862325
16043979
19669071
18700267
18786017
17442619
17502812
19234003
15976565
17804971
17983362
20309780
18308499
17583897
16469149
15923939
16895138
18538214
19645706
21089995
17505392
16494144
16104676
21526583
18842202
15786386
19507555
17207007
21783044
15802408
15667371
20058534
15687761
15926345
18030963
17636111
17402209
20531194
16422378
18438200
16997027
17257782
20546364
21535274
18401936
18374431
17321944
19234002
17461752
16534034
16773179
20529495
17492407
18385264
16584466
20072029
16340622
18030944
20500510
21417131
18434103
19767272
21902971
16711076
20141095
15540496
18546983
18630251
16838663
19803665
17975399
15923949
19947125
16241917
17594213
17182195
19526887
21768819
17132416
21601724
18535893
15656388
19088482
18768007
18580394
17041248
19227014
16192192
19059545
19775467
17413782
17217319
19319001
18375778
18520668
21095610
19707050
15766334
18988001
21320347
19052511
16172091
15716246
15610381
16224626
18418109
15655239
16080648
20949870
16456208
21037270
20623464
18535074
20557668
21067114
15687449
16178344
17153660
21314579
15577498
19410102
21469474
18751333
21112677
18511768
20173475
16010850
19202753
15541620
20430489
15853241
16047825
21213170
18474979
18569625
18524343
15924037
17309806
15908676
18519116
21162380
20650007
18754190
16436296
15913083
16715902
15603246
21252889
15581151
17353757
21449779
19014824
18424290
17925030
21362719
16836763
19384738
15566022
15891350
17479318
16183748
19705315
17977309
16511579
17164055
20155560
17154112
20486093
19801942
21426616
19907012
17688377
20798264
16443958
19720810
18518868
20097148
19202117
19363941
20847020
17826060
21898325
15695134
18690149
19820484
16837693
17375769
15997576
18489687
18588662
20059598
16635774
17495563
19557481
16688660
20228641
16711579
15778173
16524996
21783230
21164389
18284834
20469571
21075729
20200284
19709430
16913309
21470734
17985959
17065888
22026202
19811169
19419326
17877653
20803913
18813463
20802350
18625755
18618195
17367901
18512659
16634398
15720726
19220607
18319382
16850706
16006186
20450128
18554164
16343906
15559624
20478753
19688658
19361090
19915902
20587062
17218552
21301650
21456440
18578273
21302595
21299991
16299885
17035474
17353810
16614628
17901171
18769691
17851360
16765862
20860776
20162341
20498101
16764362
20824563
18954428
18574368
21131669
18503346
16532379
17354135
19250362
18521034
16584013
18387718
20562786
16624985
19559216
18938264
16684638
19266991
15701763
17541554
19177431
16963668
16714975
20043817
21399850
15942857
19767049
20578075
21170816
17289465
16174933
15558902
21136114
18547400
19387906
16881590
17437383
18397157
16951838
18817698
16533676
21045570
17085607
20929461
16294835
15661265
17042017
16543518
20188623
20509060
17375341
17496444
21433215
16246994
17033601
17220744
16371122
18226157
16310575
16523589
20955504
18724884
19420279
17139578
18220602
17331259
19744295
22024309
16476040
19117271
15876883
19144283
20632841
17383299
16111948
18171634
17669067
18045480
20334576
16299093
20887840
16515692
18278617
19318459
15947333
19323160
17546784
19443525
18261219
20142407
15516732
16595567
17457121
21272821
19016363
17182504
18496357
20929617
17893380
17327249
21353863
19709016
18614447
20137091
15729063
15616915
18582936
17544250
21555752
16583872
20634227
19179313
16779535
21062122
19065866
20677500
18277788
16573310
20050483
19141996
20067130
19114604
16837694
19757018
19372024
17703821
16296376
16338918
20353929
17108601
19269708
17939464
20137026
17905061
15834528
20662343
19223339
17475606
20151060
20211302
16899987
18610809
17719295
19691463
20706191
17015861
15659998
21879646
16669206
16435158
16035562
21131116
20722812
16332396
17287371
20602714
19431106
21666976
20580415
15986315
16317329
20202278
16013459
15736600
15686809
20855168
18820520
15517746
21341951
20212302
15854116
17427369
16760768
21684463
20357705
19012760
15868673
18520258
20870685
18609341
16330118
16604795
16628176
17611658
15532174
21174896
16327299
20822733
20191724
18803845
19188133
17153565
20720510
17902555
17610158
21557104
21464103
18615295
16982297
17001071
21116945
21207723
21220576
16728288
16532478
18625752
21295064
17410403
17505402
19272585
18567402
21957764
16906628
16856033
20686987
17897650
21191212
20008442
21667812
19084757
19472112
17728797
16798177
19204057
21058896
21557378
18653515
16932138
19816163
16032533
19214261
16875119
17717285
19266368
19542381
19653141
20005783
19130333
21170659
20047354
16719039
19592825
16427965
21494106
21385448
19327293
16455463
16954093
15811198
15696631
17907051
19648845
17942270
16425812
21506058
17288320
18180658
16444925
20427299
18775827
19901141
17347846
19054272
16822099
18983418
20103067
17122430
15520086
20411889
20541075
21307118
16087898
19281288
15899099
21487345
21167110
16299059
16740362
19626751
15671191
17479356
21649699
19078874
18632507
20124777
17063090
17149529
17583402
18348105
18727748
20397542
20333493
19388991
21625663
16485800
15880977
15690835
15644679
15765631
16911049
16257620
19218328
17242911
17637761
18809119
15951311
17269436
15529194
19462470
16758120
19272577
18323555
16631670
16637416
21922692
16004106
20406549
15893218
16756658
16941134
19514373
20844423
16983106
18782209
18452367
17941789
20702679
21439173
19411013
19143580
17959642
19136397
20723937
20235896
16722957
17081913
16369431
17166255
15769792
17293365
21029998
18622219
16324183
21591328
19302695
19018642
17710561
20471782
17928621
19447316
16295286
18352918
20625568
19181649
15726868
18234033
19047492
19654222
19228893
15704769
20836635
20589446
16263664
19216989
16452284
21030543
19157280
21110401
21057070
17379682
19274811
15974110
17474289
18755565
17348557
18533377
17697948
16568625
20092700
19055253
18006201
19568731
19021090
21865222
19500942
16007738
18080044
21138697
15916380
18021136
15971934
16007641
17020113
20159423
15918864
18560286
20443352
20155327
19753803
20520097
17035574
17537116
18319132
18187135
18157732
17505563
16651353
16647644
15930200
18985882
20546373
21288218
17162118
16354885
18591306
21543407
17912822
15601463
16754363
19686401
20921882
20536954
19395973
15567208
16930901
19901567
20509347
16434415
19580536
17978615
19350214
18779663
19931963
17238998
21558774
19856075
20170325
16533141
17368364
16469223
19390341
19501021
17522791
17706756
17090744
17622032
20840827
15816320
19162948
19769017
19780435
17455181
18510832
20696543
18386449
18399781
18091554
16342912
17486386
19491151
20649918
20871555
17375230
17469706
18025499
16706550
19953755
17590118
18608725
21501727
16788086
19850435
18604981
19602171
16714992
17142605
21139016
16871094
16910792
18803549
18953221
18580081
19661000
16261709
15960692
19745313
16310139
16985479
15591917
16805075
18375780
18339730
19525718
17000473
19819050
15924900
17564279
17447344
21668384
20840686
19659407
16471214
16735523
16951021
16443994
15703338
15718174
16174813
21486483
17053819
20084872
18359879
18200965
18027518
18853713
18315681
18446110
16004098
15640682
19250128
20522453
20117673
16396128
21214132
16549241
17319372
19247488
19784911
15882364
16059543
19502852
18822707
19771645
19876856
16313377
19249539
19536026
19581180
15575634
17408858
16509434
18568455
19263354
21381548
16676553
18835724
21402460
16881337
20364762
20653421
18195313
20681401
19886974
19166399
15992205
16866839
16618863
19159730
17178737
17061726
19568225
19657243
15705271
17625785
21346708
16240060
20800768
17315298
16594292
17661968
19218310
17170547
19585808
19286334
17684107
20353733
18377447
18033634
16612288
19383958
16439929
19711136
16813966
21715558
19545661
15753505
16119628
20401505
16638778
20720427
16530114
17416275
17544541
15817804
17301210
19524441
17657178
15834361
21097976
17441824
15688334
21444251
17363884
16309594
18940027
21560480
18681338
19757187
21084831
17392945
20196186
21899216
19023771
15902758
15903002
19675320
16136738
20602701
18844274
18321506
15810747
18163137
18200894
19006917
20489604
19781265
21560898
17649750
20409499
18521649
20510840
20456855
20398146
15625528
19149276
16276198
18319491
16126316
15566277
19559512
20151212
19825474
20561882
20099431
20585212
20153911
20642215
20841683
15810750
20483963
19963309
20087548
18574393
16777385
18386962
15587130
18073643
19694621
16474364
20233574
17389414
21090894
18378805
17092860
19542812
21737032
16262969
16923932
16538516
18381518
18294382
17298262
16341623
21285740
19830951
21317630
19247884
19941684
19586390
17512151
17933617
21058808
15855856
20513168
16061444
17445329
16166920
15850429
16847789
18798229
20481096
20635252
16596858
21733103
15996751
17939007
21050340
16401158
16260054
17823734
15639044
16023455
19426621
17244999
18459594
17472505
18849368
18753685
17329299
17363856
19492762
19239665
20222245
16030369
21177426
20416493
20440106
19282319
21140884
17142610
18635374
20566991
19543572
20699739
17304075
20138379
19058076
17540530
19119730
19836188
20685190
21417148
18358344
17664501
16728480
19551607
19536019
21519300
19525767
17766273
20031809
17688476
19008145
16153052
19901905
17449251
18328280
18802717
19485862
18183643
16914938
19162408
21368524
21730988
19295422
21060118
19887345
20153457
21174855
19086601
16717484
16607351
17197061
19711048
16791743
19811630
19811559
19544089
20124018
17962011
19014739
19847006
17602321
21237366
19186517
16528909
15747886
21314920
21255955
16103847
18179989
20552538
16583574
16274587
18762603
16680206
17638181
16686964
17909379
15956862
17052558
21404886
16242440
20812027
15539531
21042253
21061308
20925293
21477493
18309722
20935011
16365242
18414327
21118564
15987393
16250527
19674863
17621972
17716737
15566207
20386307
17007158
18426466
15826792
16430855
20555018
15515156
20888544
17949401
16768335
20654985
17452431
17478649
17907712
16442452
17461754
16022913
18928129
20719350
20486613
15970422
16988287
20197556
20679161
20412357
20217195
15793986
17681079
18272092
17193943
17003138
20306839
15759072
20046117
15614543
17062536
16505421
20512482
19320403
21130695
20803673
17440291
16929473
19024424
17479810
20144193
19008975
16019875
15952478
17470215
16366867
21418755
20345835
19917944
18618855
16758527
21776828
21839899
20357704
18941964
19148340
21801562
21309901
18495050
17462207
19559315
17707085
20855129
20031825
17612473
20150604
19549716
21087474
16722853
19267730
16550888
17712691
15660147
19221986
17387060
18482123
18853738
18411581
17900907
20974322
18760247
20225429
17883460
17658006
17579337
20667061
15563964
16441541
15798726
20409115
18258576
19185397
16293161
17106000
21480495
16464930
17205001
16530113
18211559
19967948
17202904
18694471
19901541
18206373
17083753
18395023
17465286
19719464
16417412
18454774
19004576
18064839
17931376
21218574
17136375
16848352
20726268
17349490
15637685
15988418
19183306
17540320
19919592
15579518
21343276
16788523
19264195
19483522
20196713
21628032
18072978
19581197
21494813
19753952
16076595
16418828
18982839
17257964
19596287
19772556
16246515
18394515
16980794
22030513
17850531
19905880
21507187
21149556
18922582
18682473
