16709492
16714503
16714498
16711579
16749539
16749538
16740232
16737139
16734650
16731878
16784155
16779309
16779307
16774668
16773862
16770370
16764362
16834579
16830008
16827456
16827455
16826864
16826851
16790167
16894877
16880181
16879092
16878074
16877039
16876922
16876004
16846779
16960177
16950381
16944428
16943707
16937885
16921699
16921337
16921001
16921000
16912099
16897425
16670657
17050749
17050299
17040158
17036884
17035406
17025000
17024916
17017644
17017332
17016139
17014447
17013071
16996867
16982353
16982016
16979083
16967076
16966996
16955579
16642698
17141638
17135904
17135872
17126188
17119378
17116539
17106539
17099469
17096457
17095336
17095326
17089929
17089539
17089537
17084467
17077415
17072569
17066872
17063111
17060296
16614013
16604926
16595814
16584106
17244852
17239235
17238623
17238369
17236855
17235261
17225335
17211003
17210987
17206877
17206572
17206211
17203541
17202551
17190121
17189744
17187330
17183889
17182449
17182418
17174847
17173161
17160770
17158698
17154739
17152915
17152914
16579282
16562579
16551327
16549942
16061905
16039735
16019976
15993260
15983887
15980733
15974543
15974225
15964175
15960461
15953229
15940836
15940586
15938553
15918540
15916380
15894482
15880155
15782512
15771850
15771153
15765823
15762390
15727112
15724563
15718747
15715365
15696887
15694984
15685408
15667371
15636591
15633308
15633072
15628658
15628650
15625145
15624695
15602650
15570544
15570514
15570493
15552490
15550187
15515442
15515292
15513615
20306808
20297592
20166425
19496360
19405310
19405299
19366017
19366014
19263767
19256301
19256295
19216478
20443292
18998298
18988620
18987080
18816918
18816011
18816009
18799966
18785463
18780855
18756170
18727597
18727353
18717767
18711904
18700267
18694037
18683425
18674500
18669115
18654957
18649588
18616090
18604981
18593208
18569197
18550921
18501757
18491427
18481397
18441625
18421658
18359388
17499961
17499684
17496711
17496709
17495726
17493459
17491303
17490787
17490762
17474240
17470037
17467863
17467406
17452601
17444984
17441824
17441796
17421095
17419192
17401254
17398233
17392982
17385492
17383495
17365789
17364675
17360995
17360988
17360793
17355846
17345758
17335639
17332813
17320213
17311791
17303267
17296783
17290649
17285905
17253027
17249281
17236508
16634518
16627843
16546768
16543740
16541718
16525230
16519372
16465635
16438667
16434043
16426952
16425951
16407697
16403149
16393557
16392361
16370194
16363105
16355555
16350913
16336588
16277077
16272899
16266956
16260485
16256049
16236098
16218275
16192833
16186872
16186089
16173634
16155309
16148335
16137080
16134651
16118066
16117909
16114587
16109681
16104615
16094550
16094178
16041236
16007738
15999663
15835369
15831199
15799492
15794294
21899200
21651656
21627896
21622672
21620058
21605382
21409790
21132905
20954492
20699388
20663830
20657609
20654938
20624572
20480564
20402104
20384093
20367725
20364656
20344926
20096961
19929769
19929125
19742352
19722302
19720056
19714934
19699623
19694388
19683114
19682848
19680792
19651395
19653550
19653547
19629148
19625552
19621558
19606922
19592865
19579092
19572457
19571322
19565687
19565439
19554421
19552178
19548607
19520393
19496362
19448581
20703616
19437392
19437091
19429847
19411789
19405421
19327422
19326699
19324026
19306300
19303168
19293037
19291271
19272286
19263772
19261949
19250523
19244633
19238355
19213926
19207062
19206035
19190869
19163867
19156940
19149054
19141558
19090977
19067298
19065748
18091539
18081154
18073635
18065039
18062443
18062441
18051996
18050148
18049388
18044755
18036472
18032986
18029543
18027528
18021145
18018506
18006131
18004115
17997494
17993474
17987545
17976825
17974647
17961082
17786883
17955396
17953193
17943272
17939880
17937971
17919211
17917470
17913034
17912481
17883735
17883235
17880663
17874723
17847978
17804971
17727589
17725913
17718747
17718726
17711240
17709355
17709053
17695981
17692566
17691255
17690796
17680331
17679605
17666306
17653528
17649867
17649866
17649861
17641318
17630480
17624015
17621777
17621672
17619599
17615635
17615634
17615633
17615632
17611213
17608893
17602872
17595430
17584350
17578301
17564290
17564279
17563190
17563043
17551558
17549829
17541874
17535947
17535554
17522465
17517285
17517268
17500151
16972607
16475408
16445151
16439285
16421619
16364940
16352972
16339611
16335561
21717470
20960592
20957858
20948474
20935215
20865980
20858881
20849009
20835273
20795431
20795415
20737319
20715305
20713421
20709318
20694761
20680191
20678814
20662617
20645898
20623463
20608772
20593693
20565344
20565342
20565341
20538433
20525464
20517975
20508675
20501865
20491202
20457313
20439041
20396681
20377800
20377798
20364511
20222375
20202310
20169017
20123828
19123072
19117562
20352676
19114900
19114783
19104899
19100146
19084319
19083291
19082637
19079727
19034727
19033177
19033172
19020436
19019677
19018628
19009776
19008737
19004592
19004428
18954780
18953214
18931399
18846365
18829798
18792858
18775259
18768005
18759136
18754521
18720688
18720287
18713537
18704869
18694607
18684008
18656858
18655863
18622885
18616554
18601834
18590466
18586556
18584498
18574399
18563026
18563000
18561848
18561846
18552116
18522525
18514152
18489892
18489701
18487826
18472721
18468215
18465381
18461854
18461853
18457803
18455314
18453795
18450849
18450247
19808270
18427131
18414329
18399374
18394853
18380318
18363249
18351264
18341752
18323229
18320681
18302211
18297582
18289142
18287894
18274406
18264179
18261701
18261697
18251345
18246904
18240694
18202038
18187111
18185125
18183054
18178397
18164941
19842301
18159041
18157913
18156858
18092573
16278971
21902069
21772125
21762518
21591376
21591375
21591374
21591373
21563606
21558779
21483492
21467944
21449510
21444830
21422099
21413473
21404798
21353132
21314778
21302407
21294498
21272940
21268519
21258823
21251719
21241035
21229870
21167331
21160125
21152823
21140884
21097075
21052634
20590897
20584341
20573486
20569764
20564070
20558561
20557233
20554140
20552374
20525463
20512448
20490781
20439044
20437005
20401505
20400020
20397963
20381654
20371551
20367724
20303600
20299538
20232049
20231238
20218973
20217046
20157947
16203057
16441850
16478839
16211180
18021781
18697346
19437854
18355227
18708279
20648257
17470720
17883985
17989126
19204102
16217567
16133229
17514399
20044327
18988582
21757138
18068011
20069918
15948049
19786884
19545659
15916209
19161172
21425360
17822426
17542719
17378356
20974418
16298132
16986814
18644157
16027596
15897772
17077795
18822558
16430335
20032673
20970042
19092520
19150094
21129704
20506669
17044437
21472715
15738923
19460662
17157824
16200740
16134095
17596080
19157357
16252737
21612624
17458539
18996769
16489518
21170659
19109572
17477486
16006830
16391960
19551750
20877755
19687464
15566022
19573661
21206293
18006884
18656320
19797339
15902166
16629965
17476702
20390379
19482279
16004837
18844274
21145614
17098002
19239590
16150131
18687268
18711418
19780433
21206250
20162906
16464452
18372824
16462443
18208956
17438933
16377191
16515257
17190756
17366919
19606196
21403141
20117031
20363709
19648848
19719367
18525139
19674431
17509285
17100224
21593012
20690376
17622203
18438260
19222976
20481417
15774391
19246134
19591026
18269678
16449952
18327350
17939227
21150411
16466831
19174801
21576613
15637868
16500251
20449664
21807832
16554694
21879648
17020395
19411788
20027097
18768411
18192152
18271833
17355298
21290960
17286738
19689634
18405009
20823355
21591431
18797421
19675268
16162578
18533033
15633316
21471911
16267706
19003799
20956038
18630780
20608328
16909724
18435606
15991276
15690592
17583079
17727609
19291187
15968915
18317851
18787441
18955844
20802421
21114909
19153394
18709684
17443403
17167187
16006844
19968578
15912809
21689040
19300039
19485881
21351221
20682667
20708031
17907645
18722940
18364172
19663288
21340369
21767378
15540970
16615659
15714716
16931922
21322300
17220677
17340547
21173281
18679141
20922979
21189756
17186221
20466537
20449983
21254487
16983851
21572855
17548020
21134555
18486578
18199321
16675475
20436027
16106155
16404732
19061471
16250528
18514819
16829722
16355045
17181500
15912816
16616643
16634727
19801016
17621785
17925064
20121936
18342653
16775757
19653387
20875204
19591115
18828193
20147344
17310339
15862985
15603634
16521899
19436297
16505500
19433997
20602848
19712545
16834883
16496661
18301445
20932316
21957820
21137455
21340210
20199959
21382072
15904742
17430279
16756536
20862415
19581110
18974677
17286217
20006644
15727548
21055651
21261696
21624511
19712124
19033740
15538582
19181500
16863894
17927115
16143751
19531630
19943593
18088201
19186281
21488561
19073518
18525311
20187428
21322194
18972327
19959299
21614944
18337439
17075366
16955431
20386055
19395973
20415270
17953297
17313066
21188664
16830245
21378659
21893738
16501133
21292712
16352344
15776123
17187546
21680916
17098156
19453920
16438766
18414713
17960679
15718184
16240974
20679968
17436460
17953919
20833820
20144193
17673344
18317283
17519992
18385264
20522394
19734191
19934696
20105588
21368257
19453320
20218270
19326550
17500296
20397542
16585498
18513526
17573752
17469367
18361541
21518751
17696047
17695825
20946504
16253066
17949984
21348217
19850437
16542661
18571140
20810938
15853085
16710088
17969576
18773498
21415613
20976838
17927056
18029104
15788082
17443115
18308499
17580317
21503439
19490772
17158381
19284262
15633432
17114848
16900070
17698460
20671442
16719737
21866728
16380574
21824224
19635996
19146069
17402647
16869182
16808752
21884356
15552388
17873730
16935191
20218938
21964272
16174925
20121338
20595305
18427398
17124249
17340708
17896218
16942418
15758704
19216749
20081636
21135081
18225845
19120081
20541832
20697676
19487533
15580073
16102378
17375766
15915843
19256108
21476419
20011956
20061256
19352263
16103381
18561738
19184240
15966461
16574634
19807234
16478905
15684204
20688893
17694890
17654156
17346462
17712233
17545823
17338398
19628390
17288320
17133202
20552858
21488559
18575289
16398589
15574111
17785685
19375235
20593644
20089625
17846366
17147593
16086714
19659843
16464327
16173854
16342912
19913928
18510965
15976565
17582021
16680057
21344721
16282079
20481075
16294182
21900133
20337734
22041659
16923195
18272647
17702483
21255708
16609897
18589314
17578716
21638874
20849520
22033731
20972842
16029495
15857740
19572068
19142780
19143579
20802340
16518795
20440205
18639263
17285894
15935099
18183758
20042780
15987407
16594410
16775869
16504619
15819832
20617291
17142605
19242320
20664048
20148863
19182457
21678267
20176463
19282690
17110823
17760913
20978458
17709688
17695580
17507840
19996233
16731093
20872772
19684558
15612231
16406785
16804496
16791759
15609747
16116357
18397144
16299427
15671326
19855271
18702619
15529194
18695617
19046558
20013853
17635952
17324692
17081913
20230176
19710660
20025162
20360427
15696631
21105584
17211007
20075126
21225949
18347357
18698396
15720726
16050363
21906397
19882975
19229970
17466653
20953218
16912623
20595693
18065034
15915826
20965610
21545616
16009664
21765244
17102325
20841532
18020063
19959482
15624405
17356030
21366160
18073702
19475812
19243525
20857889
16186863
17453872
18590091
17034678
16061930
19762368
17954133
21481994
19738472
17520351
17368100
21520562
19813368
19036613
15929107
18588400
16423791
19250092
17477187
20183538
20159191
19218016
19261197
17269946
19222636
15581720
18279275
15986315
17960429
19471139
20564060
16296927
19074130
16342025
18517071
20738054
18192127
17095419
17826312
19125654
15566623
17283959
17888804
20825836
17047236
21211582
17434280
16871099
16953356
17464738
16822995
15997964
15923941
18378464
18437939
18375778
17645195
21402457
16159733
18208604
19214681
20864874
17902500
20234287
18400462
19583175
17727550
18332668
17557316
19451667
21208702
16321918
21626612
18423067
19387128
20201365
16061312
16499678
18395145
19968393
16206332
18459592
16393480
18694471
19646191
20039934
21346037
19342149
17905442
15756360
20536093
19300088
15690215
21947111
19891301
15579350
20952558
19886872
18725833
16439269
21314868
21576545
19807964
17986680
19423171
18985289
16336015
17065788
21476481
20610133
16395947
20494356
17267389
16295992
17402572
16439929
20590483
16983106
21458212
17405775
20947875
21047648
17133141
15686073
16809654
20443351
19629748
21263279
16475465
21462663
16825849
20718396
19399545
16139910
17394518
21520796
15735261
18564956
16905784
17207751
20336984
17937252
15785217
15655338
20305444
15572938
20177688
17390196
20505507
21957799
17521053
15930430
21231882
17534743
18693913
20636670
20543249
21120408
15630981
20594365
16242899
20801960
17720359
20657630
21280285
21784328
19074201
21830642
19755882
17620401
16212719
18092916
18808464
18625826
16573310
17079612
20647929
16280000
16387415
19818128
15654469
18548955
15778133
20677061
17464573
16574869
21424942
17335520
19251970
19152405
18716841
18048628
17617014
21667813
19209533
21088660
15586133
15963299
19024666
16604798
21692591
17405392
20371073
16191850
21046417
17201042
16131769
16045592
18820523
17154109
16718578
17976352
17718728
16326206
20424802
17674201
20430775
16465660
20088320
19819115
15784065
20889635
19017602
17661810
20716012
18187591
19783333
17844840
17139496
17244288
19382172
16372601
18694194
19164821
17119752
19845179
16272215
15998598
15960689
19811109
17851368
20081666
19166567
18763657
15996975
18993129
15915068
19546724
17889736
17073073
17514708
19192241
16009289
17954872
19959842
17065540
17671782
16314384
18935702
17299964
19818037
20684197
16829723
16566337
19088594
17321854
18603033
20047740
19166698
19522907
19437955
18307654
19483575
16274558
17136932
21391837
17106000
19945101
21094792
19235657
19464561
21278551
20039968
16723163
18073618
20536626
17116556
19846246
17197840
15632891
19357425
18021128
16126004
19686224
16713507
16379510
20215047
17156997
16510695
19678797
15787068
22034725
17526293
21415614
19447272
21036526
16879384
21073561
19684045
20623685
16780619
19967949
21460690
17855818
20563398
17171750
19394226
16776317
15800351
19021476
20570080
18175415
18069516
20975399
15936987
21242264
16799710
16295986
15584186
18923133
15823778
20569149
16687385
21715993
20186648
17393814
17099365
16451425
19127537
21322501
17310344
17565036
17339093
15731976
21335244
19715514
18355736
15790268
16556885
18809589
20420549
17412717
15946117
18227463
18808636
20082054
17235044
18377105
21765257
17303388
16730290
18202984
18694981
19833425
16563144
19827966
18308281
15749591
18637176
19995290
19389245
17619235
20455842
16312204
17057132
17764430
17963880
21521624
17263053
16965255
19647132
18043275
15798670
19046185
19293351
19052779
19492762
21322884
21727884
15737497
18669728
20847074
16111443
16304881
19069449
16142575
17713882
16814220
15584311
19694067
16797312
20503838
17724638
21831026
19522341
20420728
20430683
19744889
19797948
17925111
18341724
18807244
16183574
16423974
17486016
17324097
16187477
19708058
17601474
20654903
18437600
19369045
19335530
15587899
16945884
19591106
21919292
18802808
17576633
17515684
17355405
17120130
20864275
19236646
18953670
21598148
15777473
17468728
20482410
21507527
19017894
17659911
18757351
20629766
15942366
17985056
17825095
17111727
21991889
20068415
20485702
21561573
19927625
15752835
16325024
20394514
18337533
20394518
15945229
17996788
20082061
17596063
19512935
16190938
17956496
17153131
21441795
16440509
20104634
21548789
21469369
18515602
19522169
20369441
20123817
17917466
21319423
20830836
16856695
20094109
16424714
19796589
21591406
19745637
19281440
18158000
17949515
19270470
17083753
20979605
16938136
19361775
16476643
19684493
15616404
17160869
17187348
18289385
18843058
16761659
18575882
20578470
17699189
20180156
17664054
15960009
20949772
17261114
20842755
19250995
17898929
15700881
21224466
18190580
16411006
15994471
21717678
18297974
18715184
19471140
19731446
19077024
21062549
21342389
18321625
15896942
21242800
20618596
18235403
22030670
19904854
16281889
16813879
15526487
20546470
19126332
16231035
19120591
20202395
19597806
15612181
20147423
17473542
20306010
16534788
20032721
19301486
20689929
18595218
20393224
18845347
17588484
19552141
22030934
16915111
21500700
18387225
17152126
16358483
20332284
17674397
18838931
20718235
21879655
20221646
17464602
21502347
20690276
15869214
21301667
20800800
16443958
19040543
16760680
18166883
21422350
20398146
18034178
20334753
15799490
19546729
18222382
21199432
19378222
20041384
18378825
19689559
16011227
21040017
19359079
21127107
16650118
17469706
18005373
16404823
16756529
18261155
21545358
19819097
17067321
20671000
16678599
18481622
16466493
16130307
16529849
19668037
20085970
17534900
16039180
17329313
16322192
18975485
18682473
21636870
19807236
18293092
21170786
17907550
16770751
20628189
18027518
15761285
20878862
16791758
18041866
19482375
20384510
18021149
16257441
17074872
18577148
16166617
17409023
20972689
20029006
21476853
20872773
19049724
20930916
16968571
20086221
16840923
18473086
17594828
19619068
16800393
18518868
18665056
16238497
19635302
20888947
19887996
17400289
18764854
19220618
20001335
17601154
16418987
18157583
17240636
19179871
21478085
20043843
20088288
19135824
16050860
19728246
15787231
15937394
19809876
18075432
15663012
18355171
21500607
20179960
17289533
19580105
21527768
18180491
20631590
15833468
21367379
18678215
19166664
17161511
16594284
15528966
16474364
16553120
16445158
20799395
18307703
19196596
17968199
19756479
20807911
16817974
20639654
21857241
17502628
17552406
19860297
17616311
20650593
15551998
17718039
21029495
18440532
17708488
21789289
19229119
19475910
15890289
19016363
20554219
18494406
18250248
16285321
16035562
21486337
17479054
15997045
19418075
17353819
17211165
21636927
17377997
16350432
20026525
21688514
16730602
20047353
17612821
20603732
16399970
21067473
17164639
21521456
17116767
18005415
18614445
20492016
16370506
20419747
17695938
17283304
17327249
20473793
21189736
20223450
21159197
20446141
17308445
16627218
20925556
20613692
16344203
16332607
19642433
16896860
18022045
15998620
15940138
21122753
21822074
16076893
17477224
21309435
16139153
18808459
18055892
19581664
20919573
20421853
21378658
18834048
21459256
20801275
18216074
19688635
20123946
16879380
15926762
18580384
20507679
18625906
16810086
17713368
18774630
19484605
16889320
16712757
18326285
18524380
19753473
18752096
15891522
15693579
16860432
21118564
19017869
19070205
19818547
17938935
18320903
21440305
15662189
18772211
15895765
20935603
20678083
21514484
21540700
17233189
18423716
19323846
21500975
16412831
18684127
18059463
18435869
15550092
16958164
19772214
20933109
17224226
17064747
22069919
18378349
19899597
18403998
16859867
21682626
18762603
20487496
21496289
16029982
18160115
17427609
18985910
20678968
17001933
20663801
18355420
17707149
19456994
20564849
18712258
17679241
19938250
17402954
20863329
19034992
19188080
18996980
20526910
15590224
18942568
19123735
19651265
18056675
16045660
17630864
19921997
17969829
19839216
16778998
18399369
16024213
19852419
19283563
15830000
17474128
20031901
16172844
18796016
18853885
20518226
21462062
21415766
18683524
17584422
18592319
19926344
17683303
16796860
16752961
16741701
21368526
18214226
15898701
20658125
21569490
16490633
20494965
18756158
20099956
20137024
19559315
16685157
17070437
20931414
18274245
20013938
19057566
19451866
17160738
18386594
19642434
21214376
17049038
18716530
15682977
19786421
19194132
15612233
18678817
19305451
15640681
18489666
17191599
15631265
15715897
17346355
18787958
17852982
19284169
20502161
15550802
20222397
21902115
18347485
18539768
19751375
21291327
20447839
21469038
17236322
16388948
20803401
19938426
15653942
18519622
16172296
19203803
17210887
15631258
20378630
15571882
18018571
19399008
18031843
15665661
19525914
20602687
20210825
17923730
16285199
19326551
15986816
19582459
17985065
16295340
18181438
17594407
18365349
17007155
18812806
18797747
17911509
16512033
17135087
16029977
17716417
20131149
18294222
16105460
20451936
21030543
21164394
16755817
15632809
20940587
21629016
18445850
17535540
17901832
15657689
20720083
19263952
16276198
18602875
17667338
21190928
20654811
18041416
16469473
16622818
16609079
19048966
20305845
15747756
15875446
19945634
16404802
18165889
18788226
19752703
17666298
18492717
20621274
21039589
19610525
17929709
21501815
21944692
16907794
21299569
21211926
21957798
18622567
16450312
17182417
20597713
15616751
18837644
21121576
16421185
15988669
17715444
15632346
18703306
20677969
19208850
15948356
15745282
16231554
20719008
18219243
15992183
19001919
16398864
18580645
17161900
16158337
20370762
18443713
20502467
22005604
20800542
19882957
16117721
17409965
16789331
16489379
19287914
21589868
20508687
18205964
20383077
16609309
16310139
15772510
18976191
19233502
19061787
20070598
16437270
20201628
19088620
19717753
16209375
20548268
18258936
18586140
17705080
16707222
16404082
21534900
17929734
17669281
15918790
15861918
17537612
18310160
20200284
21467002
20722323
21678264
18028552
21568720
16675751
15815966
17926279
16323619
21639660
16872795
19409867
19366441
15657115
20625618
16033446
21521951
17063134
17578455
16782923
18460066
20971336
19901541
16297662
19865028
17634055
19231678
18979856
19506170
16729866
17396058
21295064
18360149
21477974
15716890
19372125
19425342
17667030
21362582
21954793
19148109
19770117
17942272
18280847
20217048
21352225
20862625
19064226
16938143
16781501
18370359
15847905
20647791
18845478
20722798
21099068
17378464
15742601
16788353
20860015
15932068
16224032
15871404
16236656
21665161
16983270
21272371
20397537
19430677
16822470
18335670
15918469
15961365
15746587
18360207
16429958
21462094
20541279
15865624
17057925
21130202
19840275
19438083
20386307
16249136
20083311
18445728
15839161
21474806
17539556
17289460
19655502
17518880
20466108
18542008
16794104
21684679
21534403
17391424
19806817
15598248
17760310
21162621
19432597
18466383
19845717
19007095
21555667
18717274
17697946
21887863
20582500
21254161
20841530
20337567
17298284
19116393
17667018
18324983
21501057
19492647
19678468
17935241
20950990
19412965
17001071
20231945
20308451
17846089
16295024
18399376
20636159
20863045
16411032
17206210
16353573
20454567
18481698
20191750
15950831
18630360
15999639
15917977
17514724
21229223
19418937
17169827
18382834
15609803
19333659
18632672
16923645
16928246
18207353
15921986
16327952
16802308
15663705
19811630
15713790
18993134
21127091
16622657
16572746
17351195
19065971
16818834
18248947
19289346
17269947
18046139
16202686
16485554
21511353
20963668
20134337
21210611
16219112
15754510
15957590
18291722
20148940
16964900
15535537
17551596
20964485
21621942
21226545
16620164
18363490
20163295
17975687
21606155
19134488
17924190
20585211
17335529
20368654
19620163
18989209
21886031
19390178
15801998
18228652
15722965
17518160
18982781
20236299
21366009
16598609
19419352
19465865
18792440
18321582
21097761
21288120
17098356
16476040
18773704
19628149
16226371
15576258
20652527
16106333
18429701
21689004
15774344
19517579
19785387
16331362
17897650
20678610
22032021
16581637
17219502
21494694
16802484
15582830
19955454
21667674
17344263
19002308
15684200
16533141
17445329
16566101
18806650
18712489
16649271
20148059
17873662
18273432
17383322
20948471
19323714
18766354
19353979
18388682
21355762
17040142
17958720
20722797
17987348
21242317
17718649
19889408
22032570
16182124
19464755
17017690
16416762
20500305
19067499
19778670
21127318
19197680
17971696
17942229
18362818
16157462
18190483
19865577
18283966
18468879
21905295
16405207
16285604
15587531
18385992
19073412
20656107
17902455
20497268
20855994
18037270
21805787
20379915
18703383
20144032
20808199
16686813
19430828
16850245
17165205
20677426
15810565
19895444
15681311
16342648
17461316
15956826
17413669
17002481
19385362
19266944
20557389
20948472
17440423
18784477
18185124
18476853
21500016
17006963
17853584
17048360
16948381
21232067
20069957
15747916
17044586
21261966
20073571
20123174
16054544
20116893
18558934
21645040
17366090
17899237
18580016
16292467
19374965
18499522
20096378
17446790
16696140
16756731
16354222
16885556
18190953
19305447
18373100
18853846
19061197
16644323
19655667
20431793
19585808
19442971
15685816
19321037
16290975
16983102
16289849
20436049
20879134
18367776
16439497
16424717
17041799
16460359
21394017
15712470
18066957
16594190
16130256
17888990
18320906
16879798
16686824
16594224
20921037
18678729
15909695
16151865
18678582
15641635
17429884
17884363
19307390
16981989
19236871
17332956
17601174
16289065
17760529
19117060
19634592
19793235
19733460
21276958
15844186
16035634
18501047
20952030
18638367
18926963
16956071
21786855
18379234
20861835
15598067
17308862
20504261
17603873
19202045
20198726
19664848
15692082
18514585
16920531
15623164
18198783
21592035
18318970
17604464
21041282
19256263
21234819
20578508
20522880
17466213
16676339
19536033
15774332
17537084
18727762
20609033
21267533
18621778
18062804
18096587
19117271
20479136
16604796
17476854
20478810
15786795
19891300
17063103
17524007
16321716
21072230
17142586
18435814
16218155
15590221
16035980
19588669
21466754
16257617
15970886
18373578
16157434
19331007
19878783
16440044
17960430
20417476
20464838
20667683
17391577
20975539
19053969
15699874
18644668
17724240
16212666
20637393
17116453
18474877
16931482
20854523
17959478
20949815
20005783
17545369
18803604
17726411
20038194
17233692
19875204
17219508
16096726
17724401
16651304
15602279
20691557
19515102
18507328
18031485
16317178
19380509
15918864
17692494
16262092
21307691
16967262
15610991
18365156
21599896
16143738
17468630
16047500
17103042
19899196
18162451
19519232
16809064
17424791
19459753
15865495
17726718
19654579
15754429
19162420
15862981
17283217
17691479
18777789
18327398
19234430
19827581
21342892
16086729
17156447
16084483
18361950
17103033
16867198
19243524
15750482
15945581
19381427
17270044
21030114
19380959
17455607
18582936
15669927
19692159
18570847
19048505
18685369
21799327
18292481
20509306
15580093
15573671
16137215
16547388
17333490
17025005
21298940
21398238
20405680
20234993
21785084
21527171
20530646
19947817
16106771
20531224
18677689
15710795
21046383
15880171
15789291
17273079
21119153
21826674
16683481
20863245
18596501
20846288
21957827
18370936
20706893
20395354
19407054
17056043
16320982
17572924
15780549
18399391
17095424
20538441
19403574
17540574
17901823
18769981
17849911
19055137
21319425
21894124
18677868
15755262
17480138
16118105
20491209
20132978
16529594
19031208
19041857
20171937
17977796
18796047
18391293
21277070
16608946
16865827
19259924
19060825
18036478
20438610
16803769
16585328
17001937
17543696
19237645
21669517
16171072
15852799
20479545
15832233
16425009
20429354
16651054
18229731
16175784
18682042
21047195
21268489
15622666
16985405
16173957
16513375
17384505
18463296
19411101
18809814
18050526
17443921
19539106
18564324
21199138
19327598
20448233
16391311
19373185
18690630
16749297
21116147
15950807
16528905
20565328
17273028
19998905
16083088
16327418
19386388
19410421
21740655
20531080
19816153
18728297
18216600
15855951
21507260
17334271
17278922
15555479
18822553
20850177
17243271
19321807
21467894
16420822
20335722
17985748
21083804
19184061
16870815
17464225
17710962
16836283
21426214
21637973
16170525
17727404
17421088
18280963
17675667
16609344
21473695
15911198
18395392
20061847
18474885
16155348
16610608
19186283
21473763
21853701
20433666
21075915
20067944
16130944
20863324
21693002
16258402
19090405
17658564
18278613
21724787
17685146
16182094
17004430
15658244
17185082
18075142
20052874
18562863
21447231
19011173
19914739
18398664
18469734
17591411
21162153
20647920
17363866
20627524
18190558
18429539
20660528
21273025
19584343
19934623
18520672
19438425
16459905
19502852
21470604
19210013
16004094
19501034
18843063
16751153
16048432
17416182
19769207
15769969
15916987
16478844
19110800
19150682
16292072
15747901
16024978
19293416
16960490
15928559
20202779
21322157
18688052
15668310
16468261
19421085
17509101
18515441
16873812
15918426
19719062
18279447
16402673
20587935
16458648
22049807
17601180
18980103
16277929
20193799
16786824
20130828
20528709
18571013
20332686
17904327
18273581
20869652
15610381
16447241
20484948
17642451
19186284
16268467
15788081
17118116
21140319
20040087
17390949
19297250
18362090
16076788
17877565
21623282
18164146
16225271
16777687
20370766
20864402
18578676
21317508
17062525
17278337
21667803
21237366
20443320
15663350
21191121
17855485
21090989
16945198
21532281
20599337
19112873
18404019
20196712
18057033
18562862
19000907
19813048
20077801
20170308
19673731
16164396
15911959
21226886
16236868
17320266
17951229
18251424
20646387
19946947
17712259
18597409
18702651
21278666
20509248
20537127
21029279
21339085
16361395
16612771
16473730
18395481
18069003
19372127
20081723
17765496
16630899
17678833
19663241
19010943
20050791
17703113
19379114
17034640
21402373
16824987
16403718
18789627
18286995
18793423
16304497
18853738
16926364
16911049
19761574
19875006
19019520
20667055
20921882
18447935
17310337
20179464
20147807
18761749
16788523
18092495
16623666
17091104
17694419
15587184
21716048
16807571
16191139
17269609
19951842
19736652
16624553
21564520
16741693
18402907
18086965
17047376
16537855
15930200
20383755
18202987
15864767
19739878
16955055
18555155
17491357
21403050
20395648
21108908
17140014
17876982
16061158
15576526
21492358
18984378
15704379
16206537
19796753
16801140
16050827
19046552
16756766
16624189
21076722
17057593
18466182
20406549
20031865
19038900
19480748
18386686
20833455
16765872
16268838
17464112
20647783
16388973
19731887
21642520
17804467
18096508
17289538
15630872
21483008
20077803
16111880
21298505
20517725
17727744
21048468
17412171
17173280
16005631
15796285
17682222
19083561
21176251
21268522
15857533
18051972
18085971
21545984
16522503
15980750
20690373
20099384
19394791
19382989
21619609
20388935
21268381
21482347
15776599
17593633
20081695
19006501
17261689
20654287
19891775
20846278
18287185
15914375
18422265
17308629
18754234
16464205
15763710
17331693
15919129
15996965
21447221
15970016
19445336
16923659
16166920
17590302
17180653
18525346
17902526
16082794
18841254
18955440
21134155
16533673
17993929
17766616
15802407
18512101
20064813
18668488
16123260
19454871
16462981
15903222
19403469
17260573
21170816
19565050
17695138
19947840
16029975
21718834
21032972
18384011
19018920
16614650
19468121
16101091
21510262
20063089
19042824
20955135
17917940
16123011
16116771
20711069
15577388
16168035
16352970
16441395
17069230
20027507
20920800
17484214
17397700
16934378
19234866
20464718
21879669
15751631
18344890
17585519
17998111
15606728
17003701
18660768
19781827
17646603
15839234
18261413
16204264
20218770
19416054
18074476
15961912
17939624
19011416
21476412
20801918
18390479
19778429
18815509
16754829
15578235
19647956
21667648
15915734
19118771
19712215
17880480
18761196
20695330
16268876
17092274
15841423
17334545
20005027
16252381
17038840
16838809
16911017
21745651
15960062
18193593
19880830
20942327
16273780
17069973
17575749
19783837
18464443
18613786
19592914
16624985
21268521
21276535
17013870
18431896
18292101
17182516
20547913
18585539
18551517
20012702
19670653
21503596
21311270
16115252
20058098
19176308
20605695
17981887
16539181
21452645
16377823
17000942
17604262
21194262
20824070
20663812
16953860
17064961
16767014
19856109
15625429
18387226
20405396
20843961
18824135
20094093
16002197
19674003
17956403
16234741
17575439
20881153
17161318
21529729
20215333
17699147
16165079
21414978
15656469
17114921
16137387
19940420
19249637
20583104
17880473
19833668
17306905
16251817
20614644
18618195
15766335
19571324
17036151
15706160
21365160
16513713
15665164
16164888
20857374
19076547
16406133
20204537
21059572
18460266
17457121
16355834
17393898
20610983
19646887
17703821
20837253
19065621
19493137
19659407
20192931
18772209
21343431
15947922
19706850
20180056
19761916
21672061
16006027
17044433
20125042
21135693
18998960
22128567
19087845
20212311
20051430
18346001
16895278
16950516
15580819
17187534
19950458
20497827
16817494
21463415
20562620
22053391
17210879
18325459
18482116
17926263
17234063
18347365
20486582
19327625
19841004
19899278
16834881
16793956
16224670
17394516
20705165
19405301
19397426
17951072
19125786
18588727
17542820
19597825
18620104
16376145
19711633
19898766
18608613
16467061
16416080
19085896
19819095
20701237
16245674
16182758
18026002
17346340
19085667
15759663
19482221
18275399
21556263
16752414
17504276
15778816
17156424
16289797
21076264
18467051
19937614
20421570
15700596
15886382
17932653
18082666
19845193
21307770
21193088
17888107
16918782
16926738
17666972
17306547
15643250
19373148
15551979
20881156
16517765
20499748
20562562
16835667
16562385
19800205
17557028
19339451
17428187
17914295
19723270
21500147
21913573
21862067
17125956
19663240
19385269
18308023
16759783
19066984
20659270
19150541
17761062
18543799
19283644
16260998
17372114
15635886
17592976
16076897
16604008
17653077
16641072
16985408
17017312
19848032
17710837
16119661
18788339
16282006
16696818
19445700
20889517
16419405
16869179
17508236
16420660
17619594
21461208
17542318
21134185
19663636
19223800
18846401
17314725
17929281
16111067
21531989
15865581
17364420
15987544
19089460
18826873
18785099
20464883
19700432
16832007
18689150
19494681
21259126
15580055
21466965
18216080
21343590
16037723
18657761
18295936
19223841
17120922
16723104
21330895
20100052
16522511
20400899
15729991
16685542
21265631
21035012
20932498
15608767
19504614
19736742
17633982
16416155
20884778
18427778
20026686
16553704
19744715
20860610
21879651
21060118
19443876
18772181
18370563
18182885
17535430
16551583
19125858
16049209
20651199
21199305
21938999
19737124
21171494
18360840
20121961
19382863
19104262
20698096
20170870
19364896
17477485
17883674
18567347
20172452
16801655
17186528
18924291
15699080
19390422
19088486
17704102
16704391
16000102
19153954
16546057
18258650
16808774
16677191
18330581
18727575
18051920
18612860
17591134
20591803
15710589
17346367
20970840
19771995
17385735
18550437
19681006
19476884
17179376
21075319
17846552
17302084
17194054
21174891
17329607
16474252
15671191
21323063
15952968
16091160
18455252
21211076
17710049
18988007
16134763
17183353
18195312
15804319
20421033
15922499
18590978
18513244
21635629
16519201
16444126
16443154
17285010
18242922
21208048
21665156
16089203
16830247
19085998
16141107
20064269
19162948
18389874
18807675
17522003
20579296
19541141
20930915
21393123
18051975
19219358
15826785
16487896
19916808
16455726
18238936
19798831
18453099
17382848
17599490
16736311
18448502
16575712
19431106
17939007
16845814
22030660
18443263
16305188
18187590
16955592
16543791
17491445
19269911
20600516
16603985
19019733
19226881
16254388
15699089
20529188
21659397
15717908
19595550
17718377
17320552
17260233
19503665
16213645
16635222
19226477
21309380
21569172
18547867
17152455
18522522
22041951
21050340
17365346
21835282
16970653
16179855
19131469
19542968
16116400
17518143
15917054
16584553
16021997
16671980
20167633
20652645
21539700
16914938
19189748
18626847
20433546
15823992
21129680
20850002
19951637
21038969
20015919
17601846
21473240
15523075
15924577
21735668
21306019
19280201
19183098
16034053
21358385
19688993
16738981
18776749
15881732
21041348
17324182
19828279
19001839
21035900
21510149
21325012
20841673
19017887
20602700
20132369
20796152
16549574
18828168
17419788
18386606
18393217
21784764
18044231
16109119
15669928
16718297
15960030
21495197
15689648
17666170
18541638
17334166
18219209
18676507
19118246
20825895
22072165
20618522
15725979
17019547
21815451
20360914
18462280
16266422
20512079
15686079
16374162
15646720
17704874
16198219
16199935
20406508
20132621
18793379
20800766
17327310
21521429
20018539
18820832
17335738
17242314
18236309
20718390
20679636
19026199
17889734
17895720
18442105
18269054
19606236
21299290
17678824
17018200
18020847
17689462
18234680
20432991
17584339
20469767
16048467
18834023
21477630
19955904
17908529
20490571
18578801
18274901
18282812
15899604
20558024
19212285
21311827
18776751
18466388
18326139
21629205
16911048
17454206
15921983
21106084
19369483
21535274
20719350
21188927
19696572
16361596
19648600
20187719
15754507
19062704
17310422
15636653
18452594
20112144
20713746
15636733
17344264
18358685
17348119
15876987
16387109
16463928
17620533
18353394
17986878
18051978
17524863
16466476
21169868
20368484
16517805
20640516
17619911
15824228
16315391
15909787
18416911
19694519
17996802
21178335
16531352
21076308
19486789
18410867
21133213
19096357
19141025
16014211
20888642
18194180
20419982
15729808
15548130
18187916
18085415
17602015
20010203
15832071
16033639
19019233
21356601
21292050
20597731
17523273
18271288
19636534
18068436
18338454
20378307
17331095
16711083
15651950
18085429
18267996
17158837
16779441
19817163
21041539
16271652
21495851
17667084
17116781
20930255
20380501
16168306
17868193
18197863
19937340
16171122
20559055
17658028
15983886
16756518
17241635
17715731
18983652
21796547
17016990
16522662
19647506
19448210
17869587
16253259
19536016
19443351
21194048
18444043
15971875
18359418
16771956
16313207
17694888
15704591
20703145
19346031
17388763
19011318
21072074
19538693
16698254
21482389
19051992
16263619
17442662
17364077
17352103
20189136
16239819
17001131
18652695
16128652
18314837
19655471
16309073
15750504
21175971
17711974
15781592
16617243
20368658
18578681
20536757
15566436
16636732
18989134
19743532
19903757
18202988
15724556
18398799
15957453
20940273
20128887
17386313
16717381
18419626
15985647
17069595
18691302
18715389
17855913
16018507
16602442
20824237
21749006
17458027
17122589
17218873
19443523
16364553
19165444
18711454
15931018
15835455
17414352
19562656
19926978
16240973
16634121
18164302
16308172
15917980
21144637
19641933
17317576
17959642
15757374
22022741
21531940
16647360
16815278
15690832
18844763
17040417
19656213
15999859
20222392
21350889
22001799
20644491
16608722
15532791
16477857
16492010
19228506
17693680
21778910
17901189
16096146
16244821
19234002
16881753
16192540
16270668
16998150
15813587
19916758
15907850
16950078
15901418
17496819
17182195
17668786
21661658
17115974
20713655
20520262
17400253
17690086
16015115
21590566
19342618
16965250
19739312
21129179
21320204
19592838
18277638
19773029
16451411
20129887
18627641
17116184
17473537
17850291
16887012
21727792
16142573
17035433
18064867
15962874
20422231
16595542
21678259
16580370
18768025
15909434
19862494
18661459
19883996
18186031
15695473
20095082
19184554
20597336
15917002
17359607
19433998
17265662
20171822
15710804
15820382
20218162
16678340
16879549
17368206
17515004
17126967
19925747
18977551
17042055
19463681
16087824
17075365
18985810
16351536
16268752
19525762
20647793
17413404
17362790
18389983
18517166
17714050
20840827
16442027
16968511
18208418
18331480
21418235
20164666
21199464
17556743
15649108
17514858
19454203
20063908
20189342
20559160
16714982
20887526
16245477
17925041
21557016
21699428
21326027
16456208
20337796
16281669
16923183
16599032
18216617
17992767
21119150
19009935
15681907
20395731
18761294
19124861
17880310
20373700
18595420
16153333
19771517
16884570
17010035
15558403
18953469
17414580
19690106
17400152
20806560
21577059
16793855
20183344
18574052
16410620
19486444
17984481
16637581
17447604
18279501
17847665
17284552
18486361
16422267
15919127
18447890
20064134
15644672
20129262
15916254
18387070
17584338
21095276
20946495
17221295
16248709
19266368
16423103
15888836
16988299
19664527
19927964
15532517
19629536
21462059
20718597
15865114
19695973
18786217
18775402
16440030
18365775
17206959
18987086
19812242
19579576
20398156
21660874
16682037
18808470
19575718
19836205
18077277
17040534
15675780
21104506
16566336
18787437
17011217
18279067
15747077
17265838
18690333
18757528
20000306
21668987
21207823
16075907
17361957
16137578
21366932
19318460
20091991
17849466
15531985
20014709
19824275
17456175
19174280
18164465
21125755
18556643
18491831
15662172
21696320
19955243
19147130
20649439
18318974
15887359
18261949
20722310
17913338
17082170
17414277
17431690
20191922
18631915
16294656
15726240
18352996
16381624
17679641
20383078
20201665
15656151
16144146
17851332
15849485
16131277
21503460
17194883
18211531
15681726
18615962
18071813
15516535
20660898
18088524
19858952
19694858
17257396
17519048
21240098
18777511
15794419
21831021
15992979
18832286
15856427
21323254
18208731
15517746
16843066
17971554
21641505
19107723
21103848
15831194
17727387
17942458
17762436
18538262
19564256
18402128
16840362
17137166
19171059
17426223
17345755
20420548
16411549
16466085
19038976
19208329
20836940
15802000
19043338
21492345
15644679
17061594
16826949
16584454
16174941
19595416
17071936
19172206
18234678
21105948
19361312
20647786
19387912
20692122
17146139
16446240
17071841
20952823
18459622
19407333
16867965
19762416
19303328
17591532
16279895
19863769
21990395
20870181
16021417
21174852
21247924
20002422
18927261
16631294
21303457
17914895
21121847
18438134
19156589
16425686
20377396
16202076
16436569
17973806
17874862
18396225
18360141
16278571
16334801
16784530
21462458
18182878
17011267
16551152
18030568
16457031
19077257
16779501
16937891
21155468
16359207
21178611
17348358
15557991
18629691
21110401
19272644
20942881
15653251
15630864
17112174
18788122
18063317
17116114
16903401
21813026
18097898
19926740
21306421
18051981
16555667
15979076
15566437
16242940
15698807
19851138
18728298
17416718
19356517
21127097
19761589
20636582
18694054
21630563
16377365
17604522
21539654
20236433
18996745
18611104
21510871
18289424
16642748
16471165
15899227
18838925
19240784
16339613
18238990
21815794
17062903
19018751
20956663
21189208
19578801
19666880
17570875
21527060
20689936
17421106
18295458
16966264
17016987
16696539
19476900
17290085
17426490
17298250
18164461
19618253
18362008
18348367
18386178
17879549
17286737
19880319
19594682
21139464
18788955
15582642
16501583
15536113
19093362
17175651
21486126
18350769
21228706
18834738
20543368
18546569
20363445
19066147
16536397
19029005
20979973
18605253
17375769
20306771
20165846
16001751
16926761
21149288
16260139
18977994
16289739
20575199
20560967
18660718
18228643
20210934
15791783
18023129
17387064
20299537
16469126
18444857
15741961
16230055
21264451
18201316
20525962
16579831
16566103
16158010
20626490
17897431
18428416
18547298
15843180
16951616
18332403
20467306
18488864
18265714
21088838
21375384
16004105
16398007
21819357
18380313
19472805
18334052
18257492
20333596
19773732
17267671
19781265
18928065
18448858
18157353
19954315
18807860
18236767
18981966
17597350
15700601
16728804
19395701
19422687
21991720
21448038
20210665
15609749
15835338
18773321
19132186
20682967
19125936
17222666
18182632
15990043
17901270
17058753
20684426
19399010
16430855
17848423
17326727
19631684
16282334
15720932
19363932
19525758
18752459
16105190
18814197
20171663
18416279
15577498
21488749
19180370
15876883
21276530
19016942
17175948
21525436
19055266
17375753
20649872
16729624
18192156
20212368
19700582
17075690
16003482
21575155
19476865
15568423
16267805
18343000
20658300
19731345
16503046
15653051
21649843
15536973
18555159
16240704
21470427
18705566
18096354
21121844
18236092
19319635
20698360
16119185
17290089
21140874
21136032
17971562
16772628
19907370
17139578
15785991
18471674
18777821
20583686
18427782
20838335
21729955
20920067
17342851
16570780
17208924
16169582
15986935
21664737
18079551
20192064
16383053
18035261
17633074
19552342
18445861
15788080
21332373
16777833
18238790
15705269
19721927
18301410
18410057
17456000
20167091
21684415
20618606
19272291
20192715
17851361
15993674
19797499
19619374
17607865
17284233
18438165
20064971
15763120
21298950
19024232
20433728
19672055
16480050
19852799
18319292
16427245
21592032
16422057
16342351
18488774
15973859
20110341
19587371
20486476
16623043
17289540
16715030
20184420
18787486
18388844
21492274
20547285
21301273
16677387
18360246
19558943
17120955
19242841
20463086
20030498
21853670
19947049
19406735
20031877
17473397
16950811
18644916
21305423
20054079
17042319
17477226
19801942
19340984
19100944
20074300
20738389
20218895
16224500
17146022
21039087
15576873
17194678
18041230
17516117
19094227
17279450
21674430
17828004
19398374
21277030
15548439
16137393
20217961
15658237
16937841
17637592
17141572
21768431
18294032
20469777
21804485
20586354
16340403
19740063
20602138
16802677
21233138
20922339
21071434
15842207
21287147
20688258
19323701
21585696
16954053
17259199
16680055
19674454
20218030
17524286
19054806
18062730
18407002
17109114
17907756
15862499
18572540
16635939
20392642
21982517
18610923
18945360
18488966
15902037
17139034
20673256
19166437
19566991
16553671
15912087
20846225
18828703
17563290
18548407
21098046
18754818
16752053
18655322
20586908
19777359
16516977
16638028
19700054
18361948
16326211
20303665
15984453
17025041
16055775
15744328
18333555
17154706
17973711
19331058
20426298
20609647
19271660
16894224
17158127
16494533
18825582
16683507
20222486
20179530
21306064
19135732
16824205
16671031
20046112
19159873
21664135
18175246
17613605
16335351
21940747
19499993
19709792
20398358
16004104
15682263
20107917
17552954
16913432
17304570
18047923
20097440
16841229
17660736
21694729
21209146
15543666
18619689
19399982
18572721
18240655
15576523
20859114
19827576
17063979
17010664
20654882
19471048
16495923
16911052
16444104
18806331
19860093
17966819
16270739
18437382
18496086
17986338
16416459
21239085
15659925
15580111
20675292
17204509
17007487
18636228
18162970
20507557
19152282
20830947
17294020
21820837
20719740
16619734
19118293
21385085
15669775
21875533
19554988
19590863
21155399
20673155
17577165
19800711
19665338
15830302
17330987
18376524
17936640
21205946
19747200
16214450
18339337
17607816
15993978
15807057
18828167
16922100
17762845
16222396
17473044
21066978
18066618
20123762
20471438
16972543
18605344
15764743
18032303
19638023
20068465
19021492
15518592
20137029
18664802
16637384
20853066
16632189
16020853
20090658
19403495
16417700
16854239
20618313
19806370
17224350
15741498
16127571
19578819
16378147
16320785
17280918
20562092
19346212
18846974
20517109
17302096
16821472
20071834
17038111
21661613
18333720
19726455
19168948
17343148
19653141
15597292
21667573
19919189
16986752
19487354
21469512
17001836
16960535
16316443
15810747
20219269
17262860
16310435
17102289
20801921
19708928
15834342
21884497
15841708
16849917
20356981
17575652
19090872
16512032
17384514
18561635
18025431
17249312
21747315
21432787
15634637
18520461
20590889
20500646
16981799
20458642
16946440
17712297
18322028
15701148
15815961
21952571
19039740
15823383
18344812
21471881
19146559
16493532
18978694
18474979
18709836
20119630
17683100
17931328
19279488
21513445
21333018
17694612
21317789
18248470
19554856
17605457
16639201
19892332
17445096
15717336
16499116
17153260
19497746
16326789
17046220
21297320
15575037
15706832
16889326
17519604
17124874
18199848
18428101
19459399
18286854
19659963
20671001
20220273
15728223
17368665
15555469
18418017
17662754
21601725
17824267
18174867
20508678
20394460
16449865
19621441
16413434
19475826
19566639
17977491
16523371
21241193
21055846
19824261
19186229
20027287
21676049
15880339
18427444
19605422
19288473
18774436
21163648
19849909
19001611
16955034
17907692
20540834
19698054
16449684
17671240
20383478
18492377
19012786
19426295
18044414
17579337
18415809
17294027
17139816
16497265
17626254
17620921
17901183
16859865
16717005
17616336
17144841
21384566
15871791
20046114
21145491
17389409
20882832
19673057
15877684
18839647
20691139
15729063
15893053
20389216
17331800
16294804
20543370
21817972
20546168
19087465
18580081
16045414
16011504
18166697
17229425
20625568
16018107
20362944
19420036
18688600
17912778
16479203
20109006
15986722
15741409
15640682
16492233
19655602
19327315
21899216
17969665
17131640
17446825
16223108
16330966
20415111
19247885
18377550
17386392
19488838
19773646
19577834
18616200
17768187
16939565
15736600
15680559
21092359
20712207
16989234
15641947
19055408
19687703
21708368
18816746
21555502
17265821
18074477
18552265
20373169
16905030
18584275
16938355
16566531
18077219
18401936
18652065
21223401
19017370
15547313
16699339
18777696
20159525
17364798
16142017
21878602
19896893
18433658
19066140
15890040
21035300
19597654
17070347
19967948
18758747
17210996
17575092
20367820
16330385
21596892
17625078
19751379
19839548
20007819
18322744
20371636
19963148
18423167
20606138
16781919
16135524
16968437
17760300
16292624
20144029
19550350
20716551
20582852
15705243
15560706
17074942
18329222
15966089
17347190
21464103
20354923
15864364
18316754
17478471
17413755
21722765
19364996
16263613
21138831
21645388
15646394
18337434
21368535
20334748
15984561
16627793
16449886
20019512
17953298
16146487
18158520
15935671
21831277
19523058
18029541
18211951
21035029
18956505
19947783
18422266
16185590
20170303
17228785
16920649
17902385
20658353
17496444
16673834
19156467
17259659
20152089
16965306
19117527
15817601
17942310
16200520
15798925
21969408
21229866
16106491
21029353
20546095
18648892
16136829
21176228
19227631
21121764
15686081
19612973
21278690
20695950
19579420
18574393
18597730
16446871
18600601
17895631
19004659
20558789
19232221
17899999
21682172
19711135
21480493
17087825
16983480
19179790
18685374
17096603
16544676
17583402
19237043
17366916
18072473
20722810
15973272
16960256
16981555
17880351
20192817
19702606
16327529
21323007
15831420
21323461
19756511
17437826
19609073
16271129
19428093
17711769
19024832
18355797
20961582
20739360
19380442
19797134
18829659
18156960
18788984
20729253
19835495
20649671
15756486
19190999
17459132
17000345
17509048
16024417
17621356
17551855
19952796
19592956
17453266
16048666
17256810
19267003
19186228
20180665
21518312
19338115
16884888
18474884
19916355
19323836
20431501
16137587
20077792
18537481
19485873
15923949
20645666
19842865
18705146
15584496
19050937
15534306
16491032
15690896
17988613
21520676
20660533
15604154
16271294
20214255
19101457
16505428
15983929
16943731
17019343
18355699
16358531
17509336
17538077
21271385
19307895
17077409
17547266
20824553
20379944
16357705
21334805
18236650
16878852
15960059
19752152
17134633
17481486
18802162
16683218
16919162
17430740
17164455
16673197
20458007
17655539
19441657
17477005
16338800
21418365
19405342
19702814
18375670
20433438
15815960
18826905
18494430
21144018
16487900
15722845
19999433
16886245
18503797
16623375
18415920
19408781
21034884
17213999
20633939
19008976
17228437
17693832
17252603
18629621
18728518
19068581
17901828
16623143
18637637
16725021
20890136
21123231
18556692
20939945
16119488
20142133
21493350
16970536
16447530
16477200
19025084
17595276
20884161
19638060
18709808
16918744
17521255
19228305
17650693
16989348
20178185
17135856
18050529
18091280
18039550
18195274
18566078
17933370
16769462
18266568
18762528
20051400
16923479
15961914
16167658
16794094
16544715
16640744
17583080
16218150
17167014
21173438
20360787
19772119
15755396
18214334
17394520
21696240
20685907
19281590
16171109
19067063
17852888
16164654
17397375
19001913
17992703
19096487
21674913
20009883
16570543
16873595
15718186
19785974
21473530
21078683
17279193
18826994
20380748
15645771
21821967
18306916
17283922
20681376
21546787
17263056
16336547
18229987
15817604
17396681
20962307
19621342
19657880
19930289
19768806
15517297
21476860
17628387
18498567
16464258
21381548
16684638
20730061
17681268
21070639
16076792
15760496
17564561
20406519
18312731
22124875
19327064
19477972
18979547
17074863
18198364
17518381
16598327
20545492
19445342
16838562
18232614
16544858
15718187
17276800
17407796
15892429
19183330
17099116
15840068
18618894
21383360
20722884
17238944
21119382
15571902
16546447
20807992
15960789
16164398
18322130
16398299
17283622
15713926
15718191
16758094
17955211
21068107
18332745
20823020
18974707
17582028
19542423
18361145
16425810
19840129
18608170
18259816
18591305
20427307
19767272
20830822
18053404
16099126
20478508
16405706
15736905
19782915
15887805
17717804
18677715
18088407
19656110
15785293
15658736
17381876
16977402
21540250
18578222
17037446
18441628
17983723
17544880
18026998
18188719
16493293
19766889
21424075
16447620
17550092
17963879
16915060
16114804
19072013
20103026
19226872
19656719
17286203
17697218
15584668
16594292
16877178
18412885
19926562
20679778
16523570
17444070
16913612
20401497
18379288
17036462
20131584
16871057
15584489
20122595
17268138
17687192
15920317
16846179
15871929
21554711
19718056
16677177
20216504
19488997
19413614
19838889
20178429
18095044
17544044
15725826
17681123
21958380
17980798
21987988
17144913
18594490
18243580
20881158
18457754
18694250
15704328
20500352
22066277
17109748
20203634
20868254
16977900
16863005
17394639
16981970
19585320
17609848
17539455
19491735
19105812
18053268
21044136
16627396
20094000
16381100
21191698
17389535
19194118
20951557
18796049
20836633
18596630
20855760
15826479
19042817
19653615
20809471
17986485
16410436
17033234
19943192
18558170
17694232
16456206
18083238
20146042
17929507
19592857
20539807
15946172
16466404
16734003
20221862
19122987
20511685
16802428
18273872
21486129
17258017
18447987
17432333
19084895
19479670
16181263
16378255
20303232
18427230
17633581
17270062
15807750
17151898
21736977
17397367
18029393
21266280
20373224
18769182
19697810
17088170
18260857
17345975
18349006
17408064
15900803
17175591
17064819
17901176
20220657
21057073
16971707
15936561
21438866
20124024
18058690
16700786
18824835
17675247
21939406
21424566
21621729
16651301
17536995
15651985
19359313
17392931
19396490
17393568
18519105
19780749
17563600
18926047
15832885
15688543
16395067
21267565
18853903
17486196
18244998
16481897
15624582
15741583
15791765
17708181
16688663
20335919
16170788
20069472
21911555
18269433
17000480
16594423
18774872
19464745
18709694
16275111
16498154
21029491
15793022
20331382
18664509
17972671
15836531
18097853
20943579
21375430
15769971
21209127
17091600
17286730
19373991
19495942
21514839
17888097
21323082
16908918
18954641
17629906
20714196
17451088
18060203
19021484
16388791
16097256
21334768
16808691
15643795
20157964
15889813
18856128
19387270
20530804
17559722
18361028
19106282
16464798
20595211
19917937
16027505
18852581
16913374
20070794
19670361
20712421
17994404
18416794
17205125
19435180
20496559
19322971
19345609
18777217
21226411
16078408
21083512
17949402
17607559
18093505
15626929
18777145
21809283
20880367
16585329
16205552
20375299
17668610
21651372
19103329
19682011
16136875
19655499
18257966
16517497
21278673
20540386
18628695
20236861
17502434
18256844
20117563
20023471
18512659
16752962
20151854
21958923
20442616
19972656
17846046
21205545
16913521
21915586
19845963
18326458
19256209
20220685
21922704
19538801
18197862
19650541
17413780
18727751
16388192
21762837
21129950
17676967
21244252
16841813
16227665
18410449
18235395
18751654
17959006
16234014
18608102
21563541
19065867
21782996
16453088
16425897
17363884
20677444
20806671
15810757
21990386
20487075
19901582
20125069
15609073
17888181
19120581
19929185
18424316
15640361
21223592
19665617
18510576
21666467
16021258
18979706
17353747
18194624
16813541
17569459
17305299
21471897
18035846
17556899
21834720
17822571
19336668
19445338
20066735
17984404
16338916
19186604
20841984
16626950
18803496
18226763
19620221
20114124
19061026
18450682
21446929
21386081
19033871
19055272
17899993
21299991
15949176
16529223
18727823
19813296
21305537
15844721
17966292
16272425
17438635
15590035
19811553
19875841
15962490
17239060
19572102
17904337
19426945
17964976
20659201
16134620
21352432
21066933
18061006
20227811
15534620
19768640
16475874
19820535
20164712
17380843
19847721
16503005
18803547
17162992
20387368
16027335
20381407
20649457
21206744
19541573
16033588
21309317
21649621
18582300
19416037
16892657
15682725
21548477
16148510
16542812
20804886
21469488
20130160
16445855
15833465
18785916
21191680
18077034
15699831
18304060
19011230
18431302
15513801
17761058
19100145
21619745
19120949
15526877
21127101
17244671
17164685
17717570
20660825
17786036
20537837
17581772
17166270
17656287
20100361
15855177
16136455
21301699
19146557
18637748
16618023
21896227
19032209
20480972
19107768
19331257
17854729
15759205
21119309
20005860
21089994
21158258
21710761
17827082
16530604
21537150
17727593
18283061
18597187
18788957
19216482
18952393
17315515
20851087
19750566
18257761
19957481
20514880
17327187
17356085
18223263
16820831
17766740
19482401
18051963
19700889
19268393
16774021
19066170
20398115
19331247
16492098
18578452
18179495
19061173
20672461
16505421
16572537
20618947
17717750
16767588
15603635
16789669
21069116
19431054
17490938
20087969
18261060
16335724
20345206
18809151
17502812
16645494
15546644
20303230
20453359
20537639
16267966
18363464
19667840
15776901
17475123
17446075
17413549
21706994
21182382
15788062
18362820
17406111
16720486
17696113
19697042
19073783
15805142
15571880
19176708
21206350
17268141
20392641
19780850
21317630
19116753
19038479
16291314
15683271
18206281
20494500
15761452
17384356
18667357
16334082
16897374
18365290
17421094
20220626
19208283
18192863
19041225
19221164
20842912
21126191
19671646
15829479
20133957
15770114
17452732
16439321
16843744
20832923
16331364
17958932
19930219
18622457
19948571
18504057
20950434
17728797
15778075
15552460
20001494
21184957
17610056
16215498
21039231
15851372
21186282
21863697
15994709
15875276
20534276
16922047
18824621
16757794
18594905
19261144
15590218
21659986
21894865
20727058
16884157
19222655
16585087
19665686
20167832
17593306
21073826
21702285
17044342
15606832
16130681
18437597
20590508
16176899
20465765
20095186
17693906
17000475
15526568
21675150
16957636
21143502
20496298
18389318
18702636
17307794
19092590
16636733
18480675
18547400
16484903
17099506
19706667
18271675
20099773
21211662
18435361
21710873
17907011
16447609
20354244
20495474
17991366
19401125
19757018
18998806
19068898
16606431
21569613
19591682
15794082
17409612
16669410
20532593
15946608
18950298
21290908
18569903
15641613
20302257
18188973
19779771
16186876
15923994
19794306
17897420
15801246
16784473
21224944
16327346
19300218
18385151
21497505
17359902
16181185
16621564
17676236
17613462
21146876
16945065
17166062
18580386
15624349
16855862
18400685
20159217
18608606
21242528
19685441
19260369
21651362
16388872
17176515
19534034
18199300
17984217
19135577
17093912
18433879
15916471
18157449
21117508
16242291
16690691
16160678
19806816
15536815
16110012
19695878
15957698
15573072
17263047
18387481
17477227
17785644
16138454
21320347
18788230
16227770
17069582
16501132
20081692
21140859
16918080
16730107
16476748
18662169
20356430
16684162
17007618
17440306
21650136
19771532
20010984
18240940
19323709
16318233
20738736
15685097
17620528
15823204
16625992
20362383
16569412
18682352
18678199
17673769
16268072
19225847
19492674
17594526
16161386
21425244
17664502
21411839
19632561
20033786
20816107
19161016
19579066
18515751
21674892
21342041
19775850
20457326
15980421
16315770
18988729
16584466
17117333
19282824
20434950
20017073
19531265
15896697
19024823
21809286
16327572
19025956
17559614
16670575
17616315
19385348
16418828
15918423
18371576
20959587
15810753
20602139
20197226
15807052
20422449
20855823
16402952
21747417
19654222
16704017
15690865
18662870
19023164
16941919
18683450
18379664
19653389
15645894
18508820
19803665
22053656
18586816
16899938
16808144
18292422
21744575
18708248
21659317
20018989
17099994
21898454
17523576
20426301
15553361
18328663
21252349
18724112
19467120
16676553
16117008
21460588
18551334
18454779
17413370
15762982
19839782
19182274
15918824
15709218
17085615
20677673
21955399
16116782
20228359
20926545
20581652
15617396
21215487
19735585
19866508
21516665
17515638
18423732
19705986
19842578
18452864
16872121
21143363
17252078
17633591
16925539
16029974
17213738
21462439
16275521
20649437
20113757
20552538
19416419
19492169
17115284
19751898
18399022
20040124
16609323
20940569
15612401
15540618
19307508
21305312
16169727
17976282
19273865
21367604
18812804
19602171
19543809
16722853
16485588
18720633
17687084
18718157
17391090
16192192
18828170
17851088
16371681
18363510
17968220
21300920
19640169
18988613
20695669
17444399
17154112
16378786
18725832
19765126
16509940
17880415
18831397
21144952
17144222
20092135
19464761
17678779
20102984
19694845
16550938
20644185
15725203
19017598
18290981
20552377
21952383
17569191
21879667
16255328
19366949
20397529
21977784
20404777
16604803
18604617
16958724
20225409
16302938
18354747
17092453
19187170
17486466
20631585
16759070
19705640
19154311
16296210
19493147
18326411
15976099
17290052
16156194
16829828
21219504
18852639
16222349
19061746
21129180
16295153
17257516
16679426
15781174
18411951
16687696
15723743
19339444
22108268
17723968
21242267
20163229
21727758
17427794
19373187
17469364
19247542
15774054
20610314
19024048
17710491
19816624
19341041
21702400
15603685
18792656
17632126
19061176
19775042
19514230
19770368
21486116
18456539
21192167
15851622
16926949
15839236
16750703
18955918
17903244
16160191
16680222
20360409
19266713
19962737
15532442
19323715
18797222
17846560
17413920
19564320
21156297
18444044
16493319
20538363
21074218
21221659
18666907
16637941
19771393
16233998
15686094
20597453
16843633
17885971
20063215
20334556
21712255
21061899
18036011
16809119
19258150
16676288
16756051
17713366
21429528
16208592
20201248
18227889
17873711
18649107
17128395
19848548
15931043
16266035
20446632
20499780
20447654
17899388
21999064
20175678
16907982
18669711
17985682
20969741
15996361
20220670
19371417
19054472
18297170
18416356
17626023
21411823
17626961
22078678
17333798
20720084
20601641
21598809
21469986
19874099
18082665
18022814
17592294
16342920
20940584
21041006
16757775
19127228
16130927
17102470
18580518
19723271
20172454
18312617
21526522
18958984
19044312
21765330
15887946
20364558
17477793
19920744
20423380
20946209
17411863
16764560
18395025
20297746
19320675
19926988
21418755
16149984
18613459
19650749
19203485
17727546
20122508
16438774
20398133
19081704
21210354
20182813
18484975
18520663
20571180
18646587
20441064
15739632
18410659
15992186
18477722
20863357
16235575
16942122
17319372
19194685
17406014
21550217
19317314
19925650
17621972
16845682
16586379
19781838
16973415
15918239
17587085
18754190
19390094
18289238
18462854
20103081
19229399
21787434
16943212
15960692
17140424
21193164
16557152
18538216
17359565
16378770
16099552
19032074
16231569
15551517
18693400
18519997
18324667
20122027
16409571
18221469
16322176
18714747
21075729
21447047
21480489
17126163
16023822
21780091
20006413
15534158
19342527
16468598
18334246
20107291
19542381
20128768
20155327
20824736
18458291
20054163
21112453
21768616
15867984
18808693
16620820
21228097
17217611
17676697
17227981
20547077
17074822
18979955
19300221
18234699
19694849
16013292
19735590
19879730
18063540
20686765
20461785
17474812
21853824
17102341
15871873
16918787
15635789
18165379
16808695
17149428
17984649
17334470
21966720
17918304
20057330
18570598
18042214
22043493
17336866
16614844
15779248
19861106
15656847
15937381
20825270
17936543
19116974
20409525
