16710290
16713512
16740408
16735667
16732017
16731544
16731093
16724286
16720488
16783842
16783533
16779356
16775516
16770291
16769120
16769119
16767629
16698254
16834823
16831791
16831787
16826552
16824155
16818831
16817801
16816559
16815234
16808754
16808742
16808739
19442347
16792939
16686824
16893332
16892935
16889912
16889321
16874785
16863491
16862935
16862605
16861012
16846868
16842475
16779349
16957458
16951294
16950728
16927582
16925454
16925196
16923645
16923412
16923037
16918071
16915802
16915611
16915542
16912623
16910755
16898370
16898343
16649271
17056206
17055634
17045182
17044763
17044761
17044211
17042319
17042149
17035888
17035672
17035660
17035433
17032951
17024766
17022338
17017312
17011901
17006873
17004998
17004019
17001259
17000585
16987050
16985088
16984223
16982299
16981555
16978554
16969312
16969171
16967155
16964793
16963195
17138486
17138485
17133206
17133200
17133196
17133195
17133193
17133191
17130195
17129892
17122526
17121506
17117531
17116636
17116059
17109246
17108631
17105531
17105519
17105517
17099012
17092860
17090723
17088110
17085613
17084759
17077170
17077169
17067241
17064202
17058736
17249394
17249312
17245547
17238669
17217139
17217133
17214831
17213479
17213012
17213005
17211716
17210075
17206950
17204738
17200172
17192116
17188854
17185207
17184489
17184312
17181676
17181082
17179259
17176366
17174045
17173486
17162118
17161318
17159950
17157363
17157128
17157124
17149993
16565628
16075473
16054544
16045370
16037723
16036246
16019873
16015222
16004157
15989161
15987331
15962433
15961289
15930200
15926309
15917847
15912377
15892429
15889663
15841528
15837453
15818344
15812103
15789471
15787666
15764960
15763717
15748072
15748068
15743155
15737277
15736826
15726868
15724796
15724725
15717976
15716890
15715897
15713790
15707095
15705271
15686333
15685004
15681311
15674780
15674049
15655052
15650513
15637978
15636495
15583255
15582339
15575521
15575520
15573804
15546535
15540496
15539975
15527003
15521285
15520701
20298379
20177045
20159563
19382363
19297570
19180390
19180379
18997153
18996427
18990949
18979961
18978397
18924544
18853711
18853348
18847122
18833362
18828170
18824835
18812590
18809051
18797726
18797535
18767515
18709582
18694116
18652974
18646653
18633705
18567965
18544210
18465228
18437070
18437069
18430335
18405206
18393960
18341179
18340089
18338961
18336265
18334246
18333404
17496721
17494426
17491563
17489875
17488191
17479949
17479948
17479023
17478667
17478643
17474812
17457099
17456817
17456000
17449480
17449437
17447094
17443369
17441372
17439995
17437502
17436204
17436074
17433805
17427544
17425765
17425280
17425278
17419799
17418924
17417934
17407045
17405224
17400518
19998962
17394732
17394668
17389445
17380369
17379058
17378836
17364243
17362548
17362217
17361513
17346918
17346917
17330297
17329464
17322163
17312215
17310422
17300634
17296877
17295075
17288274
17284277
17279193
17277240
17274693
17274147
17269854
17269843
17268940
17262005
17261454
17259469
17258801
16636908
16620354
16610112
16604979
16604295
16597057
16569106
16564767
16551381
16544895
16544655
16544642
16543906
16527004
16510373
16490946
16467317
16466089
16464186
16456411
16444128
16442452
16429686
16421657
16401678
16397991
16387109
16375805
16374227
16363417
16350354
16343377
16343375
16323713
16319707
16314547
16287696
16280708
16272425
16268750
16266952
16262088
16253622
16250121
16231113
16230302
16221651
16209971
16208592
16208533
16201955
16191142
16169582
16161382
16153478
16149231
16138633
16131011
16120506
16119584
16111443
16097220
16079372
15952435
15931020
15894959
15894085
15832666
15818343
22125829
22000872
21875533
21762030
21724798
21672649
21639900
20601727
20530783
20527597
20419883
20337146
20077597
19907240
19719547
19710430
19710248
19706071
19674433
19668067
19653047
19639897
19626443
19592331
19589007
19551881
19551273
19550350
19533810
19460887
19446121
19444896
19430679
19415672
19387093
19363568
19357421
19341069
19327952
19320354
19293307
19288652
19272512
19268741
19237822
19211414
19204614
19180389
19175063
19147238
19120591
20351916
20351873
19106431
19088518
19064871
18090910
18089327
18085742
18082669
18077833
18073328
18068600
18062506
18058397
18058276
18056599
18026814
17975441
17931324
18047923
18044192
18034967
18031843
18031431
18030865
18030540
18025491
18023130
18022588
18021164
18006381
18005515
18000133
17996802
17994440
17991935
17991598
17990233
17986951
17985502
17934386
17980654
17978589
17970932
17967842
17955683
17874873
17949402
17946369
17945965
17925064
17943595
17942364
17938342
17934828
17924286
17922478
17915066
17910769
17906050
17905442
17903141
17902602
17902163
17896742
17892635
17891043
17888805
17888721
17888108
17878216
17874516
17855466
17853369
17853178
17853014
17850526
17847735
17847618
17846560
17822779
17806000
17786070
17784659
17766564
17764606
17728362
17727125
17724424
17719512
17711381
17711143
17707710
17706756
17701245
17700384
17697454
17697197
17692229
17689374
17689372
17685733
17681395
17669151
17667338
17664093
17664055
17663682
17659062
17658179
17657327
17650971
17640105
17638181
17636573
17634109
17630271
17630270
17620036
17608872
17608250
17606170
17605569
17600453
17593642
17589371
17587559
17584430
17583103
17582252
17580126
17565929
17565809
17563920
17563050
17559722
17557486
17552337
17549616
17548273
17546919
17540805
17540553
17538853
17536384
17534463
17525686
17522972
17519048
17518525
17518122
17517545
17515782
17513285
17512862
17508619
17503684
17503172
17502632
16478832
16366045
16364937
21719769
21714895
21682586
21679416
21665340
20966859
20858885
20853534
20843888
20841651
20836797
20827132
20803390
20726270
20719751
20684426
20684415
20684402
20684398
20684381
20663456
20642050
20632081
20630793
20617292
20598086
20591998
20585083
20579603
20575232
20567190
20561763
20543380
20522076
20500136
20496423
20455787
20455148
20453057
20439348
20436049
20430654
20394460
20382179
20354236
20232131
20228633
20219778
20218274
20192079
20166379
20148609
20146366
20134337
19142111
19139444
19134514
19133387
19132326
19131884
19129293
19121194
19118771
19109334
19105519
19092468
19072104
19062110
19055408
19049226
19027448
19021908
19010243
19010074
19004360
18999908
18973674
18972089
18955430
18928735
18928036
18836390
18835648
18832504
18830087
18824621
18822640
18817023
18812017
18803997
18797747
18785917
18778390
18774997
18774663
18773321
18767253
18762643
18760125
18754706
18728518
18727992
18701234
18700349
18675614
18695796
18689293
18670261
18667919
18662870
18661189
18648956
18647128
18525065
18644511
18641526
18634632
18633018
18615321
18612329
18593261
18586576
18582145
18578676
18578221
18567966
18567190
18565801
18565436
18564695
18561005
18559399
18558894
18556185
18554077
18544976
18543839
18540889
18533781
18525385
18524368
18524353
18524164
18523144
18513825
18510663
18507891
18501071
18498924
18498220
18494288
18493615
18485268
18484321
18481644
18474989
18474148
18472611
18472496
18460985
18460266
18455052
18453849
18453793
18451127
18449821
18447935
18445704
18442318
18442305
18441253
18437067
18437059
18435606
18422203
18419888
18417441
18416812
18415809
18408402
18408401
18397719
18389368
18094791
18384445
18381987
18378831
18373578
18372217
18363459
18361541
18361259
18355593
18352966
18351625
18349433
18348911
18341244
18338960
18337534
18332276
18331535
18325457
18325454
18321582
18317847
18316847
18314388
18312040
18308263
18304972
18304896
18304337
18298835
18295872
18288910
18286346
18285564
18284523
18278637
18277815
18274316
18269302
18266663
18256563
18252074
18240989
18235050
18174780
18227463
18216062
18215751
18206522
18205577
18205251
18202244
18201593
18200453
18199282
18198804
18197449
18194594
18194352
18192132
18190478
18188993
18185877
18183878
18179467
18178132
18089983
18166096
19288372
18163191
18098310
18097211
18094342
18093505
16752111
21791271
21776242
21592161
21557378
21547646
21534834
21514484
21457279
21448038
21447231
21439186
21434551
21426753
21392190
21382797
21375430
21363906
21353124
21353121
21331556
21325065
21323238
21304096
21281126
21276566
21259126
21195887
21184987
21173436
21145404
21144472
21129400
21123085
21092015
21074180
21041738
20598987
20593974
20576340
20570443
20569765
20565346
20556896
20535800
20509066
20500277
20500251
20496613
20458677
20415208
20398258
20398111
20388863
20381305
20380847
20374101
20362713
20348198
20306860
20235421
20230628
20213580
20210821
20209741
20208049
20205545
20203082
20201628
20189333
20172388
20169210
20163979
20160262
20159506
20146552
20142572
20142568
20129882
20117869
20108713
20102852
20102101
20088981
20087084
20069315
20064272
20050427
20047613
20046150
20044315
20042423
21526559
21389942
20037616
20035244
20034134
20032167
20031845
20031809
20012343
19998079
19997077
19995464
19969157
19966072
19965037
19964427
19952780
19951084
19949221
19947817
19930016
19916634
19915270
19911481
19909555
19906622
19905880
19901905
19899196
19889711
19885649
19884620
19884617
19883146
19875024
19866538
19866535
19858959
19858958
19858950
19858451
19856541
19852197
19844843
19826096
19821723
19820281
19820278
19810225
19806772
19806771
19805653
19804994
19787466
19786928
19786884
19786882
19781426
19780849
19780692
19774423
19753952
19750566
19750190
19745639
19745371
19723373
19715624
19715452
19714379
19694880
19678740
19659407
19653373
19652427
19651709
19651405
19641933
19641261
19624534
19609568
19588633
19584762
19584692
19582523
19581180
19566401
19920304
19551607
19531081
19530570
19527383
19523017
19516142
19515272
19502135
19485724
19461486
19460064
19459828
19442450
19433839
19394018
19379114
19377241
19370285
19369045
19366389
19344442
19300186
19299162
19294994
19289342
19260772
19258526
19256406
19254599
19250793
19243274
19242921
19240235
19232221
19213768
19210017
19204419
19203299
19200387
19196838
19195050
19192029
19192002
19179811
19167953
19166398
19162408
22111391
21970275
21946962
21906397
21905489
21900620
21892945
21888454
21877456
21875538
21864887
21841724
21831277
21813731
21813431
21795134
21794162
21748998
21730228
21729322
21728047
21727273
21724791
21722068
21720406
21700138
21669374
21665341
21665046
21665045
21646916
21640886
21616029
21615460
21612518
21596892
21596413
21576036
21570514
21559280
21558134
21553622
21532646
21507078
21518295
21507489
21502163
21494166
21492273
21488486
21478378
21470734
21466704
21459263
21457596
21456939
21441543
21432787
21414595
21406671
21393123
21381893
21368684
21355639
21353120
21343937
21330929
21327502
21326970
21323532
21320198
21316540
21314932
21292757
21272382
21265285
21257171
21251274
21245600
21226886
21219522
21219516
21199207
21198805
21194660
21188326
21134297
21130703
21128694
21127097
21123409
21109549
21096873
21093703
21093304
21091367
21090987
21090922
21078547
21076309
21062571
21062464
21055278
21041598
21035700
20979462
20954134
20947449
20935569
20881917
20853050
20878840
20864948
20858878
20858108
20837819
20837284
20828851
20825836
20823391
20812495
20732577
20696034
20693238
20692658
20692220
20688893
20684760
20675981
20674774
20663077
20650025
20602807
20580606
20500347
20500338
20489639
20485670
20442352
20351550
20238331
20188506
20137091
20134279
20091582
20067327
20023333
19754965
19741541
19615730
19575308
19538648
19538565
19517617
19481879
19459239
19373635
19370691
19264569
19196034
19090383
18846786
18425859
18405345
18303937
18194522
18090265
18047501
17980798
17854736
17767899
17443556
17402951
17332096
17249858
17213048
17137189
16982297
16708137
16708043
16707584
16706710
16702204
16700903
16700139
16690560
16687380
16687379
16686817
16686290
16680738
16675762
16652320
16650123
16649833
16649832
16647414
16644628
16635464
16623608
16623606
16609824
16609639
16603749
16599385
16579882
16567610
16566617
16563940
16554147
16553757
16553506
16549294
16548716
16541307
16540488
16533416
16522994
16520677
16518558
16514590
16511885
16510347
16507619
16503318
16478839
16475892
16475891
16470251
16464205
16452697
16447646
16445251
16443406
16441983
16437510
16423127
16421464
16420107
16416762
16398874
16398792
16394454
16380750
16379510
16374136
16342302
16336549
16331115
16330301
16319547
16309742
16308125
16305292
16293538
16290975
16276568
16268755
16268751
16262543
16249712
16242926
16242298
16238905
16236868
16235271
16224611
16223653
16222853
16222396
16221800
16210096
16207699
16202372
16185370
16183735
16178134
16175758
16171854
16161385
16160678
16159977
16158204
16131306
16125761
16125634
16125029
16120502
16115301
16104635
16104453
16095436
16091895
16091027
16086614
16084800
16061443
16046566
16036264
16036253
16036232
16032913
15998926
15998167
15998166
15993960
15992499
15991756
15985053
15983308
15983239
15974555
15957134
15956826
15946460
15930237
15927296
15920457
15919283
15911728
15902873
15899727
15898822
15898219
15896238
15887875
15876301
15867495
15867287
15846672
15844289
15837438
15826548
15825121
15811492
15811483
15806322
15803895
15798137
15796091
15789943
15786888
15782620
15780153
15777026
15764962
15755262
15751766
15748685
15744142
15726237
15722389
15715337
15715123
15713186
15712814
15701763
15683749
15674925
15662149
15657115
15645930
15632894
15630053
15627873
15626274
15624749
15602707
15600217
15582348
15577825
15572501
15565075
15563816
15555490
15555479
15555477
15535408
15530579
15527668
17548447
20219077
20432991
16527786
16104485
18187916
16641660
21782996
19931826
18793099
18557284
16403595
20026689
17957525
20846245
18248406
17156416
20562249
20959765
16501132
15794420
17535600
18318967
17482878
18826994
21292637
17360793
19379514
20025452
21348930
16119644
20020089
16354866
21416871
20635280
16954053
16039809
19725216
18435869
21130334
15829458
21255542
19449746
18279125
16354865
16047637
19678919
21182442
20676776
17661954
17805222
17170595
19932475
17343952
18346551
15546817
20183681
21605382
17666979
15754566
17724401
15597837
15930933
16583345
17334470
20122607
15552859
17089490
16618863
21345297
21193084
21780884
16629575
18184164
15695349
21610353
15909787
18084967
16224411
16464798
18612163
17902537
19445645
20501561
16498199
20923990
15643795
19850549
21692258
20595529
18478489
20177040
16677192
20959723
20632648
15756984
19785580
16613286
17932723
20890152
15913121
17263734
16294146
21272278
19373953
18264188
17472515
15956871
17203451
16684439
18779462
20045208
16879380
18975287
18226676
16829831
21401482
21488749
21159898
17963863
19058069
21667548
21119382
20838319
15909695
15948295
16683993
20509805
15552378
19366949
18423616
20338426
16530113
21466580
15868336
19592825
20957393
20051070
18689134
20421049
20221862
19517167
21275285
18571013
18340076
20146022
20564060
19632844
21040017
20889279
18937139
16563316
17692636
16719737
16170482
15595226
18210184
19153394
21661649
20056018
19788555
15896412
16202888
18074870
16773256
20618606
17379353
17491498
21449182
18307602
15579354
20552855
18350510
20001883
21448039
20440564
16052926
20602759
18096863
19397431
18982233
21462059
19955454
15616420
20500281
20146000
16629569
20552281
15791370
19863980
16087823
19124631
19818581
15831194
16185923
16491032
20044163
17430450
18403661
16844340
20946497
18417745
18386449
20719816
16802680
21429885
17355763
19451460
19216985
18085429
20608316
21499008
19573401
19135577
18610926
15926033
16119142
16100192
20032766
18693944
17591411
19147647
17361586
18328963
21302877
21669517
18340510
17356436
19560692
19942108
15877640
16641821
19448495
18340506
20393965
18196387
17015865
21248207
15840079
16955034
15899224
16461246
18497006
21083403
17308454
18081373
18272613
16634121
20890002
21241205
20546464
19702606
18979856
16928410
21368514
15931047
18022045
15605326
16500578
17336875
17048351
16711076
18416279
21295755
17908755
18216738
19656110
18427398
21510132
16241917
16982001
21689042
15763710
20434634
16371823
19114574
19194310
18347487
18001148
21218696
17294063
18067659
19353313
16463647
17001949
16628180
15872121
16078356
19344195
16464930
16963668
18200763
19500346
15653253
15912690
17971352
16425109
16114745
21214989
16925546
17630007
21413898
19018650
19249104
17347826
19487354
20946571
22017017
15683053
19247226
19225320
21073291
16043532
15603703
19919172
16620253
20618313
18337077
15564361
17434621
16877656
17264698
21123504
20000254
15548103
21128818
17302596
20200830
15800302
15613829
20837950
19625557
19804795
16392432
21442345
19799738
16167453
15536971
21134140
20410056
18556081
19144970
21366669
20857673
20537837
17541752
21073063
19386565
21639659
16900281
19838868
18021781
15656249
16287559
16754815
18608064
19261197
21592063
19225847
17910543
18569235
17490938
21545947
15588356
20502175
20306843
16476133
19918088
18668612
15718326
15890046
19038750
19751517
20214703
20423374
18570598
17633945
17658961
16627240
18307597
17394651
20642413
17727772
16300416
17558823
18953226
18664509
21045783
16544687
20584278
16127527
20658430
17955355
20419564
16264176
17991602
20110341
21269458
15751329
15674950
19018905
16280946
18196842
19653388
17069466
21382252
20538363
19248411
20357704
19286854
17874227
18293224
17394379
18727597
17239060
21732923
19841923
18313179
16026187
19573473
21248578
20452847
18644177
16943212
18844544
15561556
16247636
19744955
19620146
18347365
16432345
17087492
16105850
20819304
17219522
20882732
17403971
18570672
19889474
18854470
19471050
20660633
18349491
18847170
19564267
20943606
18461523
21807681
16267145
16879418
20085958
20531440
20514886
17123214
16153378
18391766
17065869
17949625
19738472
20379962
21469489
17400152
15998511
19117504
15639043
16700232
19839292
16887392
17896638
17120941
18165374
15785067
19891018
20413752
20516708
21121831
15728071
16059414
20302625
19593306
17129368
19427579
17681079
18379671
17432335
21656340
21806649
21456488
20411613
15700480
18657928
15777478
16931482
20124020
20198835
21495237
18536884
16871436
19160887
21155638
21187738
19287112
19351407
15990430
17219636
19489940
19524911
17603000
21734208
16356212
17154706
17594378
20935115
19777309
18669121
18400568
19367335
17171770
17524863
16698513
19750969
16403755
18558392
21416687
18386455
15627022
20965610
17170635
16027647
18534284
16450619
16531947
20552775
16379447
21660785
20193998
20949791
17034601
17712691
16807570
17935243
16848354
15793271
15715816
19472119
18193482
19227593
17019276
19258829
17175683
19399545
17355405
16204445
16899843
21131669
17549576
20502848
20077147
17464225
17556918
16112249
21223592
15546647
20709279
21543407
21507260
16225355
20617931
15693577
21282691
19084319
16859869
16945783
20091628
17937801
17321614
17533563
19090405
19335500
15855813
17356351
21726796
19385331
20807441
17263096
16951616
15846721
16401179
21819028
16815117
16827445
19450916
20873397
15851384
17099134
18612739
18482125
16369431
19076668
19076663
19291342
16398385
19132791
18182632
15997955
18612088
17141719
20098139
17559973
15552888
15842442
16568232
17301645
17366227
19318836
18788957
15799485
21073577
18307685
21111678
16764157
20360543
15918790
16035414
19720938
17486466
17131277
21601776
21235844
19192896
18664076
15725206
15945574
21136034
18722933
20464718
21321420
16137393
16023444
20860776
16553689
18353601
17852998
16793491
16883190
21120766
19435113
16429960
16837403
21510262
21503439
16242331
20484058
20364532
21492030
17319909
20813997
17212859
15889867
16324951
21108770
17192152
21382018
15626632
18242936
19331036
16044727
20029006
16764150
20064961
19827326
16273451
20889852
21629144
17197795
17263097
19621980
18486552
19627685
18837986
21426286
19839214
18407380
16649640
21367366
19464761
17267742
16626100
21552127
17624053
20671564
19615889
20426257
19779768
20846193
17001357
17314725
17022891
20887526
20497268
19273868
18160864
16356561
17312091
19832783
19444671
17854726
19767781
15616146
15727086
18580016
21599844
17932992
16885652
17897420
16189060
16143738
16756215
15887805
17163394
17353916
16583663
21700150
21520678
15847735
22098841
19842578
15578252
18653445
20352648
19039438
20838315
19064862
15812619
21148521
21365160
16624450
16985399
21051795
19124095
21404781
17533547
19098617
16236839
20654811
19933891
16484714
16278102
15921798
17380387
19271449
18036125
20929651
16461447
15584489
15852657
16394231
20948488
18724601
17764430
21199163
21478782
19349935
16945057
16110929
15647224
18667870
16253944
21252667
15743439
15920209
21078007
16438070
20207658
20565331
17496444
20220627
16957636
15645747
16836282
17060269
15999352
17126458
20640516
19779771
18843531
21824313
16309069
15727548
18761196
20510839
16192178
20519004
19074516
21712210
16001692
19674431
15637956
18817500
18589343
20399093
21206355
15651985
16555667
16340589
16015058
18400462
19200391
21155123
17330984
20712468
18987069
19562656
20024709
19559512
20799394
19499993
19086245
16001877
15600065
15931045
18520673
20592004
18258575
19214705
20390485
17241192
18391804
21320204
21173614
17548400
20492058
17062536
17971554
21798470
17594301
20423912
19442968
18838925
17959922
16830251
15918426
18838492
21434742
17024614
16509953
15624349
18472065
21356062
16622995
18709672
17427483
20870475
20670428
18050531
19319635
18386949
15717905
19768640
20679556
18669900
21337243
19397156
18849089
17261861
20121462
19010732
18845412
16872034
16023413
21736171
21406672
17302097
18301118
21240098
20369156
21352624
19398374
21558105
21134842
17468786
19116800
16752193
16297580
16706773
20677673
21145491
16624316
20683302
17195318
17009572
18032748
18248404
16295991
17474939
17698460
21879626
16000106
17709931
17884592
19723274
20306640
18664927
19788775
15992203
19941730
15787891
16231556
21362042
20677915
17564686
18830810
18996787
16185526
20084316
21382515
17766670
15618087
19273863
16912577
18157487
16965637
16238838
17027221
20695035
16533623
21991720
15566435
16526149
20070498
18024715
17883660
16569795
15936427
19861376
15910431
22030934
21306865
17443368
20237210
17883647
16615744
18260370
17708488
21124036
21220392
19949764
18682963
18982930
19321807
17599469
21693527
21470467
19098508
15627007
17553107
18227830
20126962
20521572
17473981
16180481
18237067
17487021
18030944
16910816
22001799
19236633
18487210
19845942
18062571
18454774
21826968
19704289
20225409
18721221
20369119
18497658
17577533
21439109
18569419
21430335
19152945
20492070
15942857
17103042
19464745
16671976
15802414
20353542
17873734
16276157
18588397
19748030
21136570
15881934
20719008
17665623
16913374
18190775
18449834
16438812
21386747
21869666
16475408
20936898
19384935
20188453
21534905
16170422
16914376
16212214
16943381
16361906
18338267
19254309
15745173
16515856
21826042
17851360
21680675
16269900
18081171
19698028
17852233
17129206
16770751
18462477
16846695
17060897
18988072
21458353
17143970
15548934
20000268
16926729
17547099
18272605
20869652
16623287
17941190
18021127
19057484
18051917
21682855
19840086
19066143
17903718
20144028
19471030
19433927
18575344
17941522
20660852
20015357
20363709
17537009
19539461
15815886
18283135
20719567
18597187
20885315
15813587
19472671
18316453
17238720
17233143
19106884
19955880
21186090
19268145
20941968
16755817
17686221
16530108
16206646
20368494
17321854
20390509
18200965
19602641
19014824
19032020
21166869
16511687
18042214
16162387
18816009
15595907
15799588
19183318
20137052
21675699
16642249
18715968
19107768
15537404
16310607
21053441
15597290
17142595
20349850
16850706
20100845
20597713
20683299
19700963
16520527
18812618
16835668
16690562
16438761
15974047
19180404
16245190
17190300
21553576
16184694
21128576
19701782
18494406
18563031
19937955
16838809
20435375
17546531
17427794
20860978
17099365
19361322
18997524
15921840
17905252
18163137
20044945
16860524
20925707
21420665
18642737
22049806
17036884
19915454
15521111
15724563
17318752
20803673
17345982
16799755
15913786
17060254
20081606
17417974
17590118
18479285
20868887
18705944
19272550
15533524
16892682
16921610
21646308
18700102
17691711
20829004
16287927
18487796
20144523
16084447
16557152
16570543
15618088
19342836
16988299
20031902
21116947
18561824
18289182
21533288
21882621
17372789
18452366
18655709
17205276
16048467
18468922
21444186
18856174
18791425
16310599
20879903
21770881
15603685
18607555
16485588
18573431
21761595
16200525
21471881
19444731
18555165
16434935
16986670
21115986
20022857
16374179
17985965
20812124
19430507
15684776
17442835
17493780
16634710
21268518
17063979
21998906
18551885
21467002
16572117
17826210
19748748
18813142
16266421
20439095
17867427
17462042
21163619
18698595
20825898
19549725
19376598
18644323
20226938
20205936
16262436
20436171
19297119
17673769
18725033
17431061
16000092
18439722
18454586
16968615
20155554
18363249
19592914
20662282
15937688
17966313
19648850
17994404
16625801
18271360
16879382
15667026
17641120
20505424
19050972
21273251
17569465
20403904
17007161
20353663
20421086
19566994
18774193
21436708
21614729
16850912
16549036
17725947
18321835
19284810
15991775
19505748
18183053
19912389
21327528
19174529
17099138
20155664
16123494
21205724
15923147
21317095
16702820
20602701
16086729
17099505
20077782
16700692
19791679
17933083
18545760
16172843
18385405
16829723
20540001
15566207
21143085
18976204
19170955
17701117
15876234
19813773
21605365
17118304
17256708
21666960
19471048
20507557
20459997
19448358
16317178
18044414
17537307
16504890
16956851
20932190
18727336
18489686
19687528
18038518
16756519
20350694
21473814
16619769
20001494
21191034
17570194
20018539
21642601
17466754
21696286
19161087
21424389
16504818
15564228
16628511
17198753
18304244
16910113
16168306
16427926
16789675
16292626
16274169
21531580
16459340
19926387
16127322
15723706
15939515
21440523
17218558
17570677
15717239
17852926
16638158
18300660
17901274
18178698
17707085
17102919
17100721
15794297
19227293
18161229
19768288
18369048
16466611
15659085
19377720
16148244
18982395
20382715
17518194
15605276
17605072
17342852
21378607
19264570
16351714
19299969
19887996
18321445
18022814
16492644
21134916
20824070
20027967
16714851
18928065
17390749
20860250
20576734
20881157
16078398
15784104
22129251
16768736
17466213
18723249
18028388
20956707
17439590
16199400
18438165
17720107
16685156
20031841
16009887
18181438
20179960
16484171
17968215
17274556
19925534
15797751
20050500
17261124
15675780
16277929
19669705
17129330
19472693
16917187
16423791
16267706
21534498
18257457
17613462
21781627
20875203
20539149
16640630
19280201
15808027
17060295
20375969
21898324
19452487
18457604
21599730
19276220
19774078
15965384
19485869
19251831
16082616
17403768
15736894
19786241
16207666
16317358
18847430
18065922
15671188
18038831
20466108
19538799
18043837
16757775
16175812
20862893
19032012
18299116
21719000
17405686
19877340
16828521
21091970
20978249
21492345
19941580
15624537
20654820
15894761
17064320
19442325
18855828
21154093
21340369
20128543
17393971
20105588
15626184
19899401
15841895
16193428
21162357
17175872
15678740
19281541
18434156
17363323
18187591
18937591
17472505
15588358
19247839
20425956
16035412
21486437
17224939
17978115
20055721
16514330
21788286
17299869
16951435
19472112
16963660
18664738
16960933
19375271
17915182
20671002
21288311
16214450
17059979
16423099
15848454
16250528
20217979
18564775
19226858
19246135
17223004
18777461
20049378
18605253
20148769
17633581
21073503
15599203
17284556
18649717
16913993
16239820
18336450
17164443
21658215
19237411
17102289
20716657
17533915
21316564
21995229
21030490
18812370
18580394
18813611
21062122
18343857
20498101
19619068
16219931
20886773
18180134
21359258
21301962
18218265
17717485
15714151
17343148
19272291
20126958
17643979
20423574
21440203
19675510
21325012
16026696
21422954
18053957
20457682
19181201
17989566
20587755
19124983
17057603
17906058
15580091
17373528
17540908
18326411
19806287
16501745
18171322
17973694
17284297
17718666
19446840
16146113
16528139
20225102
20146829
15684781
16201984
19844102
17541523
16822099
20443427
21294876
17625724
21905317
15870117
16473745
17935600
15685966
18280252
17315489
16365242
19501549
16720486
17996108
18338990
20092452
19654100
19644743
18839050
17805107
17656543
18275405
18708220
17176942
19906525
15740630
16206812
16964773
15915070
21425244
19648575
19372125
15720311
20129896
17552290
15591887
16509438
21265407
18853846
17133892
16622089
20113704
16569713
17418327
16481778
15964672
18443260
16921803
19525778
20921889
21403141
16123546
16792045
18578222
15771160
18756137
15913083
21311266
17146067
21503863
17633968
21315289
17956915
21368511
21500607
19675402
17709688
18827760
16573720
18041235
17098156
20585420
20838269
17085615
21624869
21477274
19237957
20726842
19202467
18321272
17440782
18675766
19081019
20922341
20512743
19412936
16197319
21383349
18779461
20069824
16751464
17564360
16604908
21178030
21348217
19507367
21480679
20517727
20615297
21057971
18976191
19558734
21622488
18814735
15715365
19451599
18683524
19927850
15963172
15929166
22026194
16493307
17376129
16211440
20722815
19399982
18025394
20877950
19205064
16688663
21360697
17718729
20615739
18760146
15587605
15864767
17443664
17036883
15630930
15792753
18037270
17850384
19648600
17039325
19582516
19476900
20029311
17180845
18271789
18434977
19819206
19789438
18614905
20052874
15557551
15823889
20862415
21837886
15968542
20689936
18419364
17269542
20082064
17935855
18023334
19835604
18093121
19354150
17409024
18981349
16006914
16490155
19388372
15707263
20851265
18413628
15732211
19835742
17049797
16548476
20124254
16918080
16095149
20201666
19725423
16116369
21211602
15557355
18091280
17361957
17197840
16169069
18441627
15737508
19955243
17853584
19960628
18234678
18931547
15789509
18389983
17079960
18157004
21676049
18300320
17017685
21346463
18292979
20973853
15536883
19587027
20816332
17822429
19550234
17485968
17592976
19959166
21446929
20804881
19368089
20508952
17387056
18672820
19609188
21326027
18370910
19695878
20813775
19646790
16800327
20608484
16194179
18951825
16477857
15904747
20190663
20800198
18928964
17324101
16774136
15894793
20123266
17441929
20586623
17270326
19413269
16273780
21121845
20083929
17244288
15559340
17711144
18927962
20054034
16640135
20934364
15787774
19995325
20168014
17197164
19837825
15939673
15730073
20545223
16439497
20648582
21199195
17304428
19661099
21237552
20582802
19490299
17468510
16640130
15793019
21155464
18157568
15523242
19417044
21693089
18319148
17135066
16225448
19363840
18472622
15526877
16620259
17133898
21514838
18823688
20563369
19723869
16436585
18429710
16926948
17081919
18709229
19573958
16765535
15879562
19855258
18513106
21076261
21381579
16563919
21207723
19336753
21305235
16377058
18373579
17883460
19967336
19816040
21446258
15530751
18333558
15825120
17918266
20636470
16267979
18853535
16357657
16126566
15528587
19068052
21194881
21180338
16892697
16637944
15758702
19907237
15642502
21823368
17192220
16862024
19848030
19372126
17594251
16435530
20094109
21757045
15580093
16404863
18852404
19388445
16834768
21123751
17564561
15585706
18351477
17441824
16252379
15573668
17945364
18446927
21409670
16678952
21359632
21853078
20039822
18096228
16884132
20816344
16617720
19901005
16399880
17438933
15839236
21324099
20723173
18398799
20825433
17448622
15534341
16794557
20088340
16600433
20170830
17410999
17329725
16855862
16758049
16412975
17964014
20671744
16323521
18595310
17596745
19381818
19965954
15528578
15683203
15613092
16734038
15851622
21739733
16334819
16972913
17191599
20937185
19621532
18755780
16877182
21168114
19132186
16162385
17936793
18578463
16224032
20530312
17620391
16343500
18197542
20417824
18326343
16762800
18703383
19819115
20875204
20597406
20334753
19920746
18949763
18700086
18389265
19340411
17395605
15581440
16584466
19883888
16739359
18611317
17685827
19454871
16505655
20802350
15658736
20572617
20663812
16594423
17111239
20439330
20940688
19529055
17095326
18589900
18775398
16018272
15839234
19860295
17411860
18179503
19250152
18176083
20429693
20885303
17102396
18693980
19670214
17903244
21242267
16965467
20577274
17344270
18585593
21261696
18427782
19838840
16879542
16604921
21042411
17521248
20220525
16594245
20426815
20825871
19104764
22066291
20056661
18399369
21668911
18078150
20647804
15802112
21806560
15689727
19408494
17372550
15644652
17298258
19943928
18760247
19965545
17919912
17591223
17689397
17159018
18574366
19940558
15968215
19811109
17060293
16898103
20800766
16374246
18657425
15893207
17942229
15519482
15568653
18310208
17785010
16986566
21610242
21375410
20632546
18688058
16524206
19695843
21058808
16465090
19024823
17384954
16764560
19260370
19168948
19766373
19704292
21368532
16184617
19380210
16003060
19785581
21136032
19772228
17509286
19781901
21325796
20630159
16081235
17368409
15597283
20553349
19377391
15915734
18715245
18524338
16026188
17289465
20878855
21771129
19835287
17318951
17498166
16960535
19847645
20520261
20846045
21532043
18549138
19705315
17258047
21406572
19695425
19127123
15889304
16567855
16706550
19650923
18842968
15833468
15804642
20547285
20063215
19491751
17848303
21277070
20110825
21146667
19542968
20690890
16916563
16552219
18842459
16784473
21334556
18539977
18649644
19865579
18444044
16629543
17592782
20432774
16584467
16866222
16800219
19243459
16442027
20827893
16968426
20215627
18050526
20059311
20069957
17516884
16416759
17511801
20200284
19250451
21969476
16965244
20138399
19962622
19349018
20572859
17116841
19266973
17939927
18456539
17915628
16842042
16334975
16258096
16500926
19643612
21382072
20976815
18090186
21555652
16687147
19549993
21599900
18419626
18384358
20391041
18000079
18272608
19948026
15798726
20846278
21317959
20415111
18322760
16717518
19698140
19274607
18373401
16050860
20673619
18306916
17683300
20027876
20795834
17173716
19595418
15915739
18520258
16050619
18311086
19154492
17085980
20055066
19552141
20738432
19537347
15660147
19855272
19661195
20579116
20951270
18959614
17396240
19227688
17949984
16507284
15515279
17026438
16177581
19327336
20860289
20852932
18051971
17573876
15756921
15901441
20411904
19780018
17713367
16927904
19281084
18551968
18633570
19531034
18272647
18626723
16401012
20633738
21109126
21252660
18284805
16512977
19866508
16306277
18389838
16426426
19445336
17725119
17015861
17640364
17022849
19454399
18414334
17337155
20839143
18066631
18082836
19635302
16869125
21661279
16202837
19238059
19919765
16651353
16687381
15740487
20810585
17429884
20391795
20227793
16094750
17582992
16411006
17469347
21404141
19734976
17585613
15956267
16225970
18828168
18073645
21126675
18486784
17259047
15871890
18550360
15589666
18501836
16546447
15673655
21540860
18483818
19361775
16504130
16788256
18708248
18451627
17413677
21782541
15815890
16519072
17724240
15640535
21099675
19589164
17907755
18189334
19857910
16332472
17873255
21644886
18792734
15722850
16434220
15640632
17102403
19100667
20180439
16758516
16584673
17142604
15531554
21703808
19726018
20650332
19914955
19782445
18702636
17615420
19690787
17120922
16652013
17505371
16093254
19017373
16513583
18038294
18173735
16138488
18594490
19302422
20824338
17502809
17667396
16395637
16227897
17685830
19013047
17477232
17001937
15667699
21208048
15635133
21218704
16717026
19055248
18499604
15644655
17616567
15842203
17110646
16579288
17059611
16925539
18386606
18277788
19300071
17577002
15960406
21075915
19529915
17297528
21437754
17986878
20693732
20380496
19219412
22043556
15648370
18768086
18484601
18632026
15620074
20889517
19343033
18816322
17060292
18041283
16049402
16983954
21715009
17344670
18405009
16302440
18023172
17556338
16632813
18808693
17891047
21535275
19280251
16319704
17571336
20097148
19175248
18697337
18494391
16882375
17407629
15879812
20698409
18794716
16426797
17197788
17008952
19825897
17031733
19022169
15798670
19424920
16623314
17390981
17158837
20376695
18378086
16730107
16015513
18341171
17334253
17582016
19382516
16013906
19250522
16452564
18314223
19420206
16533127
18041567
18173848
21789766
17069973
16122538
16239819
15902758
19700651
17504525
20978458
18700984
19247883
19492674
18229562
20590509
16872504
17353711
18262656
19595570
18078156
20375351
20829005
20685907
17333297
21961386
15993531
19081413
19671641
20096378
18837644
20714196
21632000
19930370
16612299
18467804
16518300
16005235
18854566
21305713
18301410
21143502
19813048
19784911
17200477
16784048
17925077
19386325
17323806
17941408
18408263
18792440
19651465
15717518
18021169
21333177
19735334
20855994
15749138
21473318
19584803
19594602
17953298
21355476
17622492
17593456
17305106
17099195
17514706
17427172
19273865
16688495
21795289
19738386
19123879
19941657
16098155
15673647
17524737
20569149
19254192
15911292
20579232
15968267
19203391
21326961
21462756
17284550
18655425
18501747
16259897
21263318
17175033
18832510
17945010
20508558
18026008
15999919
17149526
19297809
15706690
19544075
15913471
15869551
17276329
19636534
18163235
16481839
19650287
16850778
20123824
20955504
19450099
20695144
19828955
20350912
18267993
21879652
21087832
16396223
16190009
16181404
17095418
18830718
18329827
15683018
16548283
18040889
18678149
19209015
19444493
16881246
17983362
20091227
15607150
18443803
17235044
19786769
15720485
19184756
19271589
20739151
16229934
18560796
19112022
19901746
20562253
21683491
15735199
19104227
19620142
17584351
19013743
16871857
18971645
16627325
19364890
15820382
18990040
20070633
19413077
16427245
18311398
17153131
16924643
20169013
17122430
19588448
20800768
16338800
16044994
21535274
20068311
18605348
16790223
20718235
20186982
16352973
17933152
21800655
21199548
16767012
20973734
15912087
17635307
20971595
17614071
20700769
15841064
20508427
15612421
16733116
18394853
16474223
21516665
21610345
15626812
20630284
21550543
20948271
20169818
17620214
18433476
18053404
21337988
20683659
21160149
17070458
19394033
18783458
17595405
15912391
15930065
16449886
17142592
19914032
20306101
20529188
20369441
15555079
20479207
21141297
20095874
20173619
15871756
16310139
20590889
19675529
20712207
16415748
17267723
18338445
15667359
20833382
17205853
21361235
19230110
20624148
16050857
16594293
17411671
19248330
21457843
18171450
16044771
17925134
18515437
17509280
16342457
17283960
15612234
20875512
21277030
19327289
17352299
20141539
20442612
15962493
17419578
19482544
19253201
20715299
18191295
21221001
21678264
15804242
17222666
19175285
16784413
18719507
19430929
20695800
20132712
17137277
17115284
17908544
19048505
18947118
19186786
20643988
17416182
19951431
17175591
15660140
19702490
20110516
20511685
16112540
18578955
19538801
20372890
17520993
21631367
16789336
17545386
17386392
15761285
18355420
18343866
18053777
17927102
17326598
21510261
20087969
17850531
21485452
19254198
21785313
21523985
16019768
19448581
16430356
16624777
20215333
16859867
17182195
16173302
18571134
16059538
15602279
19471139
20416241
19358736
21153460
16866824
17400289
16910375
20547775
18772306
16838801
19387911
19492673
18630217
21253876
20178436
20217961
20795874
16459526
17700306
19772558
18057177
21149758
18284826
20889273
17055694
18762603
21446195
19185265
16197765
18272612
20813893
20419952
17367440
21736468
19642430
21114911
17694224
18007268
17237128
15982192
15754429
16404800
15566437
20146549
17884490
21242219
17580014
21530706
21504264
21417148
19748765
17901174
21879646
16448485
17636790
19217497
16472886
19000337
18245419
16490013
19372540
17285390
20795423
20674430
21382948
19323709
17273079
19694550
21117305
16983102
18372954
19503964
21402373
17767436
19813345
20430944
20837322
17900477
19489376
19194128
19861025
15692871
15923281
19833671
16048856
22049632
20962697
18796510
19170287
21099063
19074497
17459820
21036534
16806501
20377400
15690593
17720351
17002481
21591405
20121006
15805437
19488838
17016461
17538449
19550170
17598627
17418522
16535903
19656372
20663701
21684404
17397708
19370832
16089094
20137026
18998960
17487706
16598960
18562740
19012768
15754538
16582973
19802379
21536815
17508236
19657495
21365168
18385570
19342536
15672024
17177903
18618894
16926369
19647969
17924242
16515673
20015747
17917943
16719900
19144895
21462490
21118876
21980022
20175316
20004298
16910792
21765263
15633057
15811210
17411640
19306563
17100224
21957820
20925564
20973810
19184554
21568118
19235496
20211302
17888804
16989993
18414128
19173724
16096151
21268489
18770988
20884778
19751037
18329460
20881797
21163501
16676337
17019543
16092777
20170596
21269297
16512270
15757885
20964265
19941582
16869180
18042484
19172206
16162775
15965213
16389157
18648890
18797237
18261413
16791743
18075455
15849619
18416780
17070742
17681123
17344981
17120925
21372646
17494826
17111282
17564539
15780549
17955680
16402739
18777511
17917526
17286730
17188599
19131469
18690276
15904754
20795829
16050226
19226886
18725849
16484159
15880977
17340708
15634822
18689575
21463803
18414339
16248900
19883346
17603983
16608158
16871057
17004425
21485941
18804936
15979627
19266114
17259029
17524004
19967949
17206210
19750436
18796426
20423917
19099037
17430832
15625045
17893380
19380945
19966703
20832921
21395110
18848402
16565619
17324602
20938273
16124844
18538424
21449483
17238008
21617091
15610381
17135800
21667703
15918469
20795424
17713384
19172980
15667378
20110698
21218304
21701921
17489960
20713857
16439343
19085974
15828567
20050884
17485577
18681371
16830268
18506339
16242295
15552386
18971493
19916140
19679701
15969230
18035375
21803278
19643790
16781108
16427132
18467287
19634654
16409600
19457009
20854602
16402447
17853754
21602631
20590436
21401255
15916501
19800816
19378673
16294656
16305601
15803086
20872774
19036735
16528759
21857326
17562270
17002186
16420781
16361837
18359192
19066847
21642906
19671133
19917443
21356019
16427564
16180112
16689409
21404142
17130947
17349147
21335575
16189328
17608302
19373053
19281128
17652683
15711955
18595871
18666041
17565433
19553722
16886791
18990207
17168086
15669775
15591920
16403149
18989134
21241984
20672653
17154112
20705349
18693994
21376485
21144983
20094936
20595216
20679968
19436695
20693206
19426295
16843645
16521256
15761368
17719361
19640169
19709844
16918745
18243897
21429717
15902166
19260356
17659645
19300078
15832243
18090144
15603695
19444814
17903705
18443830
17853260
18570745
19142627
19960890
18555682
19023446
19100145
16379512
19809014
20302989
20857805
18496374
18535317
15593059
16106686
15807759
19663714
17699151
18845413
20465076
19551656
19926644
18926715
15681217
18541642
19324922
17010827
18768007
18063444
19266786
15950116
16175972
19469434
17729128
19101822
19579843
17537199
21071501
16489480
21938966
21655407
17139036
16046914
16335558
19255106
20922542
19227633
21090520
17947752
17687192
17907276
20851294
17196847
17091116
21244493
19142461
19865016
15543435
19735339
20883612
19753889
17847665
17414331
18438676
16484923
18837657
19054648
18773780
18469617
17147081
19156945
16094039
20099220
19035076
17394639
19728503
19380090
16490096
15992184
20123175
15759073
16322139
19707128
17225627
17294775
19442585
20375983
19888959
21041348
18974510
21741791
16628312
17515025
20813336
17674201
19066119
18562819
19963352
21822074
19225694
21575883
19051982
17306547
18226313
17593767
18349006
17461372
15675547
15760496
16624553
18693411
16996857
17644829
16105460
21424942
21258663
16827400
21087406
21178193
16043345
21122779
17054152
21041006
20441028
21422350
17074865
19191621
21625662
17665821
15605298
18705146
16372656
18812148
19092351
21542189
19653332
20461689
20632461
19746850
21418471
20011751
21216318
16724314
16877622
18198570
18314860
19021620
20978003
20875182
17270062
20671510
18285590
15766490
21879657
19084895
17581485
19329723
16738991
18175192
18470784
19904854
16610775
21182343
19568217
18085971
16006830
17911575
21592383
15876882
17509285
16112174
21151417
21504548
17022797
17487290
16611513
17184377
19921079
17921937
18494639
15727544
17408064
15778133
17876966
16798654
16411360
16988287
15856333
19160924
21471880
17163120
20687449
19691191
21877511
19534192
16101709
18757590
21456108
19597825
17083749
20923622
21207009
22110098
18396599
20841984
17267370
17196990
20044232
19682011
17249154
21239947
18252933
16842061
20836636
15951311
18336958
20920800
19437247
21156657
15940531
21541806
20927774
17716737
19434700
16257618
16378817
15935238
19761589
17766078
21392965
20360209
19913187
18041416
16095435
19579420
16092163
21158890
21715993
21299760
19538715
20540391
20738054
21392764
19856089
19445726
17126968
16676021
17391422
17584338
19477884
18304060
17558762
17335519
18243010
20712210
17476702
21824226
15696887
15992205
16491996
21548477
18985910
20043843
20055199
16546507
17126270
18053268
17002482
20155327
15992199
19049724
19070396
15617358
18386686
19263635
19084301
18573485
17135994
18697959
16425949
19770117
19837242
15659250
20675819
19709798
18639959
17373396
15817604
21485933
16953020
19522714
19014739
17650719
16298283
20177024
21221958
17063614
15686818
21219821
18069400
21846255
21169819
15908676
21414688
17688564
19826952
22117496
19224804
16144265
20008602
16231609
17136929
16287811
20186132
19458595
20979771
16626924
18639796
20934212
20712421
17402647
15574193
17149460
19709015
17157110
19386826
18475092
17261205
18324313
20696808
18652666
20884163
16636322
16809674
19655282
19900742
19271039
20005783
17092375
19744192
17901176
16602433
17217319
21084831
21572328
19694621
20058098
17519024
17658965
21382079
17565432
17658438
21362766
17022877
20443290
15925500
16370401
15581955
15571900
16515148
18678961
18935702
21853701
19260571
20350934
20110605
18974237
17942501
20363075
20082633
18331694
19663573
19049750
19128315
21419253
17160375
20008824
20801967
17372788
20550562
17108723
21423003
18829202
17852017
16521365
21083894
20447800
19018515
16557069
19430246
19300281
16582971
20367746
16263369
20047175
19322971
21441571
19940420
16618023
19572763
19018911
17873665
20178432
18955426
19465607
16024417
19215829
20642198
21523751
20505412
16015522
20974414
15679893
17531905
16688667
17201722
17516350
18214677
16171054
21540011
20442341
17478471
17489320
15559103
16704611
20100854
17717242
16009289
16045107
17095440
19277845
20581667
20824563
18763438
17300571
17633502
18273872
19528344
16788353
18556643
16266960
17896218
17615634
19943225
18035763
15682263
20331888
20226557
18819046
16378527
17335520
16586308
16006495
19271090
21378634
17158015
20529469
17112781
16364176
19012140
19961977
16683481
18648136
15895917
18410867
15625660
19735335
17450591
16887247
16777829
16005834
18092662
16323463
16313377
21537192
19725299
19567887
19171331
15533351
17277665
20383077
16541477
17667004
15730542
19633003
21134185
15973859
19535791
16297579
16499252
16581641
16948417
18419892
18064839
20220598
22045882
20963670
20063392
20636154
19017866
15860031
20631531
15791769
16877043
18926150
18803881
21944342
19351301
20233982
19169311
21922692
17294319
15737858
15646092
15656463
21767378
17716085
18254002
16440248
19842785
17068029
19840152
18715182
16730578
17902035
20432115
20890145
19846246
18537987
17095396
18549436
16808144
19480178
17505246
20025178
15761344
19816667
19155613
17725024
18786218
21488562
18308982
20064813
19538556
18090775
17309806
19608038
20570080
18394515
20520995
18392540
19419342
19673010
17073193
16315770
19364996
17250948
20458105
16916400
16841084
17077718
19254194
15835217
19850436
19685532
17391090
17951072
19931954
20946212
21265595
20201667
18581198
17427618
20541075
15551512
15534456
16945446
16350596
15923939
16301940
17210997
18363490
19240682
15787075
20063424
18638011
16426618
16687196
17116781
20574180
17989984
20864275
21192136
20558978
18282812
16827455
15628649
20869182
17055804
16689075
18472265
21803273
21384609
17260598
18540547
21504637
15853292
18555155
16225336
21410378
21963923
16422737
21436338
17578394
16862025
21346037
15955146
16376598
20097397
18639660
18552258
19753837
18158495
16106689
18393739
19537412
21297320
20095297
20542238
15686337
16640744
17689442
17133883
16609344
20712549
16099138
18489446
19712787
17091005
17146119
17803409
15977519
20808199
19028827
16361938
21333847
17523326
16294628
19523859
17002245
17378520
18418104
21368543
17440377
18019769
17037342
21977879
15662172
21708000
17605786
21545572
17678607
20848259
18234680
18093085
19688635
18456983
17588484
17467557
21751755
20480130
19327950
18988613
19372024
19594340
15640534
17404191
16442476
17880473
19968454
17339988
18505890
19770109
15652689
17165490
16461443
19031208
16125016
21291016
19127537
19338188
19741381
15954200
18333733
16941134
21426525
19999040
17409919
20586893
16824298
18332384
17032933
17907011
17007704
16901701
18258574
19673713
20423212
19177733
17470919
16719018
19685099
16793488
18365349
19451084
20838329
21464456
20564415
21121234
16548400
16462404
18725407
21137520
20576829
21337991
17537775
20375299
18595309
17152024
17824870
18486458
20023466
16411877
20086221
21035029
19058149
17978322
16267805
17017690
19096290
17401770
19658281
21661648
17601841
19879730
16398166
16218125
18618273
17384553
17027627
18382715
19735394
19298101
17018197
17369044
19775919
16452896
21376160
16412443
15717596
18412034
17626507
21067725
19485656
19517050
18070788
18551881
21517787
19022071
20085175
18193356
19634381
19901567
16050891
17299901
17619911
18951383
17334545
19881392
19711135
16483095
16441395
18609242
19036038
15695833
19956081
16569407
18215551
20646238
21209353
19011741
16443811
17592971
16614642
19753927
16703745
21799379
18426460
16050290
17907666
17762436
20840358
20152088
18684367
20655165
16182675
16877620
21444597
21300920
21700066
18347485
17334167
16541431
17477219
17375230
21048468
17261852
15570333
17498153
21540010
16320641
18705120
20639791
18626054
18774048
18164350
21261474
17289828
21591406
15791785
15816961
18072401
18019118
20441033
16393438
20505614
17047574
20811334
20139655
19450039
19146557
16638773
20649918
18771637
17294706
20642845
17192326
20189539
20399060
15571902
19132806
16238770
21722765
16430347
21748861
18023256
20647800
17901631
17667931
19018215
17444407
18192152
16047995
18350774
21198293
19705205
17697095
18299462
17173659
19304803
16245480
18050025
17474361
16938136
19189559
20565969
20189861
15615215
20427867
16108880
15726544
21294498
17633340
16471153
19659846
19529991
19120855
15841423
20583566
16257882
20406519
17467948
16108294
17724422
15597247
19960016
17179376
18376743
20142405
18472537
18197863
16441278
18985081
15657688
20564070
19929118
20546463
21059417
16435465
21492799
20390659
16452557
17476553
16177996
15812434
21272821
20369755
20956418
16308327
20003350
19968393
21642520
21391732
18385151
17784884
19517763
17082009
21599529
20149236
20350886
20551743
21229777
15906896
22021468
21135788
16849963
17598039
17040146
20955603
19835535
19204514
20490675
16124847
19534219
21519043
17257805
17942270
19669707
19437874
15515614
21045626
19299671
16103847
17542721
16790212
16875101
21627573
20811744
19579540
17650574
17971472
16419448
18665069
20211644
20870990
17265412
16670130
16875103
21368540
19969173
19096850
15785217
16501141
21492285
20144283
20078403
19573123
18976234
20492062
18364252
17103344
17969826
18774001
21416787
17139496
18814810
17927764
21480087
16736352
15690941
17494482
18501047
19396708
17524196
17310340
17539571
15912816
17904243
16755521
21788540
20713872
16466343
20813784
19402320
16941132
16267982
18032992
17931329
18596630
19896733
21182379
17317363
18668187
15591917
20394770
20102928
17584822
21457880
17672411
18931399
16135524
20374986
19120979
18184983
16342912
17607146
17849432
18998904
20186032
19402810
19046086
18371169
17091893
20117674
16134443
15703338
19443876
16152877
20382963
18196853
20345512
19857354
15619149
19142279
17575764
21450767
15619178
16263978
15748071
20669805
16055815
17681078
16245304
17413782
15608590
18519625
16777830
16570558
18989681
18448499
16636361
15559886
19326309
16259493
15701163
16191140
16490633
18832768
16950811
16536870
18398664
17978615
16170545
21893726
17710479
17325298
18494715
20823355
17016148
18666661
15612429
20370758
15632464
18283559
19546724
18709694
19797957
20925613
16441401
18549063
17444070
15574622
16767851
20298540
21186282
20486411
15580441
17387064
19528102
18202927
16634899
15927521
18336519
17476859
19642431
16218057
19469068
19411320
18076919
21395911
16910946
17198174
21718869
18981441
15720497
18694981
15769792
21667714
17952010
15853090
19995290
17923890
17951224
17968767
18828265
18838491
17290065
18050748
18461235
15889885
18284317
16625992
18849806
18416396
17695938
16565461
20105287
18275399
18979706
16594397
20106933
15714788
21176251
16900723
19171479
19019233
16648725
21944620
16116377
17391559
21348209
19122950
16648727
16355559
15803044
15847757
19153413
15785293
18360207
18348414
15551979
17536994
15860054
18985370
17098846
20850713
20051399
18603339
19278320
17339093
20639572
17694636
20076927
16938672
18214033
19647207
21605272
18026064
20889067
16463468
17984805
18377572
15760808
18212174
17515018
20509060
20566229
20212029
16330969
20409528
15685097
20413409
20337793
18505669
16218153
18520312
16253105
19095678
15620909
17908082
16083480
16096142
21183152
15802000
16184215
17911884
17315602
15663314
17120921
17626523
21135789
17136752
16116768
16225338
17116952
15662180
18504549
18664821
16052902
18307853
16555714
19405299
16352773
15920691
15935099
18314838
19590439
17933804
17440290
17544677
21985048
21045946
21857174
16206332
20174947
17626254
18416395
17079612
15781174
17895295
17610107
16299573
17876982
21404462
17464813
20871497
15528290
20598768
16908802
20130828
18179674
18394529
19683092
17608890
17577148
16153333
16733114
19945815
17334302
15898686
20509403
15690591
20597336
20305450
15899227
16876922
18164933
18579928
19667840
20191170
18856075
19372128
18241751
18769938
15588534
16423124
18005789
20120851
18164469
19525764
18055503
15951518
15981744
18984376
20379946
16960661
17914661
19910878
17013067
16426935
19594606
21438866
17128125
16594285
19673731
15817367
19006594
19626751
16338569
17563422
18604321
21436664
17157243
21378689
19244564
20919573
21860960
15653241
16857200
18853887
19191941
18005373
16922032
21536367
17936543
18375683
16953946
21440870
15776599
21099392
21179666
19949135
16343637
20334767
20386962
20812549
16034316
17171563
18402733
17575756
19944486
18330626
20506787
19384460
17249283
19595319
16338918
17439757
16426952
21879656
19819191
20237219
21699428
18458961
16215353
17126194
21576541
20306935
18073544
19863288
19456086
22040851
15719417
17444080
16883734
20308660
18976237
18043275
16858002
16255338
18187408
17914895
20490571
20500967
20221341
20078015
20129887
17557434
15974371
17540828
20651478
17010012
15764941
16931461
20551738
16423118
17945886
21164109
21333914
19551503
21040107
16014211
17584352
19084891
18020289
18346405
16982298
19273410
21516067
16671980
19414837
19192089
17112429
16515987
16636090
21848722
18248470
16776317
16430762
21602318
18242613
17562727
21135606
20800564
17872786
17305299
21901568
15830302
19005119
17614177
18330192
19627913
16134677
16510695
18279924
15669435
16860516
16473123
21530443
19159873
21756522
20942319
15860071
16798068
18360885
21384565
21291326
21197884
21276535
16482017
17351023
15569130
16362937
19151800
17581793
20089432
17764470
15705638
21134064
17685911
17973716
19430509
19318673
20558463
20329671
17341248
20623165
15736899
18382191
15921005
21605381
20841673
18021523
18643804
17474912
20595693
17411467
19252202
20083913
19273780
18003422
19019677
16996901
16449089
19161016
21038733
19584638
16468256
18038848
19390962
18298989
16317670
19711655
20538823
17197793
17978632
17987759
17927115
21040560
17102708
19800851
15912283
16355916
18490893
16628094
15978874
17284952
16933819
19457153
20007796
19830496
18265714
16410436
21473965
18212587
17551596
19345609
21492277
17937371
20092117
16327735
18725831
20688190
17567229
21879649
18551856
18454710
21108960
20695330
19202391
21334768
19913183
21223401
18561633
19996464
17511360
20078199
17697218
19858952
16425902
18242922
17088223
20841513
18038299
19143235
19064962
16236850
20422792
18482146
20154475
16281808
16898907
16944381
17601154
20080821
18724333
20065900
20189951
18077277
17418464
16533954
18261541
21702262
21428230
22005230
20536624
19788772
20625672
15821204
16045419
16311402
18051936
20826590
16781973
17106344
19583168
19883453
16974137
16594944
17675667
18059456
20719752
18240991
19821916
16834875
16227662
18821031
19897801
16620197
16581257
20007642
18709273
15862929
20443410
20659400
18480204
16951004
17338740
16827456
17563600
18947967
21539275
20018577
15949738
20141026
17546787
15823381
17523034
16318057
20088320
18496395
17507840
16843468
19264839
19642436
19884474
18782365
21368555
16162404
20686063
18672852
20500510
21322884
16922252
18171323
16288581
18830834
16884120
20010373
17826709
21513533
20067075
15789360
21540618
19495556
18070256
20479545
19715404
21617585
20382369
17441822
20191948
17541514
21155641
19256761
20689129
19018751
19070205
21793374
16425756
21189756
17219519
16913238
20113935
21144121
16985405
21521624
17652952
19671170
15789968
20722798
19829099
15630872
17000475
15933685
15660137
15520107
15890509
18620650
17015522
20649665
21670623
21419261
18449574
18195414
17767754
17476854
19250995
18256038
16785215
17727586
19301726
17238763
19910727
19959842
17286738
17603271
19723951
17058755
21457726
19927964
16543791
19166399
21533963
19610525
15611486
19065431
21287798
19838654
17266008
16956427
18248706
20657338
16821385
16151565
21219527
16419672
20218973
18472623
16607262
21057800
15625642
15704769
18798712
17464738
16616218
20332744
19628390
19648845
21570929
20477855
19381051
17875566
17475498
16496812
20561882
21614879
18349430
16373520
17720289
17484705
20687357
19216482
20853355
17486528
17353491
16352983
17712092
19120733
19661792
18372252
21083683
18349435
19167592
21335244
17665536
17442662
17205001
15934573
18319186
19842953
17363850
20073146
16022033
21396302
16870972
20838335
16568592
19054953
20362756
16163954
18026806
16731139
20001630
15819837
20667584
17990283
15771661
16536768
15591914
18616052
17551283
20838333
17492990
16113758
16953850
18271137
17463206
16047825
19461068
17378189
15515452
15777473
18638714
21545635
21215489
18998190
16712491
15951646
19566693
20890136
19926646
19060814
19241143
15629558
20307372
18237351
19902696
19493177
19473376
17410533
16483094
20442748
18408963
19017605
15577704
16868472
17727543
16972449
15593323
19150094
17626550
20682914
18617379
16922987
20716152
19142317
19166698
17219497
20712554
17925586
19322048
18538195
18393749
19681537
16135654
21284803
17009151
18758277
19822480
19556035
19375525
18043950
18518961
21724926
19590465
18830226
18216637
15870615
19674761
19029416
15686081
19278098
16119185
19822307
18068436
15798422
18283996
20658124
21269668
21972388
17447344
18192635
18181419
19765884
16682392
18454986
16723104
20423288
19350079
20045990
17495553
19352570
16529181
15822366
19909453
21884356
15835629
18165651
21276530
16109292
21631371
19041619
19363732
15886382
19876757
18519131
15565974
16268838
18439163
18020196
17108883
19889379
18400003
20819831
21071360
18436289
16193599
19730982
18793856
20929435
18419987
20188314
17270279
16106764
21173365
17057641
20846085
17471052
19461516
18809147
18300277
18281877
20869024
20353527
16373216
21222328
20351555
19566998
21271385
17559731
18693848
17617014
20203635
19853452
18991012
17575666
17968220
18578440
15555469
17479528
15561158
21219549
15847865
19657252
17071841
17924373
17664122
17633591
21486129
16968364
15831609
15878490
18062753
16003596
19037192
20031823
19063808
19454194
21429702
15984560
16377011
20842755
20953577
17366527
16340019
17464656
18786014
17706426
20890220
21531934
21612433
20505507
19173177
20111916
16218244
21158339
18377569
16788086
19663713
18190558
17163292
19665613
17914647
16815573
16320470
21368531
19542198
20970840
17872552
20230942
19037472
18065038
16436569
18821035
18307701
17375341
16515154
17042804
19642434
18830764
20018543
19285363
17443553
16836999
17068348
15669577
19626739
21531673
17766759
17941553
21263348
19472490
20165846
17466653
19080034
18338454
20884161
18562877
17132845
19086601
20297576
19048697
15642765
20511179
19634612
16979088
18164460
21736078
19025307
19947125
20348364
15530683
17356933
20387332
17520351
20173693
19264937
16390834
18336710
20966783
15780330
20156667
16841659
17727585
21132601
17802985
17981088
18462237
21647900
16825669
17461754
19170303
19350436
15887616
19148848
17091909
20924893
19625210
17985748
19360982
15935081
19350695
19422582
21502238
16418987
20448516
19738146
16764303
18408440
19854086
20150606
19865571
18768410
15750507
18052813
17458102
17446614
15615304
20620266
15973272
19221763
20855809
18512998
19835231
21169964
19442915
16481838
18087985
19499731
18764854
18057810
19143904
21439059
18197068
19691850
19403464
19793236
20587105
19278806
16908743
21433013
17657138
15518257
21062579
19457010
16315549
16033496
16609080
19745343
15940504
16905437
16543740
19361012
21099065
20679981
21088131
19958408
16939708
16005258
18999280
17911883
20104481
19660624
19581526
20435435
16044791
18503360
16441392
21330804
19237874
18321269
15609737
15592707
21599531
20100749
21957826
17845383
18258975
15902611
16032567
20107339
16095071
21475089
17067898
16720517
18364061
20374400
16416235
20572553
16394838
20566813
21576537
16981982
20815880
15762900
19411789
21563396
21178547
20552538
19817878
19916355
17268910
21138206
22030650
17944892
15631643
16629007
19840278
20371073
17227875
21162358
17411580
16955579
16882001
16977441
19688643
18725354
18608725
21734133
21430524
20230176
17537010
18414179
19695929
17100384
20478810
16111603
16483860
16648349
21615572
17131247
17905364
17822424
19253128
19184207
16215360
19637357
17152518
18767475
16759065
17603834
15550090
21178152
16438809
18304285
19242841
19202038
21269438
20623521
16999371
21614728
20223789
15998598
17360093
21206744
20797561
20011187
21136113
18226488
17693295
18761849
20465762
15789678
17662665
19176797
20545979
16819564
19638142
16443087
19227013
17678824
20356981
20089307
18509146
20010012
20608328
21156351
17202551
16532151
20695047
16323712
19448484
18590091
19707083
19268886
16826966
21272221
17494245
20597709
18552116
20083546
21500975
19458310
15612128
15998820
17854729
18501144
16708980
21886031
17326368
19535214
16582517
16358114
17877871
17272798
19237476
18378512
18780903
18808464
17683689
19923945
19920832
21343431
16423842
17090222
19623510
20552377
16629574
19093407
16629964
18827093
16470155
16595344
17666972
17613139
15648520
21111558
20852538
21308628
17978148
18759730
15973267
18539875
18694194
17671240
17040512
21949183
19008760
21401480
20227643
16817296
16351436
21319427
15890224
16986357
18849368
16946440
17425252
17070032
16648094
15596920
19714751
19443240
16496790
19394523
20002715
15759524
21439175
21385082
21684600
19621441
15650625
16927579
19636497
16584106
19545399
20117001
16287826
20876170
17664526
20544300
17520538
19065397
21303457
18027047
17452601
17153563
19191937
19793720
17938771
17289461
20552319
19632052
20955477
19932548
17105539
15861913
19084893
18327061
18830860
19851232
16205851
16353659
19461329
21789953
18710678
21429447
19266713
18648946
19648525
19207173
19623054
20009456
17509694
18072444
20123762
18725828
20144184
15967039
16082831
19239662
16651833
15827908
17486194
18710375
18843666
20015124
16153768
