16640206
16752987
16752978
16723962
16723946
16512052
15835471
15635789
16788117
16788086
16782923
16781633
16775473
16773918
16765848
16758120
16752985
16838570
16832936
16830255
16830239
16816974
16808711
16808705
16808704
16808691
16805188
16805187
16805075
16804697
16802653
16793491
16791670
16689122
16689120
16689118
16889326
16885767
16879376
16873349
16872786
16871911
16867885
16858454
16858000
16847759
16845757
16826958
16826955
16826954
16826576
16677177
16957462
16955127
16953135
16950963
16946121
16943518
16942518
16936529
16931482
16927733
16924786
16917188
16916193
16915060
16910186
16903586
16900452
16898103
16669264
17053264
17049038
17048360
17047201
17042351
17039989
17038085
17038076
17024999
17020240
17019552
17019551
17019550
17016990
17000994
17000355
16997824
16997823
16997821
16997820
16997819
16997818
16997816
16986670
16986577
16979173
16966667
16639966
16632305
17139199
17135844
17131741
17126185
17115482
17100066
17099134
17097757
17094684
17085270
17072506
17069451
17069262
17066972
17066971
17066968
17066967
17066284
17063614
17062522
17058818
17058752
16610752
16604910
16594228
17227982
17212256
17203294
17200081
19244732
17190897
17187538
17185399
17181083
17175415
17160958
17153563
17152558
17148540
17148538
17139200
16565276
16555671
16061154
16055465
16053505
16030281
16027495
16019465
16015513
16004108
16004106
15981648
15974371
15957398
15948576
15921097
15916519
15895547
15895546
15895544
15889883
15886382
15881905
15880171
15822366
15815958
15815957
15807057
15803296
15791781
15769972
15768657
15754565
15753817
15750528
15750527
15743647
15733702
15727106
15726325
15722963
15706690
15680611
15678023
15678022
15678021
15675061
15675060
15675059
15672622
15667389
15666142
15662171
15660140
15658477
15649108
15645188
15644541
15639050
15639049
15639048
15635872
15635790
15633308
15633305
15630985
15626812
15624638
15624279
15612232
15609748
15609747
15604183
15599868
15597931
15588531
15586093
15585737
15583224
15583220
15580111
15575643
15553330
15550953
15549003
15541624
15541615
15538063
15527209
15521294
15520049
20212190
20178431
20124018
20123947
19430410
19418788
19388373
19388372
19388371
19388370
19318656
19306562
19299969
19179789
19179313
19090375
19042867
20443292
18997601
18980914
18978696
18953195
18950001
18947136
18947135
18946949
18935836
18931891
18928129
18856083
18856075
18840799
18812619
18803549
18792439
18789413
18788974
18788966
18770873
18767475
18767473
18767470
18753712
18718991
18700254
18688053
18685375
18683450
18650561
18638329
18637637
18618201
18596708
18588400
18588399
18587713
18560286
18540549
18434862
18402238
18227880
18374561
17495557
17495556
17488520
17484247
17474912
17472529
17472505
17472500
17470926
17469369
17469356
17464450
17462059
17457776
17457775
17452066
17447482
17443196
17435991
17435799
17431850
17428540
17428212
17428211
17419782
17400424
17397608
17393814
17388717
17387064
17387061
17370563
17363210
17361646
17353848
17347190
17345758
17344672
17342824
17342567
17318982
17318594
17298271
17298270
17274564
17274560
17268950
17264698
17252752
17249277
16629579
16628177
16628174
16594464
16594463
16594284
16541535
16537735
16537733
16536725
16512272
16502537
16496664
16488370
16487899
16485800
16477287
16475428
16465096
16450874
16447854
16440043
16440041
16425903
16422552
16422476
16422057
16411360
16370189
16351541
16350498
16309069
16304497
16292624
16292521
16268081
16238528
16238519
16238517
16225709
16225352
16225321
16225296
16223192
16219888
16218244
16218236
16215525
16215518
16206646
16204405
16198772
16192609
16185590
16185588
16182902
16168787
16154024
16143750
16141484
16139662
16136927
16136844
16135494
16125596
16121826
16120894
16107460
16106002
16062166
16034029
16025893
16003213
15992207
15992204
15992184
15966453
15945578
15944420
15942376
15933918
15909695
15902998
15902030
15887749
15871791
15858686
15858667
15847757
15838078
15835372
15823363
15815956
15811976
15811975
15800337
15794293
15776073
22030934
22004382
21999014
21998983
21977722
21972312
21938999
21922746
21916368
21841631
21795944
21678746
21667578
21645114
21635738
21632671
21631367
21614955
21586704
21586451
21558335
21555665
21482829
21471881
21446599
21387576
21384566
21320943
21306018
21305998
21266281
21266280
21192389
21137150
21133220
20876048
20836641
20718390
20572531
20552855
20458027
20446410
20415327
20411611
20379917
20379916
20379913
20359654
20357288
20332309
20032665
20000151
19901743
19824520
19700971
19655667
19651667
19642425
19637528
19634241
19615624
19605604
19602682
19582962
19574849
19525049
19508132
19506031
19501021
19491749
19472112
19463678
19452814
19450788
19446467
19445339
19445336
19430416
19418906
19391234
19388374
19386133
19380959
19366980
19363868
19335530
19333125
19323112
19293416
19289000
19284266
19283945
19271625
19269928
19263774
19251831
19247226
19242088
19224881
19215817
19208850
19207055
19207053
19202116
19179791
19179790
19133849
20354953
19113002
19107014
19093358
19060832
19060794
18086258
18080577
18080368
18065029
18053455
20443278
20443272
20443264
20443261
18046628
18041659
18041457
18030155
18026064
18026063
18024336
18019209
18006418
17998405
17989116
17985482
17978630
17978617
17977309
17972533
17970459
17969833
17968236
17967296
17966202
17962494
17925515
17918293
17916873
17873182
17912860
17910243
17896676
17892241
17853525
17849632
17848468
17848041
17802730
17723982
17714051
17714050
17714049
17710658
17704674
17703682
17699356
17699001
17693218
17681991
17681123
17673240
17661986
17655996
17653431
17650354
17607092
17601844
17601841
17601154
17595576
17593643
17592993
17592988
17592985
17592982
17592980
17591404
17583273
17578071
17577173
17576633
17564154
17550099
17548028
17546805
17545499
17544247
17538126
17537307
17537084
17527028
17527007
17513278
17511332
16478890
16477276
16468253
16468251
16468250
16468249
16468248
16450665
16447607
16440044
16440030
16425897
16425747
16422053
16403770
16390500
16368906
16363403
16351521
16315538
16311398
16302552
16299889
16294486
16292623
16285120
21711125
21699421
21685021
21678748
21661626
20970718
20969741
20954527
20948271
20940587
20934213
20924818
20922319
20890474
20889090
20879874
20876553
20875182
20871501
20405396
20852513
20847022
20847020
20836642
20833285
20816524
20816343
20804890
20804888
20804886
20804883
20804882
20799904
20726466
20698730
20655165
20613695
20608328
20597959
20593676
20592010
20590042
20576673
20567252
20564077
20562171
20560218
20559180
20558650
20558643
20558642
20557666
20547725
20544479
20544476
20543621
20541896
20520097
20508688
20491556
20463544
20453825
20443420
20443409
20443406
20443396
20443392
20443391
20443390
20443385
20439631
20439486
20438015
20436171
20407297
20402189
20391688
20379910
20375703
20372679
20364781
20347198
20338979
20307361
20298173
20231340
20222376
20178436
20163766
20147713
20144023
20139648
20139644
19147425
19142816
19139254
19133843
19119733
19119731
19115897
19115889
20635554
19111853
19110677
19104478
19104247
19104246
19068884
19061236
19058149
19057497
19047278
20443320
20443306
19029419
19021492
19021486
18997595
18991010
18978694
18952748
18951041
18844529
18842202
18840840
18840803
18829658
18828297
18822708
18822707
18819691
18788964
18788960
18788959
18788956
18779461
18767477
18767476
18767472
18753714
18753713
18728292
18715966
18711031
18694887
18665063
18662421
18642621
18642619
18642615
18642610
18640407
18638332
18638331
18619087
18618579
18610923
18596902
18591571
18588402
18588394
18580629
18573998
18573996
18572556
18564789
18564194
18563023
18558924
18554852
18550781
18541642
18538424
18519834
18519282
18514687
18512480
18477721
18463408
18459596
18457809
18454613
18453135
18450873
18446415
18444377
18444188
18440766
18431302
18426471
18422944
18416398
18416383
18413698
18411878
18411816
18389047
18227886
18227884
18227882
18378768
18370910
18370899
18370895
18370888
18364016
18363492
18361394
18361087
18350992
18345562
18335841
18333722
18332573
18330404
18320997
18315670
18313923
18306895
18306393
18294582
18274880
18274596
18274594
18274593
18274394
18274298
18271137
18269735
18263849
18257830
18257503
18246886
18236848
18235955
18227690
18216076
18216074
18213954
18209669
18207002
18181893
18180136
18176135
18165651
19569418
19281090
18097167
18095815
18095417
18084368
18028847
16749295
16710926
16276644
21826866
21805784
21717720
21600375
21600367
21592034
21591431
21572061
21561510
21561507
21558113
21540860
21538039
21537320
21537316
21512925
21495020
21493350
21493007
21488559
21488558
21482831
21482830
21478045
21471910
21471906
21471905
21469557
21427366
21413660
21413644
21368546
21368544
21368542
21368534
21368521
21381268
21378659
21378648
21368489
21364165
21361835
21307685
21294359
21294353
21282349
21280352
21261162
21254816
21254487
21254468
21246292
21233263
21179859
21140861
21139530
21133213
21117379
21116090
21091026
21090064
21089994
21075275
21075262
21074332
21071435
21038830
20597709
20580605
20569869
20564166
20564065
20544471
20540834
20506865
20500278
20498399
20472860
20469958
20467339
20444777
20443408
20443397
20440564
20434873
20427867
20427307
20420549
20377499
20359655
20357283
20345061
20345060
20339208
20339200
20335914
20307195
20303027
20225363
20221862
20212191
20201665
20198944
20198706
20194809
20178433
20163756
20139655
20139646
20139645
20136820
20129208
20124172
20116205
20112445
20112444
20107224
20091660
20090657
20090656
20089490
20089488
20085908
20081738
20078405
20078215
20064961
20063424
20061529
20057328
20057327
20050792
20050471
20044331
20039968
20038541
20030704
20026689
20026650
20025798
20016312
20008625
20007818
20000010
19972678
19967949
19966736
19960619
19959842
19953868
19953770
19949010
19948388
19947838
19947837
19941553
19938259
19936410
19935179
19926647
19926646
19921999
19921996
19910395
19901746
19889915
19856827
19851529
19850187
19842599
19833478
19828573
19828537
19828530
19820204
19815897
19813386
19808156
19807236
19807234
19798539
19791668
19785295
19777500
19758497
19753934
19752418
19752055
19752053
19735900
19724938
19723858
19723855
19720683
19717483
19715239
19715087
19688739
19681561
19678465
19678464
19675458
19666351
19663578
19648848
19637529
19602683
19594351
19594344
19594340
19594338
19594337
19591624
19586391
19581235
19574016
19568211
19559565
19554828
19538807
19533894
19530636
19530633
19524441
19522953
19508139
19491751
19491735
19491358
19489406
19484480
19477885
19476077
19472935
19453658
19420206
19416048
19411585
19405287
19399313
19388385
19365165
19356896
19320387
19304807
19301377
19293414
19284252
19275841
19273778
19267100
19250259
19247884
19243521
19240102
19231711
19227041
19221997
19216749
19207056
19207052
19207051
19207050
19198135
19198129
19192710
19182851
19179792
19161963
22073489
22067737
22027164
22013829
21999036
21990415
21982520
21982519
21977729
21977728
21957797
21955906
21926561
21925409
21911555
21905616
21879542
21853835
21853723
21844765
21841661
21841588
21834378
21825916
21809286
21808911
21805755
21798736
21797834
21783012
21768827
21765330
21755786
21747576
21727888
21727884
21727883
21702353
21688609
21682166
21678747
21676675
21676052
21675316
21651372
21647080
21647079
21642931
21642911
21641763
21641222
21612502
21592383
21573883
21563734
21561517
21555664
21548790
21537314
21504306
21495851
21492285
21488563
21486146
21477110
21476885
21473337
21464103
21459031
21413855
21401687
21368543
21391772
21387896
21384565
21315638
21306232
21276702
21267660
21266291
21266290
21266287
21261165
21254815
21254811
21244255
21240103
21191196
21188869
21155649
21155639
21150531
21131103
21126195
21123236
21120703
21063640
21049795
21045742
20929929
20925288
20875207
20874235
20853103
20844290
20835283
20817564
20816332
20813494
20808079
20718397
20715650
20712668
20712463
20689936
20679968
20661211
20656603
20626120
20625625
20572030
20568968
20546383
20500257
20438281
20416978
20402179
20136822
19643612
19638064
19635004
19330664
18838925
18624779
18588408
18488864
18210161
17725265
17559479
17124739
16708980
16698507
16651296
16641567
16637137
16632078
16629574
16629565
16629564
16594456
16594438
16594436
16594435
16585329
16581639
16551501
16534044
16523796
16519592
16505877
16505876
16505875
16505874
16499462
16499459
16477288
16477286
16471047
16470155
16460364
16450557
16430757
16430348
16422484
16422477
16398889
16377957
16376710
16351532
16351531
16351530
16334968
16304319
16295285
16285228
16249588
16248418
16239819
16238518
16238512
16238511
16238510
16238509
16219885
16199401
16199398
16192121
16189646
16174877
16173914
16172453
16151752
16148468
16135490
16116773
16108932
16082913
16078971
16050878
16048530
16045875
16029774
16012559
16010225
15992211
15992205
15992202
15992201
15992200
15992195
15992192
15980078
15980077
15944496
15942343
15909012
15903009
15903001
15895549
15890053
15858672
15858671
15856168
15855863
15817022
15817021
15815971
15812653
15800328
15743646
15724835
15710795
15688544
15662179
15660148
15659087
15657689
15605914
15596927
15571901
15523075
15520054
15516038
18649818
17532231
21442644
15632754
21130334
17370138
21570528
17351843
21146116
20631590
17590366
17674216
21548407
16452896
22106759
21288945
21674471
20846225
17949400
19833673
16529288
17390949
15783053
20397053
20821958
15860054
21860933
15560706
17919216
20234287
17451834
21482347
19114780
19592914
19588512
18290752
17256810
21382202
16525525
20124813
20306112
19745626
18092916
17095426
21324859
18502175
20092452
19440947
20077317
19301081
16344026
21625663
15777478
19181674
15862642
20841642
18041361
21123958
20638005
20163334
21122764
18608082
16572981
18192152
16629917
18980104
15696887
17375806
18158489
21505337
21359548
20464718
16513375
19006591
20692658
16594230
17479546
19663714
20650357
16533673
19765123
20047175
17523753
16150678
16774291
18820832
18773795
19086245
15622672
19412936
15731987
17936542
17087825
21639747
18678835
18812589
15818034
20017460
18682996
19507311
17390981
17242389
18827760
19556094
16317178
19692929
15779615
16022913
18558934
18833890
16025652
18271836
19023771
16171109
18923348
21631936
21272303
18251446
17711974
15628643
21906397
17082170
19824977
21197884
16262830
21675014
16327529
21416864
19906503
16294182
19077024
16562435
15750704
18977551
18702778
21904101
19729964
15980079
17059163
19251548
16495835
16604867
18194352
19788748
19887345
19194304
18358506
20800299
19745417
20214769
15531554
15960030
16284977
18386178
15899727
15643827
17947907
18641496
17027302
15687721
21206355
20382367
17680901
21785313
20337725
16736630
20546288
18030963
17550091
18476661
18489065
20644497
19004639
19592804
18435115
20226938
15575035
19563625
20391041
16551153
18359378
18803442
21305713
21905317
17707085
21129344
16222404
17477187
17690808
16479208
16547786
16076792
20438034
18278566
21181560
15644760
17146009
20511193
19330969
17309528
20852932
18423061
19195189
16097606
19430509
20597710
16350737
17601835
20488575
17919211
19251730
18310377
18071813
19701782
19293717
18376519
21502444
15962534
18806331
18708837
18812614
16873049
19492760
18047958
15942477
18457798
15535321
18713540
19817520
19118468
16289739
20489767
18987080
16827400
15707263
19899198
19038449
18754706
21941045
17418327
19001919
19225320
19665919
20626483
17500349
19098617
16620041
19725398
21615198
16010220
18658242
21958923
19853819
21794116
16965885
17555611
20671002
15705638
19530475
17052342
19032911
16171072
20038247
18813611
21702427
16671976
17534900
20473643
21504260
17128395
17122713
20358731
20170407
15940115
16820831
17826060
21476315
21692378
16482394
21263279
19101310
17603000
17964900
20806671
19373176
19468121
18800356
17984647
16014173
19910895
21178193
18791622
19639691
19958418
16475462
17177041
18280252
20947577
18642609
16522226
17497544
15739632
19648386
17380340
21391446
19582520
19565441
19217498
20097932
15620127
21722765
17114848
20088981
18478644
17166062
16618863
16503014
21126301
20806585
19694620
17117700
16441679
16594881
17267723
18497658
17245200
19689600
16166920
19278889
19923007
15552807
17713866
19839782
19492762
21191254
21457410
16483424
21138894
17592423
18313501
15800351
18332355
17556931
20720084
18589900
17453993
16276642
18085971
20968142
19694861
19160924
21933478
21088636
16174816
17333656
18798229
20406498
21778801
18378400
19156467
16110129
17710962
16468256
20092915
15928365
16483098
21634217
20922979
15533085
17625659
20737230
19206034
19117644
20598470
19112628
21403043
16088854
18507193
18515809
20377498
21668320
20966841
15897499
21073503
18175190
20659976
17049797
17091047
16056112
18260726
21045946
15871537
16412443
18361702
18666873
15515312
15894761
19318286
18350770
16086547
21792943
17032489
20946442
19101219
19937955
20543239
17991930
21378607
19562361
18416779
16340472
16795902
21336196
18348414
16085210
20540386
18214265
17242783
17170632
17437656
19713787
17471686
17575444
19417965
18663110
17626134
16423124
19537388
17469354
20919970
19218310
15787774
18194397
20805071
17718641
18257885
21181283
20120519
15600222
18804722
17518910
17469387
17621580
16883075
17711769
16287894
16570778
15536025
16244821
20085175
17879032
20025178
20334019
19534170
17139941
20848058
20946861
18346988
18611104
16967153
16371385
20710110
20019503
21170659
16600433
15894793
17514708
15927521
18333558
17926454
21277126
20841722
16142843
18304147
19306147
18519095
19174059
17699226
17888804
16469149
19552323
16398194
21477493
18949763
20220661
21118876
19048966
21167040
21727837
18647193
19492613
17142702
21458212
17067321
17218552
18431260
19051982
21919297
15837667
21305352
15620077
21507260
18351193
21041348
16323256
19638060
16652069
15701767
18800005
17077631
17034903
17436863
21520676
19556934
19003797
17032598
18381849
17966935
18180501
19263812
18240478
18796048
20434096
17298955
19339319
21295485
20674334
21563396
17343118
17044586
17314390
19363882
16215353
17194871
18660767
15906896
16411032
20373630
18492558
17950964
18164944
20920077
20679556
17147799
20725782
16732442
19268327
18295615
18957190
19374034
17376560
17452926
18079626
16483860
15845324
18829016
18034182
16596858
16035471
20529495
17599583
19327289
20439049
20921451
20803405
16259344
18715654
18287415
17669067
21718988
18761196
21590628
19915873
20201248
19743910
20143739
17403832
15702522
16622437
21359254
16504130
19926243
19764379
16757460
17609028
16430762
21072017
17403971
16093987
16681111
18279501
20803404
16821695
17470706
17215199
21525806
18175415
20537127
16335610
20185449
19643353
18377105
19899401
21791099
17668610
19146519
18802985
18937591
17172785
15998820
17290038
18614452
15860878
19170377
19085668
17116539
19657495
21123196
16905990
16832007
20112771
17869587
20837681
16637961
16214514
17955685
20031171
15660532
20557261
17128678
16280895
20337796
15800153
18053001
21726687
19735607
15561022
16317358
21462659
16459208
19471139
19058079
15914375
15584942
20110929
17617637
18660768
20045228
20000028
16805937
17091657
19535934
21771357
16492659
21649768
17927095
19714597
21664016
20871498
16940346
21771371
18618954
20736665
16863695
17998715
19624063
17413678
16301958
18635374
19422582
17095336
21554729
17263611
15717962
16301940
18075446
16119501
20684415
17267370
20088062
17475940
16749369
20438371
21271385
15585514
21042946
20660471
16634398
18569412
21717792
15548103
17467948
17083100
18284013
15750504
18254676
20419745
17239730
21050516
16330791
17386309
16498013
18849508
16310679
16119644
18649644
20170869
20369442
20494279
16075907
21642799
18293243
19281702
21070104
21818014
16532244
16948417
19018920
15552803
17680755
17162114
19382989
19756451
19694519
20543720
16741693
20180380
20696953
17486464
21542811
19723279
19179871
16122084
21091400
17957346
20089573
19728198
19304727
17717570
17655571
17095418
19066477
19826325
21507612
19580138
19731990
19263354
19936449
16552592
17041073
15586549
17001357
17123674
21087817
17134641
18761849
17108601
18727763
19745474
20217048
15608941
20078015
16517805
20441028
21693527
15580854
16678599
16094281
18725849
18438165
19648012
18361954
19143235
19673057
19261142
19483575
17013071
16121873
15645631
16498160
20095083
15882364
21180338
15558396
20112774
16466404
16174812
16019976
19204130
17441822
17349147
20886197
16580262
17601474
20430654
17524863
16451311
19159080
19515476
21242560
17893379
18382197
20101417
19626346
16033498
18378349
19243526
18752660
19581197
15841708
21738035
18591173
15907668
21722223
16884157
15890039
19293069
21841589
16922982
19753425
21793115
18700984
19225316
16138950
17192816
19674429
18278617
19133492
20949328
18708675
21622488
16242295
16620172
17242441
22000178
16034293
17688563
19810627
20104404
16224611
18278840
20334015
17239072
21557105
20349850
15965386
20353126
19018215
20505412
20795597
20515883
16871057
16937143
17387302
20940582
19739424
20422231
17335535
15683143
15588042
20196711
15864972
19558371
20805434
19634047
19192004
19073359
16542812
16756529
17849721
17081921
17954133
21905489
17327536
20016381
16447530
15608590
17591998
16175728
20371054
16125016
18030944
19948605
17970505
20561851
17055634
16045109
16283339
17294123
19706350
18806198
20010728
16140699
16513873
18984243
19261173
16116925
17875566
18205682
21560896
19259870
19116753
16044727
17880415
16327299
16546921
21441795
18834015
21561573
18180517
16425947
16093224
18952706
17049696
19356201
21531940
16122364
17324176
17147856
21159898
17671240
19624268
21935800
18373383
21091226
19591660
18329223
20452847
17486196
16948883
20153550
20715299
21768807
20871511
17577177
15715532
19843130
15859962
17276329
18240982
21298940
19124670
18448753
18351621
16673625
18195639
17286723
21320889
19747254
21957552
19558289
17344270
20516770
19940587
21259276
21601772
16215208
17703386
18808287
19168841
15552388
17592978
17349500
22009086
20584237
16420822
20560683
15911916
19030843
15684211
21474201
21592416
15778816
18774048
18993023
16764929
19153394
16149976
19886105
15970780
21030490
20640393
19537189
16450233
20466750
16055775
18937139
19165089
20655164
18289385
19891756
16262092
17494817
17333637
22098841
15822046
18562819
20464523
15631214
17998411
20808108
17257601
18993131
15573464
17628193
20677444
18572343
20369156
21784713
19287264
20843717
21646895
17907755
19054930
16030411
20617716
17964892
15612233
19907389
19573630
17216935
21893726
17042237
18501055
16612288
18467475
21879649
16104490
20602759
19723861
16112540
20507043
18298835
21763127
19235657
17266405
18154533
19209172
16373178
17227356
19481046
17880978
20077807
15616404
16635120
18846216
20047174
16215519
21422954
16471296
18503016
17968640
21330327
16119296
17091750
18359388
16262095
16605144
20671744
17066970
18237315
18158508
17132380
21368264
18982881
17258926
19414298
19816040
19766373
20921882
18294873
19667775
17352783
20049369
19271449
17566622
17936640
17577160
16752967
20215888
15959428
20031823
17005244
21483387
17642393
19576329
18080337
19901854
17057568
15548934
18496395
17655685
15760808
16963194
19891301
19460680
20876087
15739059
20123876
15718578
15899512
18599172
15904528
18076885
21642331
19300281
15537067
19104475
20433117
21478725
17464813
16632217
18314811
15855177
16687338
18501029
16408461
17524603
17307086
20216026
17518381
16755394
20065543
20858247
16849783
18063317
17392944
20456149
17122679
15987407
18987511
16296417
19200465
18536587
15549004
18924291
17202904
20332290
18191669
19170303
21561546
21091048
17012496
17263734
21651735
19376676
17332210
16930000
18809051
17131719
16287811
19470317
17438705
19958147
16048650
21047442
15940977
19499428
20516708
16163418
19149063
17505366
18479506
19499993
19492647
16636220
21041178
21294941
19665939
20574853
19331253
21306029
21693723
20675424
18285435
15955757
20633307
17007650
19865577
15689724
18721082
18768518
16623608
16915611
17078883
20137029
15635517
21089733
17482418
19525768
15744200
18709839
15651950
21138561
15737858
17559731
20307439
16466277
17036450
17572055
18317029
17372803
17692402
19943928
20336984
19260356
19212925
15772362
15601409
17692229
16999587
18179535
18080336
19250024
15877551
18708279
18922360
16553193
17219938
19319553
21824313
20605087
16301469
20209830
18154492
19952551
19605600
18799237
20572093
18563863
16732782
19720056
18477393
15969765
15684841
17394537
19627048
20450999
18031485
21669385
19770748
17443361
16490950
16390528
21896227
17130096
18984376
17208924
15635558
20069739
15923949
20584278
19188467
18385990
15978783
17309128
20010044
16598327
19750436
18289187
16015516
18609739
20929382
17020238
19657251
22041949
21480788
21140321
19342715
19388569
19383173
19712845
15896695
17108547
20818991
18785884
18453795
16841828
16572537
18622998
18193482
16117032
20423471
20923482
16912338
20465750
19295419
17679605
18715389
15707102
17003220
18395142
21411402
17274807
20303232
16620181
20550653
16092286
16732581
16406574
19449710
18318974
17286192
16474364
17260226
20102784
19879462
15785330
20889852
20230169
20362792
15531936
17411745
15682699
21449483
16965244
16773859
20546466
16830838
17537189
19057428
19875006
17400141
15789292
19667782
19817514
19188422
20615739
20086261
19460244
16633386
21652134
21667548
20002590
16403763
16235285
21542913
15797359
17142586
15785914
19775571
17694224
18384920
17557933
16499789
17221082
16276198
17145490
20718595
21330383
15620384
21349200
21073566
18845414
19851232
15887359
16255162
17574437
19112004
15693726
16669410
17156416
16461869
19930285
15581440
21551221
17142595
17430711
20159350
16052199
20298379
16126054
16808695
19351578
21094792
19952146
17346321
18427335
17671802
21513445
15579477
16512746
20630804
20634397
19711082
17287134
19943991
16918835
20546560
16159029
19659488
20229487
21033406
20446141
19049552
18567651
17184417
21877511
15520090
20194254
16076795
16926761
20077346
20014540
17311789
17455570
17065879
17582874
21684679
17404131
18971810
18235050
19416050
18350213
20549419
16959930
18565855
17069104
21182343
19072191
21186282
19567009
17417974
17387058
20054079
21323974
18709694
17415578
15932385
15727544
17722793
17668735
19405310
17492993
20533023
19276220
16534078
18538965
19365826
21081716
16708752
20846019
21941879
18972936
18792440
19763699
21197829
16927904
20331546
18468856
19835742
18807244
18671301
19341069
19738217
20175361
19161482
20021383
17935243
16563995
17344254
20411904
16604008
19359085
17467117
16879798
18295373
19542420
20039934
15920374
19647956
18594028
20019515
17365159
16861132
20836638
17596246
17019350
18722942
16056113
19577033
18798897
20131582
18355797
20179530
16551027
15804903
20722798
20547285
20519004
19935520
18522604
16519201
17073073
15640652
17935835
16691214
15927296
15567216
19066847
15746594
18029543
17915168
16336151
18326458
20439330
15931310
20519008
20652645
17082871
21672292
16757396
16138633
16868772
17019343
15660548
18942219
16076895
16019329
17024615
19860093
18780932
17669849
20580415
18164351
17985948
20687038
15624537
16699329
19087473
17714237
17205276
17766905
16110047
16647834
21532080
15789481
19377027
20129215
19395688
16764152
18322741
16010142
17320017
16860524
20029430
16531858
17351220
16879172
20160554
20925710
16422714
17194372
20971335
21489268
19784911
20473206
21317659
16808739
21292210
17682443
17876209
20051399
18030125
21242264
19383199
15695832
16527004
20667173
17456540
21501645
17466825
16923479
15559886
17703821
18437600
21460349
16551817
20853211
16494290
15920939
19552620
21051257
20513695
17058411
20085690
18849465
17214422
20837738
17695938
19620163
18380826
18429368
16882343
18595942
20092087
16619895
18195192
17212575
22030634
15913234
20349778
20690370
21478782
17019543
19700966
16408524
19276768
15916121
19648829
17766672
19247013
19808151
20618313
19708058
17308535
16094178
19096290
21659986
16913521
17872786
20303230
18648768
16033496
20855386
20875181
15964865
20558561
16254653
21029998
18953730
19317314
20299692
15769969
18971800
16195571
16450511
17340180
17210503
21644028
16432647
15913121
15862499
20587758
18570011
18829184
19449746
17600243
19775042
21970190
17051292
17594999
15609848
17985682
17898253
17454206
18086023
16357787
15672850
18661855
17101037
21353918
17653878
18784227
19489944
17122530
16779535
17185650
18206580
20033624
17441929
21795301
20373649
17666293
17525838
21191154
19114387
18641472
15725178
15911292
16524996
20077797
21117303
21767163
18607872
17017409
20495584
16594252
15993259
15910587
16869086
18038525
16964556
17896048
17641967
16422488
17650574
21119382
17433966
18727573
15761346
18159973
18636026
20113944
16688661
21813731
16499235
17185923
21841115
20564060
19298305
20432115
18843666
19142581
16495871
16133615
15754527
16920649
19842953
20565969
19117504
17212893
18291056
16224238
15678929
18085601
17022891
21658648
17205835
20125094
20722812
16168035
21877509
19420403
15716811
15611423
16282571
15948080
20232017
18788364
20521007
16294697
16096140
21219821
18340975
18005918
20118886
15747911
21815184
20194107
22106614
18817024
16102152
19704190
19327616
20609010
20734699
20447799
19899278
18778947
21319427
21803663
18358702
19969334
17646058
19402362
20308660
15669775
19187163
19033167
18690085
21342892
19264058
20189748
20422903
19380210
18839734
15943158
21082710
18575943
17763050
17535945
15839046
18378000
17936550
17721144
17305265
21789291
16572671
19129289
20646387
16138454
15869017
20299047
16148510
20499629
19118293
18840287
21205258
18998475
21530172
19771825
16798221
21457084
17263098
21298941
17108841
20332687
20016058
19910878
19919765
18160864
20148864
17667534
19364033
20033300
21220533
16566103
19507263
16572117
15667384
20422062
16761660
19851141
20117563
17985960
16732343
16869085
18342821
20201667
17136919
16047074
20003704
17069923
20421226
17634910
17702483
20151088
19681779
19361078
19648575
15962433
17701622
20929461
15942857
18340076
20877755
15761646
17480138
20429487
20487406
16615735
16446269
17098002
16781616
16644313
17317434
16097619
17133923
20719472
21725233
16923040
20619602
19174637
15761309
19323361
18385225
19638371
18792706
19085796
20959765
18777713
19709790
16139638
20842895
17640105
19184200
18402417
16565619
19930228
17591413
17461512
20800414
16394212
18240655
17684984
19136228
20678610
20444773
16282827
20403896
19579420
18004617
15515442
18688567
20057238
16365607
20334875
17890348
18525311
19105562
18928960
21039850
16129014
19205473
16906322
21480493
20129896
19033337
18542990
16083190
16869335
16629569
15575137
18622567
17086298
15773824
18022039
21602039
19889472
16875116
18337439
18311398
16502131
17227921
19084972
15954200
18589227
20057235
18586692
18777511
16299059
18482146
17919875
19634528
19194251
21504546
20797561
21118867
15698531
19538798
19569062
17378356
19241143
16516560
17718725
19388901
19825711
16676254
16884615
17250466
19187170
15643921
20606057
17359623
17903162
18373314
19955880
19880830
19882490
16076279
21481971
16782338
21521838
18981351
15789360
18240694
18687627
19322971
17444316
19694517
17954070
17083557
16905933
16974179
15749967
17914661
18227679
18680919
16122538
18065075
17984217
19179235
18936382
19730104
19717839
15715073
17170646
18837415
16322862
17495550
16501268
19673992
16384803
16779349
16242331
19651933
16258402
21737898
17608648
19917945
19823898
19882409
17194054
16855039
17192152
16752881
18648986
19476891
17913777
18184869
16962406
19062110
18478819
19284169
20952243
19097874
16749935
19627049
21375199
21366204
19338188
16769120
19116531
17870643
20825433
16566102
19338115
19697594
16107452
16604801
17275970
16879793
16946157
17133682
17099465
16343237
18209695
17721966
15734138
18444395
21684600
16613601
16439744
17907348
17228785
19556035
18158525
18375780
17630271
20566394
16568591
18395309
17058812
18564969
19866538
18453922
18619799
20426361
21511370
21191698
20551371
16054329
15997955
18570825
19586390
21467077
16422435
16292070
19880475
20966789
21044481
18214033
18317257
18241776
15632795
17065869
19764839
19008976
21139133
15584668
17785653
20105588
19401105
16473292
16012933
18671895
17974595
17897152
17144222
17164443
17915147
16395637
21954764
15822847
21242317
20353542
16162565
20507557
20200818
20447149
20011187
16885556
20626833
15831420
19018126
16086614
18284834
20236299
21717621
15540574
19323697
19089460
16176471
15853785
18985624
21398370
21055578
20813997
16620315
18311396
18558892
20519453
18050782
16018301
20221646
19166399
21149751
18834055
16465053
21719627
18838730
15908631
20455379
19760564
15684901
19669071
19140201
20695347
19243243
17111757
16223113
16050867
18173315
18681977
20511094
17339811
16722112
17632126
15842683
17175566
15819836
16902079
17494453
19551962
19824096
19382508
17540828
16548947
17924495
16302938
21661500
16873146
18582304
20552914
19371991
18830834
21744732
19166636
21765263
20576340
17705080
17701393
20136397
16544011
16217973
15999921
20003350
16855121
17501883
20159525
15576523
17874269
21480176
16181570
17142653
15861103
18361952
19730813
16257882
17978624
20390224
17767791
19953755
17625004
15615665
17725947
19957105
16999613
17380834
15597498
21037958
20099654
20441098
20478866
20942319
18852581
17094754
20598829
17960670
19770735
17380521
16219589
19329101
21557530
20523219
16438813
19914484
19287262
21424389
20102928
17084766
20920808
15675902
19058069
20010234
19640282
21265635
16103805
18341072
15566027
15804642
17296688
20608316
17998408
17236855
15513613
20677522
19292655
19402840
15889874
15912809
16700786
21231884
20682499
16052051
16339697
15723908
19537399
17099138
16931414
15592990
18678149
18228652
19418751
18363459
20946571
20146202
18973994
18182945
21211582
16517497
17472791
21959637
19739511
16620259
19835231
22129251
20586952
19856559
19245724
16966043
16296991
15754566
19004659
17630864
18604930
21553560
18598386
18517166
19413560
16680206
17061471
17414731
18584797
16740565
21683491
21150502
18382174
19173756
17257963
20399491
15600110
18588397
15622417
20639745
17214237
15926638
16689756
17300634
16544858
20507046
18705720
17480142
20439051
15777026
16964773
17013821
17238720
16520518
17694612
16908363
16053415
21563900
21253876
19741381
18809312
15630681
16301939
19761173
17502809
17229270
16027593
20142133
18082105
15762901
16409421
19516915
15668597
21147458
19381818
17109114
19469434
19492167
15854068
17882096
18354710
16579251
18442105
16167849
21206350
18476313
16162561
17692636
19912389
18663532
18051488
17636573
19877387
17151564
20939875
18698597
21865222
18995164
18493711
20981687
21045223
18649947
17002481
19592838
17122680
20810257
18191767
19260602
15679494
20620811
19673713
19819660
17984641
16052880
17238363
19960751
19167968
20108549
21199549
21905476
19041211
17581479
17666224
18258936
17300544
17338952
19634603
18787976
18923216
18387229
18690763
16910375
19022072
21057139
20045746
15991588
20172452
17108506
17131302
17265663
21311444
17047644
20929625
16834648
18928465
17766616
15788081
21367366
19860295
18350338
19956979
19457010
20427938
18216079
20189682
18685374
17896880
15899606
17802733
15712465
15526870
18953193
21273573
17252078
18033664
17448662
19489191
15624706
17508949
18755780
17347505
17181498
18032742
18682476
21977725
18563014
20180665
17368975
16978415
17727387
17647065
18578955
20972850
18053957
15824941
21070357
19589766
17387710
18291328
19717753
15994471
20103447
16207666
17219497
20452713
17334734
17353810
20192712
15937755
16521895
15684026
17446790
18506703
17972297
21736468
17583402
20133288
16009289
16168544
16900915
18760411
17006108
16790223
19793191
21737032
19590818
20459834
17882863
18039993
17672390
19170300
21055651
20679260
16298283
17576893
17601244
17211007
19273989
16021555
18542842
17159560
15717596
15947381
18066411
19582938
18182537
19708094
18414308
17954872
20553349
16200520
18577170
15636409
16619958
20428969
19848032
20309780
18767386
18082416
19265731
20654924
21462062
21131175
18061312
18042102
20099384
15999088
17455515
16735940
17655567
19187418
21397885
19319181
21327528
16688660
20726471
15521111
19044102
21507109
15677780
19581228
18705737
19454193
19700091
18026777
19490299
17462142
21576612
18980927
16124136
16331548
21790094
16310195
15569363
21288722
19105913
18536968
18444043
15946278
20808256
20620088
19390531
18982964
16132954
19489757
19375235
17349490
18756161
16970554
18650534
21216318
17175683
21464065
16950811
16197765
19541254
21702398
21540681
21902899
21223401
21142678
21384781
17903718
20228359
21445517
18777974
16081435
17897117
22032561
21605295
16245559
16885678
18791404
19514130
18505664
17257805
17627836
15515991
17518891
17669850
15646757
16361906
19281288
19248408
21047696
15861752
15957698
20051191
19684629
15924034
19643676
18680413
16607127
16788256
16192811
15581299
20480130
15536794
16398065
16195110
16035510
18376330
17325298
21729112
16252379
18022831
21684413
17716787
17683100
20617664
19901567
17024614
18194358
21218702
17505380
17617333
19491686
20040605
17038840
19051612
18828429
20958178
20443072
20589400
21780096
17175948
16259701
20860433
18588597
20643846
17443116
20430210
18416395
16487892
15689143
20387296
15819839
17711812
20141095
17978946
19251970
19664202
18538999
21191167
19854841
21194757
17287039
17112987
19930280
19536389
18486552
17139496
19588053
21392965
17573983
18302651
17352699
16222176
20827931
17014467
16950187
17712753
20868958
17258047
21211483
19851233
20395648
21346463
18855228
17133206
18317851
19852419
18493127
16077285
20158126
19114604
21376601
17185154
16339250
15546554
20876928
19155996
16279964
15833464
18198783
17998119
15808145
17149088
19474578
21189717
20212311
16396128
17027221
20801960
16084187
21476166
21817968
16493298
18515437
20095068
19164259
19150541
17094305
19399952
16344546
20331888
15819748
17981088
21402460
19938442
18573018
16645132
16775869
15832243
16473745
17956371
20056005
19753837
16760680
16518951
16448378
19231935
16913342
20511356
20626482
19820474
16862024
19948026
20695950
16679437
19461593
21615347
16125029
21282496
17515638
21648267
20404777
20299410
16121653
19801316
22010523
21239085
18036123
19140193
18505636
16202778
19046088
18464488
16850912
19731166
18851730
18588395
20933146
18372975
19025956
16845814
20216073
18431604
18839647
17206082
20423212
19564001
21704974
20716978
17167364
17140421
19150197
21482348
17058757
16870996
17123215
19645807
18806027
19962600
19390870
19893846
16008138
21501725
20377024
15655433
17715444
19244785
17922171
17828475
20510839
16416401
16334082
15602309
15962843
15915735
21129700
15644699
20346338
18517071
20503033
20674108
17416698
16759046
19705315
16094061
20942256
20837607
21938975
16409571
21714418
20502175
17490918
19306604
18394030
16222396
21510261
15663350
19399636
17573985
17197304
19781901
20079645
16893143
17417043
21334787
16945865
15976500
21140863
19642146
16498900
21447572
19309414
16471375
20530804
17579311
17371741
19694232
19818581
15618764
16189755
15655132
20855994
16139467
16719422
19695776
16324899
17502204
18816011
18684407
16884798
20196495
15861917
15644652
17855485
19762367
15627872
21119100
15713926
21458151
20119710
18950440
16899363
16317333
20564415
17575743
17057641
16499171
18596630
19740690
20628787
16134095
21214136
20402165
16035267
21810722
19711731
16687723
18947114
16704378
21770355
21751723
20523150
20875203
20869886
19910195
21045575
20728393
16441526
16981981
17322008
17007486
18165378
19399010
20650441
21265918
17643574
18837644
17986499
19273868
20973853
18829201
21266559
20949838
19161015
20380710
20179250
20408887
15819162
20817494
15878490
21388099
17263929
17346323
22040851
20019345
17489499
18314047
19282701
17337588
15579518
21102312
18829202
15760804
20163761
19409867
16809746
16111443
17294775
20213580
21265629
17051891
17173922
18674473
16875925
19901142
15740487
17285381
15713860
18234092
20400045
15865581
16371122
17371889
17918303
16010896
19365164
15540835
17333116
16236837
17564548
18488966
21109126
18766413
15618087
16396410
18678074
18723729
21054632
16781555
18370891
18417021
19643244
20920079
18362004
15750524
18809151
20222404
20236446
19847645
21287921
18756137
18694213
16174814
19616156
17343952
15675731
20233916
21520572
16366372
21651382
17601235
18332668
18381881
16036728
18574373
19274607
16980791
18057177
18287181
16607898
18468015
16112527
18008106
17486358
15717239
16332466
20371636
19702979
18053404
19940420
19483063
16766784
15527578
20507569
20367649
17654380
16630317
16040178
17704676
19706163
16636090
15875749
17017584
18325139
19284262
18503535
19086484
18380998
16182126
21434510
20408275
17042149
21462907
15837666
19413614
17547266
15797854
16634446
15537718
20469959
16352344
16192533
18495415
18705782
17665623
18323356
19843967
20940568
15586209
20659196
16003573
16055241
19950320
16750499
15800825
16689411
19237903
17580394
21689042
16471297
16547434
21841586
18713537
16897414
19479548
15923414
17766670
19101457
18043116
15741961
19793245
17694882
17263656
15802407
19106279
19027628
17022914
17879602
15812092
21401255
15696631
21659483
16104485
18455949
19078874
18037602
21500507
20000054
17560066
21035900
19930072
21824947
17245547
19651465
15624409
17553402
19012496
17343319
16285636
17470093
17300493
17165076
18936266
17225762
17846560
18368655
20420304
16864168
16166409
17678684
19762137
16929040
20564813
19700280
19182305
15635352
18325102
19138378
21512849
21448039
21748861
16341301
18077034
17219943
19459399
20156667
21134196
16490550
15548413
21194872
19184444
17664534
16676754
20527994
20712866
18624704
16261668
20509888
18251578
19570963
16686824
16515564
20218938
19097575
19197608
15987328
20203635
21091700
16821201
17661076
21477274
17549970
19266713
18763438
21478662
15525848
16394838
15654469
17487704
16862023
17660859
17882501
17158184
16672676
19558734
18073258
19436778
20061256
19670955
17489928
17034677
16594289
17512645
17556401
18196490
18629732
18676528
19959057
17096652
20960019
15707097
17937971
15797358
20708185
21266150
20705412
19794321
20042561
18670472
17658028
19798773
21330895
16791743
18344453
20421049
19455882
17378934
21675887
15575186
19931963
18768554
17064413
16600559
17895516
16231609
17701633
18278648
20863329
19819761
20558366
19141403
15993674
17557205
20677061
15851372
16401771
19019809
18985427
21145150
17461706
20956707
22041659
19232929
21628011
17616329
21069119
16252635
20550019
19350436
17373353
16299190
15790268
16460982
17038111
15638354
18096353
21599730
20920084
21322884
20724738
15880977
17512100
16539321
19395105
17385965
18370970
18161180
18048222
15993673
19331034
19926179
21877578
15881629
19201298
17283937
20831106
17040143
15678693
19725798
16434415
17086654
15527232
18190569
16876234
15551512
18581021
16423441
19300002
17116010
18457633
19779947
17284552
17515265
20467909
18387070
17060291
21178600
16422483
18206309
20031896
15528290
18179363
21134125
18214209
21391861
20054081
18454774
21188866
20638866
18473702
16982297
21600378
19407916
19682663
17126163
16960491
20100152
21125707
16903401
17256293
19653389
17723930
15997354
21777869
20123879
16688662
19348827
19155195
19173177
17766662
15513801
15544666
17704670
15807759
16160657
16051661
19077648
19371558
20554279
21526689
16752551
19202467
19183948
15533351
18414207
21413534
16756187
21655407
18360202
17504545
17005817
16006697
17920170
17605056
19227633
16878413
15824697
17102477
19723730
19449270
17125041
21481519
18851887
15542538
19368568
17182516
17197293
18293872
20200284
20679561
17673344
19672055
16276341
19272541
20423374
16774177
20236522
19120949
18064839
16464138
16643346
19157357
17483997
21239422
19061685
17444465
20617931
17077415
17824452
19955458
16518558
19621558
16244534
18709832
21477027
16716239
16475466
20409122
16430347
19830850
15620074
19467120
17498153
18414965
19581110
18999031
18617920
19863765
15970752
17623260
21046383
15889656
19865012
18386071
16043435
20031864
20970237
16708137
21206744
19018885
20162914
19402568
21688514
21673199
15999919
20431785
19372121
15933633
21317508
16351527
21283025
20024709
18044379
16800324
19636497
19909955
15851389
20350921
17135066
19072193
21932502
20636154
21115294
17040146
18464128
21376519
16873775
17209898
20123824
20394476
16832675
17066969
21721895
18031573
19686269
19531081
19863228
18081997
17346340
19012066
18053765
17315515
18348350
16945783
21586990
19006956
20458647
18774879
21789766
16766785
20487470
17542348
15736511
16700500
15743299
19330972
21586244
17340855
18346629
16246224
18565788
20888544
15631418
18487708
20846045
15552805
21910375
15629730
15578622
16238867
17239073
15600217
18342588
19084891
18154854
19813486
19181138
17413676
20032758
20541065
15575189
20430552
19065867
19480834
21711531
15988949
20621400
16109462
21660823
19247014
16638158
16637944
19249998
17937946
18183750
16703525
21683213
17083753
21842628
16459967
15640681
20887526
17160738
19823090
18687120
20442341
20639232
22002644
18086967
19550262
15574726
17156466
15603635
20368484
18728518
18431285
21532758
20934543
17260599
17486016
21854234
15710277
19950735
16166617
17851721
21820540
18465383
19592825
19092597
17705866
18053501
17583281
20502170
17249472
20237760
19841548
17328146
20469996
19960645
16566616
19444671
17897147
21051175
17075368
18063043
16218057
17990402
16826947
21709550
20541279
15884310
16800117
16158203
17178074
21034238
16579145
16950516
20692122
21499887
20493795
20184233
18655425
20878833
21167451
20133477
18839550
17116453
19335095
21383349
21902122
17145224
16723163
19505976
20236923
15947922
15840074
15653242
17667084
20297871
16425756
19965568
16009286
18397559
19066980
16360567
16285061
19482512
16261709
17650719
17238998
17321850
19025084
16504818
16024212
16043345
16115710
17227358
20220598
21337054
19348685
17168043
19522714
17087183
16708453
20050487
20345521
20736669
18761366
19584343
15521337
17638595
18186914
16459890
21492337
17626069
18585535
20370766
18828265
20117971
16214624
20594460
19740357
16861720
18668488
20802340
17918500
19772968
20470951
17712691
20337952
16477862
18677075
17955303
16213232
17436479
15722583
18410819
16505458
17963335
21178030
19007689
18369048
21599900
21774636
16164511
17535359
20001335
17294706
16372911
17557437
19084971
21488562
18775402
20420267
19275021
21459494
18999245
20121006
16837694
15763910
20083913
15876233
16418145
18000700
17372788
16210466
18503838
15839952
18039381
16055815
18720573
21066839
19219358
15997347
19582465
19282246
18752096
18486784
21372646
20112144
19597272
17149560
18558894
21439175
20090658
19962737
17597556
19063808
21359507
17718039
19012140
21141161
20531440
16518952
17334159
19539124
20357652
19591115
19588055
19266354
18827088
16045078
15603685
17111431
15552511
19017590
17035660
15968801
16649826
18362066
20964477
18620104
16267966
20195554
20222222
20195785
19920097
16764377
17575750
17107289
15604644
17407993
21776828
16609818
17462207
17189117
16798702
20925192
21724790
18762753
18649347
16585328
17556991
19558737
20070504
17459386
17956646
17135872
19185977
15770561
21457624
20460001
18496089
19945914
20431450
21152711
17351023
16119863
19618578
15578379
16045646
16711623
20712210
17426499
20531262
20880759
19564770
18429710
19371935
19137480
19394558
16374179
16174809
17923784
15709550
20859614
18051978
16118105
21215697
17185036
19401125
18499522
16370922
17386392
18578452
18539766
17724424
17063358
18592093
16441392
17704678
15614280
21352624
17624053
18985081
20153537
18198456
19017869
19900250
16638252
17547752
17011267
19317191
19186492
19480178
21635284
16144244
17259469
15756184
16273797
17472515
15870663
20061069
19372123
19327210
21042245
19085356
20191750
16594878
17591343
17885965
21632590
21599994
20841683
20186647
19055300
19968144
21162694
17102716
19767023
20168139
16173854
17268040
20500737
19461569
16219931
21051386
18459155
20234203
17411001
20235302
18953206
19817274
18365567
18573661
17419578
18332510
16518180
17607559
16234300
21466754
16539991
17598894
16076514
17569933
17530539
19182464
19751935
21626462
17563967
15744694
19663636
20887904
17545386
17177744
20185059
16119185
16773862
17826034
17883460
21167086
20091379
19621493
18648892
19673731
15552377
16503950
15946460
19067610
21294061
19327625
19734393
20838319
19400397
16980681
19099570
21194484
19065965
15765815
16044988
16401532
16582707
16422479
17108641
19664414
20349851
16999743
16352980
18649709
20869659
16684759
19572102
15564997
18779034
16551583
21592433
15799588
21635184
20660807
19359090
22066291
19460607
20624580
17542318
19892217
15810749
19260571
17518888
20670428
15852726
18523695
16917911
18825852
17601833
19055663
17165205
17312215
16623375
21150517
20970059
16579831
16428559
20182814
15834258
20810420
17507591
19546018
18999288
21411824
20058534
19224878
18461235
20510704
18023611
20150771
19151734
21946877
19026548
17968199
19234424
21226411
21801539
16635161
19437914
15598725
21905488
19747652
20223310
15536379
18216077
19170219
20873068
16305016
20828910
18552686
22168641
19363568
15637955
21690604
20207927
21323081
18093117
19335491
19114605
18319148
18778557
16765862
19584756
19834802
20642088
18826783
19704215
20797376
20400133
19719030
18307596
20123174
20083972
17163120
16887022
15891598
16962910
19132806
16158010
17360319
20436094
17905252
17063096
20398120
17063135
16869525
16868468
19772247
19278184
17558490
21280285
21626269
20439203
21191211
20633073
16758049
16339613
19963274
18264897
17181015
20887572
20381222
21227538
20562617
17182449
15579357
16426486
20113757
20963676
20021684
20122027
15757049
21243007
18041968
21831025
20920725
20384975
16358623
17536949
19995466
16775183
19349430
21270639
21119185
17305106
19366461
18350859
19066350
16598960
20948471
21566294
18573954
16358531
18367911
16214146
15985648
18019114
20860246
20857674
16061443
21311926
20947284
16737082
18653426
17324772
17083559
16929715
19120718
20134038
18812370
19249736
16024213
21121847
19301463
19565040
16614642
20660555
18454821
19962586
17378236
19351009
15695349
20804891
16892657
17931143
21139046
19818037
19405300
17095497
17610611
18164459
16738468
16202372
15764361
21162155
20002984
20218270
15915843
19687468
18326417
18318967
17459132
20129271
18275539
21820837
16429737
21145628
16877285
16703230
19723869
19612973
20186032
18328280
19931954
17619405
15729844
19831143
20881158
19167592
19383069
17486386
18164473
19536988
16287559
16082989
18291008
17823782
19207062
16507290
19455365
18626699
18236294
16568810
17441625
16188034
16272899
18572540
17260560
18368873
16907686
17213479
15739922
18649717
20146947
20222635
19092494
20630014
16524029
18325458
20860610
15789393
21539700
19267124
15726622
17720692
18251444
20966859
17009802
21225172
17326368
20735496
19549623
19168306
15597141
21091892
18826731
19450992
15645930
19457009
19247839
20853581
19135822
21361830
19647970
16619769
17518328
17236993
20663830
21435146
19916012
15513615
19538799
17823560
19179199
17067375
16175812
16373293
17978632
20155327
18052750
18020245
18552321
19234429
19065748
16925539
21326245
15690252
18326343
19020265
20335913
17521101
17577028
19152992
18657248
18282342
19583782
19323699
18821003
17985983
19435113
16756523
18854974
19811553
18468354
17625081
18020106
19349900
16709021
21221958
19157280
15970116
18271675
16273781
20682496
19753930
17718727
16291314
19565988
16866801
21439599
20214703
19171727
15884205
19710660
18490078
20066851
18575174
17434280
20540391
19801942
18245801
21156883
20630197
17272730
16304762
20043845
16969245
17197060
19692053
19909516
17084337
20669805
18182469
18204991
16832075
19836920
18206589
19292630
16039465
20626379
15867700
20016421
17000350
17290640
17313066
17345982
20409128
20017115
17371421
20693238
16527476
19577005
17158277
15909169
17264863
19945815
17436178
17324184
19572058
15853233
18197068
16543038
18832603
19943866
15997043
20183556
19689494
17522972
17949569
16150017
21440870
19274811
17636723
16741862
19080933
21160340
17244287
20719567
17269610
17326598
20515880
19068052
16624226
17100157
21853670
17086470
16627128
16512040
20308172
18295440
20568551
15659900
16422737
17999293
19245091
21824226
19187836
19012820
15836551
16131306
19898789
17284474
19634576
17114129
17976123
18063550
17280928
16082881
19765806
16771281
19744889
17598932
20575470
19389825
16022610
18019769
20598831
16872795
16046040
18350774
16198571
16823638
18329157
21926498
18299546
19127228
19592865
17311239
17238947
19810672
16447522
16701114
18486578
21091087
19114689
16723916
18509583
20949798
20220614
19732243
15782448
21291051
16162775
21724926
19239728
15896603
16334819
17043938
16141775
19719516
17874610
19371452
17365392
19760371
19225055
16776770
16436171
20091058
20554423
17010555
21663608
16544083
18359112
15904552
21560456
18043275
16520999
15672603
18823311
17366527
16922980
16131044
19059087
19255051
18090868
18671146
20522291
20122033
19682848
20674651
21110503
19415400
19376793
18788835
17207007
20036168
18320954
15567208
18164456
17361918
16719016
17219528
17207014
15612128
21477457
17310340
21303457
18425602
18693194
19202045
20717172
16736352
20660852
18257492
17999405
15550802
21476853
19549088
19706349
15552384
19186281
21085886
15683056
16511687
15548098
19134363
15737508
18023176
17898931
17427985
19120898
19482810
19060818
20889628
18397686
20188314
20524976
18771828
20667700
20481096
15725206
19361322
19429734
21721495
16293195
16398302
17077796
21425244
17400145
18959280
17102217
20152215
16519178
15977519
18296844
17291832
21799379
21450662
17597350
16324951
15760796
15913083
16529850
17079764
16025636
21220468
16096155
20824785
20736674
17967631
17786522
21661581
17132845
16493936
16837805
15850429
18477178
15568653
19750969
15850255
20297746
17397465
16779140
18481698
16629964
17511801
17184413
16336544
20537501
18335842
18815843
20589609
19259858
20054794
18091280
21744575
16719739
18490893
16484903
19564267
21572328
17889207
18162794
21768431
18833884
18447987
17563426
18536825
16252381
17711934
21242559
18259995
19895690
21287145
17923289
20838889
19485424
21184628
17342853
20449991
21114911
19686274
20202506
17851298
16624451
15861611
16617720
17520351
20338599
20939229
21308857
16740822
16155808
15641666
16124075
18585539
15974381
16251817
16292467
19117883
16034297
21351267
20331392
18373955
16988283
15951453
17238391
19509212
20697077
20502161
19225605
20485694
16844204
16123011
20922341
18437943
15919008
17979951
19751500
19752703
21325099
18295102
16532151
18201012
17283959
21553968
15921987
18297974
18245167
20158549
15776944
18488837
21785153
21426286
16886312
20357651
18813463
19621462
17062536
21166761
19459239
15566437
20850843
16615744
20646238
17906167
19594608
15532327
16679185
16157434
20536758
19287107
19161815
19139483
19017604
18681339
17785024
19625557
19031133
17877563
20202269
20443427
16948440
18951864
17205470
21139454
20395837
15622338
18277888
19036364
17665207
15976044
18060531
21488579
19824187
17450591
20922802
18649812
18477723
16685018
18416812
18456983
17933619
19362841
16481838
17070458
20000254
18570120
15670225
19006954
18822580
17925030
21366738
16409216
17394518
20393174
16696542
21469986
17560953
17661810
18507582
15737136
19112872
17323873
22164936
20303600
17472512
20827132
18192156
21047195
16334075
18343276
18842158
18188140
18600113
20369119
19916355
18158437
19011230
21639966
20832921
15760701
21206288
19638640
16629575
18269302
15622523
18403816
16770751
16516655
15612403
20440869
19177431
17407213
18321269
16962408
18485225
20629297
17587085
19014117
17186221
17699139
20421021
18248406
21807682
20214255
19187168
20160547
21472715
17459812
19789438
18206382
20047354
16512049
20148059
19434948
17880475
17418677
19105812
18256115
16253789
21837858
17094300
21306423
17685993
20869024
18949641
21707473
19634654
19325480
19768806
18433028
19840275
15942366
17263717
16301934
19360209
19646173
21473814
17474614
17295055
16563769
20593987
15943941
16467176
16710088
16533903
18385406
19155098
19563729
17387067
21636870
19812105
21919293
19780692
21182797
16270812
19858959
16927646
21469512
20654897
16489972
15904537
17377328
20236860
21335930
15537462
19375520
19605799
18797102
17492407
16369411
18632877
20869545
16464452
20665487
19422989
15561157
16439497
20605266
16388192
17822424
17708181
21813026
17914295
19220607
16676021
21415613
19767501
20719102
20531194
20063282
16848897
16671980
19018641
17517445
17133293
15823992
17320676
18397446
19022029
17498867
16309011
15759161
17551869
16996787
20333597
18212174
18990040
17694484
21362711
18997534
15908677
19300066
15667026
21060123
18523144
20614707
15729063
17124908
19477972
15857196
16231556
19029142
20144029
19900742
19700779
21488764
17539281
20967480
20361900
20193936
19265607
17853754
20846450
16012448
20384506
17387056
21299417
19042843
20529510
17002082
15700873
17025000
17443554
18666451
16629007
20799570
21809787
21061308
19884355
16892766
16720262
20019069
20947449
19092071
19248440
17927991
21452535
17309897
16609081
15735593
15916209
20505610
20068311
18049299
16191142
17546760
17354512
21333018
17962497
20406508
21739869
18544043
19620142
16158150
16423789
16961117
18467262
18162401
18618195
19186225
16288583
21536953
17419573
17201722
19567887
19708422
16000105
19760154
19486786
16634121
15812103
17650693
16772071
19909074
18501144
15984731
18588253
19590467
19358139
20345832
16878008
17382033
15563816
17667018
18482489
17101036
17147081
19092505
16138821
21368524
18492733
15832874
18608156
20921889
20158980
16260943
16004706
15726868
16316440
16087007
18157484
17505864
16712757
20426382
18427778
19423623
16352961
16802677
17486478
16138793
16050894
18248404
15588356
17176984
16565010
19619374
18710375
21226684
17522003
15919007
18427398
18375683
17502810
21236585
17133494
18300058
17764387
19170299
17144913
18179013
17389542
18356346
19019733
18935780
16759961
17609227
16415633
19282245
20426815
19911728
16618589
16097962
19117827
18768410
17035474
17881101
17934042
16177583
18557284
20538256
20841317
20509492
19901135
21456496
16579216
18975584
20194255
17357001
21969476
18719507
17621672
19141025
17872818
21402307
16813543
19833668
20888944
16544715
19804994
18275605
18332812
20073551
16808197
18727823
19258838
15612239
17804213
19889711
21745651
21691239
17456167
19225286
17366227
19268145
17277665
19996228
21678217
20602139
20584361
18803496
15641948
20921917
18822998
19626808
15896942
16100704
19648600
18626034
15690831
16422996
17665062
19507098
19120741
15976799
19234423
20881153
17610440
17929740
20032166
20019505
16524940
20539807
19068049
16583664
19672190
20669785
16917424
19124816
16456208
16849766
17244999
21119309
17620400
19476597
20064890
16094750
20104963
16136001
17582726
16679876
20422965
16150875
17502445
19908647
21294425
17425775
17574692
20459997
21229777
19364246
17481456
20048377
21335575
17874230
17971562
16863896
17705218
20572539
20064224
18155338
20510824
15616237
17003545
17091170
17552406
16698513
19431054
16802425
19593312
15965213
16621784
20727563
20655643
17356958
21601299
19813040
21464061
16102708
18460078
16567668
18335685
15801999
21035012
18355257
18349434
20729493
18963542
17438929
19368089
19253701
17381826
19227592
18792855
15681211
19910864
21500975
18353750
17240221
16829180
16427564
16021067
21692439
19266968
17544140
20182364
21044437
21558484
18041324
16532047
17418464
17041607
15836532
16549070
21095276
16119642
16292681
17640283
16197660
16085200
15532175
19687528
18648958
19119830
16951838
18520653
19378577
18021557
17540835
17011909
17583284
18334246
19061471
20441394
16835672
18827611
19159977
18670199
18689712
19119701
17040159
18580507
19849909
16803941
19763006
19609190
20480394
21793374
18666912
15615285
15635886
16683877
18998822
18037270
20524498
19838852
17655636
18426418
17110813
20107815
20884161
15566452
17319187
21266285
15669516
16944362
17060222
17431210
19357507
20724882
21067891
16623287
19901745
17516378
16779202
19489797
21323047
19865006
17042816
19586569
17448622
20972377
19373053
19645165
16091895
16316872
16018272
20424920
17466754
20089625
18307853
21736078
15715756
15754538
19503703
19435160
17163003
18703384
20153911
15700897
20042885
19576529
15796488
21555667
21123231
16019865
19490552
17007257
15786386
21601010
21226385
16879540
18714905
19489086
20552920
15682992
19911252
19445567
18451080
20424500
21301667
15645747
20162763
15846721
20804928
19166437
20189267
21174852
17102407
19579398
16704183
18489686
20081127
20213846
20598768
20421019
17922454
16711074
17338202
20660898
19663622
19254969
21592337
20486093
20430683
15891758
16639199
15904885
17944154
15637522
20535717
18387019
16308681
20390985
19664527
22028288
17464153
17464126
16316441
17403912
16021417
16510023
21548351
20572859
21332106
17032933
17559705
16078965
20878743
20079610
17707710
21045098
16961101
20127272
17161318
21450779
15798453
20211089
19915903
21409880
17939225
19583666
16787474
17491352
18441273
17583321
16891192
16216793
18557553
21429622
18563015
18840742
15932438
19006595
22000872
16139985
18403715
19403495
18544186
21585226
16124686
21789908
20008737
21726796
17898814
16021668
18580386
16352966
20838705
20679970
21931027
20801580
20836340
18557670
17547027
19660328
21035766
16860417
19096897
18809125
15639044
18635372
19449603
19963352
19579843
19473627
20948246
18839886
16012153
17368364
17430403
17071207
20735503
21525436
20510843
15693928
16734003
19683950
18279924
16941134
16714366
17006873
15528058
17004400
17214862
21051886
22049813
15540710
20012347
19207506
19286341
21119152
18411391
16632765
16230302
19171059
19122987
17962875
19280251
21357781
20479349
16276799
17389409
15558082
16342350
19335500
19490136
21086054
20608240
19536006
18280735
17151804
18649808
21770227
17901831
15948091
18808733
17565880
19625565
19592989
18078617
18219247
19783768
17313089
16583529
21639615
17356085
21799327
21853069
18296928
17192220
16817076
17785736
21080146
16806933
16989330
20509805
19634607
21730240
18407728
17197788
21489164
18411858
17635259
20799394
21155406
19791665
20008018
18219486
18396599
16956851
21287147
17855818
17883286
19281545
19033150
18438277
20545593
16632478
15761285
18251345
17987827
18292481
20179254
17174652
21612624
19966558
21183505
21965009
18786214
15641307
16173895
21466575
17586350
18041329
17883635
20932394
17672058
15724825
21195944
17310676
20596688
21688468
18286982
18375174
18080929
20403093
15864663
20384560
17040526
21469492
20487075
19606235
21404798
16866822
17699147
20673255
15846195
17913461
18558183
15898219
19012146
16762063
16167615
17474344
15917368
18783458
17257964
20726410
19387286
21047036
16245560
20719487
19012722
18797227
16956148
18026811
17975729
17142605
19632735
17359607
15983280
21332777
18548955
15687722
20842612
20213944
19786448
21265628
17211165
16515987
16914106
18163137
21247433
20550562
19919651
16904970
18952393
18631968
16987118
16816586
15761454
21494167
18181013
15868443
16197596
17941245
17245204
17343091
16759783
20306615
17305036
19947843
19688658
20541354
21182379
17085274
19423963
18458622
17320785
17509808
21430335
20860015
20617786
15610989
21233884
21311711
16723929
21576545
17339313
16160192
18846794
19017600
15798726
17701398
19565445
20636510
16669477
18400568
17849678
18568872
16567985
16130925
17683594
20632259
19535558
17521795
15889866
17851297
18544718
19268886
19008757
20486411
17190120
17851299
18328961
20413383
19112345
21988870
20851696
17286858
19927850
20087034
18362008
21172997
19087006
18158000
20433130
17040152
16602156
16095789
17469479
18182305
18799514
17901175
