16711307
16711185
16710428
16719430
16719186
16719018
16719017
16717005
16703832
16752193
16751464
16750297
16749640
16741862
16740840
16740362
16739755
16735940
16731071
16730440
16730320
16730101
16729886
16728290
16728288
16723921
16723787
16723052
16721664
16719930
16719900
16716857
15839046
16788117
16787477
16787476
16787474
16787467
16786829
16784530
16783181
16781607
16779248
16777612
16776317
16767870
16767024
16766909
16766683
16765862
16764929
16764732
16764560
16764224
16764199
16762127
16762121
16762060
16760768
16759758
16759631
16758331
16757376
16756525
16756521
16756519
16704183
16836999
16836542
16835557
16835517
16834883
16834881
16829359
16828344
16827939
16827838
16827202
16827197
16827046
16826336
16826044
16825849
16825229
16824983
16824170
16823014
16822718
16821701
16818841
16817974
16816602
16816289
16815053
16814628
16813545
16813544
16813543
16813541
16810624
16809607
16808144
16807571
16807570
16806220
16804636
16804496
16803806
16803769
16802680
16802313
16800216
16799447
16794548
16793855
16792717
16789335
16789331
16689110
16689075
16893807
16892691
16891277
16890708
16889320
16885190
16884135
16883670
16882001
16879542
16879540
16879537
16879417
16879383
16879381
16879380
16879379
16879183
16879094
16879087
16878532
16878008
16877190
16876816
16875276
16875006
16873208
16873048
16873047
16872790
16871848
16871099
16869525
16868473
16868472
16868266
16867302
16866837
16866824
16866822
16866238
16865827
16863046
16861719
16861192
16860516
16857118
16857051
16849952
16849917
16848881
16847759
16846779
16845814
16845682
16844340
16844126
16843468
16843066
16842793
16842061
16841659
16841084
16839313
16961117
16961111
16960535
16960322
16956927
16955657
16953999
16953850
16951883
16951780
16951004
16950811
16950370
16949825
16948365
16946119
16945685
16941820
16939142
16937787
16937731
16933821
16933819
16932785
16932230
16931415
16929715
16929040
16927479
16927435
16926738
16926735
16926369
16922983
16922982
16922753
16921803
16921610
16918787
16918745
16918744
16918739
16915297
16914376
16913305
16911174
16911058
16911056
16911049
16911048
16910802
16910408
16909729
16909724
16909169
16907789
16905490
16903632
16903403
16903300
16898050
16897940
16895249
16855483
16651897
16649302
16646550
17056768
17054735
17052342
17052090
17050750
17049860
17049093
17049038
17048753
17045129
17042820
17042817
17042816
17042811
17042803
17042020
17041814
17040526
17040152
17039997
17039996
17037708
17037703
17037233
17036885
17036450
17035882
17035876
17034903
17030492
17026762
17025002
17024612
17021286
17021282
17020243
17020241
17020240
17019276
17016461
17014931
17012496
17012495
17010827
17010555
17009572
17009569
21961358
17007718
17007714
17006005
17005073
17004698
17004400
17004397
17002083
17002082
17000345
16999183
16997027
16996453
16990119
16989234
16988287
16987794
16987416
16987196
16986566
16986355
16986146
16985408
16981989
16979082
16978687
16972604
16971125
16968437
16968434
16968433
16968429
16968426
16967888
16965891
16965470
16965312
16964773
16639257
17146726
17144921
17142611
17142592
17142586
17141719
17140758
17140716
17139816
17139815
17135845
17134941
17134740
17133307
17132376
17130980
17130947
17129330
17129326
17129201
17126078
17125956
17122659
17121508
17120919
17120409
17118496
17118072
17117333
17115974
17115956
17115200
17112781
17111944
17111495
17109707
17105639
17105637
17099195
17099138
17098368
17096776
17096051
17095419
17095418
17094367
17092777
17092453
17091058
17090805
17087708
17087679
17086418
17085006
17083318
17083317
17083278
17082871
17082171
17081940
17081178
17079620
17079552
17077800
17077718
17075366
17074872
17074871
17072358
17069573
17067674
17066969
17066968
17066967
17066966
17066836
17066559
17065869
17064837
17064819
17064320
17063358
17063103
17061311
17060897
17060313
17060306
17060293
17060292
17060263
17059490
17059030
17058757
17058751
16614642
16594430
16585498
16585497
17250941
17244012
17244008
17242858
17242857
17242391
17242389
17242047
17239063
17239060
17239059
17238998
17238720
17238547
17238391
17237894
17234572
17233189
17229793
17229777
17227606
17225335
17224939
17221082
17215605
17213495
17211224
17210502
17210497
17209898
17207010
17207007
17207006
17207005
17207004
17207002
17205001
17202530
17201905
17198753
17198512
17197966
17194987
17194412
17194351
17193943
17193809
17188939
17187617
17187542
17187535
17184417
17184413
17182640
17181682
17177929
17176309
17176304
17175545
17173922
17170661
17170646
17169966
17165366
17163227
17161809
17161805
17160097
17158830
17158184
17158015
17154109
17153260
17149476
17147799
16573020
16569406
16568591
16549241
16544703
16092572
16092570
16083490
16083480
16083377
16077286
16076897
16076893
16076596
16076595
16061158
16060581
16060296
16059543
16056117
16050958
16050619
16048867
16047825
16046569
16045592
16045247
16045109
16045048
16043005
16035634
16035413
16035412
16033450
16027595
16026960
16022033
16021802
16018132
16015517
16004098
16004096
16003573
15999088
15994057
15987407
15987406
15987336
15985092
15984399
15984223
15982465
15979076
15976044
15974381
15969707
15965395
15961365
15960112
15960062
15960030
15946901
15946171
15944497
15944495
15934173
15924577
15921987
15920357
15918435
15918427
15913210
15913083
15911960
15903277
15901441
15900170
15896696
15893216
15893213
15893208
15887356
15884238
15877689
15877686
15871827
15871536
15871467
15870663
15868029
15862736
15862050
15862047
15862043
15861919
15861917
15861916
15853194
15847905
15839375
15836532
15835217
15824697
15823890
15819832
15816424
15810565
15804644
15804337
15803296
15795335
15794420
15791782
15788081
15788032
15785347
15782838
15778075
15777874
15772510
15772509
15770505
15760796
15754924
15752321
15750504
15748069
15743647
15743441
15743439
15739636
15739634
15736600
15732211
15722850
15722845
15721977
15721968
15720492
15720311
15717079
15715816
15715757
15714788
15714714
15710278
15707807
15706716
15701539
15697046
15695474
15693981
15693971
15692662
15690835
15690834
15688545
15686810
15686809
15683053
15680612
15680611
15678026
15675379
15673647
15673119
15662165
15661265
15659089
15656847
15656249
15648520
15648127
15644012
15643360
15643044
15641666
15641401
15638354
15632801
15632795
15632754
15630981
15630932
15630864
15630823
15625966
15625921
15625528
15624549
15620127
15615170
15612403
15612400
15612398
15612234
15612220
15604154
15603214
15603094
15602303
15591608
15590341
15588259
15587130
15584342
15584143
15580110
15579477
15577709
15577388
15574727
15574636
15574435
15573331
15572574
15566208
15566015
15565976
15565974
15565357
15564361
15560732
15557991
15553059
15552386
15552384
15551675
15549004
15549002
15532517
15530759
15521308
15515452
15515306
15515279
15515156
15513613
20214245
20175318
20147822
20131588
20127610
20124024
20124019
19497912
19469068
19468121
19445266
19395896
19382433
19363941
19363940
19359313
19317375
19300281
19263821
19254993
19252202
19248326
19051672
19049487
19048505
19047696
19042890
19041211
19014116
19011420
19007710
19005091
18999288
18999245
18999009
18998972
18998904
18998874
18998822
18998815
18998806
18998431
18997554
18997550
18993129
18990256
18990114
18988613
18981966
18981190
18980636
18974690
18974174
18959285
18956511
18955735
18953199
18953194
18947099
18947094
18947080
18946074
18941964
18928960
18924291
18856018
18853738
18853349
18845478
18842459
18840859
18838899
18838492
18834055
18834019
18832768
18830834
18828973
18825851
18822998
18822558
18822554
18817973
18814391
18812620
18812618
18812614
18811781
18709273
18808464
18806650
18806592
18806181
18804727
18804085
18803742
18803549
18802185
18801291
18798897
18797571
18796016
18792706
18790594
18787491
18786753
18786217
18775827
18774630
18769182
18768012
18763657
18760558
18760411
18756163
18754523
18753712
18751648
18723257
18720633
18715349
18715184
18715165
18707598
18700984
18698396
18698394
18695816
18695814
18694054
18693996
18690788
18690085
18687815
18687733
18683450
18682352
18681349
18681348
18681346
18681200
18680886
18674673
18669711
18667690
18666912
18665411
18657425
18655613
18653427
18649716
18640446
18594256
18630213
18624025
18612088
18597695
18596708
18595218
18588597
18559870
18552321
18551888
18492717
18491427
18469615
18445862
18436909
18429371
18414331
18403574
18400685
18394540
18393058
18390479
18387880
18386452
18385407
18381849
18380266
18369305
18360205
18360149
18358444
18354066
18337434
18336958
18336520
18335901
18334055
18332736
18331479
18330192
18328961
18320629
18320628
18314831
17498168
17496831
17495574
17495553
17492988
17491567
17487710
17487707
17485814
17483926
17479699
17476702
17476142
17474939
17474614
17474593
17474588
17474573
17474344
17473397
17472515
17472514
17472511
17471185
17470500
17467992
17467948
17467202
20000220
17464789
17464656
17462649
17462142
17462137
17462133
17462037
17459820
17459818
17459150
17459139
17459138
17459132
17459128
17458102
17456175
17456169
17456167
17455049
17454287
17453553
17449215
17448622
17446825
17446075
17444572
17444460
17443362
17443245
17442031
17442028
17441822
17439448
17438929
17437222
17436460
17434737
17433183
17430537
17430450
17430403
17430279
17428424
17425147
17419794
17419788
17418522
17416275
17415619
17413771
17413677
17412187
17412032
17405773
17405392
17397608
17397447
17397375
17396446
17395605
17394615
17394519
17394514
17394012
17393971
17393648
17392944
17392349
17390945
17389541
17389535
17389409
17388824
17387302
17385057
17384930
17384570
17383590
17382033
17378464
17378236
17376688
17375769
17375230
17372803
17372787
17368692
17367091
17366949
17365449
17365370
17363885
17363865
17363863
17363802
17362517
17361691
17359607
17359572
17357001
17356959
17356442
17353805
17353711
17352783
17352778
17352772
17352699
17352695
17352397
17351834
17351023
17349646
17347505
17346340
17346323
17346321
17346025
17345975
17339313
17338398
17336866
17335535
17335534
17335533
17335530
17335528
17335524
17335523
17335519
17335518
17334609
17334171
17334167
17334166
17333497
17333490
17333116
17332807
17332456
17330993
17329062
17328816
17324184
17324176
17319568
17318364
17317078
17315408
17310748
17310739
17310663
17310660
17310308
17308454
17306729
17302097
17302096
17300541
17298258
17294683
17294063
17293611
17292131
17291340
17290963
17289540
17287374
17287373
17287371
17287229
17286920
17284476
17284474
17284273
17283959
17283304
17283217
17279205
17277009
17276792
17273633
17273081
17273028
17272832
17270326
17269951
17269947
17269436
17265663
17265661
17265658
17265411
17264700
17263929
17263062
17263054
17263053
17261820
17261124
17260600
17260598
17258482
17255058
16649849
16635160
16632769
16629846
16629007
16628176
16628162
16624988
16624553
16613801
16610298
16608467
16607332
16605144
16605094
16595344
16594461
16594292
16574634
16568592
16566337
16554694
16552278
16548474
16546015
16545514
16536870
16532986
16532692
16532379
16532244
16529595
16529590
16529183
16529181
16529138
16526152
16526150
16526149
16526147
16523802
16518951
16518300
16512054
16510695
16509434
16506212
16504909
16499239
16493319
16493302
16493299
16490543
16485588
16483096
16483092
16475463
16471298
16466406
16459967
16451425
16450230
16449886
16443974
16438811
16436911
16436084
16430732
16430003
16422267
16418992
16410436
16403190
16402739
16398009
16395020
19759979
16382656
16382647
16375802
16374305
16372717
16372707
16371823
16371122
16359598
16355934
16355050
16352518
16352515
16350596
16344646
16343377
16342457
16336151
16332396
16321918
16321533
16318109
16317330
16315651
16314384
16311488
16308171
16301934
16295346
16295344
16294765
16293161
16282082
16282006
16271129
16268411
16259187
16258573
16257623
16253944
16250382
16248863
16243085
16242897
16239050
16237350
16234741
16234631
16231614
16231556
16225709
16225355
16220650
16220649
16219606
16217214
16215523
16214698
16212217
16207280
16207002
16206537
16205829
16200948
16199460
16199455
16192823
16190010
16190009
16189987
16188716
16187477
16186450
16186080
16184215
16182528
16182124
16179855
16176899
16175812
16174817
16174815
16174814
16174561
16164509
16162490
16161896
16161532
16153049
16150017
16150016
16145182
16139162
16136927
16135861
16134664
16134659
16132002
16131281
16130681
16123011
16121494
16119628
16116377
16114151
16106764
16103696
16093890
16093886
16082910
16082909
16033144
16000106
15984447
15973343
15960386
15902033
15891347
15886176
15883349
15850429
15813311
15812994
15810760
15789680
15789679
15789678
22203544
21998983
21848165
21844508
21843118
21807707
21736109
21653267
21649621
21647078
21646564
21642520
21631936
21617648
21613917
21613028
21612624
21610479
21608518
21605381
21531940
21469492
21417050
21416901
21413488
21404499
21324859
21268379
21213962
21194048
21189736
21140738
21139046
21137455
21135620
21123237
21121576
21047035
20965942
20710129
20708828
20704086
20658592
20654986
20654985
20572538
20572537
20569870
20547285
20545236
20473187
20428183
20425962
20419988
20397542
20373224
20354409
20117685
20102810
20101940
20081685
20056190
20056186
21488601
20023561
19926179
19745628
19743713
19715494
19715490
19715257
21877578
19703382
19703042
19700973
19700966
19694153
19685032
19681537
19673731
19673713
19664905
19657867
19657252
19657251
19657243
19655676
19655602
19653556
19650610
19650541
19650511
19648850
19642475
19639922
19639904
19639850
19634576
19629146
19628304
19624268
19619368
19605604
19592956
19592873
19592370
19591059
19591020
20974057
19576661
19568215
19567690
19566693
19566583
19558736
19556035
19555968
19554988
19551619
19547799
19546639
19539461
19538808
19537534
19528101
19525758
19520226
19519908
19517669
19517285
19497898
19491750
19490232
19486965
19485882
19481043
19476234
19472671
19465583
19460833
19460830
19459399
19455861
19455544
19451866
19451667
19446927
19446779
19443523
19442585
19439708
19437250
19437091
19433927
19433848
19433847
19433845
19429768
19423963
19396710
19396575
19395703
19395264
19387294
19382866
19380504
19372127
19372126
19372125
19372123
19363329
19361124
19359887
19357425
19354156
19354150
19353556
19346212
19343591
19343033
19342715
19339451
19339431
19333984
19332990
19331120
19331081
19330972
19330969
19326309
19320339
19318460
19308830
19307120
19304812
19298312
19293416
19279488
19277845
19268237
19266806
19261944
19256322
19251829
19248440
19242841
19240192
19239525
19234430
19230448
19226195
19222636
19218308
19213926
19208054
19207525
19197680
19187169
19187168
19187053
19186632
19183115
19182265
19172574
19171334
19152405
19150265
19150261
19150201
19149053
19148818
19148817
19146205
19144993
19140402
19135081
19128314
19127234
19127229
19126176
19124630
19124095
19123871
19117499
19117497
19115710
20351917
20196285
19115446
19114387
19112873
19106727
19106279
19103693
19093681
19092481
19092029
19091725
19089698
19088647
19068581
19068176
19060821
19060804
19060803
19060792
19060640
18091633
18091287
18091280
18090698
18090167
18088407
18086453
18085601
18083167
18082105
18082068
18080336
18079085
18078260
18075446
18075408
18073677
18071763
18071613
18070256
18069494
18066411
18065188
18063206
18062789
18062571
18057810
18057473
18055904
18055901
18053957
18052521
18052516
18051936
18039065
18048482
18046264
18043950
18042302
18042132
18041974
18041511
18039550
18039253
18039248
18038831
18038746
18038527
18038524
18038517
18036123
18036015
18036013
18036012
18036011
18034817
18034811
18034178
18033790
18030963
18030960
18030959
18030958
18030104
18029393
18029104
18028388
18026055
18026054
18023129
18021781
18021780
18021137
18021128
18021127
18019769
18019768
18019766
18019285
18018957
18005916
18001148
18000242
17999293
17996639
17995565
17994270
17993276
17990424
17988593
17988186
17987827
17987818
17987541
17987416
17985966
17985960
17985766
17985051
17983989
17983361
17982991
17981374
17981088
17979951
17978632
17978624
17978274
17977491
17976282
17974595
17973711
17973694
17972783
17972138
17971472
17969660
17969290
17934591
17968039
17966731
17962497
17962172
17960683
17958972
17958909
17955886
17955884
17955741
17909379
17952147
17950499
17949275
17945422
17945010
17944612
17944610
17944608
17944607
17944604
17944314
17944163
17942499
17942310
17941552
17941521
17939007
17937801
17937252
17936543
17936542
17936142
17935835
17934984
17934968
17934042
17933370
17933083
17932723
17931539
17931495
17929748
17929747
17929744
17929734
17929733
17927991
17927072
17926772
17926660
17925134
17924271
17924270
17924269
17922360
17919163
17916302
17914295
17912778
17911884
17911883
17909431
17908745
17908544
17908126
17908118
17907734
17907667
17907666
17907645
17907276
17905364
17903244
17901826
17901454
17901274
17901183
17901176
17901175
17901174
17901093
17900907
17899998
17898250
17897269
17897153
17897148
17897147
17897113
17895495
17895491
17894252
17893931
17893382
17891632
17891622
17891470
17891116
17889494
17884591
17883716
17883713
17883645
17883630
17883628
17880663
17880661
17880469
17880310
17877872
17877871
17877565
17877563
17876966
17876846
17876250
17876186
17875219
17873734
17873730
17870643
17869968
17869587
17854726
17853182
17853170
17851998
17851384
17851379
17851361
17848348
17846091
17845952
17845888
17845887
17845883
17825956
17825136
17824940
17824870
17824452
17824267
17823912
17822571
17786522
17767720
17767689
17766740
17766498
17766072
17764556
17763706
17761619
17761183
17761058
17760366
17760300
17729373
17727690
17727585
17727584
17727551
17726711
17726636
17724946
17723981
17720192
17719509
17718730
17718728
17718726
17716787
17716417
17714237
17712891
17712692
17712259
17712156
17711808
17711615
17711380
17711355
17710961
17710834
17709166
17708488
17708479
17707718
17706205
17705866
17705852
17704676
17704670
17704102
17703015
17702141
17702140
17701622
17700945
17698979
17697014
17696982
17695560
17694882
17693906
17693680
17693675
17692229
17691709
17691489
17690523
17688564
17688481
17688480
17688476
17686712
17685994
17684905
17684861
17684860
17683656
17683654
17683303
17682030
17681468
17681082
17681079
17679587
17679583
17679265
17676216
17673114
17671881
17667785
17667289
17666900
17665821
17665536
17664526
17664522
17664502
17664500
17663793
17662568
17661804
17660096
17658965
17656632
17656543
17656499
17656407
17656405
17656402
17656287
17655636
17655567
17655543
17655539
17655530
17654478
17654158
17653393
17652683
17652629
17650984
17644700
17644041
17643979
17642389
17641967
17641077
17640243
17635625
17635299
17635259
17635257
17632126
17630942
17630555
17630007
17628387
17626023
17625004
17624053
17623502
17623378
17622032
17621972
17621446
17620921
17620912
17620205
17618630
17618118
17617908
17617090
17616456
17615076
17613686
17612473
17607137
17604557
17603832
17603377
17601867
17601844
17601838
17601834
17601833
17601832
19160886
17600453
17598879
17596745
17595405
17594915
17594542
17593306
17592983
17592168
17591606
17591412
17591411
17591410
17591402
17591112
17590212
17588161
17584358
17584352
17584351
17584339
17584290
17584211
17583284
17583080
17583079
17581793
17580394
17579331
17579311
17579304
17579302
17578068
17577658
17577533
17577420
17577185
17577177
17577174
17577173
17577159
17577148
17576248
17576247
17576245
17575743
17575444
17571468
17570604
17569465
17569381
17569375
17566553
17565765
17565139
17563600
17563331
17563326
17562731
17562720
17561955
17561016
17559971
17559612
17557934
17555150
17553402
17553107
17551877
17551818
17551491
17551423
17551420
17550689
17550099
17549647
17549576
17548894
17547752
17547270
17547265
17546912
17546364
17546355
17544247
17542127
17540574
17540530
17540320
17539557
17539556
17538268
17538077
17537612
17537280
17537116
17537099
17537010
17535613
17535600
17535540
17535343
17534469
17533961
17531766
17530539
17526470
17526445
17525086
17524286
17522003
17521258
17521255
17521252
17520993
17520840
17518999
17518906
17518888
17518884
17518882
17518881
17518880
17518878
17518822
17516905
17515318
17513535
17513011
17512475
17512471
17511360
17510820
17508972
17508949
17505403
17505402
17505380
17505377
17505366
17504584
17504525
17502204
17500491
16985405
16985399
16476881
16471166
16467061
16457457
16447609
16440938
16423789
16411549
16373520
16364107
16361938
16355933
16313586
16312084
16302543
16300211
16279964
16238497
21721895
21719627
21719625
21714925
21714189
21703010
21702238
21696240
21674471
21673219
21673199
21665340
21663334
21658215
20979161
20975539
20974071
20965943
20958849
20950198
20946396
20940272
20939158
20935011
20927678
20925292
20925289
20921095
20920808
20920232
20889848
20881798
20869545
20869197
20860260
20860257
20860249
20859114
20858037
20853211
20851696
20846288
20843717
20843425
20842612
20841673
20841666
20841664
20841445
20834034
20831738
20830621
20827891
20816555
20804878
20801967
20801960
20801920
20798728
20795613
20795611
20738742
20729653
20728998
20722477
20713422
20712468
20708975
20704136
20702891
20695830
20695347
20684457
20684426
20684415
20684413
20684403
20684402
20684399
20684398
20684124
20683772
20682964
20679981
20679971
20679970
20679969
20677692
20673256
20669872
20669805
20660555
20657624
20649500
20643327
20636672
20636182
20636159
20636154
20628817
20624559
20618596
20618187
20617786
20615273
20609010
20608240
20605809
20601614
20601527
20598282
20595720
20593596
20590508
20590507
20589602
20582802
20573641
20572539
20572428
20560683
20560117
20558434
20557389
20554626
20551742
20550639
20547286
20545774
20542237
20537764
20536758
20533578
20522620
20520995
20520126
20515887
20510839
20510704
20510700
20509403
20508148
20503678
20502864
20500704
20496559
20493768
20487062
20486500
20485722
20478797
20476517
20476511
20469571
20465758
20464071
20463359
20452713
20446622
20444773
20442616
20442341
20442338
20441488
20441033
20439330
20435430
20426356
20423214
20422792
20420999
20418352
20415270
20414615
20413414
20398156
20397478
20397004
20395733
20395731
20395354
20394480
20394476
20392553
20390617
20387594
20386034
20383077
20380501
20377771
20373169
20369156
20364781
20360787
20354133
20353319
20351159
20347705
20344988
20338940
20337567
20335497
20334576
20307361
20303450
20236792
20236400
20235422
20232500
20232187
20230173
20227674
20221338
20220686
20220685
20220631
20220627
20220622
20215627
20204421
20199484
20197556
20191948
20189682
20187428
20185444
20185059
20180498
20177042
20176913
20173277
20173271
20173270
20173267
20167833
20163234
20163229
20160552
20159531
20158980
20158548
20158545
20146202
20137026
20131584
20131583
20131582
20129271
20122018
19161645
19161482
19151889
19151800
19150944
19148340
19146550
19146519
19146362
19146062
19145517
19144970
19143904
19140201
19139928
19139444
19138378
19135822
19133750
19133188
19129052
19126337
19125893
19124620
19123879
19120576
19112090
19112086
19088243
19118927
19117271
19117232
19116822
19116820
19115998
21495397
20222232
19114786
19112244
19110853
19106281
19106205
19105821
19105562
19104478
19104476
19104475
19104261
19104249
19103690
19103613
19101926
19095334
19093418
19093352
19091333
19084895
19084173
19082906
19082202
19076661
19073784
19073359
19070396
19061525
19061176
19054959
19052185
19032020
19050028
19049356
19047492
19043110
19042817
19041451
19041212
19039510
19035060
19033252
19032209
19032208
19032074
19032073
19029919
19029206
19028922
19025484
19024591
19024427
19024424
19024048
19023953
19018920
19018899
19017373
19017370
19016926
19015926
19014117
19012788
19010732
19010576
19007095
19006594
19006590
19006501
19006500
19001841
19001611
19000348
18998191
18988562
18983418
18981213
18980458
18980038
18978011
18972091
18959284
18956505
18955844
18947081
18945360
18942568
18930337
18929435
18926447
18923098
18849478
18849366
18849364
18849363
18848958
18845046
18842972
18842223
18840903
18835124
18834738
18834545
18834015
18832107
18827093
18826905
18826783
18825567
18824833
18822553
18815497
18809811
18808583
18808468
18801481
18801272
18694985
18799159
18786057
18785884
18782365
18777974
18775835
18775398
18774670
18774428
18774131
18773712
18725821
18772209
18772208
18769691
18768345
18768286
18768026
18764854
18763650
18762992
18755564
18754818
18752095
18728297
18727768
18727762
18727752
18727751
18727336
18720573
18720560
18719004
18715182
18711031
18710376
18710374
18705786
18705781
18705742
18705739
18705737
18705736
18705735
18704750
18702778
18702619
18701103
18700871
18694213
18693944
18686413
18681344
18681246
18678689
18664907
18661191
18657043
18652695
18649812
18649700
18647388
18644668
18644177
18640407
18640406
18638710
18638330
18638031
18633680
18633037
18632507
18630781
18626030
18625920
18618855
18615959
18612860
18612329
18612029
18611318
18611307
18610923
18609240
18608413
18604617
18603339
18597971
18596176
18595821
18595709
18595310
18592950
18592946
18591365
18591304
18591173
18590881
18586341
20071834
19753390
18582380
18580386
18579144
18578767
18578763
18578219
18577170
18573661
18571013
18569199
18568872
18565855
18564956
18564789
18563995
18563863
18563014
18562863
18562224
18561561
18561444
18560796
18560068
18558892
18558170
18558019
18557314
18556665
18553040
18552686
18551961
18550782
18550780
18547349
18547298
18545764
18542104
18541401
18539766
18538424
18538214
18538033
18533013
18522667
18521875
18520747
18519600
18519594
18519116
18518971
18516679
18515442
18515441
18515437
18515436
18515435
18515034
18512409
18511614
18510576
18509872
18507582
18507575
18507328
18505890
18505664
18505616
18503534
18501047
18501014
18500136
18499528
18499522
18499460
18498567
18497190
18496893
18496357
18495415
18494638
18489686
18488774
18487748
18486415
18485656
18485225
18484975
18482123
18482121
18481483
18479785
18477878
18477721
18477487
18477178
18477124
18474885
18472244
18469617
18467485
18467479
18467475
18466388
18465379
18464128
18462289
18462286
18461254
18460083
18460077
18460067
18460066
18459697
18458853
18455052
18454613
18453922
18452594
18451080
18449833
18449574
18448727
18448710
18446931
18445863
18445861
18445850
18444395
18443263
18443010
18438162
18435814
18431964
18431604
18431557
18431302
18429710
18429701
18429539
18429450
18427073
18426418
18423732
18423644
18421824
18418017
18418016
18417745
18416911
18416395
18368655
18415920
18415919
18414339
18414337
18414336
18414128
18412885
18412034
18411951
18410057
18409322
18408963
18405397
18405351
18405009
18403573
18403204
18402420
18402236
18400435
18399369
18399021
18397405
18395982
18393965
18391766
18388842
18387698
18387229
18094781
18380609
18379288
18378725
18376679
18375683
18375675
18375671
18375670
18375522
18375258
18375174
18373578
18370936
18357435
18355257
18355227
18354333
18353750
18352996
18350993
18349435
18344783
18341751
18341171
18336710
18335903
18335258
18332745
18328024
18327343
18326417
18326139
18324996
18324983
18321837
18321394
18320956
18320908
18320453
18317257
18316911
18316869
18316450
18316237
18313923
18313675
18312731
18311398
18308988
18308210
18307602
18307598
18304244
18301115
18300739
18300277
18300058
18298865
18295458
18295432
18295373
18294599
18293872
18293731
18293656
18291328
18290408
18287185
18286995
18286982
18237351
18283966
18279501
18273530
18272615
18272612
18272608
18272607
18272212
18271792
18271789
18271769
18271767
18269551
18269550
18269549
18269441
18266204
18264190
18262005
18261413
18258697
18257786
18257047
18252071
18251737
18251447
18251446
18251444
18248699
18246391
18245216
18243707
18243706
18241751
18240982
18240702
18236650
18236309
18234680
18234678
18234042
18234033
18232614
18232065
18229773
18229768
18228571
18226779
18226763
18226758
18226542
18226153
18225845
18223578
18220067
18164924
18216080
18216077
18216073
18214782
18214625
18211531
18211483
18209847
18209669
18208614
18206583
18206382
18206309
18205683
18205682
18203568
18201012
18200896
18198365
18198364
18198363
18198038
18197863
18197862
18196711
18195392
18195312
18194797
18194791
18194180
18192635
18187408
18186824
18184982
18183802
18182632
18182629
18182537
18181438
18181352
18180634
18180501
18180471
18179535
18179373
18179365
18177975
18172797
18171634
18171394
18090267
20078017
20078013
19842359
19736656
19736652
19288345
18162746
18162401
18160993
18160864
18160862
18160859
18159047
18158513
18158440
18158387
18157004
18155386
18154492
18154191
18097893
18097144
18096586
18096388
18095309
18086977
18080932
18078150
16779202
16711083
16701114
16700689
16680061
16276198
16270813
16267920
16264288
16259464
21862193
21761385
21736468
21726454
21717720
21602164
21592032
21574247
21560957
21560898
21558484
21558112
21558105
21540250
21534905
21532136
21519423
21515870
21511883
21511370
21507105
21501729
21500700
21500510
21486361
21484020
21476161
21475342
21468499
21467056
21462662
21462659
21462062
21457901
21440870
21409297
21406700
21404797
21387888
21387579
21378619
21366009
21356019
21353679
21352629
21352624
21351191
21348930
21345840
21344721
21341951
21337991
21332322
21323254
21322196
21320661
21316239
21315993
21314579
21308645
21307691
21307687
21307391
21307111
21306421
21302524
21301689
21301677
21292049
21287844
21284562
21282279
21278650
21268522
21268521
21268489
21268385
21266888
21266085
21258241
21257618
21252889
21248644
21248550
21247924
21243226
21240088
21240082
21235609
21229836
21228091
21228088
21228042
21226411
21223409
21223401
21223400
21218728
21216318
21214989
21212420
21211714
21211582
21210926
21207772
21205735
21205724
21198244
21197884
21193083
21189742
21182438
21168114
21160366
21158258
21155399
21155123
21155103
21150502
21149871
21147458
21146991
21140874
21140863
21138697
21135785
21135616
21129077
21126965
21125963
21125707
21123022
21120408
21117549
21117533
21117379
21112932
21112455
21111926
21099083
21097976
21097967
21095560
21094440
21092885
21087239
21079464
21072007
21066958
21061873
21047036
21043556
21041006
21038178
21037457
20623554
20621751
20621400
20618947
20618606
20618603
20618526
20618522
20618498
20614373
20605268
20605062
20604924
20604910
20604652
20597630
20593237
20591733
20584361
20580605
20580142
20579168
20579137
20575730
20569188
20568322
20566229
20564626
20558027
20557397
20557383
20555261
20551430
20546983
20546471
20546364
20545802
20541077
20541074
20535942
20535717
20535503
20533248
20531224
20529469
20525962
20524976
20522394
20519729
20510945
20510842
20507899
20506122
20505614
20505459
20500651
20492015
20490571
20488575
20488428
20487490
20487059
20486476
20485104
20473457
20473214
20473194
20471723
20471438
20467339
20466370
20465750
20459911
20456797
20448233
20447799
20447149
20447006
20444771
20439204
20439199
20437869
20436062
20434630
20433666
20432216
20431450
20429197
20427938
20426257
20423586
20423575
20423574
20423409
20423392
20423389
20423383
20423372
20418163
20406550
20404625
20403062
20398294
20394029
20386504
20386035
20384642
20383490
20382367
20379225
20378210
20367806
20367694
20367649
20367647
20362944
20362383
20357650
20352647
20345521
20336355
20336354
20331544
20307367
20305592
20304260
20303591
20299408
20299369
20238152
20234203
20231189
20229139
20226403
20192712
20222404
20220687
20220663
20219745
20218276
20214789
20214702
20214483
20211957
20210934
20207927
20207191
20204420
20202145
20188318
20186132
20183556
20182813
20182162
20179254
20178588
20178573
20177859
20176616
20175420
20174908
20169013
20168097
20167910
20167537
20164666
20163762
20163761
20163760
20163758
20162906
20160547
20159350
20158551
20157747
20153550
20146803
20142406
20141539
20137029
20137027
20134285
20132713
20131587
20123876
20122026
20119873
20117259
20114124
20114095
20113915
20108549
20107294
20101416
20100305
20100110
20099220
20097641
20097636
20095098
20092616
20089624
20089491
20089310
20082064
20081721
20079761
20077993
20074300
20074194
19966692
20071219
20070812
20070794
20070598
20070504
20069962
20069815
20069363
20068024
20067358
20067356
20065277
20063424
20063198
20056785
20054081
20054079
20053237
20051430
20050500
20050487
20049682
20048680
20047357
20045228
20044340
20044331
20044330
20044165
22049636
22040852
22040851
20039790
20038717
20038247
20033911
20030814
20027507
20026689
20026688
20024702
20023563
20022909
20022131
20019515
20018543
20017938
20016427
20015919
20011751
20010728
20010012
20009903
20008602
20008585
20008431
20008424
20007654
20005178
20005147
20004490
20002419
20000266
19998475
19995290
19995289
19972656
19968597
19968578
19967207
19966728
19966712
19962697
19962280
19960081
19959840
19959299
19958421
19958420
19958064
19956978
19955458
19955300
19948571
19948028
19947126
19947105
19945879
19945815
19945204
19945107
19943991
19943831
19943235
19941730
19941580
19939303
19938942
19938442
19938259
19935179
19934623
19933891
19933886
19933246
19932933
19932548
19931963
19930729
19930370
19930080
19930079
19930072
19926562
19926188
19925271
19912463
19912394
19912306
19910864
19910397
19906428
19906285
19906279
19906211
19904854
19901541
19901039
19899295
19898100
19898097
19892889
19892511
19892217
19891301
19891300
19826332
19889945
19883996
19883453
19883414
19882957
19882396
19882062
19881212
19877105
19875660
19874099
19861029
19861025
19860295
19860274
19858821
19857982
19856149
19856089
19854086
19854059
19853967
19852716
19851232
19850435
19845193
19845179
19843415
19843130
19842953
19839292
19838742
19837498
19837459
19836188
19835601
19835228
19833859
19831143
19830402
19826078
19825895
19825839
19824908
19823963
19819050
19818547
19818250
19818037
19817268
19815899
19813430
19811860
19811835
19811596
19811195
19806370
19804629
19798555
19798047
19797499
19797496
19797495
19793947
19793245
19793236
19793235
19788778
19788775
18786341
20168014
19861368
21768431
17419799
19157674
20654793
18392637
21228661
17439386
18980460
18344890
15686807
16393479
19919172
17515684
17508502
21711071
19912095
15583501
18094296
21298904
17594378
21459865
15574033
20726270
16684439
19453320
21537324
16136048
17976298
18283141
19615889
17034679
21052731
16242940
22010498
21088660
16045054
21108175
21366669
17608243
15566436
19177814
19155098
19084099
20970237
18287900
20539922
20807441
18474979
20868470
19619061
21614831
20463515
19592081
18230417
18423716
18351478
19808372
16332470
21805931
15613144
16527476
20884161
19140174
20196186
18221519
21702400
20431439
19240187
17316883
17573985
19939301
15756402
19704212
19483063
18591640
21683213
19094437
19020372
17443554
18513825
15664106
20631590
17148527
20069518
21462469
16294835
20051070
17118659
15775746
18079246
17168043
21387661
20216168
17945927
16530110
20627524
17504589
19184207
19279436
21071360
15951312
20381670
21229820
20970788
18272613
21556848
17477226
15693685
19625548
19153394
16902289
20049258
19477755
17963657
17870011
19111480
19561513
16786925
18708279
18592319
18032748
18260370
20443412
16873593
20706825
19054930
17674610
21355476
16330721
17116952
19819095
17540805
20406498
16894877
21211085
20486519
21272221
19930223
20863357
19064226
16207666
21496748
20970839
17018197
19431249
18684359
18588395
20111916
19251548
16358953
15965386
18558181
18714421
17469493
16752111
17650693
17227396
18377579
17437970
16546056
19366472
21367384
15612908
20478866
18086023
19619374
16875475
16441526
19582520
16594229
16938096
17601244
19357964
21414009
15800255
20973734
19156472
17197840
18496250
17703113
16171109
20839582
15764743
19050082
20925293
20800299
16392268
21368513
16862033
16310575
19645200
18285552
17223770
16468478
20508558
18812888
20192713
22021468
17985962
19530014
20419745
17098679
15641613
19537412
18338267
21259126
18493093
19552133
16892682
20306740
20541811
21093061
21368684
20709240
20037151
18588415
19560317
18802717
19132174
19948605
17011267
15984507
20238129
17475363
20021383
18513354
17726411
21502256
19770733
19648849
17455101
21133868
20434292
15515735
17879373
15653940
19636020
20677915
19501549
20705349
20675346
17149126
19717839
15763849
19246845
15723706
21332775
20193799
17452026
22026202
15762901
15908666
20492070
18378086
16928410
17238307
18786214
16238838
20047063
18574371
20661038
17356973
17996763
20706191
19449614
18512101
17165487
20974021
16373216
21600367
21472715
17044271
20499784
18365855
20674846
18369678
21576612
21243007
16671414
21443779
15521163
17912822
20063908
19590205
17592961
18757528
18429749
21268517
18985910
19824281
16334394
19883892
15828572
20620809
18688052
16603283
18650236
21696241
19728440
16651353
16131278
15864663
17087177
19422944
15876471
19444721
18824907
18453944
17681123
17976128
21145577
16643262
16875797
16496812
21879655
19287913
18560085
18637176
19061024
17890348
16376522
16338916
17911863
16913337
20329473
17664054
18723450
19263122
19735562
19879451
19850481
21610242
17150325
21355759
17116114
17098535
21074749
18788104
19411575
17486471
20056661
16542166
15999352
18396225
17595365
21458151
20949753
19101822
19345442
17249394
19707124
16203882
15830302
18329222
17694281
20389315
17588762
19911481
17261444
18273436
15656851
16025786
19450039
21654374
17626961
21060123
18579340
19777309
17133195
16792759
20659978
19675958
16450631
15622338
17227981
18281231
15643250
18035233
19057236
16519178
16184694
21146094
17087173
18947095
20502179
19335154
20102143
18772626
19564001
15761368
17202527
18087882
20531493
18453849
21810722
17439757
19497746
15844721
17966250
16899002
16817671
16217714
16231609
17702150
21276338
19827581
19757870
16439499
20158549
17479528
19327572
20031904
20508976
19541014
20868386
15860054
15809816
16153300
16290975
15779513
15842706
20031893
20956707
18779459
21393081
15720499
17872907
16307637
20022601
16684162
21429717
17978371
20177024
17563046
16162413
17552954
19276318
16440403
17643574
17370897
17175683
15751631
17924242
15966887
19000959
15943622
16326785
16613291
17050220
17705841
17102321
17089287
19201147
17920170
16006495
16362709
17610107
19021620
16783842
19709315
21542913
20940210
19927503
19134486
15742907
18090383
20942889
17442108
17004173
19777681
16876802
19736742
19323709
17636790
17828852
19840152
17907051
17717308
19133288
21294425
18515608
19634644
20578086
20003975
16758516
16062166
16511737
20227793
19919300
21957550
17889102
16617958
16263572
18622457
15685014
16490013
15668849
21771359
17445834
18644204
16985231
18055756
20371034
16334968
18826994
15718939
20507043
16714975
15631293
17519024
15807910
20597713
18846150
20096489
20454567
19215829
16398889
15545244
16790039
19630447
16426372
16481924
21128984
17385492
18222586
21520796
19210155
20069767
21518312
18781660
15985504
21730988
19399527
19060727
19306370
21375908
20397546
18333352
20923622
16237987
21385184
16075907
17559021
16922114
20393347
18426460
16097455
20550222
16942769
19700269
20042562
20121577
16469126
19931153
17457779
19606196
20592004
21425249
20576292
15546647
16514330
17069269
18399614
19250026
18771643
17310658
18303937
21361235
18571134
21996387
15543242
19266944
19780018
18097138
16878516
16222176
17923289
20173297
17955355
17133685
17062510
21368544
16648728
16463243
20499485
21364547
17350981
20966849
15797852
15991592
19760893
17148634
16370506
19104899
17985682
16447612
18241563
19905880
17083100
17124626
18063317
15650500
18402705
17560916
16895034
16910034
21811160
19914795
19297115
19502223
17971562
16757711
20144028
19490598
18509146
18158508
19543843
20094000
17269495
18293811
21564396
17584430
21544044
21240105
18005373
18606290
18265822
16232104
16704400
20441119
15618093
16758714
15794299
17983334
17032489
21689040
18686669
20623521
16096140
17489524
17533915
17907008
16094281
21521456
16206362
16132892
19536389
20083916
15936561
16862744
21071505
17549829
19419344
18754706
19052704
21899982
17690808
20031171
16168031
15726867
21231953
20846369
19926988
16895488
20400045
16675775
20831106
16447529
19920832
21424304
18979996
18195302
17879557
17692402
17486947
16910193
20824553
16810084
21308343
19813296
21284765
18198804
18822708
18290947
17380812
20860179
17595440
20195948
17873253
18018818
18395928
20208974
16339336
15570546
16564198
19041225
18949763
15838407
15535537
16898409
17907644
19085179
15918239
19647968
17883596
15803325
20368662
18333736
19088594
17063631
20091668
19726018
18791622
20695669
16923100
16213232
17589550
16865561
17368290
17261117
16910946
21333847
17889971
16295514
20013572
19021090
17216974
19363751
20654899
21879999
15943155
19589164
18489673
20194419
16450510
16570029
19945914
16948883
17394516
19959842
20935009
19229064
21102317
18216617
17022324
16245559
17701262
21154093
20426359
19877977
19751037
21033406
17000387
21500608
19178975
19875227
19718838
21568698
19077024
19281590
18192128
15801349
21651366
15620036
15857521
15543709
19158447
17897117
21332034
16193322
18414713
17873249
21378554
18945716
17891662
16195571
19183496
19395287
21375430
15870615
20686987
21070646
18292101
17139909
21462877
21336196
19719852
18596481
17949984
18498922
18562985
16447328
16004157
20043817
18578811
19019462
21386747
17008829
16353659
16809400
16775795
18619084
19041626
17998408
20200655
18522701
20890144
17111282
16352966
15675218
17090996
17991602
18678961
18184342
18431289
17182970
18291394
20167591
21148654
17684171
17605627
19090367
19394792
20183899
18780932
21284518
20004924
17160733
19389137
17504545
19893465
16122641
21649699
20397545
19614555
21637274
17584433
15947898
20308351
15959746
19569462
21860960
16350390
16144244
19539106
19140196
20590509
16461246
16086614
20218771
15947296
15581720
16135471
19605620
16454003
22043493
16567855
18373955
18374116
19952551
21557105
15864824
17947907
17609024
18657769
19602171
21608344
18721167
19891756
18617706
21297320
20833825
19645620
15842203
17022914
16688660
16110012
17953334
21135610
18694607
17934058
16119488
17446732
20129482
19488094
18040889
20853581
18397157
20735496
20185413
17405360
16192828
16215349
17100219
20849989
15589080
16858460
20536277
19182464
19323701
18076885
20540168
20023491
17401771
19142279
17449252
18622914
19272577
21441151
16310195
18637637
20841979
19204855
18707620
19734512
19649422
16011811
17927114
19811215
18544112
21098628
20005027
17522925
17497544
21675167
20679778
15740172
16922987
19117976
15660988
18389983
18275400
18561558
20922540
20162878
17914661
19707164
20350886
16093947
17200276
19096357
17468688
16650120
15686336
16374246
17085615
21699033
16504619
16480558
16378566
20560853
17285010
19006589
20159458
17342789
21035012
17459386
19158526
16153565
21576544
19443086
19910196
21041191
21553560
16309594
18005911
21654240
15669577
18982781
17147994
19485656
16185637
16608721
19910394
16215792
19917147
15789379
18076555
17359611
16115832
19624063
16568462
19012066
18615917
19238059
21684461
21218742
16914632
15953669
16206380
16865084
18405012
21661613
21788585
21473318
17095439
17595987
17197793
21462907
15616404
16234299
20130292
17267723
16509953
19527558
18689581
16680222
15997613
16624226
18073358
17123275
16801882
17437383
16447646
16274139
20890138
21317661
20397538
20088156
19115883
15524055
20102555
17573860
16636706
20675819
18190369
19740044
18560708
20404691
21403487
16689122
16120502
16925074
16112174
17211209
19084299
15971383
15538582
18807860
21367369
17441397
16780008
17935242
18694992
19485724
16475462
15794700
17601470
17687066
20610490
20833382
19669705
17263734
18402382
17443600
20841882
18979856
21727856
17605457
15836534
18376081
16582046
19660328
21788005
18316875
17240252
16786951
15798137
15715120
21682911
20187099
17029489
17724241
16215353
21199163
19134232
17534463
16372713
17268416
17849918
19032711
19714751
19808192
18704341
18096354
19969173
15798871
18051970
21431387
21976585
21576715
17467557
18520653
21282277
20970363
19039051
19361059
21242317
19461516
21139014
20437280
21429956
17523273
17454795
21111557
16543038
17493954
20148933
20067668
17852174
18853708
18649818
21826674
20440205
16109292
17490867
17319567
17442619
17724863
16675772
21186315
19593488
16826058
16619472
20858108
21136237
21155638
15683749
15640632
15995823
17565036
16493256
19641843
16843817
20087548
19704292
19487615
16416580
18941032
19592952
20376695
20882832
17679120
17078345
17973708
20220670
21651362
15715808
19660840
16388426
18093253
21147658
19430414
17601183
21259067
15674879
17682222
18478297
21526559
20000010
15904849
19666851
16235575
17017842
20937613
18224419
18678835
18236875
21102170
20520216
19761023
20825895
17760237
21292712
20540386
19370630
15853073
19356561
19910155
15741435
20125069
15534882
17460998
17933613
18555474
21781212
21461208
18719161
18499604
18604425
18048851
21142678
19349900
19998333
20044767
16696539
17020719
20698021
20681401
16883170
17378818
18719332
21272220
15858686
17918500
15645189
20101545
17115134
16105850
16553507
16404682
17289828
15528966
21894124
20303232
15598725
16478844
16722919
20002480
19087915
20726268
15766339
15627140
19001352
18549138
16761882
20368494
19249998
16217635
16125030
19251831
16515107
20719499
18205680
16358969
17278922
20067138
16410621
15772919
21402459
16586308
21693723
17720691
18515605
16603331
16609818
19452109
20824361
19477972
18636026
19515476
17624201
19091313
19351551
21326002
15788082
20654872
19167629
20620811
19477716
15624409
17431061
17578394
16602516
20718595
16864168
21425045
20144283
18535494
20069472
19626751
15951582
19444413
15964445
16035510
20652645
21654302
18982881
18091554
21211076
21074218
19751375
16495923
17545348
16714461
20642621
18599172
18302657
21857343
20531108
20557668
19895441
21560954
15573006
16670743
16856084
21240787
16233998
20888944
17344254
19811559
19592827
21626323
17123674
20659400
19755973
17552345
15600048
20586354
18856174
21807681
17954872
18373574
16929624
19363868
16871436
16112760
15894602
18559164
19775309
15799588
17667008
20351163
19728524
16609309
21534109
21231884
17332813
20202269
15696111
15725206
15940892
17989566
15644692
15517741
20402374
16736827
17060268
21040261
18039381
16902372
16029972
20724192
21625662
19842785
16425819
21269458
17242456
17112946
20051615
21407013
21286839
19408494
19687374
16990292
17352662
17182445
16772777
21655973
16870972
16500073
16629089
22045942
20536626
16136829
17020117
21368514
21179664
19276734
18814424
21410661
17273030
19390178
20358731
18817960
16872121
17617757
20420549
17069270
17500618
16288581
15619488
18653515
15588366
18588403
21590572
18157568
17906208
17966743
16527786
18319132
20031864
19133492
18160115
17478122
16318056
20069824
17526308
20816307
17006108
20032930
17941553
16780619
17949569
19356286
18552410
17494817
20050447
16519201
19753572
20210265
16570558
15973272
18847386
19734535
20880051
16808695
18241152
21724782
16539697
16906322
17068940
20006196
19207062
18197015
19801323
16584013
21254824
17883460
19337083
18769996
17544449
15705243
20666939
19012722
17489320
20142405
20669596
19020144
17233912
16096447
15730610
16468480
20497731
18056752
18399022
16092303
20103081
20380613
19368756
20671612
17343534
18209667
15931310
16732581
16025151
18060203
19204646
16212517
17176652
19587253
17435426
18388840
17240282
15677916
16528112
18235118
17471995
20142743
19300088
16321733
17419468
16553927
21813731
17375228
18977994
16359207
20452874
18191768
19883486
20191796
18000269
20688876
18957464
18597409
15526487
21303772
17409924
19181500
17727771
18308499
21703153
17207743
19132186
15699853
16170545
15871865
16462349
17464569
19566638
16639190
19436695
15746132
20636470
18043339
16499309
16106155
18390944
21952059
18667868
17559973
18358940
16564405
20066735
16836215
16020008
20458987
19110800
18702636
17310676
19299671
17375766
20384975
16801205
21712210
19709016
19268886
20109005
18725829
16474223
20719752
18459622
15934559
16989417
16099552
20170596
18819212
19084757
18186374
17625724
16813966
20969617
17900484
20862625
20711076
17077170
21386081
21642906
18360805
21941162
19216983
18033724
20218938
20047173
17303267
20481075
21321466
20509060
19077257
16686583
20486522
19179235
18398082
19813105
15993978
21262793
21538039
16963194
16342648
21492030
19536026
21617508
20548254
17963335
20614707
18157353
16684206
21143085
19534258
19400489
21122084
19901746
16703873
21800640
19681711
17038840
20390663
15646720
16569623
15760813
21067375
17115458
21593246
19808156
16950738
19853740
16770034
19184554
18573540
20824347
18926930
19574107
18320301
15937267
18056570
16782923
17140424
15518610
16634899
17219489
17259469
20659214
16598356
21784713
16566531
15850019
19667785
21189717
21085918
17461803
17524720
18758849
19568684
18047173
16636732
15846195
16457055
18762140
16210023
15726873
15756120
21359504
18780888
16764229
21110503
16901701
21659483
19048355
15559886
17530136
15764350
18095075
15994387
20380962
15580108
19702979
19037472
18255214
15779616
15892852
19865019
18434893
16799016
15977132
15583255
20570781
19916219
15903001
21456440
17042804
18803577
18300619
21342309
16711579
19237411
21419262
19700432
19585071
19444408
17927764
21167022
18719058
18942562
19205473
17500264
18565816
16719606
16779794
16547944
21803663
15815958
20102784
16602402
16430336
19009891
16282012
18480204
17715444
19899398
20890150
21432787
18416780
16539086
20478508
16755817
15894761
16097930
17727387
21295485
17464225
16983851
20974025
15734138
15552511
20803408
15825667
19090405
20826590
18652666
18984506
19643409
19879518
19266749
16463453
17478471
16622161
19411013
17518141
21496754
20675953
21510865
19850182
17299964
18785099
16739214
15765635
19706350
20547028
16583345
17573983
16968364
16500449
16395637
16294516
20607085
18856016
15988448
16377191
16291438
17068427
18226272
20308273
19486503
19231928
16923659
17047227
17622602
17880415
21899216
21349492
16138821
20956639
19484846
19116531
20457682
18371553
20827068
20299651
20483635
17224696
19365222
19538646
18841185
20540391
19877290
17405577
15566584
20183357
21167086
20843882
21884356
19957481
18158495
20112771
16922113
21419261
20397808
15568585
16716875
17660736
21130695
20074905
20210527
17584391
18503807
16959930
20932498
16878413
20739360
16192533
20236431
17627408
20152512
16009887
20932505
21189816
16387109
19264937
20667683
16218155
15642765
18787448
17421095
20507569
19480793
18232582
19473627
15597287
17069230
18771076
19189748
17097447
18161229
19319553
21742654
19227691
19371558
16394685
19858243
19720493
17888917
17020238
15612235
18641520
16922032
15596688
15990914
21168943
17723957
16582973
17345558
21542189
17524004
18823865
18032197
18194358
16148497
20801275
15675174
16109046
18227742
19258838
19689239
19261362
17601841
21618840
21266202
20445716
16781616
17384313
18509583
16309065
15515441
19266354
20377024
20135903
19816040
18186906
21726687
18987069
20029430
21503596
15810753
16700786
17211007
17535182
17383600
15527591
19033181
18251187
22106759
18727597
20010044
18990325
18258508
15724562
16788355
16149255
17903705
17412115
20057238
16148491
19216236
21817969
16683218
16032976
20123767
16512033
19300002
16422049
21288681
20439049
21463817
15951453
17975718
15719603
19197571
17205470
18371967
16762800
18849404
19405301
19856124
15921798
21199129
19849760
17298454
17210494
19924581
15738547
16244045
15632891
18808300
17044443
18764851
16505877
16191145
16901699
17827466
20836635
17695938
19584351
19943226
16834768
17319202
18091628
17366227
15763610
16299059
21500738
20515903
15690941
18435606
17077716
16411648
19432910
21700150
18555165
19376278
19961588
20224058
20440621
17204565
15957301
18373401
20453732
19587259
20453187
19387125
19219362
19306604
16448491
19215004
19255051
19942671
16738976
19584762
19080875
15781592
20702860
20869924
18073702
21703676
15974112
19033740
20438604
21144018
21144024
19115880
18158292
15641253
17133761
21029491
19253704
18042020
19237924
18946369
16443085
15664224
16594944
16789405
21919293
16061888
18320954
16218148
19889379
19580220
21176131
20360287
19024665
17162310
16398162
20546817
20194891
17504351
19777727
18457604
18853532
20642088
20047770
20932190
20478650
17954070
16572755
20643729
15950831
16030507
21936435
18000948
18773762
19593306
15552807
19263540
16135654
20359655
17239061
21240022
21411823
17591453
15979627
18998761
19534170
19772582
17446195
16357669
19593312
19248373
15984498
17564544
16434231
20059676
19597893
20530526
18430337
16192524
18082665
20662283
20583686
16521333
17336025
19378523
20353126
20403550
19269405
19117060
20569255
18999275
21283004
16092744
17403768
19076460
21600062
18042214
18465407
18842993
16708576
16142017
15596920
20443279
17454796
18452366
17666298
17211769
19738215
20212028
17613159
20163420
17124186
20930255
17218721
16501269
18551881
21591378
15984560
20414559
20590512
16553120
17182417
18787451
15960018
17477184
19593901
16728385
19191853
18043980
21751718
16336556
16425949
20674334
18324935
17378463
17072157
16524355
19476900
21853670
19445685
17007486
21661137
18198966
18314388
17469364
19625565
16304498
20116893
17324182
17360093
19366014
16478890
20359386
20123945
19817652
18946242
20199766
20163700
17719512
18028383
19287262
17482878
21041348
21617267
19644009
21178611
17418924
19250153
16673222
19061685
17583402
21700562
21272303
19326625
17563967
21282496
18789018
16687381
15635352
20713872
17182222
19160921
15628649
20234248
20464883
18757353
16281697
17264698
17381876
19635302
18359430
20480972
20684381
15892316
18950076
16899843
16808724
16320470
16005341
16313370
16383057
17478663
17041073
16108880
19014824
16987118
19138531
21476322
16810045
17150050
18367911
19835742
19176956
15852073
20495317
16052880
18753714
21481994
17944133
17379353
16194757
17802732
15707095
18641591
18674762
15971874
20924337
15844562
16302483
17657658
19318986
20572531
17540180
17327536
18854974
19801316
17060217
19833007
15644674
20638311
20501561
19786884
16145365
16583664
19609190
16527150
21320943
18368318
16900281
19062110
15964175
18373613
20441398
21446292
16092293
20595536
15930917
21244493
16923183
20929412
16368586
19474593
21841589
17161900
21417056
19136167
18423347
17102708
20963612
16174933
22078678
17286730
19935608
21862067
19411582
20512448
17314741
17902526
15682971
17225762
19150220
21105305
18319403
18452639
16637452
16584309
17849466
19224908
15650632
15789185
17462038
21646588
16927953
20356794
17822526
16476133
20046118
16604795
17986710
17548028
17136920
17612998
18086958
16442452
18558255
18163137
18551890
17525963
15640647
18844196
17615842
17090723
19220165
16584673
21092431
18579319
16938639
19115897
16076279
16543513
17620533
18945708
18495713
21224945
15776123
18649585
19211295
20662284
17039988
19765116
17108509
17275601
19242133
17321932
16548396
20354878
19775919
20825369
20003446
17396612
15707263
19271589
20708563
18358116
17042055
17823560
21091899
18229781
17628839
18329223
20406508
21958380
16205241
17342454
15868984
20102895
16738981
18453795
15662184
21276075
21298898
20492053
17270062
19879092
19539533
17521459
15640630
16697609
16270409
21925397
17083561
21857856
20592609
19246146
19167200
18371167
19467998
16479635
17394518
16003098
18290938
19670967
16594428
19783081
16832992
20435877
20805434
19940010
20931819
19523033
16173854
16248900
18566078
17682122
16129011
18227851
17939006
18367910
17642393
16509387
21411824
16292072
20494357
18003870
15761646
15647734
16421854
17425252
17536651
16020073
17087183
16374136
18454243
15668597
20364558
17593643
20203634
15695349
19341069
20832921
19384738
18624013
18717450
19297119
21383111
20369438
17131302
20659198
18075638
20309780
19653388
21298505
19372344
17947918
19644350
17452712
17302137
19106431
18801274
16358929
21159197
15960246
16358088
16670259
15871537
16448341
20414945
17086940
18294511
16596081
15667371
21242800
17925140
16050236
15614280
22066299
16626924
19731345
20799570
16296376
19240235
18494959
17822779
21771068
15845146
21063546
15705638
17925041
20405303
16696818
20506507
20384527
15909782
18187111
21437754
20520262
16585087
15815961
18041457
16500799
17205000
18503016
16316685
15639043
21718624
21675014
19186400
18018751
17316426
19438889
20044765
16313207
18189334
20712866
20438034
19545096
15763710
19899401
18240924
16879943
17017409
21127101
19438112
21243328
16608946
15669516
21528162
21141263
16137587
16217973
19748641
18472221
21679451
21658255
18657761
17152454
17124249
20922341
17325560
17397367
17766662
19938331
15961289
21831572
20428391
19188529
19416054
21608275
15582636
21083512
20456771
17136599
19072468
18660902
18427782
16682392
16791759
17166982
19833669
17004190
16013014
18830226
16461957
16162469
17352023
17909433
21420665
20204383
17371742
19086601
16383053
18046866
17021867
16867885
15656857
21365974
17063404
19131419
15537404
19893369
19004158
16008037
17438985
15914132
17078324
17007249
18502421
16495871
19067610
17993929
21445554
17674531
17286192
22096875
21610597
16488809
21300192
17955732
21536502
20101551
19207057
20514960
16897696
19059568
16358483
20067327
17310058
21057303
16554394
20935582
16707070
18649588
19874100
16717381
20843886
18971800
19394791
19558737
15610989
16633840
16607060
21211093
21863029
16401179
15906748
19225067
16082308
16443137
18423061
19551962
18762647
21376680
19684373
18704267
15822623
17122530
18257761
15940977
21477981
18425860
15909168
18622980
21314812
19032122
20638813
17960679
16766590
16696786
20055188
21533867
16968569
18201504
18183758
17213498
15522468
15908274
18982880
15584186
16897018
17264442
20457326
20559179
16879549
18590978
16805186
21876449
20367746
16390528
17197277
16142573
20066693
21688468
22110098
20605850
19159506
18705901
17598039
21211499
16466343
15699089
17342852
18437939
20813893
17133293
18216465
20629934
21677092
17319981
16427132
18064812
17320551
17536991
19476775
18724535
18584797
19017887
20505507
21315215
17244671
19096735
18835724
21471578
17691711
15960059
19665624
21661617
17585613
19514540
17923835
17421119
20579125
19058069
20564166
20306616
16634398
19814850
18536587
16095151
15655433
17210426
17767436
20222223
17889207
16004706
18078733
19203678
16045663
16618324
18608358
15750493
21086799
19117827
19958908
16463601
17577722
18577148
21645388
15853292
17697946
15875101
17078243
16720000
16728354
18054680
18023334
18693194
19280251
17455570
19661000
19552677
19797559
21436595
15612181
15578235
20655164
15857323
16442473
18451627
18684784
18052895
15532173
19550350
15638445
20175258
20625618
15772137
19500942
17914340
21119150
15642235
18843063
18412839
20712549
16359735
16706243
15802408
16085200
22005604
18543349
18020062
15513801
18019522
19794306
18774425
16918782
20218274
18242130
16423168
18350774
16865635
20464593
21576541
15923793
19358096
16978554
17475988
17577296
19388445
15726544
19472853
17122715
18535476
18175829
20010151
18838135
21661658
16864131
20514712
21868477
19748861
20411829
21922724
17022856
15748072
17555656
15644703
19863765
20081729
20592010
21168247
15555717
18289424
18830841
17498166
16184942
20451816
20413052
16326198
19077648
17244289
17199541
20926743
18229731
19786882
21862044
16514096
20473643
19564740
17998407
18249035
17221178
15630077
20947449
18798713
16450875
20427807
18827610
21842830
18618192
18361702
20738813
19699822
18565717
16235359
15821676
16960491
20458105
15973859
20879134
16796448
15823886
17397690
16236656
21173510
21103767
20464737
20064882
18164249
19829388
19582938
20204704
17584389
17559479
16911267
16389057
18758042
20019511
16390892
16798563
20838705
17213005
15803086
20674068
18999280
16261786
16549967
16579216
21831021
15862929
19692674
15975955
19558936
20670270
20448452
17623499
16550840
15860240
19370522
16318052
20662908
18666878
15834361
15819351
15944499
15628169
20639572
18036930
20123175
20536517
16710714
16294804
19382363
20958203
20798619
19342836
19786422
17966259
20030696
15865270
21401255
21445517
16416763
19621441
15903002
16531954
17035406
20598831
17619235
17019550
21325796
17332956
19531773
21310027
19249104
19247839
17895295
15866006
20165520
21532758
20674108
18216058
20088220
20499629
21912775
17364514
16552224
17466825
21537192
15537856
16466349
17316099
19680792
17329504
16464329
16101651
18549843
18710057
21109101
17571779
16756187
21495557
18612106
15924563
16430334
20443425
16035081
21460672
18990389
20551371
16215350
19233689
18611087
19327295
20088177
17573295
18557993
18387226
17284233
21932757
16326224
16295605
18853535
16629563
16174996
20670780
21482615
18616858
17151163
20443265
17924495
17098159
19835240
20940568
16534400
15578400
18856147
18334982
20972377
19852419
18408263
20825836
15923941
20142739
20511731
20803395
20539139
21116179
17003585
16953860
16970555
17197164
18377569
16266421
20499655
16160192
20430653
21113566
22066284
18316940
17631315
21546787
19958147
15983239
16046042
19203485
16638260
19952043
19937340
17973698
17079584
17471047
21159904
17240117
18374823
20194643
20530396
18577133
16934140
20398115
16476372
19641419
15772212
15700635
17344672
18810663
20499780
18619631
19249515
16342912
17593305
19855272
15741712
16605232
20159563
18018571
20112774
15691240
17923730
17152453
21844765
20078403
21736169
18674404
17436785
16259795
20074833
17195149
18323555
16920527
16872507
15875447
18322026
19136329
16260819
17099418
17136988
21289022
19320387
16435008
18701322
18662261
19858336
17976825
15940531
17958940
20122065
18494391
19066360
17383299
19271625
20861590
16332465
17685993
20038380
17903572
18492543
17160566
15745363
18347487
17551596
17516352
19693662
19835549
16956743
16537856
17907722
20543652
15961911
19242580
15689648
17344262
17895690
19756506
21429958
21951506
15647238
16512871
17888785
18998594
17654385
18604934
22053656
16388532
16358084
19221081
18663033
17966293
18594243
16904367
21667548
20525554
16306281
18716485
16206812
18442677
21437745
15926758
19134496
20925708
22072165
17179871
17486679
21348217
16614455
20400133
21548348
18928411
21516003
20144184
16522405
19177733
18561586
16870639
16044727
15812103
16474252
16111947
20540614
16468257
16948725
17050292
18216667
16472886
20806585
21537787
21449483
18283063
18971645
18849744
21111388
18042486
19438100
21029998
17137254
21258318
20531440
16422435
21560896
20535908
15698390
18580384
17450710
18164458
20654287
21288868
16637944
21116945
17048360
18182800
17846366
21084047
15709630
16838562
18785104
17249283
16200512
17455746
19858950
17542172
17006107
21473434
15619528
19502977
18316453
16699339
21670785
18430563
18194352
19571322
15805447
19101457
20579116
21622028
18608368
16192507
19025702
21670090
16398069
16223108
20194402
17526293
16620820
17658008
17181015
19157281
19899647
21905489
21410372
19291184
21179667
21678268
19112075
21555477
17559731
19165089
20690370
18361087
21462060
16567008
18493711
15523075
20025041
19014132
21457726
18240626
17932359
21521566
20598493
20173256
17387064
18047449
21053704
18946979
20647920
19811855
19283247
20137849
16922698
16440562
16594402
17443553
17035080
20542236
16049120
20853654
16759961
20883594
19207800
19896029
16036011
20169260
18923216
16350524
15694977
16868468
18402680
18171323
16174137
16166920
18358083
16681111
21815794
15854068
16078968
17131640
19587027
17059163
20628134
19697675
17540835
18562832
16631716
20729231
17933498
17823959
17454286
19140366
17115513
18467804
19179837
18389318
17581460
17924559
19032132
16761659
17969662
16323254
20224964
18391340
18987086
15665265
19370563
18090186
16041236
20580525
19861102
17010557
15759205
20361900
16707222
17324636
19583007
19254403
19027445
19811169
17804347
18043344
18560100
19962846
16404823
19054953
19817520
21422955
16136738
19120741
16966996
19875537
17849678
19194334
16649271
17824192
18498574
