16712491
16719042
16716868
16714851
16711175
16132271
16752982
16752978
16752977
16752976
16752963
16752962
16751635
16750088
16741452
16740835
16739316
16738983
16735523
16731162
16730089
16728939
16723960
16723959
16723958
16721137
16719415
16390534
15635789
15597832
16788086
16783665
16782921
16772389
16772071
16768073
16764880
16764219
16763332
16763282
16760179
16758049
16752966
16697614
16834648
16832936
16830255
16830253
16830252
16830245
16830241
16830239
16830237
16830236
16830235
16830017
16828344
16827169
16824983
16823945
16823675
16816226
16808704
16805188
16804510
16803742
16802653
16798394
16797440
16797439
16793812
16790946
16690285
16688970
16688968
16688967
16893143
16892697
16892694
16891889
16889326
16889322
16889320
16887247
16875118
16875114
16875113
16875109
16871101
16870534
16865631
16864497
16863414
16858185
16850152
16849766
16847759
16847716
16844739
16844417
16842042
16826958
16826954
16826576
16962316
16957466
16956143
16955598
16951952
16948957
16948956
16944785
16944378
16944144
16943518
16931482
16928578
16927541
16926733
16926731
16926729
16926728
16926727
16918733
16918287
16918284
16917188
16917187
16916400
16916193
16915060
16910814
16910792
16910347
16905424
16903591
16903590
16903589
16897286
17056916
17056848
17055891
17054631
17054152
17048360
17047005
17044273
17042369
17042351
17040159
17040158
17040156
17040155
17040152
17040151
17040150
17040148
17040145
17040144
17040143
17040141
17040140
17040136
17040135
17039986
17039985
17038111
17038085
17038076
17034679
17034678
17030842
17030549
17027072
17022107
17021903
17020240
17019450
17019449
17019446
17018742
17006111
17005464
17001071
16996920
16996917
16996372
16996335
16991132
16988853
16985236
16985231
16983965
16974048
16969984
16969902
16968312
16965886
16639960
16635222
16629550
16629547
16629545
16629543
16629542
16628173
16622986
17148530
17144222
17140166
17139496
17135647
17135646
17133898
17133893
18503360
18503346
17126167
17126163
17120130
17120069
17116952
17115458
17112147
17111998
17111490
17109081
17106866
17103000
17093912
17090771
17090744
17083162
17082830
17080905
17080904
17080738
17077795
17072506
17069466
17069451
17069262
17066972
17066971
17066970
17066965
17064964
17060292
17060250
17060248
17058818
17058757
17058756
17058755
17058752
16594430
16594420
16594238
16594229
16594219
16583663
17243516
17242653
17235720
17233432
17233408
17233303
17227982
17227981
17225973
17219935
17216503
17215099
17212256
17203294
17198174
17196902
17190898
17190897
17190756
17187546
17187545
17187543
17187535
17187527
17185925
17185923
17185399
17182519
17182516
17180394
17179446
17176984
17175127
17174436
17171723
17170778
17170671
17170670
17170669
17170668
17167379
17167377
17167376
17160301
17160236
17157949
17153563
17149629
17148539
17148538
17148537
17148535
17148534
17148533
17148529
17148528
17148527
17148526
16572671
16571992
16092779
16061464
16045242
16037198
16035678
16033109
16027098
16022913
16019465
16019208
16013648
16010232
16009294
16004837
16004836
15999538
15992203
15984498
15976204
15973862
15966458
15966451
15957398
15953639
15950807
15946901
15944857
15944107
15936427
15936406
15931483
15930430
15927652
15926345
15924037
15924034
15921097
15918254
15909782
15909781
15908561
15901004
15900996
15895547
15895546
15889783
15887817
15886928
15886382
15882512
15881905
15871404
15847907
15835470
15835217
15833474
15833473
15833468
15833467
15833466
15833464
15833411
15815966
15815965
15815964
15815963
15815962
15815961
15815960
15815959
15815958
15815957
15814517
15813397
15810745
15807052
15789389
15789386
15789383
15771661
15769975
15768657
15764743
15760813
15760811
15759367
15756152
15751628
15751625
15750527
15750526
15750525
15750524
15750520
15750517
15747886
15737858
15736498
15733702
15728223
15721968
15721966
15721819
15715073
15714932
15713926
15712445
15693221
15690873
15684839
15681712
15677389
15675060
15675059
15664106
15662173
15662165
15661258
15657579
15655922
15646166
15646121
15641318
15641074
15639049
15639045
15639044
15639043
15639041
15639039
15639038
15639037
15639036
15639034
15639032
15636470
15633316
15633310
15631929
15625023
15624279
15612239
15609749
15608767
15597931
15588368
15580108
15577711
15577448
15566670
15561556
15559703
15555990
15552808
15552804
15552803
15552802
15551675
15549006
15549001
15541622
15541620
15541619
15535340
15535321
15534306
15533992
15533351
15531969
15529197
15527814
15527223
15527209
15526053
15523758
15519442
20308660
20178432
20178429
19492223
19480170
19475791
19418788
19416034
19370522
19373991
19345295
19329025
19318836
19317034
19306563
19306562
19288060
19286344
19284272
19284250
19278607
19278177
19278176
19273567
19254198
19254193
19254192
19254191
19251832
19248373
19247885
19247404
19247218
19179322
19171995
19087464
19044193
19042827
19042815
20443318
20443298
20443294
19023958
19022037
19021476
18993023
18989163
18988001
18981814
18979547
18978697
18978696
18978693
18978692
18977559
18971814
18971813
18971811
18971810
18959285
18953253
18952750
18950001
18942567
18928135
18928132
18928130
18856075
18854566
18850247
18846977
18831477
18828169
18823751
18820402
18812353
18812346
18810668
18795668
18791747
18791089
18788954
18786712
18778558
18778557
18778556
18778553
18774193
18773774
18768426
18768424
18768411
18768410
18767473
18766117
18760244
18729305
18727122
18718991
18716551
18716533
18715978
18715969
18709592
18709586
18701851
18700254
18696409
18693928
18693178
18690574
18688058
18688047
18686914
18685369
18681250
18681249
18681248
18681245
18677508
18674676
18669571
18669468
18668602
18664509
18661746
18660727
18660716
18642620
18625813
18625812
18625761
18612035
18600121
18596708
18446750
18588392
18563018
18541641
18540549
18516757
18470689
18463840
18442677
18438260
18414324
18408513
18403574
18402238
18389029
18386963
18386962
18386954
18386952
18386951
18386949
18386076
18381869
18377517
18377464
18376525
18376524
18376523
18376521
19534072
18369034
18361145
18349574
18345468
18339337
18338110
18333720
17498605
17498426
17496942
17496444
17491500
17491357
17491352
17479356
17474912
17474128
17474100
17473981
17472529
17472521
17472520
17472518
17472515
17472513
17472510
17472509
17472508
17472505
17472500
17472497
17469388
17469385
17469384
17469382
17469381
17469374
17469357
17469347
17462959
17459916
17458124
17457776
17457775
17452066
17447290
17444465
17444464
17444461
17444457
17444172
17439590
17438472
17434236
17433113
17430825
17429884
17429699
17428212
17425818
17424969
17421104
17419279
17415578
17413782
17413772
17410814
17410509
17410011
17409993
17409965
17409804
17409612
17408073
17406167
17397708
17397700
17393814
17392258
17390196
17387520
17387064
17387061
17383475
17383322
17383321
17377999
17377997
17375341
17375032
17374813
17374812
17374811
17373239
17372114
17371147
17370563
17368409
17368297
17366919
17363936
17363935
17363934
17363933
17363932
17363323
17361646
17360150
17355456
17353846
17353844
17353843
17353842
17353839
17353150
17349950
17349494
17349492
17349490
17348358
17348264
17348119
17347511
17344264
17344263
17344254
17342567
17339823
17338202
17337364
17334721
17330854
17327759
19848030
17325560
17320676
17319557
17319451
17318951
17318594
17318277
17317085
17308275
17299294
17298274
17298271
17298270
17298269
17298265
17298255
17298243
17297528
17286671
17285832
17285492
17284981
17284980
17280928
17280918
17274579
17274499
17273492
17268950
17267318
17265663
17265662
17265661
17263059
17263053
17263049
17262741
17262102
17258017
17256293
17255876
16632077
16632076
16631460
16631341
16629569
16628179
16628176
16628174
16626361
16625334
16625220
16623375
16615926
16615004
16613294
16613286
16612730
16612465
16604888
16594458
16594429
16594428
16594426
16594424
16594421
16594419
16594415
16594293
16594280
16594245
16594225
16585328
16583651
16582517
16582515
16572749
16563321
16554863
16553193
16551027
16541535
16538779
16537735
16537733
16530121
16530120
16530117
16530114
16530113
16530111
16530108
16530107
16528815
16526145
16523990
16521333
16518928
16518620
16515297
16514777
16514388
16512977
16511688
16511687
16508784
16505421
16499116
16489909
16487900
16487898
16487897
16487896
16487895
16487894
16487893
16487892
16482761
16477287
16475579
16472711
16464798
16458250
16458249
16450877
16450875
16450511
16446268
16442476
16440043
16440041
16430855
16430362
16430361
16430334
16425598
16423974
16422552
16422049
16416890
16415756
16415735
16411360
16405207
16390532
16378818
16373212
16370189
16366372
16353573
16351541
16351539
16351516
16334801
16334774
16334750
16332602
16329196
16323718
16323713
16323711
16321693
16317175
16310666
16310615
16310139
16301956
16301044
16282819
16263915
16261815
16258123
16258117
16250384
16238515
16234487
16229085
16225362
16224411
16219888
16218244
16218165
16218163
16218158
16215527
16215526
16215525
16215522
16215521
16215520
16215519
16215517
16215516
16215513
16206435
16206210
16202105
16183003
16180112
16171104
16166920
16158337
16150775
16149255
16149253
16137587
16128658
16128645
16128644
16128642
16128641
16128638
16128637
16128636
16125606
16125030
16125025
16120073
16119688
16119667
16117209
16117032
16116388
16114811
16114804
16114760
16111948
16111061
16106335
16099552
16099287
16092777
16092629
16052127
16051971
16047074
16010963
16009286
16008018
16001612
16001587
15992186
15992183
15980750
15973859
15966457
15966454
15966453
15966448
15966447
15948047
15932455
15924039
15912816
15904742
15895550
15895543
15890057
15890035
15884499
15864824
15858686
15830580
15830578
15817901
15815956
15810756
15810190
15800351
15798501
15781171
15776073
22121533
21999014
21998983
21977723
21977722
21957803
21957794
21938999
21934072
21858946
21842714
21841631
21832923
21810580
21809920
21809919
21809517
21809516
21805954
21805953
21805952
21805951
21805950
21801946
21739744
21717794
21651362
21648274
21648267
21647082
21647076
21644295
21631371
21628011
21626999
21621942
21618756
21610455
21605381
21600378
21592029
21591941
21591473
21495165
21482829
21452642
21387576
21384566
21361830
21361829
21324847
21319659
21314573
21306018
21306017
21306015
21220448
21220440
21218457
21197829
21172073
21192389
21166070
21135783
21123231
21121846
21121845
21121844
21046704
20942759
20873066
20846562
20836643
20836629
20718390
20701038
20678887
20673926
20574180
20570788
20522880
20527446
20437330
20435322
20432851
20415327
20411631
20402185
20402184
20402178
20384504
20368494
20359654
20358731
20332309
20097899
20072977
20065310
19807240
19807235
19745209
19736742
19718542
19709165
19708325
19703060
19701876
19698027
19697810
19694525
19685611
19673629
19659663
19648850
19648849
19648223
19643951
19642435
19642434
19642433
19642429
19642425
19630449
19629537
19628112
19624268
19622013
19619368
19615624
19605604
19596930
19594348
19581338
19574853
19571322
19568217
19568215
19554663
19537534
19537533
19535791
19528137
19528099
19525049
19524432
19521996
19514373
19449273
19513815
19508137
19508136
19508133
19504558
19499993
19495871
19492674
19492221
19492220
19492214
19492211
19491748
19472671
19472670
19471992
19467435
19461201
19461175
19460830
19451599
19449603
19447316
19446467
19445343
19445341
19445339
19445338
19445337
19445336
19443521
19440180
19430414
19418906
19416041
19416037
19412055
19408444
19406045
19406044
19400378
19397123
19395937
19395703
19395700
19388858
19363868
19357374
19349018
19346031
19327082
19327079
19327069
19327063
19306817
19304808
19304803
19289000
19285265
19280805
19278175
19270032
19269241
19264684
19263721
19254197
19253199
19251835
19247226
19247220
19242088
19234424
19234423
19234422
19232929
19221763
19219362
19207062
19205735
19196860
19186229
19182216
19176708
19161809
19161016
19158043
19157290
19156884
19155139
19150578
19140402
19134496
19134494
19134493
19134488
19134486
19134484
20420012
20364762
19107014
19106595
19106282
19093402
19093358
19087465
19085938
19085388
19085003
19075333
19070470
19070457
19066981
19066140
19062357
19060832
19060795
19057484
18089872
18086258
18086117
18080632
18080368
18078273
18077295
18073707
18073705
18073703
18073702
18073701
18073258
18073254
18073251
18069441
18069440
18069438
18069436
18069433
18065494
18065365
18056900
18054872
18047173
18046866
20443279
20443262
20443260
20443258
20443257
20443253
18044417
18044415
18044414
18044413
18043787
18042103
18042102
18041659
18036125
18035535
18035233
18033645
18032318
18030464
18028849
18028848
18028840
18028838
18028837
18028836
18028835
18026063
18025861
18024336
18023032
18019268
18019209
18018817
18018751
18008198
18003593
17998411
17994254
17992303
17989265
17989116
17988048
17986683
17985978
17985969
17985968
17985967
17985965
17985964
17985963
17985962
17985961
17985959
17985954
17985950
17985948
17982569
17981445
17977309
17973609
17972468
17970904
17969824
17969796
17967383
17966731
17966202
17960433
17960388
17959344
17958720
17958697
17957620
17956404
17954070
17953423
17948846
17943964
17942502
17942501
17941432
17939340
17848303
17938935
17934058
17933619
17933617
17933613
17931915
17923470
17918500
17918293
17916873
17873182
17910243
17906909
17899655
17899453
17895498
17894308
17591806
17890348
17889000
17888990
17878413
17876179
17874230
17868410
17853525
17851385
17851384
17851378
17851377
17851375
17851374
17848655
17848654
17844727
17844723
17828326
17828325
17803419
17803418
17803417
17803416
17803413
17803408
17803407
17803406
17803401
17803400
17803397
17802730
17766905
17766273
17766078
17764430
17762436
17728593
17728591
17727546
17727406
17726925
17723982
17723981
17720453
17719850
17712073
17710658
17707080
17703386
17695561
17695560
17693295
17686390
17685910
17683690
17678607
17670952
17669639
17666976
17664054
17660496
17652646
17650894
17647027
17645468
17643715
17643714
17643713
17643712
17643698
17638798
17636346
17633943
17633497
17633074
17630429
17630428
17628024
17626069
17622603
17622602
17619910
17614071
17611776
17609996
17609993
17606591
17606161
17601851
17601849
17601847
17601846
17601841
17601840
17598626
17597549
17593643
17593384
17592996
17592993
17592987
17592980
17592979
17592976
17592975
17592974
17592972
17592082
17585519
17585467
17584926
17578071
17578060
17575439
17574095
17566321
17562442
17555920
17551877
17550091
17545809
17544614
17544248
17541693
17540790
17533547
17532180
17531905
17519302
17517081
17513278
17509784
17509596
17508236
17505406
17502444
17502441
17502440
17502439
17502438
17500618
17500503
17019451
17019447
16477922
16477276
16474249
16473123
16468255
16458245
16457327
16456378
16447619
16440044
16440030
16434286
16430357
16430356
16430355
16430341
16430340
16430339
16430336
16430335
16430332
16415751
16378817
16375025
16354899
16351540
16351538
16351518
16341325
16334967
16320641
16314610
16312027
16301952
16301043
16284050
16238497
21717792
21696678
21696547
21685021
21680304
21677562
21675023
20976501
20972689
20972380
20972377
20971519
20971404
20971403
20971402
20969741
20967869
20966432
20965691
20963612
20960689
20957474
20955523
20954826
20953977
20948248
20948246
20948245
20946502
20942762
20942757
20942756
20941968
20925291
20925290
20922319
20890149
20890147
20890144
20890143
20890142
20890137
20890136
20887501
20884103
20875182
20872146
20871495
20852515
20846004
20842609
20841957
20839541
20836640
20836639
20836635
20836630
20836628
20833825
20833285
20829005
20827931
20822037
20822033
20813893
20810257
20809422
20804947
20804891
20804886
20804883
20804882
20804881
20804878
20803826
20799904
20739152
20739151
20729045
20728325
20726466
20719487
20718644
20718399
20718398
20718396
20718394
20718391
20713425
20713422
20712666
20712468
20702075
20698730
20679971
20672461
20671567
20669596
20660825
20659978
20656222
20656107
20633063
20632259
20623971
20619199
20619198
20610316
20598324
20597713
20597700
20594804
20593676
20579649
20578086
20565331
20564639
20563730
20559828
20559183
20559180
20559178
20559177
20558651
20558650
20546732
20544041
20543239
20536093
20535973
20529790
20523089
20514970
20509248
20508952
20508558
20508241
20503838
20490970
20497731
20495334
20495317
20492068
20486582
20484996
20469561
20464887
20464883
20451149
20447492
20443426
20443425
20443424
20443411
20443409
20443406
20443383
20440205
20439486
20439208
20437133
20420093
20417896
20414923
20414437
20410056
20402182
20402181
20402180
20399487
20387314
20384500
20381802
20372008
20371636
20362791
20338979
20336314
20334086
20334019
20332480
20331914
20307363
20306839
20306740
20306613
20236299
20233896
20222376
20220686
20220683
20220674
20220031
20216498
20212413
20204989
20195948
20157884
20163766
20160544
20151345
20144023
20136852
20133320
20131580
20129129
20119693
19156589
19155996
19153132
19152898
19142816
19139254
19136403
19134487
19133843
19133370
19128500
19122950
19120741
19116753
19115883
19115882
19115880
20602586
20420010
20420003
19112925
19112922
19111853
19107769
19106281
19105712
19104477
19104475
19104473
19102225
19088482
19076676
19073783
19073518
19073412
19064962
19064948
19060825
19060807
19060797
19060796
19060791
19054264
19051687
19042832
19042826
19042825
19042824
19042817
19040407
20443320
20443305
19039055
19023956
19023955
19023953
19023952
19023951
19021491
19021490
19021483
19021481
19021478
19021474
19021473
19018751
19016832
19016025
19012686
19012496
19009790
19005686
19005118
19004430
19002530
19001333
19001326
19001319
18988729
18982361
18978694
18974701
18956224
18952748
18946683
18932247
18930337
18928131
18925919
18922609
18844531
18840803
18838491
18836852
18829658
18828297
18822708
18822707
18810695
18810506
18807040
18799496
18789640
18788964
18788963
18788960
18779461
18777505
18773226
18772658
18769802
18767476
18727752
18722942
18718993
18715975
18715974
18715972
18715971
18715970
18715966
18699762
18694887
18688052
18685390
18681246
18679141
18675012
18669570
18669455
18649963
18614973
18612660
18612163
18612031
18607686
18605253
18604337
18603173
18600124
18596902
18596004
18595139
18594321
18593228
18588727
18588403
18588396
18583403
18580081
18575882
18575380
18570745
18567674
18567559
18563023
18563022
18563013
18561844
18560955
18556478
18554655
18552119
18552086
18550781
18550780
18544727
18544726
18541643
18541642
18541637
18541633
18539767
18539762
18533033
18528714
18525346
18519282
18518961
18513567
18512564
18510071
18507119
18498830
18498829
18494101
18487715
18482301
18481778
18478869
18478484
18477722
18477720
18477716
18467311
18464488
18463408
18459599
18459597
18459596
18459594
18459593
18459592
18459591
18457809
18456787
18454753
18454689
18454621
18454620
18454619
18454613
18454602
18452852
18449574
18445547
18440767
18440766
18440462
18435846
18435115
18435085
18426471
18417021
18414335
18414329
18414325
18414320
18413877
18413876
18413873
18412269
18401676
18398082
18386958
18386950
18227884
18380768
18377754
18376519
18373613
18373443
18370910
18370900
18370898
18370897
18370896
18370894
18370893
18370891
18370889
18370885
18370882
18364488
18364321
18364016
18363485
18363482
18361146
18361144
18361143
18360865
18356715
18354843
18350770
18345545
18333730
18330581
18323555
18306512
18297459
18294511
18293802
18292485
18292483
18292481
18276125
18276101
18266885
18265822
18260587
18258576
18258411
18256859
18251818
18251787
18251442
18245715
18245697
18245419
18243638
18242323
18239378
18237621
18236848
18224419
18222219
18216083
18216074
18210735
18203068
18202732
18202026
18198360
18198359
18196289
18190775
18188719
18188711
18180136
18179044
18178704
18052750
19569418
19281090
19275860
18160545
18160544
18160542
18157578
18157353
18154633
18097296
18097166
18096585
18095889
18095816
18095815
18095803
18095802
18095798
18095797
18095795
18095076
18028847
18028841
18028383
18026061
16268341
16267983
16264906
21767167
21741309
21737032
21717720
21605295
21600557
21600540
21600377
21600367
21600366
21600364
21600361
21600359
21599532
21598148
21595161
21592160
21592033
21592031
21592030
21572061
21571713
21563739
21560456
21558113
21555673
20697131
21540267
21538039
21537324
21537323
21537321
21537320
21537315
21534878
21533934
21533865
21516665
21515995
21512925
21510132
21510125
21510124
21505337
21504657
21503596
21502347
21499578
21499008
21487684
21486352
21486148
21485906
21485750
21482830
21481736
21481732
21478709
21478705
21471912
21471909
21471908
21471904
21470607
21470604
21469986
21469983
21468507
21459251
21448043
21448033
21448031
21438708
21427366
21419263
21419262
21419261
21419260
21419259
21419258
21419257
21419255
21419253
21419250
21419248
21406572
21402460
21368546
21368545
21368539
21368535
21387689
21385082
21381268
21378692
21378689
21377679
21377671
21370415
21364165
21361835
21361832
21353941
21352624
21342041
21314579
21314572
21314570
21307685
21298761
21295797
21294666
21294359
21294353
21291329
21288868
21280352
21278671
21278670
21278667
21278666
21273220
21270665
21268521
21268385
21264758
21261162
21257618
21254487
21252667
21244264
21244259
21244256
21244247
21244246
21240105
21240098
21233867
21232911
21194302
21191698
21188866
21179859
21179664
21176258
21156893
21156753
21155646
21155638
21155637
21155636
21149765
21140750
21139047
21135792
21135788
21135787
21133810
21133809
21131636
21121847
21117549
21102244
21113772
21108661
21106392
21091020
19617356
20099220
18488439
17211007
20696034
18831397
18360202
20337952
19157813
16866655
15599203
18192260
18584997
19757865
16504481
17220384
17333312
17370790
16634321
16043553
18270308
19184554
19256108
16574303
18316256
21595360
16494259
18813775
20598470
15918115
16608721
17666224
21298906
16123466
16937599
15571881
17143814
21372646
18061006
21309317
19343591
16828521
19393482
16956071
20098168
20152088
16758516
18990007
18816009
16253622
18455052
20063908
19537147
17557464
21853069
20605530
18923098
16220650
16449886
20077801
21240022
18719058
16119644
18192128
19390341
16134540
17674685
17393568
17192116
18980451
17768801
19824908
20362779
16186054
19430679
18372375
20607688
21905476
16259627
16636961
19288345
19125893
21675699
21411265
21126299
19472490
18837645
16491996
16484171
18003493
18487796
18385977
16549241
16174941
20129271
19114780
17916308
20950195
18625918
17618802
21448038
17133206
16704125
20606593
21198742
17366226
20635554
15994721
17265562
19358991
16629846
19268393
18063543
17239072
18047593
15692292
19564001
21368542
19541254
20207267
15946107
19702489
16704847
21460351
21381954
18594905
19249637
21413588
17425147
21692436
19568731
18612865
21280340
18789742
21788286
16122477
16719746
16240882
16789984
21555284
16828669
18258975
19351218
16496660
19521293
20827068
19277873
16470717
16546833
20492016
15597007
15743647
19216985
17631233
16988951
17329643
20118451
19847006
21661489
16859860
19123871
20220286
21869658
18387019
16469470
16440916
18444044
19630447
20077787
19734646
20185972
16125810
18990915
21527153
18297984
20735444
20151163
21139016
17038755
16019329
19593245
21140344
20013938
19043338
17669309
16050619
17681256
17672819
21922724
16190007
19556412
18625927
15667699
16342351
21162153
20812603
21503177
19745628
17283846
20946037
17129368
16193322
17261662
16456477
20494453
18653515
18646587
15767197
20305310
18019286
16740337
16581641
16574526
17083561
18259803
21074749
16502384
16620171
18715382
21470734
18675635
21280286
16024021
17546784
17512862
15553057
15955757
16646986
20848368
15650513
18785463
17883645
17593450
17446829
18164458
21625663
21493407
15962874
20063198
17289540
16388192
15835081
17577082
16227866
17270326
20057231
16511380
20204938
17411860
18588415
21809787
17610315
19203678
19239830
15667698
21615572
19114574
19216983
17347190
15988418
20137024
18035846
17478412
21265584
20177859
16915542
18361954
19250362
16874910
17306675
16158036
17601465
16382795
20639791
18806027
18814476
17412079
21098322
17036462
16583664
16449883
18184164
17925077
16425902
16736311
20706836
15861918
21422383
21667674
20469571
17976799
16764559
20466596
18087020
17120925
16344203
21198244
18447987
16288159
19745348
18271675
18628763
18280847
18311398
17495563
18829202
17059720
16605284
20541903
20480972
20183371
18777963
16923678
19562979
21435277
17822705
20220663
17102341
16021417
17304983
20141090
20800768
16289797
16510743
20555239
21641519
16162468
18577133
20579138
18218265
19387871
18051996
17099466
16825072
21884356
17142595
19125654
21972755
17372185
18019522
18855228
18601633
20554367
21073502
21471893
18647787
19433847
16403991
16376137
18363064
17240040
20350745
16266648
16040178
17157128
19865028
15914767
16350390
16056112
17387304
15768648
20541284
17636712
21070104
19997077
17964856
19707124
16860987
19339323
18608082
17727589
20824347
16280895
17133307
19499428
15642491
17207007
21305235
20415291
19113017
21236411
21972312
18982930
20439199
17601235
15810753
16442027
16598609
21574845
17330709
17984297
15924577
19390343
16921610
18640407
15713859
15518365
16448341
21515748
18297971
17633340
16331362
19851232
19964428
21734133
19150265
18357845
22118332
19789455
18773798
20523015
21757083
17906083
21154092
17370455
17763050
17458412
21246866
16451424
21492285
16116357
18952359
15967628
16856896
19544075
20611002
16879096
19213966
16722853
17205125
19917147
20408275
16495871
16372599
18025448
16917424
20947721
20934364
17062510
17274693
15610343
17983479
20560955
18375839
17673060
19032571
19260571
17412717
21139520
18166588
21160293
18349434
19444288
20669892
17546833
19537416
17040546
20633061
20717894
16730107
19827047
17061311
16159977
19628304
20011758
16218772
19125936
20937936
18334982
18082836
17361918
16807106
20081097
18202987
20738745
17685995
21166549
16334076
20077782
19405300
17607146
17089175
17201943
18993131
15779250
16323256
21447846
20158126
21631923
17391577
17963657
15654612
21087239
18365156
21355762
17162877
21596210
21199207
19874496
19216482
16871911
20450246
17522184
18476648
17244295
20819831
18450676
17958297
16948420
21831026
17464656
16910140
19472112
21785084
20642219
17335535
18558248
15946437
18431964
18360805
17505351
18611318
16729519
20398115
18477723
19930369
19304691
18561732
20876045
21085909
15870117
17935048
17827082
21572358
20540625
18578767
17088223
17885633
16398905
15906748
16759758
16733116
16045054
19204855
19329944
19583665
19818912
16096148
20590889
18981967
17347659
18165889
16231095
17550689
17453872
18630217
16567696
16221314
18223158
19080751
18000441
18044755
16338916
19105558
16326743
15653246
17283304
20094093
20482950
21076308
18330386
20579332
19377807
18725829
15600217
18072408
21902093
21287844
16895488
20393503
18666041
15842115
15983308
18985843
19202391
20644498
17258128
18538458
17371421
15818096
19067298
21475090
20388863
20202395
17706205
19240682
17666979
19197698
17410999
21696320
16863005
15853789
18365855
21810722
17549855
17509283
18467475
16393097
21698995
19725366
18372809
21194484
18393739
17891043
15858623
18073544
19286888
15813396
15563964
16935191
16401807
21073291
17107396
19449270
19927860
20841749
19260366
16096142
19025697
17257516
19648600
19068687
20605266
17911861
16167849
15640289
18249035
19035033
20682967
21716110
17188221
20333596
16381372
17823782
19357243
19244785
20229076
20379915
17544863
16381260
20209715
18626532
18774048
20136958
17711144
16641821
16225355
18298560
18423347
16011227
18095907
19624267
17007699
15618088
17097757
17851382
21568696
16411877
15735199
20547645
20345835
17448622
16131931
21218703
19858950
20044163
18554164
16380577
17826065
16842059
18617379
17130383
15748088
17066990
15883465
20373978
19117798
18458853
17205835
19232919
16416386
17362216
19950320
19153131
18499815
17701164
19956159
17659422
20194431
20807992
20943343
20065013
18096388
16732782
19068904
17320785
16400218
20112445
17333497
19820852
20488653
18441971
17091170
17088063
20077806
17084337
16501268
16010188
17215746
19348102
20469612
17250771
17500349
19791519
19349189
19091333
20592012
17237128
19941779
21131605
18650236
19860968
18709808
17181758
17826312
17870502
17089287
17070032
16466351
20100361
21739919
16010902
19845734
21266145
17571402
20711941
21736236
18186824
19437874
18032679
15663613
18518868
16287820
20085991
16547067
21144637
19486788
18754523
21208485
16450742
20381431
15709093
20508148
16632813
15730508
19648790
19969315
21130030
20441033
16774668
17065879
15540672
16894670
21416409
20695144
17002481
20702445
16648083
17329301
16918738
21459256
16425812
17341248
17941522
18364252
18515290
15695134
19054954
21888099
19384935
17063648
16901792
16054572
19753643
19338188
16378147
19785581
21725416
18380609
15978179
21138831
15700607
19586354
16002850
15640630
18710374
16294947
17509336
18364061
15816698
19837259
16099784
21807826
16038132
21208048
16534404
16024212
19808372
21696286
18620104
17432772
16721708
20095068
20010234
16024412
17099197
17176309
19582520
21675472
15527229
21539275
20500740
16273781
18318967
15741496
16551501
17175653
17454507
16892666
20010012
20442612
21471578
18092662
15685004
16425819
20963673
16061905
16535903
19296356
16740006
15528881
17704480
16568810
20831004
21510262
15994607
16953946
20677392
15724556
17867951
21272958
15992672
19673622
20824070
16478412
18951660
16713336
16774177
17582019
20175794
15700864
20832743
17192152
20636670
19893369
17323334
17108723
20427867
15561158
21519775
16215358
16869948
18454825
20123331
19710660
21439658
18828254
18358119
18021780
16108880
15822662
15661463
19052156
21323082
17760310
16263039
18225837
15567653
20377091
18243896
16575376
19196586
18245578
18715456
17655539
19252113
16544011
18032687
17000387
19808151
20010984
16921803
21220392
17954133
21212438
19923969
17471052
17915182
21116179
15632388
18602875
17077718
20626236
18216075
17053853
19263772
21653267
17556999
21252349
18787958
20237760
16876234
17999005
16450520
15817601
17195318
19272291
21221958
20351917
16752988
17084769
18452639
20084871
16610608
21951510
18489197
18322026
19543572
18610926
16111064
15962493
19653615
19265046
21761595
17394939
19874100
16299427
17991363
16719548
16043087
16158010
17299869
17393898
20486519
20048361
18214265
17219502
19619278
16332607
19341547
18586130
18946243
15651440
21786855
18725824
18289142
18261063
16266956
19273410
19896325
20504233
19634644
18360221
18430153
21639079
18297976
21099083
17079960
17873662
21129508
17122430
21232162
17848395
16973948
20141539
18019114
16133615
18557966
16008204
15983239
19133953
15856169
18155338
18410785
18337534
16610604
20564128
19240192
20060719
15630864
18032204
16088854
17270279
16439499
20368483
16445483
21135616
20448272
15924897
16048663
16766785
17909221
17204769
19926978
19947105
15644682
17087665
21587148
18715393
19448495
16648349
18980927
21497505
17314390
20584364
19947126
17710485
15662172
17019543
16299432
19453320
17707085
16449742
19104246
15877640
21587063
15612908
19410102
19547957
19837703
21789290
17987348
15573675
16720852
20234199
21111926
20357704
20650007
16023432
18327396
19833331
18801643
21439170
19582822
16160657
16872786
20510409
17310308
16430003
20176916
15618370
18608156
21038178
15697099
18196711
19710615
17176515
19519908
20924255
20704143
18820519
20031864
18830834
21595608
19671641
15819495
17492563
16507506
15822366
16112526
17966259
18190558
20633738
17520998
17473538
16884157
17428424
15931047
15841708
18593836
20439330
19418751
17301199
21458151
17937801
20869886
18854974
16438761
19674176
19225272
15971875
16165080
20816332
17123438
19574317
21464063
19171091
18158513
21364129
20597453
16945884
19124857
17923974
17494245
21486888
17044586
19603567
19941577
17621617
19864994
17213048
18657769
17445133
19303680
15737222
17413678
20473793
18071806
20851273
19406563
19082637
16171237
18656842
19083686
21115629
17160375
19734191
21621408
15756402
18322412
16519201
18181890
21406672
20438007
19055272
15574458
19830951
16936529
16752053
19361124
15909169
21576959
18804390
16862744
19019809
17326877
17098156
18553244
17218647
15974332
18935839
17630076
19326550
19327186
16957873
18064839
19438113
16212517
18273530
21276700
20394268
19708928
17117531
19788555
21388246
21126816
16322114
16372598
18084105
15692195
19291709
20050789
19602646
19507359
20797365
16879008
17458102
19797185
17514991
21857174
20930255
17549772
19280454
19766073
15763309
16500073
19998684
21807707
16728385
18689712
17260594
20050884
18458622
18229630
19066847
18042019
19835534
16481843
20964750
19839947
15949254
16846826
21221659
20552915
16830251
18261064
19851140
19962500
15741409
17324636
17620162
20088981
20876170
20546464
17646998
17154109
20738360
19703048
16980794
15743047
20617716
17137943
20829800
20338814
20095202
20364415
20201342
18798712
19838851
20042423
17594526
21952066
20825516
19915454
15921753
19159080
15741585
18260038
19242328
16051459
20370860
21875533
20580606
19745260
16144555
21367366
17855066
18837203
15752893
17024612
16551313
16869182
16731071
15967550
17523332
16526150
16808691
20562371
19707118
19996586
15591887
20825809
20865817
18558263
17705852
16672681
16781108
19514803
20400045
16533537
20507046
19203391
19841400
15656151
15812748
19731129
20936737
20525962
19748314
21104212
19038900
19435113
20881804
19631684
18552686
21601281
19653536
18378805
17327536
16281669
18247013
19467998
21604821
20568026
17611238
16620354
20306935
19016169
17292025
18302651
20142744
17874543
17366090
18463374
19899401
18197741
16175728
21448054
21893738
21158652
19523742
15919127
17986499
16132885
17152453
20070716
20578919
17963493
17645791
16834581
15534158
16285061
18550482
17436863
21241205
21087474
19216487
21348930
21301280
20148409
18988072
16624481
21321414
17726405
20535907
18371250
21255542
16830847
20229456
21898325
20824338
19044253
21369634
18656072
18086999
18492377
18238936
15773964
15993260
17363210
20182813
20122026
16174926
20206787
15721497
20625618
19603223
16271654
15991589
18700102
16781973
21525436
20629297
20077773
15762102
19838845
16949942
17063103
18650034
17721699
18581198
18482550
20979574
16910755
18314403
19547799
18984379
19227691
18072525
16941965
18996980
16911786
19684373
17700332
18989556
20871497
15728953
18248406
16137072
18524353
19299261
22128563
18315681
18772837
17317292
21162694
20030696
18950076
18214677
19832815
20130160
16903300
17175872
21292359
17608870
18372378
16508481
18951385
17987458
15620049
19036735
18348367
18853029
16630317
15904528
16131277
17006873
21563396
15749791
15612233
19577702
15988947
15853073
18996745
17593767
17076859
20710129
16209375
16502131
18682142
16476748
19278184
21306701
18032197
16855955
18020851
18436493
17699139
16870993
17712156
15890300
20126958
17079023
19372127
16788387
19186632
16324039
18333736
21116943
16808584
16687723
18180491
20068311
19697594
21488579
20395837
15553425
19112812
16096146
17333297
20890150
21587011
18259718
18595582
18456539
16252372
16484714
19959057
19444493
18551888
17165478
18096863
18084353
15678928
17405807
21225585
17629737
19626946
16933576
17923968
15803325
19000464
17045948
19775481
16190011
21524471
18501747
18582304
19500077
18360141
16683218
17067674
18652018
18676528
18573661
17094305
20371029
19278806
19397136
20427001
16224611
19916360
21102295
19021126
17242600
17654478
19789196
21473318
21074874
18197437
19621342
16501919
21067779
18780905
16027635
20031823
18756137
18209847
16167409
19482459
17824452
21494106
15644012
22098841
16813854
17499670
21545572
19875537
15836534
19814883
19875841
18080337
21717621
17019552
17293611
20833622
17351321
20670746
16464934
18226542
18998796
18799514
19229119
17953292
21695887
21729155
18488575
19358139
21283006
18438165
15887923
15717905
18318098
18377145
20127602
20481417
18235162
15630127
16635762
20546383
20232049
19272644
17451834
15595907
21356655
19672610
21074816
19695010
19748873
19738216
19577331
20569255
18332383
18542842
15691442
20923512
16010896
20720083
18946390
16537300
17340711
17050229
15536883
18792440
21659317
17332210
17263929
20158548
19704215
17365375
21322300
19319635
16409216
17855728
15868587
17469362
18574052
15591914
18801865
16335351
18996427
16077285
16326263
21519043
18485268
16961103
20934922
21207723
18489065
15579349
15786856
15596927
21403487
21160300
16843468
19949884
21543407
17087825
18406408
18721223
15704593
20863045
17388770
21416864
19595418
18947382
16517418
16502760
16798221
19593747
15946460
17477793
16900722
16541823
21351221
20230942
17443664
16649271
15966169
20399491
20122018
18048628
16877190
19910155
19579540
19639691
16236868
19104228
16374162
17133193
16786951
20025755
21214976
15618087
16106689
17907007
18043339
17576633
20014540
19640521
21099086
17287229
16002034
16455417
19948461
19775055
18216011
15746496
17063404
16149976
20387368
15900979
20636182
20800299
21363906
21077525
17555573
19056024
19438083
16737741
16115114
17539281
15656843
16011503
19667775
16014990
16188716
17008707
21034876
16335558
19354054
19214278
18001185
17956403
16790223
16184784
17715454
19207506
15844186
18974987
17577165
15725981
17486016
16698513
16581630
19374671
17917411
21215697
16061312
21067272
20039222
21815794
17329107
16539318
16717521
19025590
17504586
20526983
18564436
20225728
21357208
21294002
17149527
19491735
17158837
21127109
17934591
16352518
21111957
19116550
19715087
21041324
15640535
16784530
19339319
21111389
16927002
19083561
20064142
16765870
20422964
20083972
20236860
18381830
21665873
16870386
17719509
22008181
18291056
15831609
21448039
18082666
18228643
17184372
15559624
15559340
16402232
16770137
17849721
19411018
17984805
17935651
21154090
20233916
17365203
16637448
20399716
17699347
15871890
20934834
20463359
18668482
18975485
17566622
17167187
18622885
19133494
20738770
17973700
16515698
21380993
16602661
17549829
20506122
20092452
19919658
16687381
18342823
20132370
21196137
15693928
15805934
19414234
21350505
16670743
18182305
18947099
21384467
17475635
19405453
20671454
17137254
17408858
20122595
17047644
21553575
21122730
20099773
18816202
15996268
20865605
21824389
20652210
21952326
18284834
18473696
16039957
19114900
17667488
18392370
21164391
18544377
16923659
16035696
16122857
20924007
18578779
19895690
19698022
19787466
20380613
20435430
17978632
20795874
16732789
20397546
20980769
15798925
16871657
20146022
17309528
16858337
21624876
17327249
18064944
20214442
19966683
19589668
18274394
16959931
18759756
18321394
19239664
20837322
15527232
21636870
17309550
19820478
16096154
15609848
16118105
16327871
15644676
18501071
20050483
17393817
19860315
17495574
19811192
18813142
17933163
18619086
18162401
21158744
19354060
15971383
17094064
19780692
18540687
18210161
21205599
21287932
16422378
19664877
19525361
16521901
20943606
19500720
21644872
16048467
19653547
17213376
17244246
17884363
17212816
16990318
17903080
20124774
16934378
17667645
16728873
21800731
16881590
19748641
17846440
21536367
21393039
19939223
19216339
20018989
18520747
16440429
16979311
18182878
21105897
15781598
17574192
16843744
19147646
17584629
19891300
17582021
17252078
15946278
18768345
16240947
16600559
17024766
19948566
18578763
20031825
21276594
19133146
19150682
16341117
17517205
16847298
21600375
20421057
16192823
19522949
21148268
16884462
19235253
16491921
16232104
16002963
18182306
18404137
17121761
16676338
19933533
17761619
19352570
20840381
18458961
18217474
20486522
20735876
20921249
19550170
19387930
17987539
19748765
16168031
15888394
17031733
19648012
21675258
17010034
19043330
20391269
15732888
19076661
20220622
15601273
15887808
19653389
16221800
15682721
17512151
20089421
18580506
15973840
18332571
17823840
17106565
20656695
20929625
16019260
16670259
17203511
18774879
17368692
21233138
18842457
19394558
17153131
16454153
16594461
18071763
20550019
17941770
17077409
18176137
18552094
17327310
19222490
21783011
18844560
16682392
18470784
20834202
21051386
21099392
16651897
18325150
16948381
16096252
20494284
15965213
16627545
17019550
19490598
21471595
20356950
20547596
20654286
16613047
19719464
19921999
21806528
21127093
17570911
19038976
18392384
19457893
19606731
19194456
21119153
17025005
21599883
19750383
19086484
16623624
16418606
17657327
17471995
19372121
21504959
17577192
21591404
21114716
20423442
16584804
15853241
17337517
16222396
16384803
19256298
17445099
17823705
16808769
16296417
17931329
18976234
17644700
15938407
20445451
20934571
16492098
18289182
21938971
19495819
18090367
17655514
20077803
20510948
15727112
20631590
17475123
18022065
21111388
15707441
16967108
17152028
18592213
21112677
16253466
15714021
20374981
18578676
21526313
16997425
16941919
17932174
18080336
17353575
16406471
16892780
19199071
17570194
16573774
20392667
17042237
19962586
20574205
16627127
17455746
20203629
20439203
19040543
18678960
18062033
20182268
21151417
17347875
18279501
16897374
19217600
18707566
20552377
16056115
19187422
16604583
16167615
19195491
15557358
17499628
20430562
17273485
17476142
20427298
21799379
18414295
20331544
21146658
21189816
19463082
17316160
18835724
20736156
16880222
18814735
18547435
17221082
21572328
17010827
21225352
21610053
19004158
16934295
17996108
17359607
17019547
17955396
16471091
16342350
18075638
20399060
18817023
15796645
15627921
16698254
16900280
20492053
17113281
17584625
18376081
17075364
21334556
18562985
18390479
18787448
16160925
18194578
17901784
19786249
19000401
19485856
18236723
18945716
19634528
17699151
21624511
21264669
19896893
20443321
20169648
18030125
18680809
18639959
16910816
18833458
15683749
20645668
16205649
17764095
15636652
16361906
16116369
21234746
21368511
21329122
20333918
15515442
17667289
21185992
19882490
20644182
15538269
18453350
16277049
19722298
19292655
20736665
21762307
16317333
18723450
20690276
16770368
15559103
17969290
15980080
19911481
19234002
19363444
19438112
20376994
16483424
16826773
18727751
16972449
22128564
16720485
17382044
18927100
21473763
18246827
16809400
17311789
19124095
16121653
17380812
21503428
15706160
15675547
21211494
15754429
18716530
15851389
21576612
20541064
19531773
19318665
20592254
21413953
17099195
17667785
21837847
16679876
19580138
19187554
17234566
20511639
19847645
17059030
21869769
17265784
21744575
17459818
18461538
17992346
19675510
17895495
16615711
18924291
17474588
18598253
17610440
16856090
20358496
18189334
16567238
18400003
17611783
16178312
17541554
21911633
15764640
18494203
17492988
18446067
16706705
17045177
19080189
21572855
20531493
17035433
17223770
16999371
15728419
16826416
17664526
17589214
17048351
16513583
17365897
16186863
19107723
20931101
18414331
21194881
15750551
17036885
18431292
19414837
19422989
16092286
21371983
17042466
16821510
16212215
17430455
21786736
16352983
18450247
18797209
17540191
20402165
16826442
21193946
19026897
21074218
18021402
17345974
18644323
21295755
21470753
17911576
18032742
17803409
19253315
15533479
19947050
17454342
19448133
20515883
19636020
18324329
17938579
16850568
20483635
17122713
17124626
19996023
17534085
21323006
20121717
20547646
16959466
19808192
18832603
16476040
19016363
18427942
16565792
18182801
20431785
20660851
19956978
21149561
20158128
20157933
17542318
20881159
19738217
17949424
21041537
15656479
18327374
16092394
16180554
22066291
21480489
19955045
19357516
20541443
16319257
17459128
19627646
20132576
21228706
15658244
15908631
16411006
19194128
20036168
19539815
16982103
19592825
17192523
15762901
20214255
17678514
18713201
16438787
20576340
20024524
16205241
21356566
21332034
17079764
19436207
20606057
19771995
16046887
17588280
19300066
20222222
20536540
19892890
16879384
16734003
17987541
18426460
17533491
20103081
17153572
17086162
16101200
20148059
15752321
17538449
18612860
17269947
21469038
17193794
19031842
20152512
21053754
16995560
17395968
18180167
19926199
20067684
19458595
18058833
21488416
21096918
17594999
20617536
17700331
21535275
19661252
21999067
17551596
19663271
18240611
19752069
18484379
21675150
18278613
19438889
21700150
20097636
15871403
17491445
16039809
18302657
15947922
17284476
18597172
15534341
19668921
15793322
19359016
19822227
21886031
19549088
21985048
21186465
18450884
19718838
16847172
19827045
20158549
18560098
20172695
19467755
16689413
20642034
16350354
21352629
21610577
18924272
19154858
17146009
20302989
17490787
17689442
18836687
19383958
18926930
19947453
20357082
21834286
15785217
19428214
18666885
16876004
18293092
15656463
20538110
18438134
19941195
17572806
16594399
17406015
19222636
16972603
17035080
17995968
20155605
21350426
16207662
17494444
18183750
20617780
18344783
18047501
16759963
21109807
16862025
15851384
21602629
16010811
15536794
20007642
18181352
19917578
15890289
17978615
17027429
20642169
16487529
18972100
20545592
20850836
17601843
20977993
20519004
17584341
16871857
17061966
21540684
17828003
18157583
15616404
16850023
15775004
16764224
18000675
15712292
17720289
16258342
16469473
17285381
16480405
21041842
15858528
19507263
19228236
20434083
16624451
15544176
18548412
17564539
16477905
20027507
22073589
19673057
19554988
16498900
17459137
17102325
19457559
17717285
20541072
20116158
21042946
18043837
19962600
20405768
18630781
17318364
18519926
21133213
16709883
19090405
20436062
16419452
17536655
19468965
20380496
16503108
19403469
17494803
19917944
18073657
18828293
17278337
21505122
20107339
17727759
16900070
21051920
19741445
18947091
20557260
20217979
20340063
15991628
21646983
18429701
20950198
20200284
16757794
17427438
19248650
16999714
15877689
19180370
16438774
20494690
19536006
20434865
19490136
16809607
18758335
21325098
20426361
19491355
19066144
19069462
15744904
17219497
21780095
20196495
18613459
19964427
16628511
19062423
18556692
16750297
17956529
15520941
21460588
19555954
16938136
18335258
19563625
15659998
21426214
21459494
17636151
20927678
17927012
21218728
18335898
17183895
19856149
21137699
21176305
17416145
18575289
19358736
20436094
20965103
17992483
20651302
20687037
16892935
17478471
19041626
19255264
16446270
16471293
20654876
21510891
20922802
16723916
15720499
20651199
19564267
16245480
17019348
16290975
20085963
19828645
19323697
18829201
16752111
21807292
17469387
19941684
19940420
21690434
21365402
17888107
20123266
19420152
20077805
19944465
19296031
15917259
21160341
15612421
21293980
17440640
15710804
19714953
16808705
17216935
19740139
20044830
15894761
17289539
20091964
18567387
21116144
16034507
17991598
17551421
18273567
15960698
18536133
20940175
20509805
16529030
19884234
20022909
19659846
16403755
15645631
18065922
19590863
16481639
20155892
18197449
16940300
19081417
18846216
18757528
20601614
16829828
16552615
17274222
20423363
21602631
18441627
17052558
19441657
18629621
18515608
17015865
18652002
18481698
20056722
16097619
19216749
16207267
17684165
16371385
20951270
15761453
18469294
20029563
21724782
16648728
15962534
16899987
17124615
20854602
18598386
17145513
19027449
21612433
18617024
16506704
18280210
15619149
16292336
20537639
20595720
21823138
19652590
19516910
21265350
16555020
19386437
19847723
19756451
15686810
16869335
18308220
19520451
17979619
16326789
20921882
17870649
18584908
20171448
16837681
15618105
20163296
19119774
21113847
18975287
16848676
17413669
16627128
16215345
18584389
21919294
18768286
19505976
16900284
16968569
20391041
20921095
15613829
19668146
20229043
20479545
16276175
20369445
20158137
18649721
19488997
19781901
19780853
21036689
16326211
15847965
21971887
19198131
16190010
17091073
16150017
15642724
19536578
19711633
18516462
15794082
20712664
21034233
19165757
16536725
19472693
18803442
16630335
20688265
16566345
18657761
17957917
16988283
17439448
16714982
21896439
15738372
19814924
20373700
18437938
17592973
16406620
20105287
19744061
15804332
19218376
15658837
20684398
17849678
18388682
21240082
20107856
17106344
21277528
19912120
21489842
18320954
17533915
16340636
21411823
17760529
20061256
16197319
17537457
17378865
20511735
16227417
17431697
19276225
16825851
16916414
21791063
20642183
16377190
15918824
19012786
21302524
21592280
19995296
17705080
19140174
20169013
16690562
20058533
15653940
18345997
19521131
15800508
17610056
19706673
18510832
17980668
17627742
18557569
21785482
20444770
18467287
18318971
15887429
16109515
16279332
21879655
18496086
18221469
20042988
21500511
19952652
18216617
19469434
16110047
19397431
15763217
15686323
21434742
16709352
17941521
19699382
19580054
16081757
17299031
17924269
19827326
19104316
20923897
17009570
17720691
19472119
16941128
17088110
18601834
19956923
19624068
15612232
21495336
19523058
21661617
17885379
20646817
19829388
20614707
15726615
17505201
17244299
22069919
20589609
15966919
21494694
21636343
15544662
16951435
21278644
17151564
20961000
18414336
21998906
15869231
20433216
19184207
17542794
17828400
20176457
16757043
17210997
16988287
16305601
16321716
16584013
18438162
16543791
19706198
17122659
17353491
16143750
19650945
19811139
16328186
16266960
20201248
18071813
19592436
16037723
20547913
17346847
17925915
18417961
20959723
17711587
18280584
17430453
16788353
19592813
21206250
19019866
17024916
19273474
18850764
17889971
19417119
20348364
19207053
17162119
16846818
17264032
19907389
18358083
18044411
21383360
21605268
18629732
21190928
17803576
17927102
21841061
21116191
18384920
16850003
20636192
21818014
18705181
19174943
18559797
16969616
17955303
15937816
15881710
17324101
19706163
17898929
20229190
18794716
15674163
21317095
19366300
17432335
18361943
15552490
18766413
15616237
19731166
16898050
15966617
18216667
20305010
17322006
16436226
16171122
17380491
19357936
20185441
19033173
19526413
15539731
18453845
15836531
20716071
19135017
20617292
18069369
20510839
16405386
16180780
16759070
20554475
19489757
20359693
17518880
19459239
16488823
15702522
17912275
16109046
18282270
20235291
16910129
21062592
18980442
20129482
17001949
16824155
16809104
19399952
19331081
17356352
15927105
17477219
18592393
18558183
18295373
19862494
20541354
20484948
18340510
18789018
17330297
15891350
18520654
17253501
15834258
21404732
17011901
18337617
21252889
21787434
17697676
19805707
20633899
21553513
21263347
21902122
17449521
22010498
15555754
21254824
20881798
19766136
16012543
20700774
19041857
19306789
18030963
17876250
18506703
20422432
19638640
18334689
20170303
21188878
17666306
15656857
18822554
17352772
17669151
15899512
15624409
20011732
16938691
21463817
18474884
16690981
16412975
19902646
22030634
18775035
18663348
16169727
19811169
19147323
18953776
17167953
19650538
20505614
20114124
21123022
15840894
19582459
19161815
17583284
15774332
21708000
20355263
16951297
18499528
19621484
20350619
19507357
16937891
16443313
21162357
18165591
17521460
17518143
20185424
19471050
15571853
17580774
20576446
21240727
18856123
20196310
17563109
18414311
19065434
19813081
19745245
18549066
17634055
20144032
16139153
15992204
15700601
20150771
18070780
20663762
21810724
17584265
20695347
16566102
20579296
20166425
17269495
21096579
16719429
20495584
21244659
17943778
21168370
18758334
16285321
21242157
17458368
21298898
21435417
15654469
20401873
19343863
21554034
19411575
17473542
17176304
17436785
16221428
20224964
17668735
21140874
20458195
17087177
19274607
18035375
19635277
16786829
18308924
15991586
19093905
21690605
21586451
21374886
18779735
21159197
16563919
19528134
15875449
19046558
20691139
17998835
17667018
16552219
18160993
15587461
17048184
17919163
16119649
21192167
17934965
21557829
16489379
18400685
21450207
18663110
15536971
17494817
17024613
18048876
20465974
17464569
17202518
17468793
17503161
18029104
18328663
19420279
19891374
17926263
19390760
15605746
22203538
19820231
17872907
20950124
20164712
18448858
15947992
17370897
19260356
17040526
16483094
20121954
17847993
19901141
16794886
17022797
19892511
19818547
15846604
16968430
20727647
18710162
17381826
21411825
17594251
19896320
19963336
18295936
15531936
15952969
17684773
16045646
20192064
19723869
17290038
21129180
16796860
21803663
15889813
21566294
19183427
15620077
21807689
15629979
17672906
17537280
20053602
16187477
16801638
18678149
21444251
21066933
16158150
20017788
20451772
16467285
17804302
15968915
19440928
16441887
18360885
15802000
17996004
17727185
19023522
17163222
16316443
17598141
20054163
15650146
17925111
16867083
18227851
20657338
15636409
17244852
19481045
15787034
21190464
19694852
15993672
21443066
19186786
15584185
17976298
16845682
18564954
17605627
20671338
18384589
21209436
21126291
17062525
19475806
16391311
16503014
15608112
20843882
16688667
20303029
19643612
19408882
18923711
18365772
21156297
16240861
20868470
19805653
20543369
19852799
21982517
18634745
15998511
18322029
17142528
18280963
15985504
20122607
17671005
16052199
18209000
15738843
18050531
17901274
18951120
17097988
16550847
19059545
20159458
16638778
20234207
16273441
16908470
18771643
20044945
17274147
18360207
19552339
19291280
16502965
17944314
16939708
20712459
18251445
15877590
20215047
21305481
17083317
16222404
20147344
16124686
19786718
19000337
21593081
20057235
17476553
16116773
17276791
19342530
20451763
16215350
19940587
18602058
20849313
17883657
17704874
18399781
21323254
17261205
17212859
16997633
17479318
17625724
17244290
17523326
18164302
15739740
17667396
19199137
19382508
18422265
17565796
19211100
15769972
21368257
20033354
17822571
18028021
17071936
16136455
15860054
19957822
16402952
18494638
19574849
20581166
18570681
19074929
19588158
20690964
16892691
19015826
19180530
20692658
21724786
18685318
18595709
19697531
15868347
17895631
19753572
17439678
19008760
17141719
21765257
18023334
21149751
19923948
19916076
19874643
16438809
16102378
15889874
19778429
18334517
16969749
19548177
20949791
21423003
21353120
19771645
17688480
17718035
19110800
16000293
18790477
17522972
21046968
19287913
15935732
17443630
16449399
16508486
19029007
15679025
16899938
16462446
21092892
18561011
19343871
19619228
19471852
18308276
18820517
19515272
17070347
19084299
15962722
18785349
17965396
16275111
17686712
16623666
20457682
18515607
15765823
19767023
20540386
17356351
20923447
16304223
19590509
16864132
18026002
20653432
17286737
20030693
18628742
21504240
16566822
16673977
15741357
17234474
21459270
21553968
18667357
18080932
15988430
18667958
16955592
20938625
16398868
18815527
16740362
17069595
20482461
19635339
21508627
18403573
18498221
18772151
19124983
16374192
19930228
20094936
19142085
20540387
19543014
16553507
21029127
21690602
15894602
20104813
19437952
17102240
21376485
18578222
16374305
16270668
19669043
16616269
21373820
19552036
20207924
18756599
18758363
16182821
20452912
19409246
15970783
15727544
20618596
18474503
19005688
16403718
17181498
20423368
18520258
15787899
21428029
21775273
17953298
17907644
19239596
15575423
17565432
20228359
18068436
18030197
18445760
21336127
17627726
17355763
15674831
19288473
16179169
16855483
16282235
19236287
20014541
18826731
18954877
15578400
19732243
20030432
20561885
15968801
15658734
20004443
18536884
17653891
16257526
19933935
16862605
15984223
19183307
18378730
21214716
19248376
19853789
15933465
20600516
17297331
16948990
18322760
18021164
16937841
19734397
17353747
16114151
16728902
17536060
19103895
21590636
16823536
21617648
21159898
19886088
16739390
21575883
17460307
19077838
20081697
21184115
16219959
16178134
17966313
17687192
18195298
15796285
17712092
16394787
19334007
17542785
17524863
16518300
17577552
18057032
18998190
20204991
19781420
16288581
16827445
20073114
20722477
19918217
19073359
21651653
21651366
20948271
18097726
19320675
15937400
16355916
17435991
19437247
17601256
20105589
18076919
21442324
17708181
16928714
16955115
16634899
21178217
18200896
17056771
17515018
17925588
19076664
15519919
20492070
17139034
21977618
18951747
21592433
15889803
19460597
17197793
22045882
15528290
20608258
19080877
16904432
16047987
16276856
21285393
19192903
15921985
15770561
20530127
18505636
20706759
20826494
20029343
16527004
17937371
15962843
19457153
19585884
20539149
16910193
19018126
18681349
21520796
17261861
19573210
21349007
16422476
17880469
18207694
17139878
16751153
19226655
16313586
20223310
21507257
17971308
16808751
19635400
19006594
17905084
17567302
17079584
19793947
20510707
19999661
18437935
21060123
16717484
18186907
19412673
16821201
16041519
21689425
19652679
17633838
18675188
16867122
20920800
18199282
16563144
16922987
21075729
20930916
16137814
16138950
19446122
18041413
18580533
21744518
17662754
18295440
16945446
18378086
21560897
20127610
16950811
16387948
16698340
19748205
20529188
19851239
18453895
15883349
21382078
15996361
18051970
18416356
21305537
21167326
20056661
21339085
16499301
21431387
19593306
20118075
19032209
20505606
17993295
15922499
21416871
20333597
18335903
18773704
21198293
18402557
19440947
21418288
18051015
16601510
19525768
15859963
21902899
16620258
17702140
21729274
18718111
16374184
19048355
20636152
21180834
15779248
17695557
17379228
17365346
21960192
17673769
17968638
19608123
18578442
17874323
19916808
16842344
15708184
15895176
17826094
16130307
18611087
20564813
19689554
20146000
21808163
17874688
20853050
20795423
18226272
17973698
17108599
15756360
16948379
17394518
18987502
19223339
19391234
18399393
16044988
16569722
18923333
20122508
20543368
18183053
19960016
16311521
16171072
19466268
21555652
17604173
15535539
18777976
15571854
16052902
19114882
22066336
18796426
18019116
20496305
17413776
16924994
20605808
19033177
18658242
16355834
15999517
19403574
19521949
19523033
15804125
15847757
18644481
16563995
20843982
18201012
20031809
19245091
16096881
18338454
21187745
20662272
18271767
18840327
21371393
17686123
19538703
19371444
18326343
20806579
18669709
21320230
17438705
19487945
17115200
18956998
19899196
16274169
20422231
15567739
17601844
20719740
16796239
21392804
16710764
20214769
17089929
19481983
17484705
17533927
17198512
19820574
16316685
18214209
20057330
18353506
22005230
17596598
17214274
16182095
15741712
18344784
18662214
15987406
17146310
19864966
20043565
18679636
17099506
18043275
16495708
21129344
20546288
19835465
19109855
20870181
17305959
18809811
20073571
15711812
17960679
16700856
18380679
17786870
16215797
16479681
17443877
18338990
19101926
19821892
18538725
20031782
17728585
16600005
15638448
17998410
19657928
21673530
17194909
18705115
20626939
17462042
17324304
17630007
15561456
20144193
16673639
18729028
20490794
18780888
19364033
18772209
15518257
16502599
21044481
19042266
18053910
15902607
18618273
16950187
15527578
15566606
20100749
18261501
20890220
21789908
20536632
20368659
17466653
17263734
17907276
19642744
18702787
18198966
21473324
20500349
19204859
17111941
17851317
16804364
20718818
17184099
19374682
19861904
18208956
20562564
15762907
15585706
21156884
17456463
18323049
17828432
18533377
15970016
16396223
16622358
16569795
18497214
16739359
17985732
19578801
17274042
16076600
16756187
16096153
21040230
18632997
18791406
18414123
17767693
20157964
17092274
19683093
19147238
16352972
21738035
20123876
17217131
16870996
17627743
20671079
15533081
15623164
19494055
17135066
18049253
17785653
17565147
19230110
17131640
16886888
16114761
21057144
15570485
20876403
19661195
21199423
20564528
16323521
20630197
18753714
19026548
17239726
17346324
20137845
20806665
18440792
19176308
21486321
18666719
18039447
19305340
16041234
17967631
17175717
18661759
18500140
15890038
17636714
15760808
15857226
17136927
21882621
20354057
20609033
21486126
16675762
17918074
15848471
15542872
20335899
19012555
16563315
18519335
17705836
16706328
21348562
16135654
16404863
19066360
16434220
20685190
17495726
17681078
18797571
20512079
21053441
16292626
19134232
21242775
19085667
21651735
19583175
22066299
21112849
18999275
16531781
16478535
18853708
17877563
19280438
20237210
17370138
17902537
18506543
19809340
15835012
18005911
19944558
19477574
19236633
15537585
16411028
20334015
18682042
20218769
21138069
19786884
16579216
18981213
21055651
20428727
16009877
17679241
15907669
17473045
19475458
16793855
19147647
18518731
17161807
17479546
21905295
16005633
20662343
16760696
16635939
21951494
15578252
19708098
16866839
16779794
15997964
19504083
15887941
16868468
17458411
17062592
20378073
16151565
21250556
18478297
16111443
19010639
17345982
18725354
18792706
16196513
21475089
17503119
20949798
18185124
21299280
19342036
18083373
20031896
18603221
16100629
17103042
21532281
19817878
16444408
17072284
18479658
21727856
17061071
19735590
17554092
15565974
16189328
19124977
21304091
16612771
21123407
18720666
16086547
16483860
21091226
19674452
17847574
19526324
18227742
17582830
15675218
18556864
19285168
18082108
17098155
16424714
16778300
21069119
18515435
19274906
21194663
17452603
19395890
20362383
17934943
17215605
17364077
17440291
18588662
19879730
16709465
20026921
19935593
18724537
18279449
16864026
17289460
17084301
20645666
20382369
21510149
19158526
15807750
17525963
16202837
19586569
17684852
18033634
17328662
16311488
16926668
21626482
19573969
19186517
17486009
18280735
20220685
20438604
21073577
18319132
16804697
17584350
19938442
15678927
21039750
18674500
17058890
19167585
19275021
20132978
19664848
16800395
19906503
21924437
16523100
15987405
21511454
16423121
20141092
19833478
17728565
19959745
21181004
17684860
20822848
19647506
17557316
16602516
20642211
18197759
17076799
15984437
20026995
17588161
16607256
17294027
20851294
19321037
20465047
16179855
21555674
16728290
15681726
21355831
17672390
18057844
17883459
21371787
19057495
16142575
19133288
16860195
20516708
17891632
19114579
20816307
16907936
17983544
20926167
16775519
17514858
21186315
18787907
16175823
20008625
18497664
18205964
15643250
19564320
20662292
17595922
15935627
17847992
19863228
15539718
15979076
17919355
18524343
19160881
16036825
20541811
18248706
16450631
19127448
16130843
20854404
18560956
19408554
20627817
17511330
16579831
18697966
15561380
18426418
15623271
20097440
17654156
19235496
16610065
18034817
17448916
16945469
21404886
19602171
15778132
16566336
18056562
20137030
21544791
16683507
16996187
19237645
17042817
15947361
16973953
19930887
17283942
20220598
16863046
19026922
16226861
17766498
18982990
17270631
15757233
19918088
20050478
17319382
18593072
21807684
20675167
18484689
21301667
18272612
20824339
17430537
20213799
18611312
19546733
17157824
15579352
16202125
19219920
16167449
16257441
18060216
16246515
21117533
18622960
15714097
19400339
15825590
15792753
17941190
19940457
18984506
21094715
15647734
18195311
19077024
20536486
20363709
19231904
20356429
16316437
18435319
18039730
15902611
17605949
21724926
20869652
17898237
21646564
18826994
17947907
19593523
18273482
20551738
20183899
15575636
18533781
18979955
17321944
18816927
20030843
19739878
20035353
19388569
19033590
21678217
19117827
20639645
20821832
16004700
20708255
17007324
20177045
18377576
15864918
19736832
19890086
18397144
16244203
15603333
21563541
20526910
15887919
16759631
17363863
15885866
17482301
16055870
15553181
16250163
21753452
21689037
17017584
20674116
20674500
18956505
16598327
16076788
16473694
21214974
19967948
20966866
17037446
18707620
21554289
21750593
20439293
16641660
18459622
16047417
17283703
18665187
17083753
18705261
16114587
19089460
20540001
21571178
18064812
18501836
19962846
18405565
17293628
21685762
16897270
19556035
17320337
16594285
19233353
18536545
18318922
18812370
17015810
16804636
15540680
18071353
18084967
21411257
16394818
20569869
21210080
15705638
17563332
20833706
17502432
20535797
18072473
19671646
18725355
17925734
