16718866
16713512
16737898
16723163
16720089
16390534
16788389
16788354
16788353
16788352
16787477
16785099
16779443
16779287
16777829
16775914
16761788
16825839
16824986
16821349
16816348
19442347
16795902
16794363
16790039
16888861
16877956
16876378
16873595
16859871
16848006
16845354
16836177
16675647
16957458
16927748
16926989
16922698
16915611
16907968
16907694
17044346
17043948
17042714
17036089
17024779
17014636
17012531
17011154
17007695
17006107
17003292
17000478
16980800
16973415
17136920
17135924
17135842
17132376
17130194
17112429
17102477
17102467
17102374
17102345
17102156
17095835
17093001
17092844
17087435
17086654
17084792
17081306
17068427
17064331
17062549
17062189
17061753
17059980
17059979
16602156
17243515
17238699
17233078
17223770
17217611
17216341
17211702
17211578
17208516
17202518
17202024
17192329
17184312
17175715
17175678
17175676
17175651
17170639
17170635
17170632
17158836
17152455
16567855
16084920
16047809
16027503
16021803
15970921
15950835
15917054
15916209
15911187
15902028
15897772
15894461
15883469
15839295
15826479
15825982
15813304
15811280
15797159
15789179
15779247
15777033
15776799
15773373
15742451
15731642
15727355
15715120
15715031
15712465
15707095
15704062
15700881
15700635
15697125
15690941
15687761
15686323
15683507
15678221
15675566
15673127
15669775
15661602
15661429
15651055
15644831
15643827
15630834
15630827
15624235
15613829
15612403
15612398
15586061
15582346
15574526
15570515
15565762
15562219
15552378
15550961
15536709
15527232
15523330
15518247
20175258
20164712
20131442
19504677
19293367
19256051
19180390
19180379
19014143
19014132
19010600
18990325
18947096
18947093
18947091
18946390
18935895
18856173
18850399
18840210
18837415
18830760
18813003
18808538
18806328
18796337
18783001
18779034
18726939
18711949
18709795
18694194
18693994
18693980
18686902
18663033
18655672
18649584
18636308
18613066
18608168
18557284
18433664
18425707
18386073
18378825
18360173
18344778
18334246
18326453
18322028
17489954
17485968
17485416
17482792
17478667
17478122
17477472
17476959
17476168
17476158
17446595
17443554
17443553
17441783
17432372
17428315
17428125
17426499
17420109
17412717
17411506
17410668
17406189
17395604
17393568
17375594
17375501
17372790
17353816
17352397
17346917
17345979
17344199
17340774
17334508
17329732
17327541
17327319
17326544
17325100
17322481
17314586
17301056
17278924
17272795
17272792
17269223
17257985
17257753
17252967
16620170
16610112
16568811
16552325
16532485
16521593
16520571
16509175
16502339
16482375
16475430
16472486
16467317
16450088
16449088
16421657
16418552
16408460
16404735
16402739
16401678
16398298
16379471
16355727
16332466
16331828
16331789
16324960
16317329
16301939
16297442
16273817
16249564
16243144
16231569
16215795
16215659
16205413
16198220
16175921
16173084
16172437
16167631
16160067
16151865
16149703
16145184
16134658
16126376
16120894
16116847
16116846
16116845
16116844
16114761
16109047
16106331
15999783
15973903
15931020
15909570
15861361
15853783
15818343
15793964
22030649
21932622
21875533
21813437
21649518
21622028
21448054
21322856
21184914
21140771
21133215
21129322
20879134
20712216
20702057
20362780
20088294
19745257
19715109
19715108
19689636
19659505
19638603
19592950
19592831
19592825
19588698
19585790
19582938
19582577
19579420
19576819
19573210
19562656
19559513
19559166
19525768
19520595
19514801
19514540
19501021
19489206
19456089
19440898
19436695
19430694
19420413
19414234
19390053
19385351
19380946
19377816
19377027
19370286
19359125
19356885
19349267
19343552
19339323
19335526
19323161
19299519
19293416
19283233
19282149
19264936
19263752
19216985
19215744
19204614
19200287
19189162
19189160
19180389
19152777
19118800
20351868
19096290
19091933
18092916
18083671
18082665
18078210
18070262
18068344
18062631
18062058
18059195
18057267
18057260
18051963
18026814
18026806
18048222
18047923
18046884
18046037
18044008
18036008
18030539
18022588
18021169
18020845
18020814
17999613
17998491
17997264
17997261
17991978
17986951
17986698
17985507
17980927
17973606
17969663
17966293
17958128
17951213
17941211
17938816
17934678
17931468
17925588
17925587
17925586
17925585
17913040
17907644
17906912
17901613
17901611
17901532
17898931
17898929
17897117
17896742
17893380
17892497
17890042
17874563
17852255
17852224
17847618
17825622
17805222
17804941
17786088
17766759
17765134
17765133
17724820
17714238
17620404
17620402
17620401
17620400
17620399
17620397
17620396
17620395
17620394
17620393
17620392
17620391
17711143
17710351
17705096
17702101
17656742
17685912
17685909
17682557
17682122
17682081
17672892
17662754
17662689
17662568
17658179
17647065
17643647
17642451
17642319
17563446
17616845
17563448
17563426
17563422
17607055
17606527
17605507
17603828
17599966
17594409
17590214
17586735
17584430
17584353
17582866
17570877
17557215
17554213
17553021
17535313
17534466
17534013
17533491
17526869
17522972
17521790
17519615
17513690
17509423
17505331
17503119
16478832
16438435
16408330
16373908
16372470
16353496
16315574
16307637
16285061
21712507
21708003
20974905
20966859
20964149
20940569
20940568
20937448
20927157
20871005
20858885
20824237
20827132
20806816
20729503
20719752
20719751
20698409
20698360
20697859
20695094
20695037
20693726
20683299
20682499
20671567
20648257
20626831
20606612
20598086
20591005
20571733
20559160
20549916
20543382
20530403
20514712
20500707
20482748
20479132
20476511
20473107
20444765
20437206
20406528
20401873
20397569
20394519
20389216
20386245
20375351
20371054
20369116
20367781
20349639
20306844
20306616
20306274
20304976
20219778
20216513
20187543
20179250
20179249
20168188
20146908
20122505
19146559
19144053
19140079
19138187
19133387
19132235
19131580
19131469
19129289
19124868
19118293
19114838
19108648
19105519
19104290
19096487
19091932
19081265
19080882
19080034
19077012
19075087
19059570
19043154
19041212
19040689
19032617
19029142
19013741
19012889
19012760
19010074
18806197
18979955
18854470
18849465
18841454
18836650
18832290
18832289
18832286
18805668
18789626
18773321
18760125
18705782
18701234
18700639
18669813
18668616
18653305
18648986
18633570
18622999
18620650
18612905
18608824
18608407
18604755
18596303
18584908
18577531
18568686
18568340
18551881
18544976
18544779
18541834
18541833
18535317
18535316
18519095
18514912
18506338
18501031
18496976
18491375
18489687
18473696
18472683
18467068
18460201
18458518
18447824
18445728
18438533
18437063
18431584
18423616
18413179
18411391
18394031
18375780
18375778
18373577
19999487
18371501
18366665
18361703
18354757
18353485
18347482
18345369
18344821
18341244
18336443
18326995
18325457
18323049
18317029
18310637
18301410
18301109
18290947
18284670
18279855
18279291
18279280
18275605
18271430
18267996
18267995
18256564
18256563
18254457
18242934
18220677
18213433
18187283
18183703
18183697
18178132
18174086
18173974
18173972
18166697
18163408
20078015
19994612
19548599
19398824
18161476
18159880
17556325
18025406
16779293
16273815
16267985
16267979
16267978
16267973
21605261
21553503
21503439
21501900
21500520
21484068
21471916
21471907
21468508
21464686
21460349
21462059
21458038
21455043
21401255
21398238
21388907
21381579
21357750
21353124
21325065
21309317
21307692
21299969
21290805
21290804
21242475
21224258
21210924
21180338
21160340
21145491
21133786
21131335
21092829
21108856
21097066
21057298
20599337
20595280
20579149
20565745
20561885
20560955
20552306
20550841
20537124
20488605
20473046
20455776
20433673
20423587
20423370
20418046
20414559
20407384
20398258
20386241
20381709
20367828
20357660
20344985
20308834
20308348
20308347
20297869
20209718
20209715
20208049
20207325
20205545
20204991
20204985
20202778
20188629
20185612
20176990
20176917
20169210
20168194
20153132
20146552
20144180
20133505
20131443
20130165
20117869
20110333
20099581
20090427
20088858
20075385
20067944
20060256
20054288
20047613
20044327
20034300
20032166
20031848
20031809
20029053
20023337
20019197
20008887
20006458
20003300
19999659
19998682
19996808
19995134
19966130
19965903
19955904
19952780
19951786
19935352
19933878
19927412
19926978
19907234
19906503
19906211
19902148
19901502
19896029
19886328
19886298
19860093
19858959
19858958
19858952
19858950
19856541
19843062
19796290
19795682
19786884
19786882
19786421
19785341
19783766
19775260
19773526
19769145
19762137
19761960
19755191
19751037
19750190
19749658
19748205
19747254
19738218
19737424
19737318
19736832
19736739
19734191
19733460
19720493
19709844
19704212
19699601
19689696
19674744
19674176
19653126
19643827
19629848
19627683
19609179
19595615
19585808
19584692
19581110
19566639
19561555
19552150
19551495
19543145
19543092
19532098
19506005
19505302
19490773
19486796
19470987
19465865
19449083
19448044
19441600
19436690
19435160
19429734
19407333
19403556
19389671
19380941
19377241
19372121
19366815
19356881
19353250
19349271
19344195
19321286
19276226
19276220
19273394
19271621
19264568
19256406
19254599
19253858
19244570
19244567
19244562
19244561
19242277
19218484
19208816
19200992
19189161
19188646
19178747
19167857
19162553
21882503
21875538
21858952
21848047
21841724
21813431
21791264
21791263
21791261
21783092
21783090
21770088
21747014
21722068
21703897
21690434
21673530
21671524
21642913
21637091
21615460
21602489
21586987
21564397
21544044
21542913
21535992
21532646
21531237
21512967
21492274
21485620
21480960
21478378
21474637
21466754
21462726
21462725
21462724
21462722
21460344
21459863
21457567
21454887
21406671
21404880
21402370
21361817
21338902
21323182
21311246
21308343
21294977
21292623
21285705
21250405
21244477
21227538
21220577
21220576
21219522
21208485
21205545
21198280
21192751
21190493
21163501
21158998
21141161
21140344
21131605
21099596
21091130
21090945
21076309
21076308
21074075
21051987
21047442
20979973
20974906
20964146
20961244
20934915
20927739
20927738
20921035
20919483
20882721
20858878
20852538
20848116
20838315
20828851
20807119
20739577
20738360
20729512
20729511
20723779
20705412
20690319
20679968
20672721
20671001
20662953
20642198
20637043
20630053
20629463
20626539
20464737
20459674
20418251
20307262
20214777
20134279
20010280
19657906
19624833
19575806
19519904
19296031
19275981
19204102
19068141
18955845
18848402
18771828
18664283
18439609
17943839
17943778
17253501
16860964
16730729
16704672
16686306
16678180
16669984
16648727
16630217
16627396
16625335
16585298
16569407
16567820
16562385
16554429
16547452
16540279
16534404
16533388
16509174
16505500
16492010
16480570
16478844
16470231
16448799
16445833
16442464
16442458
19256165
16377768
16356368
16343500
16340589
16332472
16322712
16319561
16314768
16313546
16312157
16290977
16278102
16261949
16249535
16242295
16235392
16232104
16215797
16208088
16180780
16172441
16164654
16160678
16135724
16115793
16105630
16099784
16082603
16081544
16051929
16048531
16034855
16010910
16009290
16007560
16006381
16005410
15992499
15984560
15982192
15976964
15966780
15950836
15946117
15931019
15929858
15920050
15919640
15919639
15919283
15911162
15911159
15910435
15904528
15902027
15897791
15869559
15867700
15855284
15842321
15829479
15825975
15800508
15779250
15779248
15747040
15741189
15735199
15735182
15721497
15707441
15704593
15687781
15670445
15669928
15669016
15667026
15661435
15655973
15652676
15647734
15642491
15641614
15616237
15611205
15597287
15537548
15533341
15530752
19643945
20211953
16355555
17455570
19643848
16711185
16652063
18792439
20421226
17907725
19694851
18622219
19955880
21614944
19762416
16326783
16318052
21724134
17618630
20495584
17391577
16770751
15988947
16511579
16613291
21242235
15865114
20146947
20606057
18947099
21266886
21651653
17058750
17902602
15550361
16779106
16252372
19839782
15619737
17652646
16039809
17766672
20095068
20946442
18297316
15558973
16403243
18399368
18162401
19857354
15595226
16808197
17290030
19689554
21194484
19720912
17367091
18085339
17486722
16537855
16841828
17260559
19919172
19032571
19655210
20640393
17149526
19215004
21220468
19817618
15584311
19836194
20208974
16729519
16429958
21429958
19148109
17550099
19074201
20700769
16551501
21894124
17088920
19597372
18788974
21558484
16967108
18072473
19753390
16187477
21730931
18164933
18622960
17290640
17914647
19779771
18559870
15893053
15727546
16898986
18179997
17401756
19643790
19837527
15853785
18019768
17319600
21485420
16821679
17628971
21960192
16750098
19351301
16715033
16483096
18931903
16004736
18081171
15624695
17669281
19521293
21879661
16881503
16455323
17682207
17484214
20858296
21123407
17436178
15533143
18979697
19524172
17343952
21382047
19451866
16806501
17464569
16683641
18779462
16245917
21141405
18705737
18781364
16759755
18184164
17354512
17298612
15683202
18357954
19804795
21169795
15774399
19780749
21194262
21667677
20674528
15947922
19304900
17194678
16580262
18271833
21392965
20590436
16383057
20207663
21943076
19084971
20031874
18041511
16395067
20707264
20569711
18449346
16608944
15927105
18773593
16582803
21777096
15788080
17297528
18976341
21276075
17546787
19399010
19158447
19150912
18571213
18997557
16871377
17253082
19838852
21776931
18021128
16236662
20584364
21540010
18608413
21642334
19847006
18595709
19214278
16680209
21798499
17714579
16007454
18690788
17000347
18612720
19919796
16999714
18709684
15875449
20053236
17082010
15590215
20660825
16278531
19111866
19626260
15989116
18365512
19343891
19711286
17333656
20479349
18701526
19717753
19183427
21218641
18457809
17880661
15598725
16200525
20030693
19767376
16886911
21344800
16361906
17262860
19373959
20182963
19304727
18626054
17485755
20045746
20221646
17492993
16536768
17473537
20110605
17824192
19017603
19515198
18020289
20564528
20684035
18272608
19712791
18292592
20639654
19780514
16670259
19088358
20093280
18610926
15565596
18044379
15859964
21264522
15635789
16426799
15690868
20351376
17386230
15537189
18414179
16861012
15899314
20861599
15881710
17555656
20890152
20123945
15576226
19147130
19012786
16134630
18958984
16913320
17462044
20530804
20842120
19508712
17068440
18670411
19077807
20432216
21211076
20173438
21158890
16195096
17978360
20595246
18763014
21932708
19437910
20537216
19530026
18461420
19342149
19813345
19460257
19542381
20593569
16021555
20056661
16898343
18043950
20420548
17058752
21507187
21888198
21497320
15952478
18561633
19819169
15660140
21343566
17128542
17477224
15997045
20334767
17219935
17359565
18579928
15883235
17278922
17457397
21684461
21070646
19160902
17535294
20054794
20736716
21444178
16673631
21555652
21505224
19125894
16754815
19456994
15689593
18380643
20946037
17490918
15725206
18414295
16817916
16466351
18381994
21074816
18597062
19142227
21292637
17884592
17139816
19216339
17069973
15744904
20502170
15871403
15878536
19576714
17689650
18047642
20939945
16097962
18844528
16378786
16316877
19462279
21045579
18021137
18725832
17983723
18027000
15667698
20238152
18605277
18727597
16680057
19564323
19189064
17674216
17435817
21368519
16483097
21179666
20350745
18573540
17912778
18497658
20137026
18838964
16215361
20579563
21143303
15678965
20605808
19017599
19879451
15629730
17542348
15531988
17975729
15784104
20226938
20890138
19913182
21748928
17189117
20630804
20853654
15916836
17942958
15523942
21550543
16111947
20507899
16093886
17198512
18209847
17285928
16041236
21281841
16874640
17458819
16708980
18974701
20858108
17894246
20159119
20647920
21471910
19124816
19170303
16922987
17311240
15546647
17724291
15631276
20808105
20826598
16511578
16225338
17876137
21838150
16205352
21029377
17725265
20441028
21045577
16585087
21334930
17661968
17433615
19771573
19748873
16087898
21209578
18180136
21590574
20647800
16627325
17233386
21428254
20453701
19589668
15835217
21367682
16544083
20966789
18952359
16015516
19762418
19249637
17971601
17924926
20523219
17666979
15543757
17050750
21440523
17713866
19731425
20970051
21263347
17328662
20038247
16972449
19525743
16115175
20881158
21959637
19293307
18334689
17329464
21288945
20618603
19798831
17048360
19365826
16874603
15720932
16958943
15644682
18027047
20204537
20177040
17546307
17914895
17945364
19634654
18498922
19450099
19399527
20136471
21123235
18026998
18396599
21416787
18595420
17515088
19375521
18097726
18694242
20427307
17153572
21158853
18940987
18412588
18525065
19779768
16369156
18018955
21029224
16799755
21135301
17986020
18096508
17201042
18772626
18512376
16116384
20031904
16148809
15894602
15921753
17472529
18434900
16684426
17897650
20211644
20557260
16649833
18840905
19811553
16227942
17846440
20800801
20382369
16301755
16950811
18829772
20852506
21139455
21102317
17884591
18564436
19589766
19635996
16923927
19150541
19608199
17174045
20423383
15662054
18850534
17060292
20422746
17400253
20010377
16594881
17071936
16255103
17477232
17039996
16174817
16875103
21154090
15655922
19463082
16282827
20597404
15677807
21244255
15644012
16960490
17597556
21062383
19529045
18206373
17514724
20934210
21532046
20837253
19089507
19731886
16449741
18664821
18394856
18377464
19797281
20367820
19200763
18035763
15987544
16268072
20164627
21839904
17894252
18030125
19950458
21368544
15687784
19194142
21368514
16229314
18671895
16035995
19594975
16649849
18030197
21532086
16143750
20500967
16190009
17667785
19485856
19423033
17140424
19209172
19448581
18375839
18290751
18597190
21275976
18044195
20141461
18667867
19254309
19694327
17001071
16278182
16473979
19772247
21429037
21306623
17062510
18455252
15853241
15902166
19824252
18335903
21504264
16087819
17892564
17020719
18806318
19502852
19963385
20849291
17918500
20227674
20228359
18367365
17720107
17005464
17617501
16358929
18774048
15928299
19282266
17996108
18466383
16769943
18604144
17572924
17920226
18558894
20562371
16292681
19346274
17581185
17409367
19182464
17136752
19671647
19566988
21264451
18838492
19213516
21299290
16752111
20360787
16476683
17909862
18314388
20649500
20122028
18072670
19366837
17524799
21334805
19782915
21164109
19057495
17937801
17685730
21667648
19266356
15984561
20077802
15783053
16537280
16185588
18446175
16020051
15789680
19998475
19012788
20553349
19634576
19245724
17175829
17766740
20850709
18685318
20220598
16202839
21051389
18158527
15973267
20004297
17419034
20202350
16769461
19107768
21366115
17953232
20812584
19958027
18041235
16134763
20954509
17414733
16055815
20959738
17926262
17344262
17873210
17575666
18692978
20003040
20506883
20557397
19717991
18063540
17682743
18751333
19156392
15628650
18773583
18636539
15522496
15643250
19240464
17970505
16326211
17042020
16121868
16484903
16416464
21630628
19664905
17986073
16398864
17636805
21527175
18201316
21689845
20230391
19220619
17272730
19591106
17418656
18702651
19011741
17584267
17941519
19490004
18042020
15887616
21717635
17352780
17339811
19204615
20097148
17412115
17078237
16778998
15964735
19165415
19370522
17824870
18834015
17949984
17685829
15899763
19808471
21127109
16979088
21709523
17945013
21411820
16396713
16224984
20660530
21739885
20521904
15984459
16136001
18666873
20860246
16432647
16113758
15904886
17211165
18322707
16425856
20012347
18653000
18784477
21845553
19919651
18460078
16609081
16424964
20049081
18807299
15887808
20602140
16489962
20859614
18764793
16463240
17710962
15907850
21123409
21619745
17651162
21718869
17137425
17089490
16910129
17279205
16327419
18501144
19379889
19527558
18382164
19043123
19271694
21610053
18360885
15781508
20000250
16119640
15834256
19603321
18810650
20578188
16431830
17895859
21166869
19191819
17040525
17374473
15745363
19748041
20955878
20527597
18655507
19837426
19738219
18842202
20929929
19125786
15573464
17679660
21682855
19390967
18715382
19394018
17619323
19562361
16013292
16044988
15701199
20842895
21322451
21045576
17557434
21343845
20197792
18205251
20529078
19038753
18423611
17479949
21647911
16931922
20852466
17978610
18370997
21196728
20155892
18372252
16730602
20608240
15791785
16571423
17975399
19896893
17060263
21576545
17262843
16641663
19960016
16263854
21041324
19615536
18293247
16723104
18332509
17069104
19434948
21639657
21097769
16186876
21141408
21099083
21208587
21453911
15984917
15643770
16602366
17035672
19433847
18837645
22021547
17188939
15758594
17636624
19487532
21674892
21630563
18562224
19597825
16965244
17941410
19609542
21319577
18083689
16967155
20605695
20942266
18653427
19116822
18714747
20101416
18091628
19659491
21435417
18079239
17089809
19666961
16441393
16126316
19931963
18418104
18234033
17497309
19285177
19471139
19359079
18584275
19968691
19609190
21874660
19263812
16968437
19169382
16686812
17165379
21227633
17348334
22110098
16675765
20143102
17009342
20572375
21401941
15620074
15914132
19551673
16533534
19175188
15842683
17941408
21419262
21729155
17494826
18829016
21409666
20360209
18295641
20591015
21726950
18847122
17514706
19955388
19609133
21404157
18478270
21113566
18705944
19017604
20843758
20541072
16792939
15913239
20507046
19581196
19389014
17447591
16922988
15724562
18606935
17695979
19785759
17785486
16350498
18853711
16250532
17502229
19856592
17330996
19707724
19945634
21560954
17699147
20801975
15710799
16468261
19124176
17408822
17656741
16202105
20491202
19017394
17057925
18661459
19908926
19712009
17684852
17519608
20972381
18344783
19479311
18494958
16302483
16899363
20821832
18216884
17727387
15717526
15646720
18222126
20930915
15715073
19432612
17588493
19372344
19523594
20889389
21038530
16086536
21654374
15567208
16250528
20104515
18667872
18415919
19745260
19806767
18554911
21902122
19682011
15658136
21036522
19031133
20563404
17616329
20105274
20469620
15664106
17060250
16186451
20149236
18452366
17826094
19396066
17490867
20592254
16092744
16879798
19549088
20397478
18625090
21382217
19480748
18613459
18773798
15883892
16850023
21218703
17640455
19728434
17032087
19062110
21368658
21160349
18406987
17824409
20088231
20718396
15919571
19692709
17547983
19768660
20500964
20603048
16604910
19061685
20920079
17886426
17200172
19320988
21599990
22030634
19374478
17594219
17941520
17254493
19653332
21364129
16494284
17640108
21331556
19054954
20106692
15904527
21333946
20082633
18445863
20066814
21316239
16191142
20427312
18321837
18626847
20448272
16926948
19638979
19650541
17151565
20210665
17546919
20437937
18540798
21214716
19146557
16192827
18406980
17575092
16109292
19133108
21080297
17359611
18399021
20119630
16439351
17017324
16544674
21214957
17658419
16194179
18666912
19575719
21352270
15824704
16551020
15533098
15518001
16199400
19219362
20151345
20882803
17470666
18321269
15720533
15871890
17044631
20305845
17956371
19035033
15532176
17574864
20448516
21323047
20544471
17941190
17269609
19044192
18496376
15663012
21225949
20508675
19961629
19779947
16410436
16621563
19835240
18809811
16326261
16174908
16932138
20394268
16179169
21068488
17436074
21457504
21129832
18279295
19906428
15915059
16730107
16350737
20388935
16688666
21748998
19491735
20601641
17405224
20481198
20657630
19300082
20595274
17694281
18072659
20507926
15789379
19108596
21053264
19719516
17133193
16513055
18616052
17274556
16567752
20520261
20192931
20419564
17508658
21311695
19760893
20562620
21869769
18261060
15723706
17633968
15605276
21729918
16377058
19131749
20837322
18819212
17035553
17823100
20860978
17688563
17241251
18096585
17431690
17309528
19227013
22029120
21078822
20598494
19780433
17376688
17874086
16296210
15641666
21361830
16834881
19272153
21074180
15529709
15686809
21035041
21612433
17970366
16404326
15683956
20004038
16429215
16443994
21424965
19787380
20184114
21111980
21841092
17092858
18238936
20670819
16405706
17375226
19027618
16189755
21740659
19110845
18998190
17440423
21471071
17933417
21831026
17393971
16334086
19672696
17596598
16512033
17936452
18536825
16452707
16108856
16550938
20879815
20727183
18157583
16876921
16713507
17947892
19318675
17950879
18528621
17565524
19381720
18369678
15584342
17412037
19205735
19947025
16096150
20973740
17010035
17908529
19202117
15684906
16910802
17492988
15698450
17086781
16274169
16500799
18646408
19422944
21294002
19692553
15839923
20672255
17064964
17427603
15706156
20880153
20077996
21251138
21115986
16738986
16342457
21958923
20215333
18663980
15977538
16921803
16926716
21122271
19296355
17693266
16698513
20722810
19577005
18416361
21150797
16810624
16445855
19487937
18612091
21226545
17255863
21936431
20476659
18184597
16130927
15714109
15656151
18312751
17165487
19058073
17313908
18662256
19263772
20511684
18774001
21558134
21744518
18379671
17400145
20055199
15596688
16600820
17641759
15957453
18385400
18078617
21095840
21486126
21166761
18190569
17077415
19446927
18697966
16895138
15541128
17420784
18302657
16722813
16492008
16566612
17258670
16986764
20099773
18078550
15737222
20813332
19549725
19326133
17378291
15750050
17455607
19192601
19170287
16531954
18443803
17117531
19131757
19933891
19172206
20602594
20601725
16300460
19663573
20147836
17340204
18953193
20881159
16279332
19335530
16572536
21854894
20507049
20098163
17562727
19412673
18560286
19793720
19366441
18258807
19152405
15927296
21170816
20378307
19520019
16801638
20921496
17204565
19592857
17565139
15781805
15807759
19423472
18592393
15703338
21356655
17016939
16717518
15834528
19228893
18540506
16951883
19733814
20397329
17849678
18053765
19806416
15768931
18811573
21362766
16132002
16184941
17255058
15591608
17105634
21508585
17477227
19345537
19120576
18764853
20147423
20937922
21946881
20807992
17470093
20605062
19484480
20478810
21957803
15935238
20374101
19263821
18076814
16094133
21246866
19456086
17142595
21894104
17935651
17493716
21414143
16285334
20508686
18000948
17039986
16093369
16825843
20030500
16204445
16535910
21534095
21362757
21211483
16892774
18948771
20403903
20063616
18664711
18988391
16614650
17965642
21140321
19575308
17941415
15956007
15766349
16411028
22034725
19513835
19548177
17658438
19203391
19567887
19955390
21334556
21944692
20976838
21500607
16449394
19485862
17101036
18650705
16898939
19155849
21209304
19444731
19394524
21831325
18520312
21122620
21322157
21351267
15737160
17892052
21322498
17698684
16335292
18021504
21150582
18321835
20169648
17577002
16900281
18619767
19266749
18597730
19021484
16416888
19940086
16595344
19128650
20654839
19437247
21178788
17336868
15699653
21660874
21729112
20168010
15667401
17365393
19426295
19079727
20220286
19827581
19021090
17051292
18992671
18328282
15651955
17256392
18052521
18417731
19709315
21877509
19194167
15590242
16186004
19126255
17826070
21118013
17633979
16043087
18579340
20210934
18578641
17090790
16144242
15714716
19682124
15620077
15691247
16996898
15887805
20494690
18505664
17020241
21772125
21626999
15511740
17406111
21499198
20373726
17400513
17145737
15852727
22129251
20236299
19124317
16892766
21473328
17305958
17933059
19605422
17937446
17959577
18542990
16157935
17017685
19857153
16354844
19228236
19432986
21242575
15555721
16442424
21041191
17218868
16432345
17722744
15749322
19125891
18422053
16862744
19661793
19567626
20382901
19963149
16253466
18198256
16291294
16027635
15702522
16513873
21418461
19538693
16543791
20631531
16729851
15965996
18453347
18354050
18365197
17535613
17006813
21329619
17380340
21492279
20077797
15583903
17685913
17205015
20675297
17261205
16493298
20500338
18361702
18090868
21409670
21905564
20443351
17991532
20637343
21080006
20362792
19896320
17225762
21278666
15730508
17888107
21854249
16497309
21278322
17595276
16430386
19502171
15801998
16496203
18519625
20400133
16829724
16174561
17416698
21078736
21554729
16699459
20155989
19659407
19687703
18325458
20151163
17338950
21128984
17410724
15841528
19754687
18308281
17697014
15762406
15720608
17474344
21503177
21404807
19450074
21078225
20345618
17668293
21272764
16039180
21555939
17953245
19923945
16427965
21554289
18073645
17461316
21068644
15511744
21039231
21555752
17584433
19154565
16481838
21725233
15729108
16870387
15606321
21218737
19930369
17457099
18380826
18265820
21817972
17535600
20444568
19437250
20568026
19441659
15511424
19248345
19041209
21147003
21976704
16355575
17351407
15877560
15877551
21375574
20825856
16430612
17185650
18308023
18544154
19535791
19879514
19588856
20598385
21474280
20307361
21443806
20163757
19375271
18580046
21219423
19236288
16565634
21382079
18062753
16873848
18506703
16918744
19943235
19464089
18340510
17148527
19422938
18217905
18977111
16968426
18718157
19345912
17890996
16012153
21899982
16910067
19142085
19878036
18757353
20923512
21326027
15728419
18392637
20306935
19728660
19576529
16869525
19708422
16313207
16964732
20194561
20180665
21214907
17883806
17018742
18307853
15555754
15558902
17371742
20196464
17261662
19271625
19018911
15540670
18809125
20394518
16878036
19700041
17546531
15868390
18597409
18680809
19819050
16471110
17290052
16136201
17099117
16815573
18924272
17162114
16498160
20054034
16285199
15525864
17012130
16856420
17413370
20351911
18337438
15991775
19879462
20078013
21777869
15812763
19711655
20236430
17922923
15986840
19968614
21057143
16826957
19556035
20297746
20434096
15624293
19514803
21419260
17554835
20636192
15575634
15684853
17092860
21078001
21457695
17132593
18800591
21729111
15562345
18570807
16354222
18551334
17321850
20573664
15749791
15761285
17652683
16382647
21129343
15720494
19937919
19640169
20564704
20663934
19382079
17851374
16102160
18051920
16461246
18271769
17080904
19952551
21429447
18259897
18640407
18357437
18327343
18955735
20155792
15724487
19457006
15828572
19864039
19119730
17196902
17390924
18580394
16830268
17982948
17917469
18307685
19580536
21676572
17803400
21546382
19271449
15930233
20932505
21846340
21464065
20034134
19793865
16033495
20937936
21131854
17667253
20501431
18205964
18489665
21332838
17162119
18682476
15537470
16198192
20470951
19621558
19659488
17694882
20654820
17125705
21612503
16623624
16483094
17340848
19061784
16111440
17728593
17406173
16463012
21844435
21548789
19849752
20369722
18788386
17087612
18463898
17391559
20860610
20532531
20018989
19189408
16168789
20502180
18625920
15914767
17616311
21567475
19090367
16498154
19534034
16959747
18343252
19160356
19756453
16771260
19181880
21632000
19668037
17982991
17455809
16757489
20124890
20136648
19531463
17324293
17849466
20394119
15769792
20680355
16499171
16083480
19260886
19648597
18163855
19704190
20722797
20940175
16218160
17175717
18072978
18425860
21197829
21531963
19440785
16923037
18382703
19293223
18985843
21121845
19623319
20538256
19029206
19523859
20094000
20446632
16099552
19889472
19451667
17054172
15875456
21210926
21288750
16712851
17360150
19252202
21321420
18483818
15592707
20151578
18048550
17544248
16171054
15723727
17718377
17136990
15585706
18437070
21513533
19492223
21366669
18279999
18709839
21135788
17805455
15653051
16443154
17234572
18187011
17077223
17057603
15747077
19890683
16177583
21199299
21495194
17353575
16830256
18949617
16778300
16168341
19229399
20359693
16526150
17397700
18445825
16133615
17373528
19840086
15619850
17250963
15891316
21649768
17049797
21266202
18318922
19372507
21150420
21214976
16545263
18494101
21473320
18043837
19500886
21523983
21114211
20853355
16043009
20362944
17844710
15880339
21739743
15626161
21490541
21103771
21131116
15817604
20177047
19175044
17942310
21494813
16831787
16197495
15920711
16756185
16632189
17320551
20655660
21330804
21082710
17906208
17765496
16438774
20587935
19186281
15739059
16623608
16050400
17967296
19959842
18725035
18513620
19066137
18756158
21926511
15782876
15623167
17601256
15624749
18160115
21343433
16996320
16135654
17161807
18814304
18162922
17621617
21869666
16015115
16203647
21040084
20564128
21235405
18585593
18180903
17564686
19642431
17983360
19517285
20824563
17101077
17464595
17515857
20215047
20530526
21127449
20097636
19266767
20063594
16938786
16508814
21592433
20512743
17269436
17287841
19410517
15785225
19038746
19682775
19762368
18308911
15889883
20080443
17552406
16983851
18752527
19874170
21722164
18359431
20795829
16607262
21155123
16047500
15672013
18606581
16372599
21229866
19251167
20842755
19368756
16430351
21229870
15916231
16543740
16867302
21273106
18394540
21591431
19472119
19680792
18197453
16979082
18284317
21384072
15992332
18952262
15597832
21548351
15677916
15644689
20433728
17379992
21439170
21692591
21990151
19051791
19998833
21884497
20048265
18796510
19914739
15735434
21641763
16754829
20842609
17699139
17275970
18067659
15992672
19120081
21176661
18385225
21068548
18304337
18768025
21126191
18324582
16432830
21351190
15616943
19379454
17479031
17053853
17525963
20806585
16313586
19603223
15737497
16509940
18774131
19201260
18690370
17066966
19284635
18075965
17130665
21462058
17760651
22041951
17724101
16456455
16285131
19930285
17470037
19101116
15739633
20663701
17133682
18662241
17714050
21866728
19449711
19860315
16757089
20590515
15994126
19062459
17467202
15838441
19197092
19566617
19041835
19624062
21429885
20875181
21795289
18812619
20393753
16950996
16106689
17055804
16311500
18027520
21886031
20534336
18604337
16278571
19042914
21623646
16758120
21490345
16462404
17011264
15833469
21843128
20712206
21208702
17265662
20408762
17583284
17396614
20860250
15618093
19018905
16704183
16981157
16441541
21176251
16014211
16803754
20094124
18165798
18664823
19306563
17658007
19281677
18822492
18655863
16340472
19723274
21462428
17891470
21661581
16948621
19240784
16489909
19247874
16447890
15805447
18410781
20880922
21133302
19150220
21123230
20373649
19072186
20605268
20498101
16548397
18386110
15926033
15535537
20975539
17180845
17115134
16142017
18812800
15665164
19887655
19605620
15651587
17368692
16892691
18188993
21459871
19537534
20869182
19663712
18842616
19508267
20054837
21971093
15891598
21462857
20053237
17462038
21563896
18378729
21375100
18325122
21596892
19068687
20367806
17324194
18675766
18985910
17355298
21450767
19967336
19240682
16983946
18843139
17504525
20687449
19674452
16870386
18051979
17010827
16989907
20825369
17537009
21446264
17525086
17998408
19233107
17625659
17804944
19539124
18477124
17542391
19087052
19331036
19880910
17954380
17855066
18808468
17549576
19920744
18610809
19031302
17467992
16648090
16583574
19739304
16050861
16223113
16607408
20697233
17298133
19298681
21220392
17951229
17074865
16649318
21855831
19619374
18402236
19584763
20824312
21703153
17605056
20579332
21186954
19833331
17182525
17951353
18929435
16402673
18038186
18697959
16145642
16627218
19844758
21342892
20177046
19204226
19621532
15860071
17424969
15857961
18298835
15991756
21126675
19381051
18260370
20877950
16026904
19930874
21053693
17042820
20496423
16830245
17200276
15815210
18541852
15532179
17190276
17090996
19701783
17518906
19479548
17563322
21111558
19186229
15799253
15699999
17472517
21894784
20092154
18630063
16536968
19228506
17116556
20022534
17240221
19287269
19239511
19665915
17112842
17693675
21414024
19572457
17496369
16389158
19029919
18591304
16253259
17344263
16688661
16669563
20036397
16130561
18547413
21887863
15641635
19555968
20581917
20200436
16884157
17243516
20648099
16648730
16554694
16790212
16540788
20572093
17917470
19464761
19161809
16633237
16961117
19139483
20386462
16585497
19258094
18206256
16308098
16739755
20154558
18041339
15824937
19066119
17182222
21748861
18085971
20677684
19177733
20419745
16565628
17655850
16901253
21784286
17283821
19447305
16805075
16134471
18843564
16788840
15537586
21076264
16643346
18370586
20176616
20428601
19237645
16439321
15630872
16562800
18615959
19708058
18021523
18006131
19719811
18189045
17166270
20196495
17299901
16685542
18678071
18260198
21167022
16605144
21273251
15629990
20023471
18805749
17917945
17143814
18974598
16610752
16541821
20818875
16956927
20851279
19891756
20221862
21702427
16791534
16570749
18856075
20489767
16190938
17052558
20309895
19966114
20836797
19828906
15709443
15720988
20599101
15720314
15855813
16998406
17137147
19085268
21170786
20213580
17199541
18538214
22128521
21069119
16697609
15828155
21349449
20155605
19357507
20669833
19013047
17259199
19891374
17411757
15613552
16833053
19899398
16690560
17478822
18712640
16449089
17667645
21240098
16246224
17723977
21952571
22004635
15767225
17804347
17888917
21332773
19358991
16292070
17938771
17902555
16858004
16444082
17086639
21186320
17350559
15682977
17413487
21269668
16749537
17577535
17185399
15632346
16011811
18039298
18772151
19348827
20167615
17896218
19432915
18926978
16542661
21134804
18314427
16924560
18200965
18069369
16569713
18850764
17640283
16198838
16126601
21291329
20606611
20093994
15778140
15819641
19161085
17239072
15785330
17433462
21791099
16910816
15828567
20434252
16259493
21205735
17324625
17264112
18941036
17680514
17187543
17316936
17334734
15764743
21469494
18666907
21750593
21404638
22049813
20436032
19095334
20408274
21401482
19006917
19437955
20194809
17479318
16962910
18070256
19775571
16109046
17966300
20675292
20346092
20131583
17785686
20423389
19888021
20023491
21555667
16439269
18514824
18512305
17605458
17505242
18368655
20008828
17267723
18611312
20543375
19156376
16622995
20334006
18507582
19041254
20507597
19209392
21351841
15933681
16850152
17443368
21496289
15999538
17943379
16101709
20921249
21350870
17630864
17564550
15940125
17064202
18154533
16938639
16388772
16368178
20566229
16076318
19021302
15931440
19089722
21658151
21595359
21302596
17678684
17056768
19481879
18798531
21545936
16594878
16948725
20367649
17192219
16444126
20877775
21520796
15575189
18333733
19472551
17097988
21383301
15827431
19040407
16310611
19485869
20889635
18326343
16633255
17019362
19706072
20923990
18584260
17708186
16720484
15913074
15876255
15819466
16363014
20585420
21875843
18341198
16351436
19164133
16199445
16132281
21440220
20156857
21274648
15958910
19438889
21798736
17518891
19997077
15533343
19657928
20925714
16879381
18221541
17849918
18334678
17950964
19948040
17523034
18712234
21084438
16511585
18164467
17766525
21540011
16842793
16305601
18335829
16415412
17953919
19090405
20232252
17655638
17526470
16971829
15909434
17603972
19466275
16143267
21341442
20177688
18595423
16637944
20659270
17577552
15519899
21218728
20951270
16419452
17679246
19396071
15679279
17036883
19851138
17578394
21510865
16091160
19425342
19509212
17319557
17828400
16142843
18514930
19039438
15746595
17165490
20580362
21242160
16821201
20483963
15868031
17296230
16800117
16425879
17120130
20193935
19682134
21429794
16299640
16185370
20147344
18504691
16403132
17227745
19298094
17575756
16909074
19895441
20576399
21488601
20625568
17474235
21590566
16019976
18238748
17978615
17907722
16288581
16597578
19529991
16260998
21784713
16027505
21642520
17163003
15904592
21424876
20535797
16302863
17073196
19112873
21284498
21507193
19729322
21244659
19958908
20545492
19765806
18378831
17010664
18751575
17473397
19809876
21214680
18386454
16954123
17588894
20232095
15709093
17913778
18326127
16872121
17486386
19748369
19587259
20403904
21732923
20098878
20803852
16639257
19863765
15717463
19828365
17891043
20574104
16111083
18491690
19089671
20586893
20688876
20937199
18222056
17565929
17064413
15754100
19824977
16619895
18459592
20708828
18690149
21620311
19912619
21675258
21255001
20946681
17221082
17621450
20354243
17022914
15785347
21257948
15961348
20237210
19865579
21073826
20386309
18573431
16965306
16648728
19772000
19408882
18666661
18179667
20525523
20147807
18654960
17236322
21426753
17206959
15612231
18333923
16621142
18826783
15819839
16505655
19627913
16696763
17495375
20148365
16610298
18202732
19570067
17272898
20173267
16219623
18309585
17603873
20652210
17641318
16810086
17240875
18280847
18298559
15757883
21229777
21188866
16842298
17710491
17587085
16623603
18287415
16335724
17291199
19101822
17330297
18335696
15660548
19689757
16291385
16505392
18817960
20581667
15987058
15609018
18385402
16133229
15835213
18689150
17148529
19386565
17353805
17327759
20458647
16622437
19488997
19216236
18580016
21699033
19848548
21178387
19289932
16315569
18821003
18644916
19738146
16128430
17926605
18223578
20187099
16230055
19148340
19025590
17986680
20354068
18284805
21108908
16101852
20051159
16476842
20738054
20507679
17916588
17329107
18221465
16598960
16441850
20700774
19546088
20488653
17420649
19407674
16023942
20979599
18048200
15803895
16931482
17335738
21071584
18846150
18990095
17148538
15992184
19762106
17891048
18492733
21242245
19617303
20019120
20673307
18183764
19362841
20586952
21989753
21600378
16162413
18369299
15523081
17955680
15732427
15575815
17099994
21220389
20846562
21398370
16311693
21298947
16552278
20673358
16605228
20435787
17098846
19910328
21624687
17914293
17149400
19151889
15832644
16915297
17087399
19056630
19465748
19751517
16991049
20589446
16620181
16843633
20923447
17089929
20134337
16937758
17908745
16868473
15671326
19538046
20016955
17366227
18849363
21413588
21114205
19763700
17141638
20506507
17552290
17477485
20629297
17361388
16010214
21323087
17870502
18075637
16625524
18667357
19013884
21542775
18399391
18630370
21154092
17867427
17656608
18258113
20172695
20966866
18060841
15895765
17037342
17320337
16227770
17167022
16324899
20148933
17006108
15586302
20579161
20636590
18319148
20559179
15865495
17435991
17583078
15591759
20040605
19537189
18481380
16380575
20050487
20561882
18088524
15709547
16231164
19775924
20203635
17698344
17345558
17065888
17600996
15608864
17972468
21104506
20948271
16430003
19648012
17328824
20693890
21444842
16463601
19634381
16170545
19739312
16436544
17715650
16250390
20847024
20446110
17984645
19069449
15868984
17317363
16022890
18641496
20357661
19220917
18370882
21824313
18757347
20442253
21503460
19302695
19266368
18461853
20884163
20675819
19080189
17102470
19771517
16941128
19823968
18652695
19516910
15619528
19365396
17535130
19809317
16523034
16892512
17380812
15644657
20167833
17589371
17139200
20040017
21922704
21199305
18021780
19006429
16076791
21457596
21458212
18073583
17346367
16639190
18804707
18677689
15618105
21485941
16533798
19538607
16566565
19300234
18574259
16756658
19492613
17079023
16309073
19453320
18379226
22030933
17098101
16845764
20546466
15744187
17874688
18630217
21393392
20728325
20335919
15548439
20495488
20462417
17356436
21457880
19581027
20971595
19509522
19849931
17886525
16419448
15991588
17474812
16484923
16187933
21384565
17384873
16344410
21097770
19001918
17019837
19969173
21422383
18362090
18515439
18823177
18777713
19491574
15823886
17219519
21446929
20872193
16378817
21164414
20437252
15589081
16263992
16283902
19220889
16739202
20978003
17583103
21393081
16374221
18710895
19745313
19160886
18678073
16575842
19265046
16733114
15853789
17186422
16021067
16996335
16862198
15965189
16548947
22049636
18482485
19402357
20654876
21218211
16423164
19494055
21526684
17726671
21462439
16096148
18575174
18069066
19021488
17416702
21628011
15534339
16282079
17868410
19189061
17547027
16164506
15653940
21138206
20949867
20568551
18547435
16436159
17242911
16580370
15719426
16114760
17168069
20685063
16352933
15726867
17455746
20088156
17592973
20828333
17968197
19809431
16650120
16445071
21716048
18075142
20492435
18272777
20146982
16979096
19295227
16859867
20694757
16123546
17405747
21955907
17688476
19824520
19651709
20522453
21763127
17946369
17444429
17087418
18337533
17017690
16116357
21664719
18311086
15890046
16619472
21265584
16901699
17111639
17608084
18830841
15576526
20499748
16884079
15609749
17207035
21484041
21317601
16355559
18191007
21442345
21266281
15839236
19925650
17101037
15828514
18563026
19782445
17951982
19366398
17566541
16181570
18851730
16332602
17431698
16340622
15815966
17375276
18321582
21486352
17803799
19783085
17332215
18269305
17260594
15924034
16278137
19624440
21739869
17996057
18065922
17641073
20830638
20949772
21166109
18753881
18835682
19016937
17056771
19626946
18294222
19894010
19698025
19303947
16239231
18842993
19940587
21409880
20104963
15729014
18255214
16690264
17609028
21553968
21514554
20091379
18605344
19486965
21440811
15957874
21462060
18228571
18684414
16568232
20180482
16911142
15918239
17544250
18087682
15618764
19788369
17767693
20306109
21557016
20631590
16098383
18458853
15681211
15717518
17899999
19491592
17846560
19442971
16909169
15724947
17444572
19780854
19786241
15935732
15749321
21309200
16438155
16850003
17233665
17315408
18297976
21455041
20642845
20059792
15977530
17260226
17408021
19813165
16802287
20211302
18475104
17249904
19112345
17329313
17577175
20436094
16875797
16951513
20563396
18459697
16615744
16500071
18717767
17657327
17597413
19451489
16183574
16534045
18372380
16206396
20696753
19067982
18489197
19001660
20887477
17128678
19969162
21553575
16041553
21877511
21416901
16206537
18613466
16968571
17723930
21285363
20442338
16623314
18985370
20720611
16735082
17033277
19492673
16884462
18569903
15992696
18695180
21462466
20800780
19222636
15909778
20642211
21287773
19489032
21748988
17327187
17700902
15673348
19842578
18030944
19265735
16584052
20190722
16111443
21469038
19689441
15918453
16756518
18291394
20569870
19238647
19494681
20935215
16261128
21462658
18297974
18664927
15857196
18554650
17592976
19624479
21324099
15571901
16418823
17560953
18690085
20123828
20153537
17475363
21675014
20119895
18229768
15867730
17193764
19536026
19822289
17313066
17567229
15994607
21521838
16940917
21766898
18594321
17699347
19033167
15732615
21471419
16824205
18650534
21605365
17938143
20178573
20684124
21139020
15932455
17717242
19319635
21040013
17171750
21642907
18686669
16048663
21039750
19139668
19308831
16352980
19285265
15709311
15571940
17304983
16914938
16485087
22147374
20194431
20455148
16827532
15566443
19481303
16461443
18808470
16403149
20201342
19144283
18376741
16468257
17461307
17257297
21668320
18284834
21298946
21252691
15640652
19090375
17042803
19395105
20979574
20057235
17365975
20827068
21387976
18038515
17616315
18341072
19454208
17520850
18087202
18951753
15994471
19581026
19112004
16497265
20633899
17518825
18431557
19893369
16101200
17949275
19179199
19500077
17573738
17228826
19363932
21366022
19923302
18777804
19468965
17224699
19883453
20438344
21268385
20190556
15693928
19114915
15572502
15779516
19366979
17942270
21810723
21353130
18681346
17233692
21789291
16551667
21091226
15690831
18787451
16227511
19056017
21211031
16324185
16297580
17520877
16316439
21694580
21158744
15610381
20550690
17904327
16917187
20095098
21359504
16261715
16297578
18393217
18208604
19028827
20434292
19020144
16220613
16450936
16708793
18028848
20425520
20719721
20853103
19692804
18377579
19301983
18927261
21882632
19692857
17015810
18689217
18349733
17486826
15915749
16244045
20657609
15799015
21745651
16899987
15761629
19897696
15612908
16549967
19105666
18399361
21660785
16867198
19134486
20171037
20033354
19301463
17075010
20590516
16240704
19273863
16326198
20554626
21665011
16121494
18723582
21425244
19302213
19427776
15586193
18567538
17345603
17340547
21586721
20853212
15998164
18618606
19744657
16108294
16439744
21353126
21061867
19068904
15657579
20582802
17109114
17948953
21059091
19085666
19772558
16868427
20163229
16927904
18831016
15575035
19266475
18181295
20369142
16358084
16876380
19750558
18356715
18754767
16681554
21511835
15768653
17723957
16450237
17939197
21107514
21558335
17380387
21359256
16788086
21158904
18761850
16298835
17692636
17957525
21494113
18727992
16494664
19060802
20097643
18945360
19760207
18587713
19325480
20726471
18360139
21155103
19947781
20207267
16409216
18820516
17007155
15763217
21667703
19418751
18062571
20078457
15765823
20495864
20875486
20398115
16849306
20046116
21302595
21127091
17391424
15829460
21702238
19018916
17091170
21126301
17712233
17212895
16188426
21462062
21848722
18350511
17354156
18257446
16649075
19114900
22041949
17042703
19075103
17060296
16802535
15613564
17629242
16373094
21072230
16544858
20030774
17097757
19382363
17147994
21377679
18074490
16457405
18249035
17049860
17544880
19949764
15726615
15850255
17038840
17256708
17652952
17121508
19264684
19648201
20926175
20863176
17154112
18567130
18803496
19200391
18041325
15688545
17153565
19650511
16035471
17762817
17283217
21737032
19950034
16825669
18654957
21124232
19214261
20087554
20194107
19323846
20803404
21051386
21404876
17106000
17058411
15645762
17610604
17868193
18195274
19447319
21563541
17359607
21171792
15587831
19593032
19127537
19636171
19350879
19412691
19509210
18033960
16262094
18507600
19042266
20605809
20385460
17569459
15835472
16761662
15792339
20347565
16688967
16310615
21466575
15970016
19930570
17487537
19495535
19086245
21039031
20306740
18964105
16266422
20308644
17034625
16023455
16043553
21139014
16832675
18727823
16343637
19619068
18775398
18437597
16936613
20736398
15677915
17157124
16836620
18843950
19707083
17142601
16227662
16466356
18926930
17551596
16529223
21488764
21585696
18365772
20216987
15826785
16131281
16956743
16546507
21788005
20597709
20543390
19879730
17165326
18275405
17091363
19882062
20212302
19306604
18366363
18989134
20685907
19077838
17531914
20738390
17565284
15902951
20875168
15713790
18188761
21576544
15877689
17132380
18381830
18700086
16434231
18179495
17159562
16475078
17803416
18482550
21722991
17393817
20218136
19756511
19398326
21108175
16571992
16989417
19522378
20940582
19756506
20939229
16978554
16361032
20978451
16423103
16400508
18725828
20696951
17510832
15723743
18791406
19006586
18545764
19634310
19786671
17206210
18214265
20619232
17096776
16148962
21367604
20377431
16258342
16464930
18548955
21969408
19058876
17258801
21680675
17355362
19414828
21039226
19620220
18668611
20188318
17976436
20803167
20065543
17885384
17297331
15935032
17957980
17479356
16056113
17898814
15867778
19828530
17669151
20394514
16557069
21658648
18216600
16494663
20088955
19411101
17656632
17913498
17427248
18480954
19545096
20172388
17267087
18237062
17079584
16494259
16431256
16047482
16199454
16422996
20962121
15821204
19446122
19633547
20677500
18390051
15700600
16218244
17211007
21526313
18382174
17610991
17387064
17242857
21268517
17996788
15992984
21323007
19430677
18580222
16648349
20430552
20024772
15960570
20443305
16877620
17680755
17001836
21817968
19733118
20695035
20546560
17472497
19000601
16191134
21791352
18350471
16967647
16451156
16234575
17176303
19104292
19104320
21434510
17803363
15587605
19433835
17534463
18363249
15532517
18265802
16124844
17099134
17461369
19180577
18949956
19750834
17382044
20654882
18800005
19782530
19477972
16825668
16336488
18363064
19996586
19191854
16757794
18384920
17097202
16518300
16059414
18798711
15548130
15774054
16675772
16387415
21194663
17263052
18955440
20682570
19948302
15753483
19489988
21316564
21858241
22164936
16630335
18830770
19736720
21716042
15788062
19360395
17144955
17926774
17131768
16277929
19769206
15656427
16807169
20375814
21276337
20889513
18955722
15571902
20580415
21214379
15715756
20193880
18318001
17953298
20881755
16964900
16799016
18678961
16140129
17190121
15543481
16798756
20361900
18444857
19004659
19043632
17489875
16478905
16614642
15877638
15586152
16627411
20875208
16875873
21036526
21403042
20923843
19395703
20453176
21534383
15534882
18855828
19225027
18848753
19683950
21470753
16528759
16708669
20431466
17443610
15628049
21092359
22010598
15910587
17976799
19329089
19259865
20572531
18378086
18385151
17219528
18947094
19146362
20170328
21397129
19060792
16207267
16529595
21729274
20932394
21800640
20230175
20889518
20811744
19573771
18032199
17590488
18343866
18788984
17061071
21960333
17076859
16737503
16148497
20435375
16488823
19108529
19031842
15920707
16875475
18301445
17084766
21311271
18521649
19154504
15754566
22033731
16618589
19399312
20738736
18830226
16310679
16411359
20359648
21805809
15797156
19812092
17664054
17035446
21669385
20158549
17620528
15916837
17542719
18829202
19712844
20598825
21305713
19719376
21721495
22005229
21943344
16260707
15749720
20824339
20514880
20432851
21501725
19442585
17568328
16938355
21559280
15954015
19788772
20193057
16816541
19917578
15642851
19437906
16021997
17187617
16117008
18535459
16635161
17236327
18957270
20865872
17701384
16857074
17302097
17356359
16860261
19782928
20480264
20613695
17315602
21480005
15835223
18232612
15966169
18648892
17710787
17054152
20140752
19694153
16496790
19558943
16846674
20441119
20069815
17443076
20965103
17472510
18728507
19856639
16451340
19228637
15582783
21714444
21592027
17446732
21349049
16489958
17823705
17091358
17353843
21783230
18687120
20620266
18435085
15557355
18414358
16487529
20031846
19055663
17718730
19184200
16501133
15965550
17217479
15529892
18374638
18653426
19945815
21180310
20540387
16255328
16688662
19085003
20706295
20163762
17337347
18459477
17444462
17313538
19492734
16476641
18694208
18547298
19912121
15526664
15703894
17419057
20346338
15947537
20610465
17333490
18601725
15567678
17293611
19186279
19204231
21387580
21266285
19684558
17332813
17162992
21576612
15914746
20426300
18558184
15949176
19243526
18041547
16872795
20058533
21999067
21229930
20697676
18387803
17442662
20887504
22071936
17635624
19034226
17595001
17471995
20360287
20654829
17933651
17260531
18059456
18372887
16441983
18541638
18412885
16128659
17612821
18998594
16493304
16808715
20626479
18609344
16411360
15993137
16258714
16636905
15675547
20306112
19395688
16463928
21134950
16703440
19852699
20059311
17551452
15740960
16752053
21311827
17414393
20128887
15711955
20590510
17535945
15779513
17969290
17205000
17057138
18318967
21952064
19926344
18519335
17764606
21276536
20098721
16181153
19063808
20540390
17351224
19576329
18298989
19537416
18630213
19781265
16883975
21314574
15570546
15532173
21211662
17626391
18644204
16910140
15553330
18164460
17090723
21358407
21144201
18300058
17225834
20472608
18054818
19778705
19836920
18829830
17206082
21654602
20345062
20579022
20536757
18809051
17617090
19917174
16408459
17695557
19080760
16234741
16905913
17726405
18610591
19019233
16450511
19707978
21635629
15788032
19085667
19248411
20530396
20629334
15911501
17589550
20799544
16980828
18926453
19665338
19124813
20225779
20609251
19530018
17927115
17006392
16761660
20131580
17928964
18297984
20803401
16479208
18443260
18561738
20610316
15998606
18488242
16114587
18021557
15528291
17964856
19246247
20655643
18828429
20838269
20157139
20000151
20368659
15931310
21376443
18789742
18322412
17924286
21218304
21604862
20712666
16609279
16362467
20930622
17042235
18583447
17183890
16092293
17390706
20486818
20670386
16683993
21122014
17702516
19107014
19564180
19104316
19239663
20952492
17456202
17084843
19188456
20141794
17556743
16918755
16739812
20519373
19214259
19667032
18061394
16937731
16043345
18429539
21435737
16015511
16551417
20464593
20584701
16676553
19208329
18274244
15686333
16507286
17094366
20607432
19624267
16011908
16247355
17611783
16629543
17925077
19466754
18407728
15793982
17016990
18038520
19185429
18404061
15684200
18849508
20353542
20653309
20137052
17701161
18502175
20635820
18512375
16602515
19900250
18843063
21199136
16514096
17942761
21669517
17329659
18279125
19170299
17223004
20302257
16916114
19606776
16638778
18551570
17310058
17901171
18402417
15571880
17238494
19861376
19660617
16956148
17881194
21199548
20519004
20170830
17421111
18658198
15802479
16800216
18827093
15612400
19656372
17627200
21936339
15701193
18699762
18042486
17899990
17355644
17137166
16360559
18258508
17518009
21033018
19203803
16979311
19810627
19718995
20522658
18760146
15577290
15704596
20571123
17066967
16680222
17312419
19734393
17803419
16239412
15711229
18675635
16983102
18414331
15579349
16212824
16594245
18293872
21480087
17911989
21397870
19444088
18245737
19695079
21164055
20658300
20447220
21475355
21484016
19649422
22073695
21450679
17140795
17219504
21491223
18779483
15837453
16029972
16227897
19785387
18649107
16429737
19860078
17716098
21392804
15526486
15743439
19765326
17992064
19363010
19628624
19302633
19119830
16804364
16965470
16047961
18854974
21894126
20921451
21163648
20357704
20870690
20854334
15743155
19098962
19504767
15720481
16752582
16282082
19797752
20826113
18000079
16501137
16445158
20170407
20555239
15891722
16223168
15801349
15788078
20160527
18343274
17122589
16434815
18832287
20473456
19248431
16431186
16056117
16392103
17219513
21592477
20936737
16134095
20495103
20534276
21548505
21879655
18005911
18842972
18283141
19288649
21229223
20219160
18402238
16862325
15520941
19642430
20117259
18975287
18328280
20564813
19458595
20739360
18158517
17502434
17134633
21558774
18027524
16320983
20355264
15867079
21504637
16116369
15984731
17120941
15568654
20546288
18005124
19837825
16573671
20543388
17671240
16687338
16191139
17654478
16041519
19110800
21307770
18361145
19033181
17522986
17161127
16650239
18032986
15838411
21477457
17020485
17308470
19594367
15561157
16752881
18272609
15991108
19061525
16814955
17665821
16911267
15839762
21554034
19306562
21661279
19282147
20965461
15850429
15530197
20129896
18479658
16860043
15933633
15858686
19783768
19594346
15803042
20966661
18787438
17925134
19522714
17163120
17657857
16150458
16483092
16703873
19813360
16609824
19674863
20440781
17650693
16402952
16753085
17310355
21532281
16949289
17313614
16035475
21304096
18026052
20129271
16139162
17702522
17461752
19166399
19813773
15812434
15658731
19049231
16847672
21473210
16798654
17582316
17397608
16915216
19820204
19832891
17906546
15771153
17452601
19041857
19715096
16871436
16630899
16988299
16520999
19826341
19526524
19568723
20826840
19656019
21587272
15625950
21262611
18789191
17518888
15836551
17413776
17650574
21272371
18427335
17823840
16216793
16301934
16618380
20438371
15815961
20433130
18763364
19479167
20236431
17935835
15755411
17893379
17007486
21085918
21138129
20068461
17587559
20535677
15624706
16650031
19833670
19653439
17091906
16845814
17671080
19480115
17000350
15667371
20919464
19403495
18304285
17911667
16433638
19143235
18638047
19405456
16813512
19159506
16256046
16186080
16356561
21947653
20849278
22053657
20060139
16709352
21971887
15743647
18337617
17472829
20214707
17296378
18849816
18814555
19810308
19822307
19482810
19545399
21610620
20940212
21796547
18681344
19835601
21747417
17151898
16191145
19582523
15971875
15913471
17823912
20219315
16493302
18570120
18703383
17907692
16605232
17112138
19947125
17717952
18555474
19950317
16835514
17002082
19687464
18462289
19280438
18339336
18653392
17600243
20019515
15598248
19106279
17099195
19172352
17464153
20009052
20858055
17222413
18815497
21140345
16684759
16817002
16792010
18364061
21420136
19671620
18760577
19666851
20540393
18573675
21120766
16813541
21396088
20019864
16905437
15928530
17437840
19147394
19202851
20933365
17093983
20684398
16388532
17396058
20667678
20046114
17884602
18600107
19592838
17892143
16151722
15550362
15789386
19736574
16955034
20349421
22124875
16138488
18972936
18271789
19958471
17009802
17142528
20443290
20505507
17015500
16532244
19728502
15960698
18387718
19300851
15760511
16292723
17929734
16318967
16101091
16190003
18830834
20177285
20001167
16776858
21073777
20525649
19702490
15754079
19694621
20212259
19011486
17635625
17521855
18549063
19786527
21104452
16848676
18484321
21047036
20651302
15690867
16321716
15573331
17936543
19234866
18332510
17548028
16826470
21693723
17459137
18329222
21645388
20623521
17035877
19292230
20657980
16464205
21209295
16144265
15971874
20397053
15911931
21282503
16236850
20528709
20381081
16509438
18449822
21359548
21155464
16200740
19602683
19895371
16060580
18772663
16254006
15911195
17578393
17467120
17098368
18974237
16497736
19716702
17233258
18223263
16259187
17152029
16046892
19263959
18724537
18942562
20232030
17653393
16119644
16438811
19245091
19806535
20564932
16444400
21527006
18520653
17352704
18073705
20040632
16261273
20103023
16106330
19776551
20955603
16499678
17627408
20636159
18216667
17397367
18424316
19921222
15717336
20585083
18188910
19100960
19630996
17160236
18205683
16881590
19952652
18342766
20019512
20651478
19359085
16062141
16268041
16629964
17469376
17472520
16380574
18266573
18818536
18028892
20060970
17534469
16487896
16201605
16162385
17972533
16902372
17319451
16813545
20237217
20582722
17318951
16035414
18524373
20727086
19634644
19939813
15801387
17939237
15666263
17665763
18082836
17219938
20591733
19363940
18472244
17908755
20655165
17656402
16431328
20510837
19282681
19219512
18023615
19199183
19535934
17343021
20535621
20459911
15966919
21568698
16925539
21178553
17607137
19673984
18759755
16045554
21590575
21820837
17944781
17244671
18173848
15832243
17697913
19820537
16849963
21054176
18400529
16181012
18816280
15828597
21369634
17303491
20182364
16083700
17309186
19020398
18086023
19643353
15882364
15759073
21252349
15917008
16443983
16620164
20179106
19032209
21898324
19018126
19436289
17943605
16518951
19559315
20198726
17944607
19097736
21404999
21665473
21617335
21129714
20505999
17124615
16764502
17487658
17094359
20934213
17714620
18543349
15789938
16350594
19388866
16723935
20427003
19151986
19504737
17146119
20418580
17185923
15717898
15764468
17417974
21087474
20879014
20421033
19823093
16219176
18827080
15584687
18350859
16895249
16553671
17405807
18511592
17142611
17627239
20846085
20876928
21418560
15731998
19669043
15660147
17822526
20823043
20943343
19615535
17908233
15576258
15800811
19546273
17394379
16061762
19703639
18192127
18612028
19551619
18093253
15999919
15947913
18402128
20887402
18451627
21447572
15520103
17102494
21807676
16604295
20835964
21456497
17346340
18336450
15912283
20505459
20878855
19041451
17583079
19377720
17477219
17103042
18942616
21131175
16378818
21592383
20488576
20639791
20642621
18486361
17318031
17493307
17624201
19943831
19174637
19554798
21397102
19606049
21349007
17427483
19387911
15624549
18091554
20732664
16006027
18520654
18036092
17681268
17610734
19422112
16773256
18596118
17437826
16406035
20070794
17322095
19968144
21150502
21612667
20183136
21131669
17212859
18484379
19714302
20510949
15622523
19225315
21169251
19052945
15796324
21413458
16996124
19552323
18578883
16035634
15807910
21393574
16776489
21623282
16416763
15912291
16709465
21540416
17333651
15973272
15938407
16965249
16053435
20545980
19049726
19842075
16332607
16319757
16681111
17294020
19757870
19423391
17621356
18373401
18370970
16032394
17471035
19786677
20334010
18439049
17712690
18273436
16020414
17069572
21806528
20122627
19865577
15743602
18487421
16096155
20729653
17961888
19838742
16134443
19679690
20969617
18355171
15692195
17879568
21527153
17406015
19674429
16276203
16496661
17984650
20739708
21568696
19016632
19695843
17332210
19095341
20329335
15546222
18340991
19930654
16480405
16293161
17317576
15646106
18031947
16052732
16430356
18715975
20037151
19664190
21321466
18331965
18959283
18829424
15987407
17844727
17363802
19066140
21133299
17443664
16286952
17984404
16262830
19682131
19865571
20131588
21273358
21952066
19656225
21932720
20465144
20655625
18854847
18977679
20952823
16203960
19485882
16352970
16484871
18641928
21471911
16523589
19745325
17721968
19939305
16567668
21972461
16545744
20828515
21425070
20810417
20629766
21559751
18361543
19826026
17855231
20875258
18928555
17214831
15862984
20399491
20218450
17981374
