16676640
16164533
16739186
16733007
16732581
16729519
16259467
15819495
15586479
16786925
16777771
16838570
16830247
16829180
16827528
16824263
16824259
16822090
16821385
16809674
16805192
16791717
16891624
16884034
16881503
16880721
16879008
16876378
16875797
16872795
16872794
16847724
16846577
16845354
16840484
16938096
16933822
16923100
16922032
16920242
16916114
16907794
16905437
16899013
17050338
17046769
17011399
17010555
17005051
17001933
17000583
16981365
16978562
16629255
16620041
17146910
17144913
17132351
17123927
17122715
17119489
17118072
17116154
17107289
17102222
17102217
17102216
17099197
17096638
17096305
17094684
17093001
17087177
17083765
17083559
17083558
17083557
17076056
17074863
17064407
17062597
17062596
17062595
17062594
17062593
17062592
17062591
17062550
17060352
17058706
17249388
17245200
17244297
17244296
17244295
17244293
17244292
17244290
17244288
17244287
17244246
17238326
17235044
17234014
17233078
17225818
17219938
17219490
17218707
17214237
17212260
17209533
17201103
17194372
17187540
17186879
17182421
17178823
17170635
17169231
17167358
17165650
17160432
17158048
17156599
17152995
17152856
17148537
16550700
16076897
16046954
16045416
16045244
16010885
16006027
15992457
15950832
15939493
15918239
15911187
15893061
15887808
15826479
15822366
15819659
15789185
15788947
15779513
15766490
15765642
15750051
15741428
15729091
15711647
15709557
15709554
15700881
15695474
15675068
15675065
15656388
15641525
15636409
15631214
15590220
15589704
15576747
15575189
15574521
15562131
15557569
15557406
15553965
15532179
20302257
20212192
20131473
20131442
19504677
19472494
19230502
19014132
19000351
18979862
18951673
18946949
18838489
18836184
18833625
18829213
18828254
18803743
18803739
18800356
18786016
18780932
18771875
18769982
18760888
18760559
18724590
18715389
18703384
18702001
18701235
18693986
18690152
18686900
18686671
18683414
18676328
18648711
18608168
18597172
18589552
18588390
18521044
18500138
18409832
18382914
18337434
18320906
17493274
17485968
17471052
17467948
17466820
17458819
17458368
17458356
17443373
17431697
17426499
17426104
17425278
17403763
17402954
17402943
17400253
17389549
17380965
17375594
17365374
17364077
17363882
17360093
17357755
17357754
17356958
17353805
17349769
17346917
17339093
17331096
17330359
17325100
17324194
17324181
17324178
17319382
17315576
17308275
17287221
17278934
17278870
17278597
17277279
17261528
17256712
17252852
17252070
17249277
17244388
17244299
17244298
16648728
16648724
16620258
16583756
16583646
16538654
16533678
16521593
16509175
16502339
16500868
16485800
16483096
16471387
16450449
16441693
16425903
16400758
16397993
16372731
16360557
16355710
16338920
16304881
16291340
16261791
16231615
16226610
16223109
16223108
16223107
16220879
16215794
16201491
16189060
16187663
16187628
16185057
16178829
16171082
16162578
16161814
16161532
16149663
16127384
16125025
16121653
16121652
16117438
16106686
16052899
15971934
15966126
15962822
15957317
15933372
15892511
15887805
15859110
15847755
15833008
15796417
15787223
15776763
22004401
21992473
21848199
21669951
21627830
21604956
21387580
21383347
21189504
21132912
21121450
20879134
20539143
20446554
20379919
20379918
20057238
19946872
19888009
19742382
19715635
19715632
19715108
19715102
19701695
19692709
19667767
19628557
19594343
19592873
19588856
19538800
19507555
19500757
19490228
20690370
19472457
19465218
19456052
19454204
19444078
19440396
19425279
19415557
19382863
19380508
19363950
19363573
19350877
19326825
19326824
19326555
19326551
19266855
19263816
19232919
19216242
19209570
19209569
19189481
19180389
19176406
19148819
19135011
19130783
19112625
19104293
19099615
19091692
19072193
19015379
19060806
18087882
18082666
18078148
18077219
18073657
18055756
18041866
18044197
18039724
18025494
18005126
17997261
17987541
17987459
17987348
17985524
17976292
17976287
17975729
17972783
17972671
17966836
17950508
17950409
17934938
17925141
17925140
17925134
17922326
17918618
17913793
17911868
17911866
17911861
17911575
17906167
17904327
17902035
17901614
17901613
17898242
17892115
17873260
17873257
17873255
17873254
17873253
17873250
17873249
17853584
17852224
17851820
17847164
17766569
17727543
17721144
17719344
17716098
17711811
17701179
17701161
17699322
17689846
17685733
17684110
17683656
17654385
17653401
17641075
17635621
17631736
17626550
17623378
17621971
17621785
17619435
17619325
17619324
17619323
17619125
17616567
17615222
17613160
17613159
17612998
17606551
17601841
17601181
17601180
17601179
17601178
17601177
17601175
17601174
19195293
17596255
17594915
17585611
17583148
17581793
17571222
17569933
17564548
17560861
17557604
17551491
17548983
17545349
17535839
17534317
17523863
17514382
17509808
17509423
16369277
16335552
16296278
16295255
16295254
16295253
16295252
21658020
20959506
20948488
20947577
20921487
20921483
20920371
20889279
20861105
20831668
20827358
20817453
20805680
20804947
20804881
20798264
20735196
20727086
20726079
20722326
20695949
20667678
20650593
20615839
20615181
20605695
20597745
20593673
20583642
20564849
20555018
20550645
20539154
20539153
20539148
20537837
20523159
20521904
20505610
19880918
20467351
20456789
20446976
20419748
20419747
20419746
20419745
20388931
20368165
20367868
20237210
20334086
20306615
20211082
20201147
20201141
20179403
20178438
20169371
20132355
19139448
19128287
20719008
19110911
19108066
19107769
19104290
19103690
19101822
19096487
19092555
19091091
19090607
19090412
19043110
19040699
19036550
19034992
19025956
19024428
19018905
19018904
19011877
19004089
18992627
18989209
18981962
18978325
18977846
18972235
18832500
18829130
18823177
18789627
18779762
18768285
18763349
18755564
18727310
18700356
18689150
18684581
18657219
18608070
18604310
18578198
18576163
18573768
18560101
18557085
18556639
18552119
18550360
18547866
18533310
18533301
18512584
18511580
18504866
18497190
18488824
18487708
18480043
18474884
18447064
18446965
18446958
18440918
18430333
18419626
18417970
18416912
18416910
18416779
18413668
18405262
18398697
18373574
18363459
18349435
18342766
18323553
18318974
18316937
18284108
18278617
18276676
18272616
18270308
18269439
18254429
18252078
18251337
18247008
18246785
18237065
18230646
18223158
18220152
18216073
18198316
18194358
18193482
18190683
18181818
18173848
20298307
18161452
18161201
18157505
18096583
18095807
18082671
21602704
21601299
21587011
21577079
21576012
21572061
21539077
21521429
21511786
21506471
21505646
21473434
21471886
21471491
21467894
21465885
21462490
21450776
21446637
21446256
21444832
21397876
21377556
21371026
21367393
21364685
21355759
21307118
21301680
21290908
21273220
21268489
21232911
21127101
21125532
21097973
21079223
21067375
21063546
20615842
20609546
20598470
20597630
20590506
20579232
20579122
20579120
20552306
20550592
20543356
20543353
20543244
20539149
20511601
20511242
20498101
20482747
20427867
20427302
20427301
20427299
20404773
20394030
20384975
20383587
20367714
20360145
20299772
20230518
20223617
20218192
20202780
20191724
20171821
20166212
20149164
16400508
17335524
19575719
21304096
16624451
19751375
19223810
20518685
16913209
18777654
17872750
21471911
18163140
21375117
17662689
17054631
17762904
20469573
17273492
15785288
18280252
20440869
16202793
17516356
21736099
16092286
17179352
20215615
18675179
17931572
19920743
15632464
18089983
21107849
17040635
15617401
19428093
19031842
16645462
15925500
17139816
18487766
19265046
21167326
17040509
16053527
18380609
18973056
18090167
20047770
16175716
19873868
20202654
19851233
19135577
17417932
19718056
20587935
16555640
15689645
19788555
21783092
20144193
20179106
20706893
15720709
15536973
16082909
21367369
15897499
18380372
21122570
18776748
16099200
20128754
18241631
18418017
19374478
18665187
19234423
18266204
16856896
16807169
20685686
18843635
18580280
19935609
18435018
16274940
20508682
21598809
20670780
18082534
19560693
16010214
17979619
17050750
19032123
18264835
18928960
19380959
19842865
19817948
17234566
20679161
20690492
19399982
16740464
21500147
19698037
15533143
19892511
20400981
15543443
19345298
20447006
21476412
15818096
15923409
21939002
20935007
19061024
18945252
16403109
17901824
18465379
18392370
17427248
17767450
18826068
21487344
16175025
18694208
16148510
19439708
19684494
22128511
16863896
16239239
18455052
19305451
19765126
16672069
16040412
21197884
17430301
15710642
20804699
19655210
16324185
17263929
19592810
19837356
15726622
21824231
19881392
19410406
15869554
18375683
21368511
17785687
17290083
19239593
19380090
19134514
20571105
20640779
17986073
21314073
16566336
16425009
18058690
19101224
16830254
17505351
16882000
16032428
16430602
15710795
17333656
16270106
19152282
18259816
18223263
21069601
20684124
21526684
19542495
19021620
17073193
19933963
16965470
17903791
16266422
16224626
19012788
18316489
19101219
15529485
19289000
18650034
17169127
16500251
21248756
15733657
15956267
21272382
15890289
15632503
19307523
20945719
17686604
15673348
18019305
20055980
16860261
21072010
19706349
15683202
18215447
19935179
20964101
19546733
17680514
17483100
15842444
16100130
17070742
16424717
20795613
16242291
19227021
20377778
20040607
21133302
18326417
19568211
21589868
20099431
21367389
19381818
21366009
19739304
21123407
19512935
17080696
16798655
16361032
16898377
20713424
21176305
17375232
15964736
19736832
21358407
16493302
18811781
20964157
21857326
15625004
19563640
18042131
17359902
19297363
19029919
21481519
19242088
20307283
21125031
19293416
18677868
15672743
20798083
17572196
15968228
17249283
15750504
15785067
17210396
15853292
16084483
19948634
16961553
16983850
21530706
19750383
20046116
16343637
20810409
18160859
17584267
19443240
21515748
20038717
19674860
17515261
17584341
17595811
15614543
19997934
19594344
17983989
17604262
19811559
15769971
19885069
19491355
20022198
20593678
19638741
15741497
16883190
18018820
20083929
16923433
18363496
20849989
18990895
19877340
19306980
16213645
17667396
21727792
16481924
16544076
18315998
19434024
19455607
20088630
21070357
20192080
19883327
15708184
17698331
17937971
18188711
20498011
19463083
17059086
16651054
15830271
15709547
20453190
15773598
20220627
17919163
15948479
15617635
20517109
18432048
18373579
16226428
19955904
17949402
19534222
18019286
18453903
18760558
21568695
17628961
17674111
15548934
16823646
21510262
17067516
17592972
16619895
15967039
19407054
20868958
18392632
18500280
17078324
21571237
21765244
16003060
16350482
20068311
19433997
18544976
21488564
18395657
15889783
15789389
21903694
17598458
16759065
21382797
21115294
16836215
16915297
15688921
19038976
20116122
19015926
15798422
15889304
20878670
16908363
17102156
19530026
16712701
21469038
17378818
20194431
16804636
17494443
18687120
18391108
17524866
20646900
17628462
16109300
21941720
17329301
19068042
16680222
19140402
20208067
17661544
20932505
19272585
19623510
19414837
17040143
17659005
19564323
21391772
15628643
17092860
20623554
20006413
16583952
21513000
17953061
16618023
20803390
16198772
17284550
15710804
16982001
21176004
18216608
18709839
19794159
16620354
19062773
20873066
17187120
17108599
18681344
17886591
20169013
20693238
20099773
18808601
21688514
16620317
15842115
22067735
18271833
19673014
21612517
18004189
16634278
19885649
16945446
18471339
20937146
15736511
20717172
17098393
20872146
15918469
17767930
20144035
19864968
16562702
16913578
21492285
18837203
16817002
19728524
16434231
18515607
16132530
16893143
17929400
16282072
21083725
16023455
18524550
20654820
18544377
19395709
16849306
16524967
16238867
16837693
17433966
19899669
21708000
15916121
21426600
20643275
16308129
17671080
20158545
17455607
21680669
20738054
18948771
15965384
18380316
15821676
18808300
21639660
15928222
21404768
20193874
16450875
16782923
20033624
16594277
19227631
16729624
19735497
17116149
20649671
20371029
19711657
16868427
21404447
21661529
18272607
21316239
19590235
17186422
19070470
21292359
19462185
19667887
16903582
18591640
20088340
15606832
18713128
15788080
19492169
15520701
16378770
15811107
19237883
18639660
20531108
17510109
19879166
20110825
16371863
20303029
17559917
19697042
19179790
16061888
21164391
18574368
20473793
17786036
18267993
19836605
21254468
17142528
22073745
19023840
15904552
18043787
17266078
20572429
21149288
19523580
19502171
19451479
16898939
19278184
19939302
17182975
18063043
18950440
17685730
18198966
17576247
17601154
15946281
20502170
16739207
19860078
16187439
21126816
18171306
19961816
15586152
16368178
18417731
19851137
18043775
16174561
19657495
15961624
20568551
19173940
20158548
16841229
17207743
16566531
20377431
17517571
21319425
16124136
15599171
20841651
15692139
21320347
15639679
15622149
19619092
17310344
16049120
19320566
19046651
16324938
17229425
17763050
17044441
15515856
19431006
21287798
19557400
19187053
15776774
20966866
18033664
17825095
20000030
18957464
15920374
19300070
17002177
21658645
18295936
17510001
19414828
19902573
18993023
18344821
18761842
16236700
18354823
17584351
15693988
18776751
17541307
20568379
17366226
21722991
16044791
15683143
16168544
19469068
21292444
20142407
15997604
15857196
19958254
16567668
19635343
15622666
20222397
16449395
16688742
17048351
18796050
16432830
21345818
19363001
20104813
17384954
18335258
18180501
17629906
18339641
16477410
20965458
15957301
16357705
16443997
20123825
19899198
16779953
17664501
17851374
16566565
15807755
16613601
20450018
20443253
16775795
16991107
21345380
16963548
20601640
20039222
19112345
17261205
16627318
18558184
17804339
16955034
17525838
17179376
17904483
18496357
16238905
19125385
16911175
15772362
17519048
18689533
21365168
20546466
19305340
20633747
18727823
18725831
15575521
18539544
16818841
17978615
17531766
20201665
21179667
19624479
18382695
16282272
19092468
17521855
21322879
18959104
16884615
17826652
15988448
20123175
18251187
19552036
16784413
17964577
16931972
17572801
17500503
17264698
18255069
19057566
16714851
17728362
20043709
21504264
15846012
19892509
15735261
17955884
18715407
16876728
21534823
19527383
16317329
21304383
15701779
19020144
15566559
21445517
19095834
16097606
19397078
20858692
18538219
16572570
21132866
17334159
18854470
19240203
19007095
18156246
16342025
17440640
17229777
16055241
19636020
18395392
19615889
20088397
20680534
16494533
18648892
20349353
20863521
17058752
17132593
21295485
17004660
17877872
18594321
17547983
21550217
19731892
19420152
19685532
18438533
21131574
18217541
18653426
19502224
17428540
17397708
20922802
16438097
17572924
20145963
19648850
19740444
21684479
19491592
19406456
18786082
18287979
17150325
20159531
18245216
20525473
16956337
20603752
18804999
15669434
17636459
15824291
18360139
15792753
20541443
19358074
17342853
17479054
18082416
18856016
18996427
19960922
19833478
15843180
21629336
16245480
15722399
20530526
18856094
19558289
19024666
18330626
19251730
15995823
20537127
18982881
17317363
16286324
15841884
17855718
18443803
17102407
18194180
17102289
21730228
19687698
15740172
16076327
16624316
17201943
20009052
20510949
20078014
18789191
20499485
20813997
15704328
20105161
20531173
20180665
17764038
19647207
17597523
21294497
21300192
17436178
17059611
20463544
19499993
18489446
15992202
17328824
15964371
17223939
16004836
20538421
18685369
16395637
17426492
16714461
19961973
16322418
20231189
21576596
15936427
18563001
16200512
20552770
17165205
18294606
19291271
16867965
18663980
19365396
17494454
15840070
20375983
18845477
20602140
17991366
15658136
20349626
19014739
15528578
16614642
17944154
17337517
16032937
19562422
20712468
20194891
17036883
19642148
21494781
19807236
16801140
15575190
21234746
16808742
20636159
17846089
17352704
17127156
17504597
19400397
16466350
17387520
17421107
16512977
18565816
19134063
17000609
16685051
18578883
19107304
18095075
18444044
20804928
21463803
17063585
15563054
21341442
20650440
17574692
20132712
19817878
20926175
16369431
20215333
17274175
21307687
16686267
19585061
18269433
18344890
19418242
20842612
16775473
19521272
18842455
16508483
15603246
21166549
19181041
17363848
20185446
15761368
21139501
15840892
20467431
16195567
19387871
18462286
16895711
20505999
16180953
18183643
20331914
18300270
16116351
18329157
16827838
16175784
16459905
16711307
22078679
19568721
18794474
21605269
16083480
17897152
17110823
17785689
19437914
15990913
17533925
20954167
18350143
16621784
19445070
15641074
21357911
16424959
19495810
20064961
18275400
17439757
18413628
21944692
21246451
18722692
15877590
16351518
21623216
16214146
19765884
17394731
19204226
17531568
19747253
16010471
16594461
18464443
17158127
20630889
16280793
16505421
17133883
17262005
17189284
16873848
16428972
16372601
21478277
19606235
19357603
19006588
19627048
17551877
18216407
17469381
17896880
15760496
16313531
17618118
21129618
18313179
17892635
16638773
19999862
20523230
17540908
21610620
18624025
18207046
17106000
20347311
21576606
20545873
16013014
19064962
18404137
18559797
15540498
19806254
16719042
15618093
17459138
15651946
17298955
20615273
19748861
21253876
18495052
18267996
16288149
16419452
20027876
16524868
17968638
20377663
16739316
18593228
16260357
20970883
16819564
20610490
18942486
19947025
21111980
16260054
19307895
21145404
20008210
21555284
20940272
21928608
20067667
21137705
18252015
18372379
20405680
17460312
20024741
15794082
20607688
18204991
19054983
21418560
15829838
18333733
21038496
17187718
19099037
16860242
16060300
18578109
21520516
15691240
18035535
16936604
16447328
17855010
18727752
15982979
17425124
21060121
21499198
20626379
16445221
18093117
19280201
20055985
17083561
16628312
16400282
16498154
20562786
15527614
17020108
21448539
20654793
17944314
20174934
18520798
17419883
19194308
18070223
16302440
17660496
20499784
16532244
19489507
19039051
17159560
20172454
19744192
19244570
16871657
21431387
18752527
17938579
15901418
15860472
18824621
17619405
17541326
15876881
20978451
21391861
21134055
19703637
17326022
18481465
19004171
18840124
20354419
20452169
20531080
15640681
20377771
17400674
21591329
16076234
18570011
18558183
18332571
15904887
18297316
18332736
20064056
15804644
17244872
19695425
18828429
16609309
15869559
15557551
19240613
21507187
19128346
21168114
18312752
21601724
16219711
16340589
16106772
18229771
18847639
16287056
15715031
17869968
21267949
17043775
18800284
17972617
16814628
15778816
20716901
21053704
16752014
15973343
20956260
19777309
17108883
16460359
16928282
18157913
18825572
20657153
18649244
15682699
18354333
16959466
15517161
18175246
21531580
21333177
17870647
17120955
18416356
19692201
17664500
16336588
18018571
18504057
17874488
15610989
15934547
16330968
21541017
17445329
21679451
20655522
16771288
16518737
15659900
19609073
21560898
19005339
20406508
17142601
18201012
19241788
20620266
17849608
16292626
17276649
21301677
17374279
18948434
18289187
15654187
20177830
20210527
20050789
17001937
17715444
18801272
16499301
16192507
17955355
19361312
17883674
18095037
16639257
19773503
18158508
19879462
17703689
19368568
18387016
16091028
16615260
19674761
19479670
17298250
21518675
16802428
19920832
17482301
16773179
20056904
20883594
17152915
17407796
18055904
17266420
16293538
17963335
16629579
17916588
18384358
19857216
20391855
17324176
19762582
21519399
20471766
20453732
18827093
16566177
18622914
21254487
19529041
16330134
20338979
16376146
19092030
16614882
17300913
16531781
18637140
19487615
20023471
19671650
15917259
18684008
16245560
20617780
15991276
16101855
18272092
20862889
16702820
18545132
19103329
20036397
15986722
17935651
17469347
16060201
15742601
17987457
17260846
18072606
16022139
19655676
16027580
20380613
19234424
19338185
19197690
15727286
18581017
18657248
15645930
21040230
15680611
17678514
16849746
19243778
16322176
17848423
17045129
17196990
18284013
17760366
17432772
16136358
20888647
17042803
17298264
21099065
19067161
18844529
21311271
16311488
17695002
18319382
17984650
20163229
21317786
21703676
18076926
19321037
17953293
16827455
19009778
21170659
21273219
15857533
18815503
18629507
17468928
15798453
18361943
16335351
19167968
21322498
16487840
19419344
15799484
17848000
20547913
21748989
16672255
16696539
17464569
20362219
17276540
20626578
21084047
17537280
20830836
19527506
21521957
19587108
18772301
17319557
17911863
21256624
17971627
15819748
18955845
18983652
17040512
20825809
17962497
19161809
17899388
20464519
15960692
16119296
18199300
17380340
16449684
15513613
16972975
17540530
20521007
21382306
16848881
21485897
15998606
15896961
19422945
19549088
19646190
17309897
18347485
19025699
21384467
17110087
19689767
16449676
16166920
17619594
17679663
20950442
20719752
21272821
19475830
20955603
17616315
16698335
18297206
21305423
16500578
18923870
20016412
19646192
19541099
18515290
21702401
19641933
18849744
16445251
18338454
20340063
19928616
15552501
19474637
20664547
21059417
16923645
19797754
20350912
21214714
15747077
19690787
20345521
18364488
16832007
15593323
19175637
19453305
18477124
17102272
19704188
16403225
19021486
16004159
21561513
20454567
19434700
16719430
15674831
15946901
20145234
21385448
18426466
19617282
20016435
17724680
15717902
18437182
20854355
20888535
18724537
16044978
18608725
19756491
16858114
18609800
18459898
16466349
15704770
21805947
20978428
21219527
17909221
17414332
16408188
20423418
16966670
15842183
19786152
19809350
18588253
15884222
20636510
16315651
16775904
16130927
19647967
19055075
19234100
15577647
17355405
19664877
19494681
18488837
19825711
19201514
19942702
18320066
20824612
17356033
17462084
21145628
15641944
17473543
18505603
16213285
19754941
16418987
18242337
15612398
15608097
21133299
20363444
17470871
18726814
20408274
16329222
17548020
17389412
21516003
21045576
16035081
21504314
20510841
16318109
21638822
15819525
16093890
19048698
15928299
19268393
16444341
21400967
21029281
21436338
19817274
16913374
19343434
20921037
17603000
17069104
19628236
15706160
19898834
18773330
16687380
18202203
20071834
16024480
17444172
21912023
15659922
18535644
15582644
16949289
18304125
16698508
16788117
20831000
20554423
19401131
15693726
20829800
19506274
16431256
21218571
20884894
18076127
18041547
19552133
17348964
20507899
18030151
17393817
18386110
17364579
19149063
16184292
19723274
17729170
20056018
19709798
17033569
16617720
18593836
16293508
20180056
21297150
21487345
16455226
21401285
16956427
19288562
17361586
17176303
17175948
19124977
21493298
22068179
16610298
16907786
16320144
17476142
18032204
15710277
15548130
21095321
16476881
21351125
16024146
15962427
17140758
15948080
18283141
16266035
19205660
19258094
21675090
16633276
18712489
16011137
16327299
18434868
19203803
15552384
15881050
20408762
19272512
20152089
18946390
19032015
18503535
19947026
17149757
17692249
20041384
21800741
17434621
15616146
18946369
20693569
19471139
16209223
16405709
18849404
18926715
15999894
16915975
21788585
17502809
21557102
19750836
17212292
17552039
21675316
21534927
19061197
18323356
16006914
19028331
17562720
21748995
19304807
19822227
18619086
16959677
16552592
20050791
17785015
20005317
16787477
16951297
18599259
16122364
17137425
17551423
17116010
17636688
19281088
19402568
17309386
21187265
17971554
17081921
18605350
19941237
20558789
21736109
20491193
18284826
21789290
17288320
16501142
19141180
19695286
17108547
15644641
19830850
20227674
16433638
17557933
20422432
15987336
17542030
19246103
17427369
15573331
17983544
17727554
19626946
21862193
15819839
21045577
21667573
19171059
20890220
19957420
17480142
21304091
18344453
16043003
17687192
21689845
16799016
19184240
21839904
16868335
17356933
15576258
16417412
18688054
18625906
15739936
17684121
21707004
15802000
16309594
20472840
19537628
19022074
16392451
16585329
21239783
17459812
16370189
19441657
17378356
16050889
21280285
20654870
17990402
18665065
16566822
15877636
16879539
20940249
17364675
21112849
15700156
18977111
16342920
17953235
16033497
17304080
16422378
20938307
16425819
20220661
21585226
17052089
16313374
19237043
16408461
16859870
19157761
15864767
19926646
18588395
17449410
21189717
16259795
15546535
18683524
21251169
17343661
17512862
19240682
15739634
17051886
16823014
19324927
18030160
17679265
18394900
16076279
21495463
19447530
17665062
17996788
19772703
15522468
20939158
16445662
18398082
20373630
16219112
18567387
19014410
16006829
19393482
20163757
15574622
21519289
17019372
20195927
21069122
21439599
19937955
20032758
15532222
16854239
20349649
20961414
20510700
18583303
17983479
16183359
15589088
21146167
15895765
15833474
16353288
16856033
16390532
19791665
18472265
19154306
16500449
16533537
18551968
16509834
15735199
16960752
19786884
18360201
15573804
18400435
21428230
19485724
18590520
16877656
20671442
19703382
17331805
16225322
21612667
20390615
16749539
18640757
18397949
15894761
16105190
17380491
18443010
17116184
16462349
21718624
17542721
17206551
19123871
20562572
20691476
18157484
15796639
20080021
16161386
15675731
16704384
17669054
19259924
17869138
19551273
17213479
20377498
21222328
20085970
15630681
15579357
19645809
16837694
16526152
19896314
15776901
16133644
16838801
21343171
18718157
19029007
17311642
19457727
17432992
20153230
17410748
16755314
19965037
16052943
18296123
20615918
20083546
18299361
21787434
19719516
16521712
18222219
20604652
15744694
20979771
16521365
21542913
21621942
18055901
19348818
17286671
19647598
21323007
18690127
20510842
15773236
15960789
17683303
18560286
16956498
15679018
19914086
15964644
18725407
20401971
16287768
18279067
17588841
19088482
17133895
21680916
21164414
15812616
19682847
17711973
19914955
16062166
17124615
15729796
16505131
19185265
19564770
18073358
16244849
17086298
16331362
16351532
18700586
19817598
18337183
16974179
19940420
15894234
18571213
18165422
16522511
19023446
20414945
17645956
21976704
21988682
19263156
18202987
19335382
19196034
21540599
16203852
17583284
20027507
19182274
17438933
17219488
17338740
17874086
17283821
18361950
17651770
20827068
20493590
20168010
15846604
18051975
16324939
17398233
15991586
21246171
20391148
20964485
15950116
16959745
18402301
19270470
18501434
15700596
17026762
15543709
19605964
19142055
17476618
15787229
20211305
15881934
16848897
16607262
21444178
16704285
19004044
19449710
17563326
21182379
20616116
16719846
16472495
21477974
16259634
21207723
17708488
16278571
18079551
17598039
19566693
20420549
19372121
20639825
18571140
17194909
19208648
17265703
21717947
16523034
20143102
18585838
21482389
20852468
19437873
17657658
15855177
20431857
19737266
15890046
18557433
20026899
17444462
16444399
21214716
19526324
15847905
17929281
17971472
15610381
16298835
19237874
16253259
21645040
17898931
17206572
17960669
16594227
21617788
18412839
17213999
15717707
16377830
15862642
16037723
15991756
21353132
16616267
17548401
21134196
18705724
17902393
20671007
21462456
20544477
21071568
18454762
16594422
17341881
20837738
17068427
16440711
19673984
19523859
18423732
17007161
16198192
19451460
21548351
18310208
16403595
22000178
20669872
19901039
16114647
16093254
21087832
18620101
18027520
19116550
15610343
19186225
17600598
17608084
17714907
17468606
16543782
16508472
21661658
18650534
15900805
17276800
16723935
17257297
19839391
18548416
16607599
20081100
16448864
21593012
16143750
19842359
18259897
17568491
16567319
16706705
19889408
17876137
16388260
19805707
19777790
19318286
19146083
18031482
18676507
20816332
16843778
17086836
21672116
17635625
16700166
21416409
17257396
21726796
16182821
19807234
15658237
15641236
20857660
21575224
17334167
15659085
19328744
21596210
21398387
15832644
21645114
19838884
17152024
21797726
18184203
16451156
19050082
19344264
16583872
17925587
17908530
16898343
20505459
21069603
16728866
20739708
19933247
19432986
17486466
15947334
16318967
18630360
17715167
15660137
16523796
18926979
16782950
18684582
18666719
17419398
18286990
19425287
19760207
19894359
16264317
19648790
18298632
19753504
16673639
16856695
21382079
19441880
21410900
17645791
18825511
17924242
15711229
16800395
15945363
22124875
18609242
19164212
18698189
18810616
17597413
21560952
19130685
15642502
18041567
17879568
21138883
18678817
20529186
19060821
15768651
19858343
16229053
17640243
17494826
17075366
16644323
18021332
21469515
18243897
19561513
15516535
19258838
20681392
17573272
20508675
17579304
17624815
18634731
18417233
17455049
17441822
20014709
16439499
19665686
16052127
20069825
20809422
16439497
20815752
16245190
21384792
16379471
21322194
19464755
19915873
20511193
19183146
16035267
19253130
21466580
19959482
21052568
16887392
18282812
21091048
20375814
20308935
15957700
17881101
19492151
16963195
21625661
18430153
15999517
17133682
19886328
16216471
19844758
21676675
17316883
16636040
16698157
19317191
20530647
16341301
17327248
16986577
15924034
19889557
18216667
17221079
19593314
20570781
19663573
19084897
18453099
20190722
20229139
16706810
17686221
17385965
19157674
18518961
20380710
16821695
20019512
19786769
19962629
15565597
16256118
21482839
19736742
20227793
16490550
21737331
19363329
17890996
20486821
16083468
21424942
17912536
16338814
19162408
20132621
19509210
18796016
21481971
21523751
18982783
16910193
15914767
21440219
17593568
16835562
17565765
18005515
21189821
19301983
16519072
17400071
19134486
17588493
19855271
20453701
20441464
16719606
15749591
21342509
19995864
16533534
20098163
16837681
16155809
18332384
21208702
16551153
19474448
16822117
15746496
20614429
15796645
17475724
16034853
20354243
21842015
18946979
20488605
19049231
20804891
20043845
19592081
19136167
15993675
18564695
15633311
17394639
19575721
18335899
15616237
16511737
16022238
19619228
16205432
20585212
21185989
18386954
18201598
20492684
16968759
17330297
19476775
15602164
20113708
15752835
19201298
19216993
16420822
18488866
20010377
15948354
17440296
17224856
20188623
19960396
21266888
21536815
20171037
19281671
17394738
16476372
17370138
17646058
17033441
20387594
19361124
20890145
17091759
17544129
15956862
19718743
19237434
15552386
18647254
21211484
20922540
20305532
20218895
19806816
17000098
20094936
19538796
19668921
15915060
21696077
17714255
20848833
16757281
19556094
18476853
18209847
19525778
17094305
20940212
16782251
17701334
20234993
19666961
18202988
19261362
21575155
15515614
16456208
19147130
21469492
19684530
17310422
18569419
17443245
18989880
17579800
16491921
20072977
18633015
21214379
18164455
16115175
20179464
20397523
15799015
16208592
17500296
17267087
18495415
19299475
18417961
20431457
15887919
16464768
19440177
17678833
16631822
16163576
18931273
18227882
20337734
18785936
18544043
18332383
17277650
20370762
15891488
17658961
18463840
18826650
19254200
20090660
18662169
19042914
17091005
19683253
21741117
18490663
19850437
20010234
16222396
18842202
21507078
18388647
16191850
16076792
21158998
16810718
18083167
18021128
16808770
17575750
15679494
19812590
19165548
19380301
17907007
16249592
19187836
19298976
20175316
19266114
16956743
17148538
15999958
17684107
20887526
20643629
18564436
16728480
17949622
19483063
20367724
17343319
18833453
18424316
18814778
18595218
17518141
20360914
16641650
17213049
20589602
16162387
18294873
17027072
19408554
17667338
20736398
18362259
16292336
17674610
21495397
17241252
19156392
16455523
18176125
16438717
16567821
16005834
18307598
17661198
20473643
19632805
19390178
15946831
17190120
18332746
18839550
16113156
17356093
17239072
17970860
20369755
18278840
20029341
18325139
19703037
18781251
17002083
21215697
17056916
16783582
15859964
19577834
15894994
18235403
19775774
16504481
15953669
16511687
16191134
20460560
17215598
19021126
17361388
19826326
18430621
21450173
15967838
17463337
16518951
18186374
17971465
18656044
16926948
21276594
20443305
21794116
18043837
19660639
17631315
18386451
19229067
18606935
17703015
16585091
15569894
21778910
19998475
18952748
21078001
16462443
19538693
15849518
15551638
18482118
18311086
17062510
20213068
20852469
15761346
16641821
17164685
20948246
21649768
17584290
21521954
18300619
16335610
21674471
16609079
16336620
17156447
20362383
21195944
19458562
15526568
18462280
15862727
19485868
19820225
17828630
16433804
20720083
20443279
19337714
21041191
17716417
16956715
19299368
16282234
17531434
19389137
20118704
18381849
19036735
17205000
18802808
19780435
15762907
20030498
20674334
16235583
16430332
16469976
16881995
20557393
17849678
19615623
16686244
15917368
18500140
15553181
19692159
20591733
17164055
20129896
15714109
17286737
18524338
19210599
18387481
20423442
21511353
17603377
20217048
19064382
20133957
16282819
21315638
15612232
15597828
19639904
20337793
16797440
17505379
19919592
20610133
16310666
20456340
16598520
15561556
18039730
20875211
18761366
20862893
21863697
16509450
20927739
17090723
20627524
17197795
17060267
19282319
19567753
21456486
18756161
21785179
19913182
17449521
21292051
18682352
21177708
17263717
21323845
20215750
17470919
20191750
15855951
18299730
17828655
16126054
17426497
20403556
17146067
16926761
21497248
16677998
20551742
18227830
21969408
16263648
17505377
17530539
15728419
20088016
20347565
20639645
16121874
16553707
16917424
15870091
18979996
17333040
17396717
21439059
15684841
17022877
17895631
16022884
15706006
15644541
18453356
20361444
16849963
21879654
18485738
16551381
17592658
21674523
19734397
17872608
18522701
18952706
16730290
18826901
16174941
20429124
16573671
19017602
18472683
21404004
21501900
17594409
19076464
18561848
16594881
21241984
20855129
19845551
20671079
20170328
20712216
15706690
18034333
20397323
19954266
21717817
17060286
19729322
16088832
17591606
20441098
20873534
18269539
18554911
17918029
18236650
16912577
16536870
17289538
16720750
19190999
16741840
19561501
17908745
17122613
19999661
20579332
17640283
17192523
22039748
19907425
16292013
17727609
20423415
16911142
20438014
18205683
20397478
20860978
19319772
20665341
17588851
15529709
15887946
19558787
15530753
18564969
16425948
17626134
20230175
16630428
20234203
15958910
15734134
16903589
16001692
17610991
17924373
16286952
19137480
15636397
19306789
17462038
19708058
19200465
18955722
19866504
18508820
18352996
20578046
19581026
18827088
18438676
18496090
17134596
17261965
16082277
17107244
15957821
18951383
18399022
21537964
17037703
16905490
20173693
16180548
21473969
16239231
17130700
17607146
15966212
16971286
20942881
19287252
17187545
16095789
16626361
17520840
21116945
21349374
19948782
21241205
21227633
20204421
19044102
17626116
18327371
19306565
20516452
19526887
16474244
19673731
19207133
18588800
18359181
19877163
20228641
20001195
16951021
17950964
16550675
21563541
19010605
16529138
20579022
20633307
15772509
17272792
21669374
15805447
20697676
18786971
17279204
21843118
20638813
19255583
19856559
18363064
20025424
20494453
17139578
19514803
18774048
21644872
19748041
16184942
19541254
17852255
21640886
18570223
17699189
16078801
19765123
17183940
19192897
18180989
21199464
20000031
21382948
18038534
18054483
18173735
20925293
19785363
17077716
17042703
19813132
21150517
18302657
21701043
20236430
17408858
21207737
18506543
19589767
17084766
21178355
19780850
20923990
20418007
20437280
19164133
15682879
18472244
17935242
17646502
18429371
19747200
16273007
18053765
15715075
20526117
19402860
20937185
19739484
20063250
18541401
16504067
20870972
17244186
19720683
16421657
19574107
16569406
18535317
18290410
18701322
15533366
15866396
20562092
16476683
15682724
15899730
18179503
21722164
19095823
20926743
19515102
21085068
21820540
18558884
20862219
18995854
17230396
16302543
21162170
15959758
16909729
19447305
18429700
16496660
18186035
19668280
18719058
20649665
21411825
21418288
20438946
19734191
17261117
18649109
17375806
19055266
17385042
21127509
16324493
17481458
20386034
20044690
17763110
15667358
19901005
18217905
20575199
19433835
18164465
17880473
16356205
19395703
16288390
18849089
18823325
19835534
22001799
16921334
18592986
21419262
16024417
15859106
17935243
17704880
19652919
19623042
21916094
18598388
20966631
15699653
17220158
19753420
20881559
20486519
18660767
21221659
20719721
17955625
20114095
19409635
21141265
19653388
16988083
19011232
15957293
20726268
20022909
15696899
20494690
19042888
20448233
20884788
18251578
16047994
19567494
18060203
19027089
20821958
19842004
16464871
16039735
19842785
17069572
15592814
16612442
21112453
16849750
17039996
18525346
20530127
18669709
16178347
18086023
15997955
17063631
19492762
16520263
16866824
19892293
18570598
20230171
18689293
19942114
20427000
17261689
19875006
18246014
19841548
21278668
15678929
18306916
20546364
19495946
20308222
17280672
17134633
16451360
21117327
17544541
20594536
18274360
16754571
15782878
20183360
16501534
16411359
15528587
20125069
16174925
16195820
17558578
17824870
21693723
17467495
17885379
18754706
16733115
16393440
20857674
19140196
19858959
18728445
18179675
18694479
20126962
19363932
20959727
19351301
17701384
20433438
17332119
17227921
19788102
15633057
19434217
20521572
18240626
16908743
21783230
20796072
19422944
17254493
17877563
17261396
16276471
21037439
18542006
16494259
15792746
19460597
20647791
20207173
17846552
15997043
19759423
18327374
20965794
21411820
22053499
16157935
18546072
19151964
18005351
20199943
20499710
18604759
20024733
20572539
20876396
20654897
16492843
20414128
21641505
20048377
21605514
20835677
17345974
16752233
19924581
17621972
20089307
16675364
18272612
17335518
17931328
16681228
18251737
18158437
19715058
17310766
16761662
20860257
20040605
18636007
20501486
16136455
17419573
16767851
17283956
16359598
15760811
16696140
21394491
20349421
16443975
15685965
21070702
17234418
18555560
17464656
20621221
16608671
15577704
21298938
19551275
19041531
15967625
18355699
15730184
17095439
16631176
19694530
21168943
21605261
16444408
16137578
21684463
20004443
16474249
19213966
18414334
16205829
17313516
16416459
17911884
20232030
19399208
17150257
17653393
16336367
17849721
16326212
17045718
15705243
21039850
17636820
18940027
20081641
16088435
17020234
17217611
16247636
16998150
16711333
18445730
20006644
16822110
17710787
17962879
19442479
20833622
18047497
20467909
17610734
16964793
15644703
21666467
16874603
20171775
15807750
17934591
18241967
18410819
16250826
21266202
19573777
16532047
18336706
17144841
19597825
19184557
21558105
17353575
15612234
15637849
19422632
17366527
17630006
17764780
18556081
16800117
19120748
17491563
21084411
20817564
16568625
21254812
17845972
20098139
20496305
21844508
17069270
19775771
20155554
19104172
17133892
15974225
17380843
19687464
16832992
17064961
19712845
20224530
16004155
17095377
21492277
19255297
18180790
21337988
21229785
21717470
18076555
17152028
19694621
15856386
17095426
17059417
21692585
17785685
20646708
21537070
19186281
15604120
17601474
21424329
18158212
20167838
16827445
22026194
19106490
19811604
20346702
15920317
16634899
17435799
15936987
19443040
18388682
16640211
22005243
18033960
15578252
17719361
18308632
15776599
19388901
19537147
19381055
16871377
17629751
16488823
15532175
16173895
17609249
18614913
20799497
19545661
15572014
18628763
15852726
21591406
16036728
21415766
21403487
16128659
17679641
19287264
15932068
16514807
20204989
18198456
19085179
19104193
16789336
19665338
19927625
21208474
19760154
19959299
16327509
16317670
21664719
19088647
21099654
19073518
20218270
16779106
18357437
19770134
18760247
19671647
15665634
18550777
19351551
16004706
21030211
17908528
15728146
17359569
19886088
18778558
21701921
18494393
21744732
17089539
16929715
21128694
16759783
20547285
18078273
16542838
19530636
18690149
21532073
21521838
16684426
15943144
16777796
19527558
20178588
19546446
17506231
18032992
16053592
16326211
19177521
20950201
20504261
19606196
19145803
18540541
19375271
17907755
22203538
17054862
21240082
16265798
15550363
15789678
17712643
19213516
21291326
16627397
17903780
16019865
20150604
17505246
20429125
20625025
17411580
17635627
19095330
20077806
15736894
17069957
19793719
17219527
17264695
20959723
20635642
21110401
17535315
17345603
20872772
19052703
19175220
20387297
20303230
19467434
17696629
17939197
20552612
17316426
15779247
18275533
19719547
15868347
15573675
20630014
21182037
15992184
20036097
20299537
15864918
19940587
18520654
20211406
19338401
21158990
18810506
20196464
17602321
16808691
15875229
18842916
18655687
17020719
15546644
17674469
20804878
17182416
19385331
20371636
18361952
20426300
15829452
16728902
20143739
19416602
15603695
17087612
15644701
19537396
21220994
16289803
17213495
18547435
18474877
20975326
19026922
16056113
21492337
19181371
16216793
17883657
15544666
20329335
21170576
17903244
17473397
22021547
17153572
16908229
17891048
20437005
21336134
21103767
17827839
15974046
16138454
21185992
19489032
18080622
20621900
17283922
20543388
17945887
18486361
20465076
15827908
19966728
19003799
18431881
18982308
18620104
19615730
21353863
19915902
16890852
17784867
20561129
21370796
20103000
17882501
19876637
18950298
19780514
17351023
15735597
17344254
18988582
19261197
18158517
19726207
19291280
20358517
19041451
21368535
16634727
17327750
17181604
18226542
19005091
20716551
20218770
17474289
19515476
17158834
15787774
16420107
20399376
17883742
20008424
16795977
18505619
18346629
20491594
20334770
21362711
16263613
20974414
20173171
17996512
15833468
18320453
15930430
16078984
21435277
18066618
20218152
16468255
18619717
19244732
19675320
21085886
17610158
18573483
16870386
16539318
16685243
16565619
19857982
17272898
20855994
21371292
21193620
20552923
17936148
21590636
16926989
17766672
16602402
21486125
20536486
21375410
17650354
18578219
17042021
19124808
20601372
21277030
21655407
16263619
21053441
21723025
21371787
16420206
15714151
17329643
21276535
20220525
17467557
21338747
15562345
20049258
18510663
17131719
16430350
19933249
20547286
19038523
16334801
21635629
17400289
16604583
21298944
17949448
19517901
20570462
17290065
19369143
21488562
16804496
18282342
19006500
21093369
18551151
17955886
15889782
18470844
16506212
17163314
19380956
15542506
18814555
19850435
15632403
17144574
17418071
18363491
16262094
15669775
18052521
19502223
16933819
15573828
21361119
18721082
20102810
20946681
17075690
16790162
15882366
15822708
17343037
15782876
15967452
16914938
15640630
18709041
18413181
19657880
19632975
16549294
16211174
18846794
16911752
17387302
15826425
17896725
19996500
20841981
20438399
18798714
20148462
20117259
21373178
20443409
21030114
16454978
17447684
20539999
15871929
20306848
17316458
15688924
20494296
19180577
18329222
16108943
17086800
20110524
16788086
20808147
16405706
19085957
20104515
16041228
17562731
16404082
18408263
20218136
17846366
18310624
19447306
16054572
19763700
19634381
21793739
15570771
16278959
17927116
16391311
16515856
16353322
16905630
16838663
17708328
17543654
19710615
17522534
21349210
19339264
20541832
16529289
16489379
19183427
18209158
16704351
16135724
21102177
19143235
16092163
20595536
21524448
19953730
16986584
19522554
19197680
17851337
16280000
21044926
16240065
19075085
16755942
20679556
21070639
18386686
15553754
18845476
20129882
16986758
19496031
21647900
20229817
20471723
19118246
16635222
16062085
15757049
16487814
16019976
17542820
21135781
17520998
19103895
17321944
20023274
17941410
20936737
18519933
17053928
20037974
19958520
15744187
17951353
16641080
16509434
20507647
19643676
19009891
21719625
15930403
16352972
18070256
19256295
17047574
18382244
21418623
17879677
17653833
20009280
15858623
17309812
20515903
16534788
20200583
17000345
21234819
20629768
21178553
19072456
16764400
17102299
15923939
20406315
20631590
18224504
21429702
17066970
16567994
16551315
18182785
15665661
19260369
15596703
18405170
20569869
21755786
21718988
20565969
15563853
19766073
22032561
19861904
15607249
18337077
15819836
20598589
20631595
19254196
20491212
17540805
16027349
19761024
19120581
19531081
15792918
16718297
19672610
18764793
19194142
17896695
16594410
19242654
16462981
20123876
19107768
18416361
17258131
21247433
21301237
19996643
17933368
17083100
17844723
20656725
18295432
18177975
16393097
16284977
15754079
20712666
19795365
20869678
18342653
19805769
21248573
18293872
18482120
21394017
16677177
19028135
20220286
17345558
17988613
18466386
17718039
17084329
16690691
19191251
18455642
16914376
19041211
19301081
16996767
17425793
18033634
21368531
18567347
17852110
19559565
16649640
17050220
19131019
20509306
16884079
20480209
16055803
20382367
15723029
18076885
16769908
18197456
17456175
19011504
20836636
19373187
17467202
18694213
18020062
16365612
17304983
20069940
16966043
17211732
18807860
18705261
20155327
15984505
19861699
20852515
21957764
20606653
21718082
19919300
18625892
16446856
19778429
16148808
20191888
18248673
16847716
18437939
18290880
18696409
18085429
19283562
19637528
15666263
20939875
17644041
15782838
15889803
15888394
15917361
17822779
21275976
17499628
18617706
16891192
21284765
18379664
19437856
19718838
20695830
15746595
19328345
21765330
17612846
16239869
15602187
19165415
20473214
19003797
18039447
17489320
18806181
20417476
19775309
18214232
20069957
18069400
16043257
19342260
19698028
18384420
18563013
17099591
18803997
19105559
18486415
16172843
20502180
16452905
21107063
19831146
17973622
16753252
19845200
16997634
15571854
20854523
19139382
19212248
19422938
20572375
20159423
16470717
16835517
17935600
16671980
15802413
21703010
17685146
19060279
17354220
18264925
17287143
19734100
16623624
18491690
19388569
20889628
17120921
17477219
16249625
20346894
21229601
21317661
18827760
20177046
16764377
18578641
20184999
20514884
15644657
17531905
16018134
20308451
15945229
20222245
17494424
17942229
21601776
20719487
17312408
19327064
20701230
15717240
15970016
17167022
19845821
15687761
17346355
20931098
17573296
17303388
18559164
20946564
18481698
16520526
17296230
18814735
15737858
17100384
19102436
21459254
21340369
16266960
19935520
19956197
20799395
17347828
17594213
20083413
19669680
20927752
16860417
17727738
19237645
17712842
17559021
15968915
19898925
20708975
18448502
20854334
21298946
15921988
20379726
17018197
18562985
17486951
16393486
16245917
18709832
16509174
20421853
19131884
21910370
16697614
17502441
19522722
16710574
20854039
19720938
15857858
17929747
20830947
17001437
19295419
18705781
21464061
16107491
17284556
21414688
16238838
19505697
20435211
17263656
20543162
17464813
20132365
17285381
20176412
20044669
15815958
19765806
20848985
21280352
16218241
20689196
15537067
20715305
15884265
15707095
18844274
18177356
21481171
15550799
20141467
16828669
18345997
15797751
17685829
16162290
20067130
19735339
19339442
19056024
22164909
19217498
18384672
19222490
17308445
15759524
21215489
19632395
19233704
20166914
16175823
15642235
20030658
15555978
17233408
18715165
21346463
21174852
19293223
21486148
20500349
19913962
20393503
20466537
19227019
19654579
21429954
16777833
18444866
16292681
15668270
20386374
17203511
18304285
18163235
19437910
19501549
16466484
20682929
20167615
16698340
17087813
18270931
21287932
17665819
20825807
15684200
17418194
16045420
15522496
21683213
18667690
15650513
20851294
20202528
18370997
18547349
16243357
16398007
19386058
16361906
18974237
20842895
17332956
16553927
19006501
16897374
16273781
20118697
16139638
19249637
19634603
19923830
18240839
17095418
19104247
20018989
19575791
20004439
15813439
20628655
21718506
19244475
19628390
15998926
19831158
20626947
19267124
16129380
18072357
15735491
16164654
17995968
17077254
18395982
19798837
19139928
17988048
17225627
15989116
21488558
19730813
16870639
17508970
19052704
18955440
19069255
19915454
21032961
16987574
16623294
17405807
20439208
17075823
18582936
16507503
16080648
21957820
18240611
21531963
18556692
16384746
21811626
21291064
21229868
16883975
18036012
17534866
18663481
21543914
18924272
21121500
19941657
19692541
20571180
21631927
18401643
21330327
16490993
19125894
19864039
18999164
16684638
19142323
17477482
18847506
18570825
18377569
19072490
18036471
17081644
21626269
16633764
21298841
18679636
16981076
19248376
21629144
20541076
18625166
21367478
17056206
21273025
17893382
16538669
20147822
17267671
17352703
19187170
21678698
17192326
20389315
16875873
18579340
18820545
16165004
20223310
15853090
21599900
19338653
17310338
17109104
19655499
21631936
16931415
19357952
20098128
15991780
21129343
17679583
17182445
15941027
15788043
15827431
16082604
15756120
17694636
18075276
21409790
18388684
19266475
17902521
17966300
18573777
17020643
19041212
18727768
15640301
16808088
15719426
18357954
18985882
16546006
20868793
18707565
21952064
20824070
17470720
17655514
15969707
18072461
18197015
20356790
15532327
17927764
17033438
17542045
17364783
15952478
21378063
21317133
16442473
15575126
18720560
19895441
19861102
16605094
18572540
21793374
20029970
16213787
20838705
18269054
20651478
15762901
21139047
19193246
19166567
18613355
19175286
17689462
20598613
21700562
19240464
19345609
18563015
20066735
20704096
16034507
19222604
20633939
19893845
16116773
20088156
15615665
20800780
15995503
20586268
17065946
21243878
20466370
17565880
17651229
19728502
20510843
17569465
19088351
16326743
22104712
17518009
21500605
19653387
20430683
21704110
22053663
18422823
19643409
18632026
19963303
16553506
17116115
19014408
20331325
16283902
20103067
19280664
16315811
16642748
19072108
19694152
16901260
16945784
17057418
16600820
15720494
17476209
18754521
19418275
16972603
15899604
20335899
16442452
17391424
19588080
17342855
21140863
16641081
16614628
18370896
17661810
18806198
19112929
19299202
18844250
20121717
15918824
18405009
21141405
15804320
15586549
19647506
18694607
19947817
18205682
17013067
18386454
18459592
16777510
17492411
17646603
20406549
20105589
16087819
20526910
20033300
21402400
16336015
16676112
18577761
20564813
21536492
18320301
21078463
17380834
16324523
19076664
15700897
19026199
15921098
20575470
19228236
18832286
16901700
21029496
19826095
16817331
19259858
20932394
16241917
19789455
20570443
17578068
17355298
16808584
16533623
17368665
21388982
16529285
15644652
20920084
22030634
19825897
18613459
18841519
16638256
16687147
18491221
17327910
18670780
16096143
20557416
19036140
15984498
16379513
19372344
18261411
17122526
15721977
18410867
21162325
21364379
15948356
20623338
20648582
16324541
16011908
15841067
16522226
17597556
16316439
21138206
20497269
21549465
19057236
20396850
19576529
19811109
18476313
20000054
19368285
19889472
16502760
15754510
17996399
20827931
18674404
20053237
19050996
18187011
21476322
20552832
17264863
16047529
20890137
20102101
15930065
17331094
20103081
19723270
17177929
18653445
21038530
16297578
18384590
19756506
20705165
18347482
20702860
17088574
18307461
17454796
18088263
18783126
21242800
18963542
15981065
20660528
19786681
19216749
17473811
17768187
16673673
21272822
19492673
19060794
16796267
16955453
21419684
19672696
20235422
19455544
20018539
19485248
20878830
17518819
16594280
16569722
16878675
19609271
17705217
20499780
19465317
15991628
18829184
19090387
19910155
18355797
20800564
17925496
17692402
16081757
21510126
15741954
18042484
18258575
21383386
18844560
16570730
21073826
16922985
15990914
20684402
17379058
16240060
21275285
20841882
19123072
18512579
21764005
16285228
21336024
16351536
20467020
17527028
21224466
20712800
18690123
16360559
18036895
18656072
19065397
16123012
16643477
17149085
21142837
17594294
17066836
21925408
16670133
18019768
20009771
19521131
16441850
16050856
17057561
16582973
17557486
20403490
21076308
21199423
19085296
16154311
17043948
19797281
20427312
17985948
19716267
16270668
17674531
20677915
19899020
19134494
19892349
15625429
19779768
16267985
16579216
20444765
20601563
20812603
16489576
19411361
20070068
18819206
16873922
18482653
18533033
19563502
17894252
19033833
16505701
18797102
16749297
17895295
17495576
17000387
18063543
17490764
19016924
15688543
17400152
16451311
17606335
17997260
18067659
21531670
21804485
17873711
17582316
19529926
19068052
17604557
15819466
21144952
19892446
17002082
20961374
15786611
19092505
16703873
17175872
18510665
20661211
17457397
17544881
16875100
15675547
17076800
15909012
16260484
15862981
19339319
16044727
21409297
17430455
17400030
16227511
18302211
15709093
21324249
17606959
19008743
17020238
15902009
17352584
20879816
15633316
20479349
18164473
21420214
19960016
17544614
20173588
19263959
19320675
16392432
19788369
20082061
18499528
17392949
18356003
17185154
20523015
18437600
19493137
20224964
15559043
20193935
21436664
17363855
21548790
19084895
18443303
17535343
19294824
21733103
18828315
16117454
18322130
17000484
18517171
21653910
20509570
15999857
19774791
15809792
20163702
16788351
20576715
18541638
15871403
16741693
17636712
15754564
18434156
16222349
20337831
16430757
17498166
15980846
18720617
16239979
16309011
16197495
19217366
16277741
15564279
17892586
15529716
18188761
21160294
16078965
16711074
18809312
17580317
19000959
19372538
18452594
17406015
18719161
16050236
21732724
17549576
17577658
19850436
17683304
17698343
16824987
17014447
15630981
17956527
21074218
15724825
16255336
20470272
16901874
18411816
18325112
19565892
20532531
20500650
15624293
18463881
16202372
18808644
17678779
19507536
16352976
18048222
17929401
15713995
21883873
21739732
19034813
21165735
18785099
17268910
17723966
20737795
15743645
21182438
17183058
20541075
15997995
15971383
20192817
17279018
16149978
20520995
19507620
20722311
18778909
19621441
19278098
16762484
20840709
19276318
20097440
15561155
20660533
21323461
19906285
19383173
17852904
16999652
19298312
17019362
21244248
18695180
19085003
19018215
20189752
16807106
16149984
21788285
21214376
16946440
17413782
15883235
18234033
19939303
18596631
15947366
19061173
19697661
21320942
20406498
20690276
20686063
15912412
21670615
17765496
19962124
17289539
18832109
18636228
19396710
19266713
18812797
18397157
21040004
21610455
15966629
17117531
18291722
16224646
21111375
21357781
20170911
20841683
15761452
17131301
21084575
21372646
19444809
21727887
20708255
19433530
15554514
16803806
18423716
17339306
20397546
16401532
17717750
19175633
20513463
15555717
19281447
16864497
18551601
15860054
17522925
17338952
21185749
19449083
16615735
18832603
20306464
16900092
20948245
16155348
16162565
21171126
17037233
16104457
20825512
18815500
17082871
18557993
18776749
18523695
20647800
17098535
20828071
21464264
17464112
18977628
21302596
22032571
21263348
16050433
18705739
20467938
21537554
20081700
16917911
22011868
17913778
19121054
15797149
15749396
16106330
17685909
21462907
18075142
18815527
15604644
17920170
16034293
21287844
17876186
15622814
17492990
16172296
18703770
17966292
19995466
20484916
15870773
19454528
15916380
18672542
19786421
20359648
21322860
18686836
21270070
18362998
18686669
21733105
17006813
17397374
21078044
20001494
17552290
20305444
19218945
19348827
20709240
17285390
20500702
19081413
16677155
16771260
21098046
19440785
20465743
18926180
17238763
19006586
18713199
18078150
21486986
16033703
17633908
20191796
20632259
18520646
20877359
15933310
18051996
15631258
19674429
16938639
16127322
18766413
16600559
16567238
15679025
15946285
20038380
16245559
20055188
17850043
17723930
18815980
17448416
21642331
19935333
20584341
15844289
19962839
20061069
16941132
21520697
19681210
18663541
20660901
18096038
18195311
15720995
17944163
17982569
20797948
20810420
17907756
16483097
16566337
16430349
17148527
18522532
20825369
16492659
18433656
16100531
18836687
21657805
19939813
18021557
17019276
16205862
19948370
18809120
16897940
20051863
20429234
19222449
19903737
16875925
15823886
17964900
15686078
17506233
15599649
16890438
18716485
20656491
21382078
18094791
20484996
19806607
20590483
18998874
16532164
15747886
17004425
20443411
16361395
18316932
16336151
18536587
15517642
17526470
17403759
19444493
16686100
19841999
20559052
18648014
16704378
17495309
19331311
19150220
17533913
16116400
19124176
19474593
17519031
18656320
20127602
21857323
15773824
21214076
18164456
15823890
18385007
19478572
20002480
16082881
18554164
15931800
18262656
19863510
15757233
19886872
16767623
16130681
15911501
16004837
16216029
21358385
17560755
15884205
16478806
21167086
21212420
18728298
19154311
19785107
16979535
17382189
20843903
16490728
17536994
17667006
15887817
19005956
21240171
21782168
17063979
19702489
16960933
19883886
21300647
19220607
18853541
17561131
20933365
18997054
17684852
16413555
17425749
16305188
21957799
18678725
17703823
17785486
18662870
17298631
17393648
21123237
21491343
17261532
15533098
16079431
15965996
16869182
20706295
18279447
18407002
18329000
16442479
20009825
19656225
17553107
15596630
19531080
20131443
18018818
20426309
18753685
19056617
17419468
15943155
15559103
17951939
20337801
20692658
17016148
21178788
20869656
21301667
19112269
15595989
16330966
17551421
16373094
19593747
15696631
16171109
17967296
17012306
17500283
18845414
17664512
17071841
20958178
20663812
15805358
20070498
21942157
17575757
15743602
18219244
20873431
17654380
17434236
15865623
19717991
20334576
17113281
16372707
21642520
17136927
18644481
16473734
18092373
18722196
18295440
20510839
18393058
19597776
17201099
16150678
16579824
17985966
20460001
21413594
17971562
15877566
20461605
16178134
19930483
19807006
21605365
18416388
21134140
19564180
18536588
17026412
21313940
18317802
16850774
18435314
17485762
21548789
21624876
15984178
19260602
16594292
19318678
19266283
17364514
21678753
19601690
18295216
21529729
19374611
16779441
15706278
18506338
18411908
16310139
19188879
17645195
21877578
17411691
16945198
21242267
15644675
15714021
16542166
16990091
15691442
19370811
16355933
19594608
19943866
20362944
21182444
17852259
19146557
21669433
21957827
18787451
16570029
18797421
21803279
20950198
20873675
18377572
16618863
20192931
17240917
20863245
15856427
21751755
17099191
19969315
16004095
16390834
17198229
20101546
17502434
19395896
20811334
17118638
18038517
21213962
18703445
17083162
21475055
18480675
19358139
17413755
16925152
16522503
17905442
20010984
16136927
16126738
19146205
17522986
20614376
18322044
18557569
19746539
17000474
19360395
20069918
17728797
17479528
18612739
16450665
16160678
20151345
17918304
15884249
18307602
21897403
21419259
20538256
18188910
16176899
19364890
19236646
18360885
21270920
19253704
17591412
19468259
19509603
17310052
18332276
19283233
19072186
20409528
18775398
20131580
21218702
16777478
20677426
16275704
18463938
16227942
15803333
20371073
19762416
19858243
15960790
20810416
15820984
17339988
15956826
20046112
16252635
15814289
17387058
17310676
20142264
17333798
16164509
18573018
18560099
16318826
20635280
16386668
16052902
15778555
16586027
21158339
19495942
20643988
18828703
16826589
15946823
17122713
20056190
18997566
18269894
16898103
19353413
17975399
17319568
19382488
15916259
17890979
21629016
15680612
19849931
17518164
19220618
16911172
20930915
20008602
19816040
16802502
21689040
21478709
15707441
16013424
18073544
16140457
18063550
20439631
15804125
20426382
20095098
19958421
21108856
21228095
16581077
15986315
17299964
20203635
17238623
15765641
18792855
21037270
17461369
17365975
18762751
17176652
20400045
19773562
16106335
18044418
16334819
19142780
19226858
19168306
17639635
20146820
19366472
16365241
18092916
21605295
21219644
16937774
19770295
18999031
19041857
18192863
17823734
19725018
19055253
19823974
16244850
20059676
17144052
15622910
19406735
15635790
17516884
16373183
15810747
19646175
16425686
17359572
20875203
17413301
20363189
19010185
17249394
21035906
19204130
16547434
18946074
20202506
17922304
16197765
20091668
18580081
21071528
19856109
17152455
19124631
20485694
21096918
19619375
16138488
18786851
16050887
18199282
18713473
21942149
20064890
16094791
16291385
20502345
20459356
20536115
18059401
19202151
16639201
17484794
21590566
20498416
16977926
17153563
17659724
18687070
16043552
18595993
20401505
19447272
20692122
16775977
20689936
16624777
20857125
17473538
16782678
17931539
15933949
17083317
15618087
16145952
20448224
19482512
17421111
17902602
19345553
17453552
19437915
18446731
16850437
17152126
22135843
17362214
20875168
17447603
19740140
22007044
16259838
20848116
18592944
17233146
16406471
16783553
19348820
19643353
20165846
18285435
19858126
18435303
15611808
16483092
20039822
19090375
16333006
21063799
16643346
18511764
20367746
21176228
16523100
16825133
20520262
18047573
15571882
15838419
18073328
15916471
18556379
16573879
16789331
20560218
18711259
17472761
20219433
15890071
18539517
21999063
17603873
16624189
18271675
19901854
16163438
20863345
19055137
17152029
15855813
15913127
17956373
18693411
17240282
19760984
21232162
19824261
16639471
20495864
15625922
18256563
20853212
17591414
15666886
20470955
20816555
15947361
19945879
17196247
19536033
16297568
17018192
21287145
15888855
19482542
21097075
19751898
20667683
16836763
15622417
18315504
18511769
18331694
20195948
19780749
17003701
16036232
19448358
17128678
17885631
20439590
21393081
20586354
20220657
18294161
19828530
21406010
16099126
20462417
21770355
18808614
15763120
16350596
21429780
17071936
18179534
15642765
17100224
17433183
15754509
20706191
20673620
20734699
18448134
18604934
16446270
19804994
19626751
19215004
20026689
16911049
17674201
16788355
20490571
21999067
16966264
15815962
16823010
19606776
20799934
19955300
16212517
18655683
17236508
15927652
15767225
17978610
19289346
15566611
18580396
17901456
18215751
21468485
16893307
21376433
20402368
19839679
18096830
18704869
16482478
20375969
19798773
16452707
15904503
21780095
16996372
16036273
18386693
16340273
18236848
18680413
16398905
19050330
16750098
16828521
16483424
17710043
18461254
19998725
18041968
20828851
21135606
17144921
16931461
19454194
20609507
19664848
18226132
19247218
16883734
18272647
20716871
15667699
15529102
21460713
19827214
16910375
18828293
21762827
19179486
20024524
18710057
20606057
16018272
17960652
15611486
15565596
17300391
15667371
20823355
21571178
16620241
15631929
19032784
19650034
19459404
19608827
18073710
16405707
16686888
16651304
16859236
20422792
16955591
18347762
20457985
21264522
16301755
20620811
15818718
18831440
20003350
17497544
17427985
17259050
17385361
18985370
21708522
20679970
18226272
17870011
17024612
19384738
15803895
19753950
21162326
16131639
18570745
17666170
21941932
21803663
17118304
16468256
19656110
18390020
18825863
18365290
19824520
19489757
16184721
18838135
15649687
17027302
15891350
16903586
16076895
20525649
20493795
16583664
16769529
16315815
20825820
16409174
17418963
15656843
19437955
16450660
18322028
16571423
21271385
19534192
18371168
16343026
20623521
15581955
16583190
18927141
15726615
21402203
18164459
16390896
16102142
18942616
18631302
20019350
16005415
19240102
17672390
20654869
20690373
19691191
20580415
16565271
21389164
20852473
16803769
15802112
16583532
17536922
17901010
18339336
17645955
20735507
15720497
16675772
16223168
15759772
16406035
16259049
19304900
16382647
21272380
21457695
19846585
19112244
19385348
18694714
15785178
18678215
21092885
19148817
19995319
18216465
16965891
17955777
18629691
16014340
16484159
16383053
19022029
17244671
21240104
15823888
17163989
20446632
21335575
21224944
15741716
19625831
15583504
18678071
17723977
19295422
21056869
21965009
19591020
20180338
19426427
16696818
17679164
16151722
18520312
17099253
18405017
15920105
16401012
21380993
