16719422
16719018
16719012
16717483
16714910
16712577
16711085
16699943
16698340
16740908
16740905
16740901
16738471
16737503
16734036
16734009
16734003
16730440
16722116
16722112
16721194
16704186
16610608
16538993
16526162
16128420
15835203
15818255
15744187
16784062
16784048
16779950
16773928
16773927
16771256
16769523
16764406
16764400
16764387
16764377
16760696
16759936
16757794
16835552
16835510
16834581
16830847
16830846
16830845
16830844
16830843
16830631
16829776
16829361
16827838
16827205
16827176
16827175
16827173
16827172
16827169
16827167
16827166
16827165
16827163
16827062
16826949
16826947
16825920
16823174
16821682
16821679
16817488
16816627
16813539
16810086
16807106
16806933
16802685
16792710
16792045
16789669
16789370
16784043
16895242
16892667
16890336
16890103
16888512
16888486
16886791
16885581
16884132
16881486
16880419
16879542
16879384
16879383
16879382
16879378
16879172
16878675
16878011
16876922
16873043
16869522
16869520
16868461
16867122
16866830
16865053
16864638
16862029
16850706
16849913
16848881
16843064
16841843
16841828
16680049
16956074
16956071
16955119
16954006
16951616
16949288
16948440
16945784
16945783
16945777
16939142
16936604
16936526
16936519
16936477
16934378
16930787
16927904
16927724
16927721
16926738
16926716
16925180
16925152
16925002
16925000
16922100
16916414
16916190
16915716
16914379
16913605
16913521
16913515
16913374
16913371
16911267
16911265
16910140
16905933
16905913
16903305
16902354
16901700
16900915
16900452
16871980
16673200
16672809
16645494
17052824
17052090
17048754
17044441
17044437
17044271
17042027
17042020
17035877
17025005
17025000
17024895
17024884
17019350
17019348
17019343
17016987
17014467
17013073
17011562
17011190
17009570
17004660
17001836
17001131
16999709
16999178
16997633
16989302
16989244
16989240
16989237
16986584
16986578
16983851
16983850
16979508
16971829
16968426
16968424
16967860
16967858
16965308
16965306
16623296
16623139
17137943
17133136
17131642
17131640
17131638
17129206
17128679
17128678
17128677
17128675
17127115
17126967
17126459
17126458
17124874
17124615
17123952
17122656
17122655
17120865
17118307
17118303
17118076
17116348
17112142
17100864
17099418
17095396
17095395
17095131
17089490
17088113
17087684
17081930
17078346
17077784
17077781
17077775
17077696
17070742
17069572
17069090
17066985
17063096
17061663
17061662
17060276
17059030
17059028
16604798
16596858
16582707
17241635
17229270
17228508
17225762
17225369
17215607
17207751
17207214
17207206
17207014
17207010
17207007
17207006
17207005
17207004
17207002
17206232
17205853
17204810
17203627
17202518
17198124
17197061
17196716
17194987
17193943
17184379
17181683
17175829
17175590
17170654
17170648
17170646
17167366
17159562
17159560
17157092
17153330
17153263
17153261
17152914
17149126
17139200
16573021
16565277
16092570
16083480
16077285
16060300
16056115
16056113
16056112
16052943
16052902
16050233
16049120
16048370
16047995
16045244
16045243
16033047
16033045
16027551
16027532
16010898
16010896
16006831
16006830
16006829
16006827
16004106
16004094
16001821
15997996
15997953
15991108
15982246
15980733
15976556
15974386
15971877
15971874
15960053
15960052
15957869
15942318
15933650
15931047
15931045
15931043
15928568
15923941
15923939
15923938
15921340
15920363
15920361
15918424
15918423
15918375
15913271
15912070
15907669
15904879
15900660
15892500
15889804
15889803
15884300
15883467
15877689
15876885
15876239
15875586
15875449
15875447
15875446
15871591
15871373
15871370
15867714
15862981
15862743
15862741
15861919
15861917
15861916
15853165
15853163
15847910
15847904
15840895
15839841
15839519
15835836
15822717
15822708
15819836
15807052
15801690
19175265
15798511
15794530
15791781
15789968
15775746
15772507
15756119
15754927
15754925
15754719
15752322
15751435
15750493
15749396
15742746
15739741
15739740
15739737
15739632
15739615
15736905
15736894
15736730
15736727
15732622
15732620
15732618
15727015
15722965
15722841
15722840
15717592
15716811
15714736
15714718
15714716
15714020
15712674
15709630
15709468
15707218
15706832
15704379
15700480
15695349
15693570
15690886
15688921
15688920
15687895
15686200
15685965
15683002
15682992
15682991
15682724
15682584
15680620
15680114
15675662
15675661
15675060
15673655
15672622
15665264
15662731
15660491
15659994
15659085
15658830
15656847
15656249
15656151
15656150
15651593
15651451
15651447
15651444
15651440
15648517
15646524
15646115
15641664
15635918
15630981
15624641
15624638
15624615
15624582
15624537
15624279
15624277
15622910
15622906
15622636
15619850
15618877
15617428
15617427
15617215
15615304
15615172
15612431
15612421
15612401
15612181
15610343
15602279
15597940
15597939
15597938
15597937
15597935
15597933
15595318
15587546
15587461
15586154
15586093
15580071
15577710
15577704
15575636
15575634
15574033
15566207
15564996
15560732
15559043
15553915
15552455
15552454
15552432
15551669
15551636
15549003
15549002
15549001
15545244
15544663
15544190
15539986
15536815
15535539
15532179
15526567
15523416
15521415
15521308
15517727
15515871
15515856
15515452
15515306
19774909
20302049
20236430
20162885
20162884
20162878
20160554
20120851
19437952
19437915
19437910
19437909
19437904
19437903
19405310
19405301
19405300
19405299
19400007
19395945
19395896
19387286
19363940
19363932
19348406
19338188
19338186
19338185
19331057
19307455
19285177
19279478
19263959
19263907
19263776
19248330
19248326
19170287
19170281
19160924
19154243
19119584
19051170
19024782
19024238
19011490
19005688
18998796
18998790
18993134
18993131
18988579
18986074
18985843
18983019
18982993
18982990
18982984
18981967
18979862
18974688
18972809
18959104
18955847
18954690
18951864
18947094
18947084
18946251
18856018
18853887
18849371
18845478
18839749
18839748
18839746
18839742
18839734
18839731
18837719
18833965
18833880
18829604
18828311
18827520
18827087
18826463
18806643
18806642
18804732
18804707
18803743
18798897
18798875
18797383
18792440
18788662
18787492
18787486
18787484
18787480
18786079
18777963
18777696
18773586
18772182
18772181
18767400
18761228
18757353
18756166
18756144
18756139
18756138
18727573
18719499
18711213
18709839
18709831
18709808
18709797
18700090
18700081
18697340
18697337
18693140
18690127
18678148
18670199
18669709
18669411
18664774
18655509
18649821
18649818
18649721
18649720
18649717
18649584
18648302
18646653
18638668
18630360
18630013
18616200
18605513
18600119
20077966
20077963
18580428
18580423
18578359
18578358
18578220
18578187
18574372
18569197
18563001
18557284
18549834
18525409
18521045
18501835
18491833
18491799
18434868
18414333
18414332
18414309
18405017
18399393
18399368
18395023
18385405
18382259
18362004
18361175
18360246
18360141
18344812
18344778
18344769
18336706
18333558
18333555
18332371
18332370
18332369
18332368
18332367
18332366
18332353
18328279
18324984
18316940
18314838
18314834
18301118
17499569
17494525
17494446
17494444
17494443
17492993
17492990
17489937
17489936
17489926
17487539
17486009
17486007
17479810
17479787
17479562
17479550
17479048
17477227
17477219
17477187
17477184
17477005
17476891
17476890
17476859
17475979
17474236
17473811
17473543
17473538
17472172
17471051
17471049
17471047
17469386
17469385
17469384
17468640
17468630
17468625
17468606
17467341
17464127
17464126
17462797
17459812
17459139
17459132
17458027
17456121
17455515
17449251
17447698
17447684
17444572
17443076
17441397
17440296
17440292
17440291
17438988
17438985
17438933
17438635
17430740
17430444
17426497
17426492
17426490
17425125
17425124
17419786
17419573
17418656
17418125
17415099
17413782
17413737
17413676
17413675
17412592
17410927
17410748
17409023
17405360
17403264
17402953
17397608
17394615
17394377
17393960
17393959
17393648
17390981
17390969
17390706
17389414
17389413
17389412
17387292
17386309
17383600
17382848
17382847
17378865
17378520
17376688
17375766
17375753
17375248
17371559
17371557
17364982
17363884
17363872
17363856
17363855
17363853
17363850
17363848
17363210
17361646
17359623
17356354
17356352
17356351
17356350
17354352
17353830
17353821
17349824
17346323
17346321
17340547
17336820
17335530
17330985
17330984
17330709
17327753
17324193
17324175
17323873
17323806
17319202
17314552
17308445
17305036
17305035
17300001
17294780
17294778
17292132
17291204
17291199
17289461
17285928
17285925
17285036
17283960
17283703
17283701
17276065
17273079
17273022
17266008
17265839
17265838
17265821
17264788
17263097
19264074
17260594
17258361
17258054
17252747
17249281
17077773
17073119
16649326
16648730
16641654
16634279
16634278
16623143
16620259
16618486
16605231
16605226
16605144
16603992
16603985
16602661
16602658
16601510
16572026
16569998
16568875
16550895
16546015
16539318
16537279
16534400
16529223
16529213
16528905
16524029
16521899
16519032
16513352
16512277
16512054
16512049
16512040
16512035
16512033
16512032
16512025
16509438
16509435
16507290
16502962
16502931
16501129
16501127
16496661
16493937
16493936
16493322
16488809
16487419
16471293
16462404
16459967
16454003
16449751
16446240
16444125
16441005
16435925
16430758
16428972
16425819
16425686
16425680
16425679
16422490
16415633
16404198
16398069
16398041
16397994
16379453
16377191
16372713
16370233
16355939
16353735
16327510
16324951
16324949
16324938
16320964
16318105
16295574
16295153
16292624
16282827
16272899
16271294
16271123
16269943
16269900
16268290
16263484
16262092
16260943
16251492
16250528
16250527
16250524
16250434
16250430
16250163
16250162
16249575
16243660
16240619
16237351
16235583
16235575
16218236
16218153
16218150
16218148
16218142
16212217
16212215
16207002
16206547
16205552
16205241
16200001
19902696
16190008
16187668
16182095
16181155
16180556
16178340
16173401
16171075
16167451
16163954
16161896
16161860
16160551
16153052
16148577
16145335
16145333
16145332
16137071
16136927
16136875
16136828
16134681
16134659
16134627
16134620
16134471
16134468
16134467
16134443
16130927
16130925
16128434
16128137
16124683
16117448
16117445
16116384
16116382
16114745
16114732
16106689
16106688
16106587
16060578
16052880
16048199
16036676
16034031
16032983
16032976
16021555
16018305
16018301
16010902
16010884
16010220
16008020
15997995
15997955
15995388
15995378
15984443
15984436
15983590
15977538
15965384
15962534
15960386
15957267
15918469
15913239
15913074
15913072
15913067
15906893
15889813
15887923
15879403
15871532
15859384
15859381
15859378
15859377
15859376
15856925
15850255
15839143
15839085
15835450
15827434
15822460
15812346
15796487
15793986
15790268
15789680
15789679
15789678
15786978
15779744
22132540
22128563
22030928
21999067
21999061
21999057
21954793
21797183
21736036
21710915
21646896
21524002
21523998
21523997
21523983
21471881
21469496
21469495
21469494
21469493
21469492
21446285
21372239
21372237
21329123
21322157
21319427
21319425
21287932
21191254
21192569
21189736
21162380
21155468
21155397
21138140
21138129
21133220
20860254
20712217
20712205
20701211
20697234
20669833
20629460
20574186
20572617
20572431
20552855
20552854
20552845
20551733
20515884
20514882
20514880
20481079
20450994
20449969
20432770
20432637
20426309
20426301
20426300
20404618
20397547
20397545
20397538
20397537
20397535
20397529
20397528
20397525
20397523
20373658
20336984
20336978
20333915
20081697
20074113
20063584
20055331
20050445
20032757
20026727
20026722
20026721
20010203
19927960
19898093
19893442
19728434
19715100
19715093
19710572
19704293
19704292
19700963
19696568
19694105
19689651
19689642
19683093
19683092
19683090
19671642
19660639
19657866
19653388
19653141
19650033
19084757
19634606
19631060
19627049
19614826
19606561
19605604
19593314
19593026
19591369
19558050
19552339
19544981
19543016
19543014
19542972
19530475
19530193
19528103
19517763
19509599
19506440
19500706
19500700
19480116
19478605
19478572
19475910
19472672
19472114
19463672
19461229
19461220
19451083
19448584
19447319
19443699
19437914
19426427
19422938
19418324
19411018
20731282
19400397
19400393
19400392
19400366
19400339
19397166
19397162
19397159
19397146
19395894
19386388
19377391
19374034
19373187
19373176
19363949
19354150
19354047
19349260
19343849
19343845
19339446
19331295
19323716
19323711
19300071
19300002
19281934
19278184
19273995
19273989
19266765
19266762
19263774
19261937
19260369
19248440
19248431
19244774
19243526
19241779
19240494
19237475
19223813
19223810
19221998
19216993
19216989
19216487
19208850
19208051
19190423
19190422
19190417
19187166
19187165
19187048
19182267
19177814
19177270
19176900
19176862
19174637
19173177
19172978
19167550
19166524
19161172
19159835
19135017
19133494
19130684
19128314
19127906
19125821
19121054
19114784
19101219
19092505
19085468
19077804
19065965
19064382
19060818
19060650
18092607
18091628
18091626
18090512
18090510
18090138
18083668
18080622
18080576
18075455
18073708
18073666
18073643
18073638
18073634
18068280
18068279
18065038
18065030
18063550
18063549
18063547
18063543
18060326
18053957
18051981
18051980
18051979
18051973
18051918
18051913
18051623
18050983
18050748
17931323
17931319
18049155
18049154
18047497
18041339
18041324
18041322
18041321
18041317
18039510
18039440
18038527
18038526
18038522
18036490
18030160
18030153
18030102
18027532
18026056
18026052
18026029
18022814
18022524
18021137
18021136
18019769
18019312
18019311
18019309
18019305
17996764
17996763
17996762
17996761
17996758
17996757
17996755
17996753
17991139
17987819
17985744
17985732
17985731
17984645
17983361
17978610
17978609
17976989
17975462
17975461
17975460
17972784
17970856
17970467
17969950
17969665
17969662
17968217
17968215
17968213
17966296
17966206
17964856
17964235
17961886
17958056
17955929
17950115
17944133
17941589
17941566
17941522
17941520
17941519
17941190
17936543
17936542
17936459
17936141
17935047
17929747
17929740
17927116
17927115
17927114
17926770
17923284
17921937
17914292
17914287
17912275
17909429
17907725
17907722
17907698
17907696
17905252
17904432
17901824
17901823
17901784
17901183
17901170
17897431
17897428
17897423
17897420
17897151
17897113
17895731
17885714
17885635
17885633
17884490
17883790
17883786
17883673
17883617
17881101
17879557
17873567
17873564
17873563
17851364
17851353
17851298
17850938
17849918
17849631
17848000
17847597
17825730
17825726
17824562
17823573
17823569
17804295
17768093
17767204
17763110
17729074
17728652
17728569
17728565
17727690
17727609
17727133
17725128
17725116
17724401
17724390
17723977
17723966
17723930
17718747
17718731
17718725
17714995
17714235
17711244
17711240
17710962
17710837
17709053
17708500
17704669
17695981
17695979
17694882
17691857
17691711
17688570
17688563
17688223
17683690
17682743
17681469
17681123
17678684
17676967
17667785
17667396
17667395
17667001
17666294
17665821
17664443
17658010
17656402
17655572
17655568
17655539
17654847
17654478
17645956
17640246
17635622
17635299
17563446
17633502
17633335
17626692
17624038
17556991
17623626
17622032
17621450
17619598
17619594
17616432
17613139
17613138
17563448
17563443
17563437
17563433
17563426
17563422
17609038
17605457
19160881
19160878
17598261
17596087
17596085
17596084
17596082
17596080
17591169
17584352
17584351
17583281
17583078
17581245
17581244
17579308
17579305
17577186
17577165
17577160
17577085
17576311
17569381
17569378
17569375
17566500
17564360
17562634
17558823
17556918
17554835
17552345
17551447
17551088
17550684
17547267
17547266
17547027
17546787
17546784
17546369
17545823
17544683
17544680
17544677
17542147
17539331
17536658
17536651
17533928
17533915
17533913
17533780
17526329
17526298
17524406
17518867
17513998
17505366
17500502
17500296
17500283
16974179
16480050
16471289
16471165
16450764
16447618
16447612
16444126
16424765
16419657
16411487
16398187
16372601
16372599
16320872
16320864
16315810
16304756
16295605
21675479
20971932
20971417
20971336
20971335
20966841
20956411
20955374
20954569
20950198
20949798
20949791
20946221
20946214
20940587
20926167
20920085
20889513
20882733
20882725
20864868
20860250
20852526
20852523
20852473
20852467
20838170
20834022
20831106
20830949
20830942
20829114
20827062
20812603
20806666
20806665
20804113
20801967
20801965
20801964
20801960
20799483
20798621
20798620
20738060
20735468
20732664
20724952
20719418
20712207
20706187
20697233
20695344
20684197
20683293
20681401
20679981
20678604
20660851
20638812
20636181
20629934
20629933
20629461
20628177
20624022
20614664
20606057
20597859
20593675
20592542
20586354
20586348
20581597
20579296
20572553
20562572
20559056
20559055
20559052
20552852
20551740
20550085
20543621
20541075
20541064
20536624
20510707
20510699
20509805
20509492
20505610
20499711
20493768
20486613
20481080
20481075
20463515
20444770
20443424
20443418
20441108
20441038
20441028
20439485
20439208
20434080
20432774
20432773
21744584
20428708
20426359
20425956
20409108
20394268
20391688
20391676
20391675
20386411
20386245
20373649
20362775
20361444
20347328
20335899
20334002
20333924
20333890
20306848
20306844
20306843
20302059
20216168
20234200
20234198
20220676
20220657
20220643
20220622
20220620
20216513
20193885
20193881
20193880
20191750
20180496
20175335
20175311
20166458
20162886
20160538
20154523
20147832
20147827
20137052
20137049
20128527
20122509
19148028
19146511
19146069
19128344
19125890
19125786
19121052
19117646
19117645
21495395
19112277
19112269
19105910
19105563
19105556
19104310
19104246
19103690
19092517
19092510
19077835
19068898
19067989
19060814
19060791
19054954
19054941
19051985
19048966
19041611
19026548
19024665
19022170
19022169
19022168
19018920
19012788
19011486
19009778
19006591
19001919
18992630
18982988
18949540
18946243
18936502
18922280
18922279
18849362
18842457
18841638
18826783
18822993
18815469
18808636
18804722
18788667
18785884
18777972
18777511
18768243
18767399
18763471
18757351
18757004
18727579
18721923
18710128
18709840
18705944
18705780
18700870
18700587
18700089
18672852
18672834
18657761
18655507
18639959
18627799
18615943
18605349
18604920
18592944
18591175
18590250
18581739
18580429
18580125
18580104
18578398
18578396
18578395
18577171
18577168
18574373
18574368
18574366
18567475
18567387
18564775
18564524
18563012
18563006
18563000
18562909
18562907
18562832
18562817
18561857
18561849
18558933
18558924
18557670
18557366
18557263
18557261
18555911
18554911
18547867
18540506
18539882
18539880
18539879
18536588
18536587
18535459
18522608
18521034
18517172
18517167
18517166
18515605
18512376
18510184
20443427
16238530
19634592
19143904
15603602
18335842
20706178
21539700
16287769
19058076
16954123
15882366
18158517
17312040
17212292
19682131
19386437
18209218
21351230
16636040
15714109
21135296
18812619
16101855
19492151
21465926
15968193
18054818
17608889
16704391
21748988
15760811
18229993
18753879
16512438
21282676
20700575
20046118
20957393
18159047
15567216
17142247
17639388
19060806
19577761
17978274
17381876
17959577
17063979
19445070
20580142
16945199
21367822
20551430
21277030
21352629
15918260
17430711
15817021
21038969
16330592
16260819
16585328
19615536
17849608
21702398
15743296
20594365
20642219
17177041
18990020
15971339
19629150
15681216
19225847
19477972
21484020
16787467
16243661
19539455
15717240
18467804
21443806
20455842
20373700
18465174
18520654
18199862
21817993
18382715
16493307
19619203
19567757
21668911
18715382
18223094
16430386
17272801
16647644
17983334
15680527
15590209
18560849
19731887
21119382
17090744
16779441
16025151
16222396
17310748
20697269
19564278
20970061
18278637
21343503
18357845
17717570
20333415
21271385
16521359
17970459
18482489
19253315
15801246
18207046
21114909
19060640
18643804
17242314
21414024
21227633
20367820
16257874
21434510
16563316
19776537
19786919
16537280
20533577
19626443
18651130
19260886
20618596
17925140
18238742
19390250
16683507
21176004
16522346
19760388
20601159
17242911
18392540
20841683
17980798
20218152
15694504
20515432
18091199
20016421
22071936
16327299
18093085
16449838
19060821
16721708
15722583
20360186
16221800
17701117
17135646
20697132
21273184
20209715
19354060
21595376
16734038
19899597
17176304
19581338
20029008
21123504
17170661
17879677
18284670
19525085
21088736
17034903
21226559
16450926
16327346
15529194
19949884
21209304
16550080
18652942
19399527
20200655
15735561
18560796
17022324
18573961
19680792
18085602
17679246
18819206
18551517
21610572
20360220
15844801
19697196
16210944
16169392
17265411
18074490
18281231
17924559
16292070
21332777
19996464
15566599
17130381
16541307
15566277
18356768
21882755
21118321
19057484
19772017
18467068
16295340
18842455
18528821
19533597
15739059
15918426
17610107
15717596
18988409
18484255
19359084
15791370
21297320
17641318
21239783
18973710
20027287
18569199
19192841
17651503
18676539
15789481
18025908
16680209
17419057
19152057
18414280
17996399
16141741
19592804
20929435
15560292
18493093
21439171
16897569
19136228
17655685
17238363
16422488
16632217
18642737
16449699
17517445
15840892
16368178
18798714
20949870
18972235
18806649
17572801
16019771
19560317
16781501
19217497
17822571
15575117
18794474
16215360
18448500
20502177
18498221
17007161
18549134
19480799
15902166
21241983
17508949
21654602
17973716
19534219
21592035
20624580
16550675
17269542
16365613
20017938
17080904
20103023
16931972
17013870
17460307
18612163
20551222
15612231
15642753
17295602
20959587
16603782
19225694
20587758
18665187
18180790
19966692
15739637
17115134
20214789
18753881
19702490
19714999
21162170
19015294
21482418
19095334
16826589
16537281
16036728
20660555
20831738
17193942
16188716
18772211
19495779
19072012
20829800
15871827
15797150
19060727
17388770
17925134
20690995
20047063
17239063
20003039
17571336
15974137
16878036
16570749
17849679
19639850
16229053
16672676
17883628
20659196
18998822
15759071
17308629
15731998
15701763
20593596
16529207
16110129
21159898
17489898
16215358
17543696
18460083
17469367
21742485
18614913
16149663
19950735
21783090
17938579
17582316
19317857
19084299
15566435
18190580
17538268
18377448
19374282
17320996
19055998
18182800
20137849
19258829
15967628
20881755
15799295
17233189
17765163
15589705
19210155
16089094
17074947
20934834
17255612
21099654
20940569
20436060
19830610
18286995
19321066
15584489
17410509
18300320
19006630
19678853
21788286
15689021
17712233
16926728
16987120
19428869
21957827
18065922
18220677
19268820
20575730
18194797
19112875
18720666
20815752
19517167
19910328
16816766
16134540
18086399
20481198
16138487
20443318
18951673
16094133
20528290
19592832
20827259
19014410
17678833
16565030
16101202
16967112
18467311
16006186
19667684
16024021
19782165
19187422
21322439
18838491
21057144
17099365
21839411
20433728
17764470
16978923
19278185
15884254
19092588
18415919
16512270
17635624
19161087
20601372
15799988
16600559
17205015
18202988
16765862
18061394
21199305
17449252
20706099
17883735
17893379
15912827
15862984
19118246
18846786
19567755
20519008
20173171
17013821
16034853
21288218
17240867
17959642
17080004
16598609
16426796
15715031
17689460
16651296
18036012
16847172
21466580
19761024
17161900
15729808
19445434
20687357
15625023
19292905
20106664
20837850
17397465
17546575
19023164
15915070
17198174
21263077
17276800
19648384
16114151
19517890
17879550
17217479
20636115
16837681
18844274
19395177
17319187
20870475
20403896
18774663
18047923
18451385
18514930
20570292
18951397
15705269
19387128
18838702
19883881
15938098
15799253
18393329
20136037
16200515
18347750
15851046
18844196
20547285
18709836
18854566
16613410
15931307
20473793
18000242
16190009
17205003
18613851
20924893
21378689
16782921
19778429
16595344
18990114
20061069
17074942
16122538
18391673
17343118
19265074
16043551
20835964
17047236
16466089
16082914
20487406
16824983
16302860
20875512
18544727
21757045
16364573
15892316
15597141
17094367
17200276
17454796
21500623
17531435
16543906
16862950
18564695
19934461
17822426
16652413
16866824
17446773
20716625
21336024
17608243
16151586
15865624
17109081
19743713
17261117
17279327
16298283
21537238
17091445
16005235
17583080
17058411
17641078
21770350
15988430
16815115
16447533
16735012
20841530
17907011
18162451
16678696
20736665
21255542
18335696
18051936
20825820
17000994
21420214
17116781
21444186
15604120
20354878
15993259
17374802
21169251
20442362
21126301
20806119
16227544
16752881
18019114
21996469
21462663
20595307
19648705
18267995
17213738
16769462
16102398
20824736
19422280
18049253
17099197
17394612
20523150
17667253
19196034
17943620
17412236
15669150
16368908
18379895
18198964
16162637
19682124
21143347
19565102
18445862
19273410
18807796
15548245
16352970
18173043
18501031
18251444
17325100
15857858
22147374
15868443
21475089
17387056
16983965
16076318
19382516
18664961
16738976
17885965
17084301
15991592
19049481
19694528
16821481
17710491
16892657
18819691
18410057
19657880
19106282
21266287
18618954
19947049
19382112
16280895
19623843
18727336
21413953
16415627
21605382
21134950
17214831
16620253
19343863
17852233
20053542
21091226
17535613
16055493
19601440
21682969
19939305
17396240
19061760
20002480
18273564
20833285
17439678
17446732
18173735
18578185
21139047
19199192
19963336
19013702
20647804
19093418
18343857
17929400
17727589
15681211
21957799
17576248
19004576
20576072
19796753
19923027
20123828
20177859
15560596
21941806
18245219
16860853
20393350
19059545
16114810
16542661
18775381
17071936
17534619
17007158
20048680
17960671
18492377
18172381
18221465
20077790
18399376
16429683
18022039
20975324
18245214
17946759
20110516
16515698
17209898
17225627
17479699
16243357
19793235
21033406
19898100
16342350
18060327
19624440
17033234
17292025
16782251
18257966
17609050
15936987
17076859
19514803
20729511
16549294
16995611
16911054
18700871
19353556
21081716
17393816
17290095
18003594
18411908
17592973
17494482
19797281
17264112
18005911
16318900
18048503
19493144
16808739
21689425
18500280
21214376
20593652
18669672
17285390
19379538
20852840
20071719
17652301
18157568
21595813
19169826
17316883
15798852
19502977
15883242
20472608
21561573
17001933
18541752
21348562
20354919
18178411
21192256
20825515
18420323
16219176
16675772
19752069
18044411
19692929
17142586
17953919
17310058
18274244
18004189
16821385
18467479
21114055
16553690
21400395
19568723
19565441
17244514
15899099
20843961
18044755
20181412
15933310
20433216
19263821
15920457
16207264
19804795
16288876
21791261
18318971
17720107
16614455
17985966
17920226
20653585
20526117
18208418
18856075
16484910
16035678
21464456
20675953
16986566
17355644
21160300
16740840
20500651
16542838
18797747
20658124
17565432
21239014
16099138
17102442
20949867
17432333
19276220
21724130
21062546
22066284
19181371
19240613
21229223
20540625
18293220
18462280
20661053
19865006
21153460
19135822
21601772
18627641
20064971
18360207
18036122
17517268
17175033
21266889
19800537
19194144
18803845
16978554
19136368
16388260
17212859
19673622
16808584
16131639
21478085
17981374
15839234
20519373
19397100
21189717
21412145
17601213
21193083
16604908
18496893
19319576
21343433
16864026
17139909
18835969
19048355
19942108
19811195
17505377
15981744
16796267
18660723
16441395
16739214
16698113
19813132
15846157
18833890
19318836
20470294
20825667
16793492
20153550
20686987
16323712
21616755
16327040
18940027
16711083
20063594
15723731
18498924
18682352
16759758
16170416
16850245
20672461
18097166
21842830
19998905
18294382
18214265
18799771
21798499
18328280
20644497
17551350
15789386
19898766
16378818
20162763
21517704
17689809
16548397
18097138
17984641
21555673
21149751
18059398
20803395
17354156
21381548
17541752
16689411
21305428
19581222
15606728
21166549
20019727
20382446
18443260
20702444
17228210
18301445
16084187
20860610
20582496
16110926
16698507
16258714
21242575
17686390
16860261
21717149
21080293
16253789
19244631
16019875
20349353
20135072
21107849
15876233
16228169
16257625
17923890
19375786
19664735
16678905
18427782
21586220
19645537
22072165
17515638
20008604
21440811
18639660
21488034
21069272
19646192
18069494
19703797
17611110
21468485
16340668
15664224
16227417
20036168
15831194
18536217
15850858
16813854
21496289
18226623
16339697
19348827
17362214
19018905
15789311
15800508
19883996
20543249
16996137
17040156
15878490
21069116
19661809
16690426
17601846
15955403
20540858
16461443
17459386
19020364
16622358
18602058
19327069
18482123
21178152
19533886
21052568
20663751
21159772
15608042
21494813
17601180
16607262
15992472
20036193
17824409
21700150
15601267
21280352
18981834
21214976
20843717
18020851
18368376
21045098
16447784
16526152
21905476
16764152
17512645
17010827
21358385
19454399
17976436
17671054
21343171
20404625
20222964
17953295
19075333
21153461
20404623
17132481
16620172
18422823
21471907
21095321
20506787
16870080
17993929
19203678
20527446
20047543
20633747
22069920
18381849
19546733
19937780
19504762
18941032
17563425
18164924
21355831
18384420
19414298
18266572
16440403
19619206
20491200
18454613
16109113
20444774
16161321
18678720
21919292
22028288
21197829
19061026
20672533
20495317
21750125
16622817
16315251
20419324
16075692
19463082
15561160
20949815
18344453
17332215
17083753
16008836
16562640
20972850
16299190
16937599
19052156
20467020
15792501
20002705
18189178
16910186
20422792
17620236
20864402
16871377
18819212
17234063
15526736
17562270
20642211
16629920
19057466
19060792
15915060
20500737
16739907
20858037
20185054
18608082
17066354
20184114
15590037
16520500
18552111
19568225
21982517
20689358
19293351
19841548
20803281
19204127
16496842
19723869
21316906
17983928
18336692
19323699
20429487
18522701
21419250
16122084
21717817
16502828
17091438
16957904
20514949
17349147
19845736
15915068
15626893
17584358
19722148
15835062
18542082
16401766
15961876
18494101
16082238
18787441
17478309
21135789
19864184
17274556
16106331
21439172
15695147
19530633
21345737
16172453
20502864
21675316
21283938
20089310
19531463
17629242
19207506
18412885
16719130
16685542
21882625
21145522
16164398
18037519
21520678
19266973
17333297
15947809
20839582
16043345
19470317
21749555
17966292
17966819
21625660
17441293
19865012
17210997
15888855
17360150
18785460
15930065
17993276
19382433
20414615
16489958
18362066
19432915
19388991
16002947
17482792
19705315
19435014
20649872
21692379
19296356
20413414
19458091
21949180
18555143
16749587
21126816
19911481
16730101
16128641
19331120
16121655
17100224
20377400
18559164
20031865
21251722
20401356
18219059
15804242
20546095
16686075
19526524
20736674
15960018
15663015
18329827
17136929
18180658
19152154
18676528
17038300
16509175
19274607
21271872
20136167
15960789
18853911
20926175
20480394
20536590
16403149
16406574
20183681
19701695
17039996
15617635
15572501
20011956
18655644
18180136
17578579
18698595
20112458
19488660
20626793
19951084
15623251
16181570
20172695
21247825
19266713
18825835
21295485
19945102
16973446
16798654
18317283
16481639
17059720
18586130
17603834
16368095
18990040
20563730
16893361
19573771
20360543
15891691
16826773
20537931
19111480
21241205
20590889
20606611
17956605
19541452
15584311
20047130
17206551
21544791
18682516
15769971
17572806
15730542
19233502
17557933
19207051
16502830
16865084
16101651
17059642
21485933
21072007
17472497
18788660
16817916
19709016
15592814
16926364
17374279
18071613
18229653
21442334
17482418
18075142
19575270
16872121
19061448
21298276
16138793
17265662
19444408
15999663
17171497
20217048
16456752
20534334
19788791
16945685
15653255
18835521
17575749
17309528
16550840
20682499
17427609
20646238
19232691
16096596
17162373
19274623
20799570
19321807
17077716
17692229
19104193
16630971
20880414
19131419
16713763
20690513
16389158
18038481
17584339
19543670
18090265
16409174
19720683
19114574
18630781
18843139
21385448
16217714
20002590
16377823
17921106
19723270
15535005
20584087
16410433
18503535
19714597
20602594
19240102
19033833
16808705
17202153
19581110
16607256
20966859
18519105
15667384
17145456
18762140
20636586
21393039
19549623
17057568
20609044
18380998
21455041
21299569
20392805
17063358
19266968
16879183
20862893
19072108
16850152
19539814
16619925
18831870
20920902
21147458
17706426
20548268
19656149
19897696
16048857
21168370
19457727
19085666
17266078
18230646
21220657
17166982
17188854
18687488
20511193
21304096
17521855
20669785
17136375
19552342
19708058
15580111
18812148
16612826
18935701
20487072
16814635
17472529
15720030
16475048
20572539
19843964
16111072
16749537
18039298
19912619
20855129
17716417
18628742
19848032
16563624
20506883
16257563
18481622
21502444
18052559
15746595
20192064
17664093
16938143
18259718
21675023
18265802
19427757
19811624
20349639
20303450
16926739
20510949
16468543
21168872
21663608
17889736
16648722
15747040
21655407
16455183
15746779
20182970
18590520
17187696
21322500
20162906
18287900
20081134
18065188
19519908
16927479
19899286
19784911
16084483
17518885
21527006
21990151
19895371
19448484
18258113
15681983
15877566
22030665
18426460
20868254
18499522
19592843
19627913
20923287
20879910
16708576
20113708
20228332
15671188
18461854
17019543
18041457
19734512
16520677
18332357
16917188
15603333
21736075
20925292
19172450
19673010
15897446
17367901
15603664
17160097
17456702
20204938
17300638
16281889
16759783
20178436
16538290
17761230
15716822
15847865
16263664
16670743
20377663
16927579
16962316
16430362
15904886
20655633
19419344
16292095
15793024
17650354
17644041
16146113
21252349
20298668
21536953
21041324
19930289
18274245
17153131
19538796
18042132
16377451
19123871
20667285
18519466
15812095
18025362
18366951
21684679
18034182
21965779
16580262
15987399
16567994
16278182
17627837
19707083
19094155
19054958
17259050
18806592
17326727
21431387
15640682
18427398
19782328
20645668
17144955
20080305
18547400
18390051
18377464
18459068
21446291
19919651
18296123
19943866
15603703
18754767
17443115
19062430
21266285
21514554
19102433
21139465
18173315
18524353
17373239
18476647
17364846
18277797
19482221
18679758
17496831
16957458
17120941
21155103
18445762
19968393
17888107
20210934
19773028
16422714
20085116
19379454
19954315
19819095
21857856
16776858
21495851
20299537
18226157
20437005
19324470
18278648
18380934
20230620
18963542
20402165
15962835
17537612
20430562
17908755
18261064
21076264
16160678
20164712
17433462
16707289
19049552
15959746
17895690
19372128
16465660
16466831
17268138
18980442
21261998
17573738
18335898
16168341
20222232
18762647
20857673
17591606
19543974
17600602
17339306
20860249
16842397
21218457
19573958
16130256
20690373
19725018
16963195
19263812
20525463
21544044
16449676
18588253
18548794
21264758
18417970
17254493
20334770
16032533
20104813
16970536
17620394
18786059
21039750
15555785
17261532
21108661
19712787
15711342
20688777
20463359
16252381
17060294
20554626
20498416
21602318
19112075
16981799
19388445
19471139
16883079
15992195
15756486
21488561
15748071
19609542
18414331
18482485
19135824
20585211
17476142
15597283
16686817
21334768
15997895
20573641
18194099
15571851
16502131
21299599
20485943
17122761
21612640
20828910
17345754
16092163
18293811
16989907
20549916
19900257
21393392
20419988
21248550
20662343
17385361
20659976
19278117
15935421
18425075
18448499
16352972
15932438
18195310
21198244
18410785
21135788
18504332
19366017
21444830
16459890
20970632
16320550
18444206
17544250
19969443
16023804
16572537
19085974
16869180
18723450
18362820
21125069
16100540
17900907
16686873
18216667
16052127
19786718
16398065
17973711
17667018
19018650
20424822
17337155
17252968
20541065
16840761
16556885
18390044
17182445
19940587
20890137
19957674
16688666
18618606
17922304
17413771
16499239
16024213
16249417
16255838
17509284
19035060
21969479
16186454
20530804
18443004
21273025
17588303
20172452
18592393
17007695
17540530
20193799
19778705
17486466
18354757
18241761
20538256
17068679
17640364
18338267
20380962
18246886
17573299
16636220
17632126
20576673
18368878
17057132
19858807
20920232
15715897
17413487
17803420
18005916
16254006
17425278
16842059
16122885
18773593
21091048
18023610
20002419
20609647
19237476
17001260
17727182
18023334
20399487
18021045
21146991
17719344
18082836
21977769
17134633
15530759
19785581
17919211
20345926
17182213
17084766
20149956
17875219
19363010
21521838
19568440
15665704
17479356
16569722
18657673
20331888
21208485
20672683
17607616
21234819
20000306
19811855
17421111
16043087
16814955
15903277
17160541
20003533
16617720
17001071
19168306
19357936
17356958
17349490
21292704
17918266
17176515
17960348
18820516
16381349
17109748
17427172
15808048
16135471
20397331
21783092
16293195
16316439
18834730
17914080
17540090
20525464
18690005
19893465
17080329
15935732
17704674
20069940
20031904
16634710
15904592
18319186
20681376
16878852
19417646
20480775
18180134
19413074
16110001
18426456
21838107
16637581
21319577
19013047
21450207
15575035
19271362
21810722
15741497
20934211
16320144
19606049
20379944
20371032
19194334
15853281
21264669
16530121
15682725
21565682
19104172
17182416
21194657
17516905
19156105
19064602
21460690
18392632
17470072
18406561
18514585
21398387
16295512
15871929
16485588
20545593
17603000
15914132
15887808
19326309
16456455
16539992
18371553
17717308
21620476
21514839
17487537
19687180
18435115
19265735
16827455
17694232
19128728
16630335
18799468
16096156
16521003
17944637
19473498
18800284
17487567
15834253
21194660
18641112
18812800
19762582
17911092
21300192
16809119
19062470
18664978
17592961
20927739
17131574
16925375
18712239
18728297
16450665
18209667
21123235
17105634
22066294
18612091
16422435
19395105
17128362
19783810
20202278
20586993
19262570
20634227
15993676
18830764
17079619
17824940
15962427
15845324
21320943
16876816
18350262
15780145
19761023
19496031
18788339
17310337
16615744
17034601
20684415
19508267
17506233
16177583
21610114
19300221
17164685
17654380
18264897
17610611
19416038
17150430
16739186
19935082
19343866
20004297
17335528
16341295
19216482
20068485
19394792
18475107
16548947
17622603
16791111
20716978
16858001
16836763
17354220
16822641
15993257
16534788
16847798
17147069
17131277
17488520
16475463
15743295
15727086
20027967
18385992
18715970
16332607
18373108
15886362
17977309
17133187
17443600
16724314
21321414
16120895
19339264
15601273
16862020
17622882
19569462
17017312
19538798
17905364
18350940
17060291
19745593
21893738
21168114
18416398
16859860
16777510
21732723
19937955
17074872
15655433
19860315
20372677
20669596
18215551
15911728
15750507
20868642
19596738
19024232
16459526
18971645
16959931
20381401
21700562
17463337
17269951
21536502
15754100
17916308
20850650
21041282
21208829
20163234
16825667
16391309
20514909
15787899
21458151
20485722
17110087
18675766
19411101
16333558
19745209
20573643
19307523
17615073
20726270
15615342
17310302
19140193
17260600
20636676
17484411
19281088
16673977
18196694
21477274
18316939
17180745
16023822
21411380
16119570
21298904
21414688
15952969
15890040
18586576
22032561
17259566
16921334
21813409
21684416
16700350
16136455
19833668
19748041
15571610
19747264
20662280
20179441
17853369
17279450
18787440
21600363
21503439
21308343
21277589
16307637
17785643
16714366
17561284
15788807
15947742
16102378
17040144
19591362
20097148
21658628
20651199
19438135
18385570
17018226
21869666
20657023
16442438
19373635
18694054
20644198
15750526
18924004
21384566
16499465
16898377
15932068
16766683
19084892
15568269
19929185
17994499
21088131
17690086
20598829
16916193
20178571
17509282
20586173
17873730
20507899
20602585
16525523
21457901
16886245
20486528
21511835
19674452
16565634
16121596
16175716
16354866
16496203
19294472
17187330
20109006
16856420
16735214
17440290
20201665
20857805
20221646
18708533
16477286
20347311
19092474
21273358
16416759
17342855
19657495
19886088
18463881
22005230
15520086
21042243
17438472
19529991
16637448
19529041
17185925
16466574
15718174
21462098
17917469
17942502
15877572
20223078
16625992
18782365
15688543
18773583
19960481
19950037
16670190
21669517
20218274
16555020
15684204
19719464
18728507
16304319
19597228
18573675
17667497
17621446
16732017
20426656
16003596
21692729
17580769
17313912
15528583
16796423
17042399
15903002
16021559
18502375
18923333
17394734
17462044
20141467
17712156
18274298
16393480
16060013
21205258
19839548
21076089
16436084
16791743
18360830
15671318
16463599
19446779
21265350
15894777
18395142
20364532
19328930
18494430
19564077
19944558
19695079
19490773
18826905
20889848
16854420
17484413
16768736
19760913
16698510
21476424
19306370
21499887
20221341
16607066
19822289
19530300
16263639
17470093
17695557
16704183
16021803
19723730
15619198
19036805
21217440
19436231
19251192
16254653
21109915
15999088
17283304
17317085
17060034
17404131
17619323
17328482
18430337
16260342
16610506
19088482
20059351
19017675
17224696
19527449
15999001
18380299
18839550
17968197
17963969
21322194
21462439
19237100
16882843
17828630
21108856
19655676
18617709
21080006
16534554
19577752
18927962
19874304
16287894
20043845
21043556
18464128
20970237
15813807
18434156
17175657
19502223
17435590
16515154
20739152
18028848
19515683
15641666
20302614
19384935
21419253
18299361
15810764
15852584
18570223
20931892
17000477
21418095
20520263
18290752
18590978
17784901
20189861
21481519
18653445
21306865
17102708
19395709
16759068
19546272
17727584
21719000
19711655
16310195
18273530
19173756
16316442
18209847
19189153
19708928
18631389
21413594
19591021
16595354
21675468
19826952
16422476
18242130
19739312
17718728
17682222
19892509
20443260
18574259
21277528
15850266
16547388
20219315
17138496
18411391
19573777
19467430
17459138
20363444
18553244
21846402
20860580
16104615
18295104
20633061
16358953
17941408
17212894
19504353
17020240
19484605
16213645
16738468
15894461
21411265
19751037
21926511
16446871
15616390
19247276
16870972
17001437
18822590
20438344
20081100
21050955
15946171
19707724
17285832
19536013
15887356
16843744
15870773
17620404
21138207
18829201
20196495
20378728
21330895
20306935
19399006
19061024
16594432
17913461
16500578
21275976
16878074
17700299
17405777
19955300
18830841
16802312
15912412
16547067
17460312
17636111
16257617
18028849
20407030
19652679
17424902
18361950
15533366
17578850
20948271
17613159
21076165
15788945
15718578
21097762
19269915
20225102
20707670
16613302
16484159
16547787
16965313
17804591
18260038
17371742
19303168
19659717
17630076
15934547
21661137
19716267
15793320
18977111
21780884
17904133
21639657
17558490
18245211
15677779
17986880
18275359
15900803
16706810
17261112
16164511
16477410
16424711
17702666
20853657
20595454
21336127
20935582
15722850
19777204
16618863
17382210
21246414
17221082
15985647
19852799
15656851
21138206
19764360
18773498
15788080
15924577
16960933
19152989
21495431
16318233
18456983
20306274
17430777
17985065
16174996
20031860
16618589
21447047
16758041
21298505
18041283
16565010
21319591
16837805
17087173
20498144
16001915
17348381
19551607
16648328
16355555
20695950
15731976
18293247
17719850
19563323
20925714
21513533
19155098
16000099
21084047
16709352
19723866
20665409
19900939
19101310
16182675
20203635
18424290
21469371
19664525
15843180
16294656
16671311
15624293
16624777
20619602
16004837
15872121
20838335
16850774
19590818
20631531
21410900
15866006
17611213
16242298
20522076
16729866
20078457
20639825
19038900
16757460
17163497
17719690
21417749
19483114
20538363
16112526
21568118
15904503
20031782
20081641
20673280
21122018
21411079
18574345
18663110
17261965
20077807
15671326
20709554
16435233
16949271
18785916
18691272
20878862
17376021
19847721
21936339
16796234
17505864
20439330
16441393
21642601
19623042
21322860
19372344
21059572
19219367
16341680
19537534
18082998
20851272
21552127
16764224
18816746
19327598
19361090
16352773
21262793
20675017
17468142
20077996
19433835
20304260
18000675
20662287
20178185
16230764
17176366
17635627
16788387
20049369
19475830
16315527
15582339
18593491
21296482
20644186
16361032
20678887
18174780
17987416
18425653
17175683
18219251
18460266
17060292
16773482
18677781
20812027
18375258
16532718
16014262
19272541
15526491
17685911
21272303
17342971
19940010
16566345
21041539
19659690
20482425
19678598
17984404
20620266
15719848
20831668
21211482
19221080
18240694
18337271
19422582
16670133
18205682
16338800
16728804
18828315
17309386
16523603
18291056
16817331
18381019
19486788
20042814
20236501
17550936
17066972
18848402
15748057
19124977
16231614
20937448
20654811
17427483
17394379
16865827
19420036
20889273
16612297
19943226
17641967
18615295
17478412
18347365
21210926
16316872
17252603
19064871
16585498
19813557
18075922
20007642
17287229
16314384
15876881
16240861
20500646
15756184
19845807
16887022
19197178
15632754
20408274
19931963
17713113
16649321
20851294
17087177
15895547
19104206
20188506
21462659
16722122
18347357
15796462
21062592
19144053
20653724
15841528
18256976
18489673
18431896
16875796
18351193
20855660
18930971
21676052
17629906
20394480
20973853
20948488
19806535
20047740
21938965
20843883
20949872
18842906
17260573
16602663
20651478
17907276
16184696
15860472
17240496
21129180
19789196
22049636
20472461
15578379
15747756
19327333
16764199
20722810
21371155
18043339
19216411
15955293
21111388
20350926
16570778
15894761
18164469
16225271
17253501
18940709
16331362
19777790
19879451
20102143
20029970
16219931
17298262
16480558
18763014
21224945
17360084
19768288
15604644
21388246
19020397
19533894
17998857
17243022
17505201
20881817
20824450
19882409
19130783
16281808
17761619
17985967
19273863
17625004
20299651
19884808
17479329
20047365
21853670
15950834
16189057
20586347
16405703
18937591
21952329
21336010
19584351
16966670
16215349
18798713
18627215
19892217
16138950
17350559
18438277
20500704
19670002
17108723
21893577
16719605
18045480
21725416
20513463
20708563
15795335
21348930
19049724
19513835
16907982
18069400
20818925
17359607
20048377
16429958
18349434
21079484
18438676
20552281
19323697
18690003
17244297
20117687
19642433
21310114
17555656
18606526
19809350
17721966
19775481
18689533
16194644
15829452
15550092
21136034
18953194
17477232
21655786
20929625
17614882
17919216
17459542
19706351
16479362
19270470
21590572
21322197
17120130
16480240
17252070
18614447
17997265
17413301
21068107
16406035
17391425
16941919
20435665
20011187
16116768
18387880
16390903
19841416
17059699
17912822
20955135
19159873
19403556
16124136
19546639
15916259
15853783
17160738
16415757
17352704
19331058
17331691
16315889
19875747
20591747
21708368
18808614
16174817
16610112
20409122
17907666
20305845
19541099
19041212
19709844
17661810
20144184
15884238
15652689
15537067
16679437
17589371
17613594
17401756
20636159
20536486
15912377
16646758
15533538
19087465
17658028
20950875
18443550
16487900
21690604
19038073
18400003
15967625
20868929
17686221
20446045
18466661
21561512
21317789
18555560
19965954
19203391
17078345
19261205
21542811
18648766
16526148
18548418
16646986
21462754
15720311
17502441
17258670
15515312
17988364
17142610
16530115
19096487
15791873
18669348
19546118
17518194
16938355
16003098
16909724
16809915
16255327
18071806
21071584
16420214
15922885
21860960
17963528
16164533
19253265
20334556
19641933
19853967
16669213
15978783
20620810
18195414
19126255
17229425
16459905
18770988
19227013
17426424
19861102
18287185
17058752
16859866
16569981
16923678
19021126
19323611
18951399
17000347
17050340
18999275
19888959
21139369
20678886
15536113
16847672
17662665
18723862
19222652
17086470
17345975
19898099
21272764
17474289
21511370
20953729
15529485
19666880
17137141
21241160
19850435
19147647
17163120
21285468
18826731
15815971
17392931
19653126
19487615
17633945
15712470
17894252
21841115
19919592
17495563
18712234
19186400
18515034
16151565
19001611
19735763
17066990
19112345
19422632
18834019
20421027
20019120
16967888
19530636
21219527
20852513
20505425
16444341
18565788
17040142
19646173
16518928
17454206
18307497
19171331
20667683
17270044
21631367
18396504
21499576
21478756
19808267
17517285
15807929
19156945
20233017
21799327
21052027
16810037
21857326
21093304
21507232
18507193
17013869
19948387
20546466
19857910
20581734
19486796
15579357
17522193
16536768
18000508
20031171
21863651
16332187
19050082
18063122
16148573
17219489
21870751
18687070
20543369
18494406
17090901
16225336
16849931
16098703
17852259
16850912
22129251
19537154
16422039
18354843
19378610
16177996
21078470
18487766
16513713
19452487
15931800
19171821
21661613
19461551
17283942
20736669
18043344
20399949
20833937
22128511
21469475
16907794
18536884
18225401
16112174
21692591
21441308
15937267
20389315
18794751
15808027
20382906
16683993
20415998
17286737
18367776
17656543
19620146
15777363
18584998
17931309
18557346
17656499
21134916
18445647
21661649
17212829
17037342
16609323
15557551
17387062
16871657
17915971
15558075
15763713
18387481
17067869
19804994
18083464
20737231
16355045
19231928
18701851
16719017
15971736
18778557
17079999
20214245
21615346
20116122
19952545
18019787
18489775
18713199
20956663
19624268
20451816
17102396
17064961
17610181
18786017
17720673
17430742
19323701
21534900
16220148
19266786
21801517
20603752
20579192
18764787
17178074
19266655
20886768
16773862
21670456
15690941
19259269
21272197
20946212
20059792
16967734
18625752
18065294
19196462
21450048
15840074
18090516
20132979
20039966
16324039
16107460
17903257
16205829
19202151
21683625
21519289
21439175
16763282
21350426
16840370
18769996
16220730
17642124
19460091
21188331
16191850
18250240
16529138
21097976
19802635
20594804
20875258
20889237
15645747
15583486
21105305
15658904
16462981
16350596
19590235
18188993
17263612
16715691
16242940
18596118
16813966
21402460
20142739
21660785
19056630
18595456
18710678
17557215
20381642
19917545
17826210
17515785
16779349
19726207
15727112
21709550
16396679
16124844
17411505
17974301
18667654
21252214
17170595
20961414
21057073
16501269
18558183
16568591
19837351
17622203
19073518
19248372
17007330
16808129
17027627
16892682
20088288
20513681
18311407
21258241
21667548
18566869
19788778
17312215
15662172
18365349
21869769
19485869
17002481
19706350
18624704
19116822
22058396
18284826
18257828
20861599
16191145
15701148
19328417
16167658
19192004
16034507
21470467
21553968
19845179
17085275
19228233
16123466
19710615
19201322
16688667
18482291
18452639
16482478
19999433
18468879
16489962
16021265
20875178
18227679
20308943
19761589
16616267
20446387
20959765
19037225
17559659
20191948
16294804
20055066
15726544
20465765
16455221
15918427
16035246
15917977
19704390
22078679
16719042
17691520
18197015
16547782
16879380
17065659
16184946
18370891
16396413
17617501
16798177
17420784
20888642
18844528
19700297
17230396
20169818
18028832
18065365
17125041
21036284
16299573
18649347
17343661
18355593
16640738
16174813
21625545
21209578
21744564
21641361
16547434
17935835
18234033
20146908
15603503
15554514
20848072
17954872
18427242
21035906
17019551
21041348
20231238
17351490
19743707
19088620
19252113
21982519
19009802
20148863
20159350
16258342
20720510
17828325
20218938
15726240
21535275
15611316
21841631
19175587
18165651
15908083
21244252
19171091
16401807
16331429
16119682
19156467
18839735
15748088
19005190
15511740
17392258
20099431
18498345
22041957
20022909
18596630
21682172
15944109
19104292
20002421
19812793
21134555
21368519
19537189
19159977
19289000
18495410
17521258
18356346
16651833
16358084
18454927
16107598
21632664
15754538
17873570
19646776
18038525
18542104
17481456
20021684
16372470
21926498
19953460
19363751
20427299
19703037
20642088
15558396
17130700
17233432
21154091
17453263
18928960
21209142
16405982
17236993
16421619
19592873
17506869
15586133
21187745
16170788
19780435
18250484
17459128
16044771
18519622
18631406
19180302
19672190
16334819
16427762
20706184
18164459
16114756
19780853
16355050
16449088
16050883
17952404
19156392
20157933
18850764
16195820
17233780
19010732
16515257
21168247
16907786
18720617
18455949
17786870
19729266
20525649
17931326
19205735
21955399
19191853
17413403
16045054
19916075
16155809
17978607
18402738
16967784
20380613
19472112
16865561
16639203
17638947
20881429
21626462
22005243
16622986
20146022
17597436
19788092
19855038
18056324
18788956
19220607
21571178
17987759
17416711
17237557
16198213
21218571
16516560
20946209
18372975
16051661
19777359
19235496
18642619
16831512
16163682
18463444
18464129
19127130
17564864
16641083
16649302
18777821
16718578
19798047
18648014
17477472
19928714
17306547
20803401
16832675
20350694
22128562
20715299
16013908
21314891
21436706
16632765
18540121
19133370
21576012
20546383
18320455
19813430
16048467
19668280
18454689
17679641
18815980
21945011
17941432
19908926
19472551
16942769
17319567
19481272
19785974
15516535
20499780
19866538
20307367
16643477
17548273
18333733
17488173
20852015
16766105
21129159
21620311
20837284
17039986
21129704
21164055
19448210
20351376
16500926
18829260
20568026
21872497
19688993
21130030
19187877
20510287
18632507
18594490
16779535
20677522
15758594
15879562
17361585
16829831
20205505
19234100
18051972
18445760
20088955
20718644
18208614
16951513
17879354
17177958
16479203
18253800
17949402
17480142
15653940
16217009
16359014
17539699
19913179
20497880
17264698
17061659
18058440
19207062
21696286
19491355
20801758
18662169
20507890
20015489
19485858
21377671
20840358
15628649
17973964
17445135
17407605
19918153
20500967
18767515
20140355
18684103
18754706
16013648
15608585
19901005
16996187
21488415
19512935
16821510
18477723
16140129
17338952
18365512
15718184
18940987
18842916
20841838
20890143
21183307
19663271
16908732
16999743
21226409
19219512
19734128
17462983
16717084
17494949
17140121
17623242
15755396
18461420
18923216
16500071
20433666
20646708
20510839
18190369
20525170
20960019
16270409
17196105
20708185
17091058
17052089
16478905
16045660
19818581
16616695
20148769
15959758
16985405
20222397
17038085
17955211
16364708
19290712
21307118
19529045
19131469
20823020
17160869
21264451
15899314
16483096
21382515
21044036
15741473
21078225
20117031
15581299
20128543
20176412
20363075
19413197
16623604
18059392
18666041
20826494
20819049
19765116
21708003
21599730
18937570
15992183
16358548
15645323
19289342
17621580
16730602
17030842
20177051
15968876
21684468
21614763
19445645
19683950
17726711
15548098
19906285
20515883
19132574
20520550
20855809
20360914
20234199
19711048
19339444
20030696
20542238
16524206
21628032
16756185
15648370
18321620
17519048
17942272
19653387
20975399
21534097
18449833
18056570
19413583
16462349
18092572
22041951
20726381
19670955
21658825
16010188
19602539
21135708
17163394
21503460
19300078
17682030
18660767
16255739
19411582
17640243
19132806
20693569
15557355
21823567
18341180
19715257
21549465
18333732
20966849
16352954
18220631
20107916
20954055
21195887
15966212
15596158
20078006
18522561
17429508
20935603
21724782
19920097
16162578
19088550
18035233
15935099
20590513
17466653
20140833
20689929
16941820
19275001
20038405
18021518
15876255
19564002
15801997
20346033
19596420
18979856
17091073
20543375
19011172
21119153
17533936
19117310
19859851
17581772
17392949
17026762
20526901
18613786
21388099
21046383
16448341
18395309
19702025
21614670
17629737
19526413
17560066
21952059
16735667
16138795
16356205
19341069
15583244
17464135
17452733
19691445
19073656
20617291
20695035
19948297
19297917
20649500
15934264
21356019
20968214
17036618
17979619
15993675
19667840
19302728
17598141
16183748
21860189
21071528
17553107
18518868
20380966
20142390
19253128
16515107
19285173
18089871
17710049
17133494
17697218
16631282
19075451
17998405
18338990
16950811
21824313
19720810
18375522
16688662
19502852
21722991
17952147
18755564
16324183
19014704
19746850
17913498
18693913
16955453
18973717
15855177
17955745
21051795
16033495
20395948
20403903
19719908
17000387
21252667
19719516
17061311
16547452
17298264
15745173
20428183
15868031
20963673
20543720
18200827
20064142
18725033
18810662
16326785
19368756
17607970
19200384
16893143
19723933
17060254
19403495
16951780
17784884
21315993
20143327
16129006
19227589
16514330
17114836
19521131
19352161
22053656
19920747
16794782
21635281
21539028
17065788
16982230
18378825
19001003
19916890
21282691
21087817
18184342
21117327
20005147
19273779
15964672
19865577
19330972
18486458
20966782
16881590
18657248
18176179
20810257
18043775
19117504
17601217
16736842
21446264
17336868
19617303
20484948
17721844
18157449
19800851
20103833
16702820
19187169
17139878
17421094
21330485
15515614
19292230
20518685
21248644
17987541
15659007
17319382
16272977
20372899
19103585
20052856
19745632
19788771
21823881
16076894
19940580
17352397
16076793
15650500
16892512
19547799
18660716
16524355
19380360
20592004
20456797
20360209
16440044
17656632
21378673
15571902
17470871
21498553
16164387
17883630
16199460
17263929
18635374
18609505
16049209
17482300
16482237
17334609
16047529
16027580
15812994
21276199
17508658
15655132
19762416
17305265
15745363
19880918
20529510
17702522
18226313
18385264
20595246
16145024
17133293
21322856
18546569
19707769
18586692
18346551
18958836
19232603
18352962
18164933
17099415
17577028
20101416
18478270
20026475
18473696
17421107
17198753
16749539
17585519
17636714
19278889
17102156
19365991
20482884
15685405
19272784
15922499
17087679
16785215
21299762
21218304
16807792
20234248
17549772
15724782
19642764
16802313
16738986
18839647
17017628
17010555
16945446
19860235
16927733
20458817
16757376
16215359
20871555
17146119
20614429
20526684
15943142
16938786
19025084
19715029
16044791
21788746
18661159
17139941
21287905
20386504
17084329
16049710
21155756
22045882
17601470
19415424
18999288
21429885
21129680
16636096
16083530
21548505
19111866
19358991
19521272
17914295
18804235
16034855
21398320
15970116
21609422
16631716
18472221
17153660
15637849
20482950
17601175
17003545
15918864
17803400
17851345
17094359
17062903
20503678
16490096
21576638
20830625
16198192
19092030
16048856
20670319
20442353
19849909
21486160
20654869
18445176
19395264
19573262
21333923
19947784
19014117
18376493
16855126
21269379
17363863
17319557
20163757
21059417
18332402
21268521
16615735
20654870
19910716
18989542
16184072
19719852
18369582
17499955
16688660
17828003
17063135
20499769
18563013
19417119
17602333
17121761
21255498
19767781
16451156
17869968
15958358
19723325
19543092
17560065
19438889
20107815
20972385
17500344
16687723
17238699
17204565
21252831
15699999
18283966
21198742
21034884
21612433
19805708
16250279
20427002
21614944
20111916
16076279
15788031
20170328
20658125
16181798
19201599
16159066
16676337
19437874
19182554
19819041
16052180
17185208
16971816
16922980
19524911
16761660
21490541
20379915
16449741
18681344
15992202
16368096
18437059
21442644
19539461
20822386
19131749
20716478
17061071
16721695
17670998
18767470
16508486
17479546
15543757
16353573
15789185
16690762
19823963
20303156
16688508
19471050
20587105
20480209
17803401
19899647
20704096
19863228
18644668
19914637
18684186
15706278
18525065
20695800
21159197
16108470
20565328
21305918
20502161
17010012
20614373
18215499
19300289
20097397
15961365
16420546
19856089
19901745
21586258
20354115
18563022
21062578
18062571
17597556
16020073
16849750
15708184
19995289
19493137
19057566
20391855
20682570
20590022
19851137
16754831
20380037
20445131
17962172
17590320
21059702
16892697
17164055
18670472
21513000
16278137
18693963
20040087
21894124
15839235
20570484
19697671
16728385
19826078
17050482
15658736
20144399
18474881
15764743
18027000
21592062
21329122
18402316
20697962
19483575
19282701
15644541
16978687
20224999
21537199
17996108
19931150
15946117
21097075
19566638
16298132
17448416
17551423
19293223
21063799
19047688
17575764
19770174
18647193
19665915
16769120
18157287
18402733
21126191
17267087
16923032
21214716
15714932
20530403
17765496
19891301
19522037
17603781
18538973
21409708
15912052
17561131
20472986
19457153
18349327
16244849
20439486
21332106
19836601
19167670
17091750
17513278
18052813
20000028
17653393
21838159
16103696
20157747
17261346
19876637
17095499
16023823
21492337
19401499
18290938
17683656
16716857
17495711
21853698
16451720
17724863
18198364
15619402
20442341
17238623
20427312
17286730
17802730
20854588
19301153
19653153
15668600
17694233
16257618
16913432
16829215
21496804
19242482
20523217
16148249
18709672
19516910
16782514
21659397
15998620
19098108
18005918
17257978
19883886
19491848
18052516
18999065
19577418
18414179
16330118
19860093
18410659
17049093
21535274
17591453
17219527
18397686
17984805
19788773
18387147
17688480
20848259
19167629
15811491
17174399
17099104
17870032
20801918
15835472
19952551
19753803
19118431
21224466
21516665
20605850
16501142
17326021
20654903
20671079
17514708
16674784
19409635
17554092
20711651
20204989
16086547
16245477
16473096
18157484
19208329
17468687
19390753
21324847
16835562
18454586
16119488
20083413
18331480
20194153
21659317
20811744
16739441
18336958
15965035
16279158
20885315
15562219
16287559
21506464
19104262
17153132
16528928
18710703
21516003
15765642
16673673
18849478
16951838
16555667
15977519
18780932
20942726
20065310
20674362
21205834
17139578
21557378
16082794
16149976
16647834
20813784
19703382
15611423
19087473
16445071
20546166
19057495
17325297
18294606
21388240
17468940
16020009
20436062
18402705
15862642
19390967
17979951
21162428
19647969
20192715
21534095
16214624
20663801
21375101
21159278
20207265
16849746
17447591
21599990
17072157
19434024
15681882
16180953
16819563
15844634
21337280
16129011
20826510
20427521
20093280
18655709
17607865
15755411
15797751
17146138
19628236
21586247
18460066
19237501
19927860
20075540
20386035
18203554
18844544
17870502
16533127
21839909
15555978
20409138
18235394
16893664
21714418
16050891
20853654
15653250
19725798
17601465
19440947
17448622
19901502
21324859
20881158
16238867
19249998
19814883
20017115
15866396
16973462
17134740
19471140
21714478
19097575
16900070
15893218
18355420
16100332
20101059
20070504
21330098
21499008
16542132
16889318
19300155
16219614
16759046
19842578
20156379
15636397
15561022
17671242
21651660
20442748
19713088
20421033
17310739
21368257
16227562
17252078
15865270
16187669
15853841
21225585
17206572
19282506
16298088
18806520
16879091
17011264
18779884
21586988
20191724
17432372
17016994
17016888
19566989
17197784
20173256
16466404
16236839
20535942
17712842
17883645
16517009
19750836
20948485
19643848
16733953
19851253
20541076
15743299
16209375
17622492
16240704
16445855
17710834
17692249
19686275
21463415
15842203
18049170
21277804
21069268
18480204
21268419
18771897
18439244
17727387
18637637
15937828
19771517
20083311
17487290
19956825
16404863
17592658
17402352
20335722
21894868
19454203
18320392
20670699
16173895
16223109
15641074
20350912
17969796
18030155
16998406
16021929
18197510
20677915
19448790
21678683
17125956
18428416
17274175
20880367
21348556
17999269
20394519
16813267
17344264
17299807
15536883
18572540
16060201
19723279
16407697
17717242
15778555
21164389
19517579
18804936
16749369
21359256
20642037
17204509
19384131
20859114
18044379
16886312
20961981
17523332
17299964
15983239
16595567
18728250
20422795
18553252
18982964
16551208
18758315
17875027
21540603
16011504
18279125
19858343
17640382
18828929
17565036
17200399
17767791
20873902
19492211
18025448
20536278
15909782
19500375
21114716
21721895
19959840
21116090
18832499
18821035
17072284
18981351
18065034
17301509
19331007
19618792
21073777
15566022
21288681
16756529
21664016
20572375
