16717198
16713507
16755127
16752988
16736802
16736630
16734648
16734272
16733822
16731237
16723423
16722993
16720852
16705190
16703874
16786808
16780297
16779067
16777796
16776611
16769473
16768331
16766980
16765506
16759386
16759065
16758714
16756180
16697168
16834803
16830254
16830252
16830251
16830245
16830241
16830237
16830235
16827454
16821558
16816279
16816278
16816277
16816276
16816274
16814678
16814628
16814370
16809599
16808129
16807171
16807167
16807106
16800431
16800430
16800429
16800117
16797445
16796234
16790162
16696774
16689120
16689119
16689118
16689117
16686888
16889320
16886487
16885246
16882777
16876816
16875100
16873335
16871827
16869182
16869053
16866810
16866692
16865349
16850288
16847172
16843718
16826957
16958311
16955592
16953356
16950738
16950737
16946107
16944787
16944362
16937576
16930000
16927002
16923305
16921324
16919743
16919135
16913579
16910807
16905484
16651353
16648514
16646218
17056781
17042373
17041073
17039823
17039325
17036695
17036521
17024547
17020643
17020234
17019783
17019462
17017760
17015873
17015865
17015861
17015572
17011257
17008252
17007709
17006339
17006005
17004660
17004023
17003763
17000484
16998427
16997821
16997055
16995375
16989408
16989402
16989401
16989400
16984745
16972975
16970008
16969705
16967393
16967112
16967110
16967108
17147027
17141122
17139909
17139889
17138505
17138487
17138483
17137234
17135856
17135854
17130383
17130381
17125053
17123215
17123214
17116148
17115974
17111639
17108521
17103042
17102919
17102887
17102237
17099779
17099573
17099466
17099465
17099365
17098513
17094358
17094300
17093911
17091906
17091733
17090733
17089866
17086800
17085603
17082957
17079619
17079023
17069595
17069582
17069270
17068324
17066997
17066881
17065879
17065875
17063135
17062541
17061473
17061151
17059494
16608721
16604583
16604008
16584052
16581641
17252093
17249283
17245242
17244003
17241188
17241105
17240510
17238421
17237470
17235573
17227248
17224983
17224822
17223939
17221096
17220847
17219324
17212256
17211780
17210537
17203647
17197587
19655506
17194412
17194053
17191258
17183824
17181604
17180394
17171764
17170328
17168255
17168043
17166255
17166062
17164803
17163227
17163225
17162627
17158185
17158048
17150326
16569951
16566100
16562577
16562575
16550675
16086411
16047911
16045646
16035724
16030370
16029982
16029977
16029974
16026043
16025891
16020574
16001753
15999410
15997796
15994605
15990621
15989886
15981652
15968876
15966169
15964445
15962433
15962074
15962057
15959428
15957142
15940585
15937388
15934356
15924035
15924033
15915880
15915828
15911501
15910587
15908832
15889885
15886733
15884501
15870791
15865572
15852589
15839372
15839314
15823887
15823886
15823885
15823883
15815890
15803044
15801690
15796052
15795335
15794350
15793979
15792061
15791873
15787231
15782742
15772414
15772362
15770894
15768654
15768653
15766439
15765728
15764941
15757885
15756120
15754604
15754527
15739922
15738547
15735593
15727548
15727544
15727109
15718174
15712510
15712507
15711229
15707214
15700607
15697046
15690215
15690196
15686335
15686333
15681540
15678929
15678928
15678927
15678925
15663269
15637870
15637868
15633837
15632346
15631329
15631293
15624673
15617635
15607406
15606709
15603513
15599695
15597932
15597815
15597283
15597141
15587451
15576873
15553330
15551998
15549584
15548948
15547505
15540619
15534947
15526617
15518867
20302064
20195054
20178152
20158126
20157933
20146027
20126958
20123831
19507536
19504812
19497539
19489507
19446272
19384700
19383956
19383955
19268145
19317224
19299821
19299368
19289916
19271589
19237072
19186446
19186225
19175587
19154243
19092532
19035035
19026897
19005956
19011232
18981791
18979957
18956502
18952349
18951402
18951400
18946961
18946676
18941803
18941437
18926963
18856081
18853309
18849518
18847103
18839886
18838702
18836325
18833629
18832984
18830860
18828830
18823811
18822541
20088056
18820880
18819716
18816703
18815973
18815509
18815504
18815503
18814783
18814423
18813611
18812738
18807959
18804999
18800591
18800285
18800284
18800283
18793895
18789425
18775377
18761850
18761849
18757992
18706025
18694054
18693918
18686878
18686676
18677686
18668611
18666406
18663980
18663110
18661903
18660767
18651123
18645913
18642736
18637771
18630780
18628619
18610714
18609800
18605061
18603033
18598904
18593399
18589861
18588597
18586191
18581613
18545002
18552096
18548938
18521863
19825711
18507237
18486879
18480954
18442591
18433658
18419711
18401223
18393329
18393058
18392546
18386724
18385407
18371051
18364061
18350859
18348105
18335670
18330731
18320455
18320454
17494492
17494482
17493184
17492411
17492407
17492326
17491567
17491499
17491300
17489803
17488986
17487706
17487705
17487289
17487019
17486722
17486384
17481769
17479009
17479008
17479007
17478997
17478663
17477005
17477004
17474812
17472495
17471829
17471132
17469493
17469384
17469382
17469376
17465082
19606776
17464112
17457121
17457117
17455746
17453993
17444407
17442464
17441562
17433622
17433614
17428961
17427438
17421117
17420193
17419398
17414277
17413311
17410013
17408033
17405224
17403245
17403234
17402953
17402352
17397690
17396706
19655495
17391601
17391600
17390605
17385491
17385042
17383115
17377284
17376559
17375240
17374312
17370922
17370631
17366849
17366839
17365371
17365370
17365159
17364650
17364335
17361918
17353575
17352334
17350559
17343028
17333406
17333297
17330409
17330301
17329277
17328473
17322007
17316441
17308470
17297909
17288714
17274807
17272948
17272798
17269537
17267742
17266484
17264863
17263054
17261852
17260575
17257444
17256674
17255822
17073194
16616276
16615927
16613389
16613387
16607821
16607351
16602517
16602516
16602515
16569134
16566103
16566102
16566101
16552237
16551020
16548270
16542439
16541290
16540822
16540604
16535903
16532171
16532075
16529186
16526335
16525005
16524967
16523603
16522129
16520500
16518928
16505701
16491939
16489518
16489380
16489379
16473745
16468261
16455726
16454105
16446270
16446269
16446268
16440241
16439771
16425756
16425009
16422552
16422476
16422034
16416580
16411618
16404802
16400958
19759979
19681242
16383057
16379129
16373215
16373214
16373213
16372758
16372756
16372755
16372143
16366181
16363102
16341680
16340114
16335475
16324469
16323719
16322114
16321733
16308171
16300322
16285321
16283902
16282745
16280563
16263918
16256719
16255473
16248259
16240947
16229314
16229304
16225322
16223189
16218125
16211179
16199464
16196452
16185589
16184715
16184696
16178312
16173860
16171237
16168038
16168031
16161860
16153768
16153049
16150678
16149255
16130558
16124685
16124388
16123546
16117258
16111603
16096154
16096151
16095218
16092782
16092629
16032428
15997045
15994337
15984453
15977530
15974110
15966461
15966460
15948354
15937389
15937385
15934975
15934279
15912815
15897215
15894793
15891691
15887320
15887319
15887318
15875749
15852584
15838419
15828559
15825667
15823892
15822628
15803325
15796085
15779648
22073723
22039681
22026194
21996469
21991779
21949180
21941871
21934072
21910375
21894868
21819023
21806353
21786715
21739632
21738178
21738167
21736069
21719890
21698995
21688468
21678804
21678217
21650126
21648267
21642740
21639897
21626356
21612625
21602629
21548342
21530703
21486126
21486125
21469366
21462627
21462466
21462458
21449227
21383359
21383355
21383353
21383349
21383346
21382948
21340369
21251169
21182440
21140755
21140754
21049435
21038175
20956038
20873066
20850031
20849027
20848981
20816107
20709647
20677522
20654942
20654899
20654897
20654895
20654882
20654876
20654872
20654839
20654829
20654827
20654824
20654823
20654822
20654820
20654811
20646238
20638220
20633899
20632461
20552913
20532135
20532134
20532133
20532131
20532130
20526901
20507043
20448516
20473724
20449990
20394121
20384092
20376638
20376608
20369438
20346447
19907389
20006316
19858439
19842516
19828856
19815682
19711657
19707154
19703637
19697810
19697196
19697183
19684362
19680079
19666880
19672610
19669716
19660633
19655681
19655672
19652919
19634261
19632023
19630454
19619095
19619092
19605620
19597228
19596595
19593508
19593076
19591346
19591309
19591307
19588636
19588635
19573473
19568933
19566693
19565687
19564281
19562850
19552860
19552222
19551656
19550264
19548492
19543407
19534188
19531630
19524172
19502873
19501479
19493382
19492616
19489085
19475635
19466676
19449756
19438080
19431028
19430687
19420868
19420867
19420866
19412691
19408588
20731283
19399745
19387911
19385406
19383199
19381051
19378610
19361775
20854496
19328417
19268143
19324241
19324239
19323117
19322951
19317222
19317204
19307806
19307139
19289216
19289002
19288835
19275453
19271644
19263721
19259927
19253148
19232929
19229795
19226478
19221130
19219757
19203485
19202117
19185202
19197686
19186226
19174700
19165444
19159543
19156448
19146568
19142992
19142592
19142279
19139474
19130383
19115710
20530945
20351836
19100944
19100943
19098508
19090071
19087465
19086491
19086484
19085468
19080189
19068917
19068904
19068581
19067313
19065082
19058072
19057236
18092190
18085602
18079569
18075945
18075768
18074936
18073365
18073358
18073255
18072405
18069314
18059345
18057844
18056515
18056140
18055669
18041866
17922454
18049299
20469538
20443275
20443258
20443253
20443252
20443251
18041968
17917948
18039295
18038821
18033645
18032268
18031947
18030125
18029956
18029837
18029830
18027524
18026943
18021643
18018957
18018661
18018645
18006510
18003866
18003591
17992483
17990153
17989450
17987697
17986499
17985960
17985957
17981088
17979619
17979208
17976288
17975399
17971492
17970800
17966202
17964900
17963969
17961887
17786883
17960348
17958966
17957851
17955892
17952353
17943737
17943271
17942061
17941421
17941408
17848305
17937697
17937508
17937371
17936452
17934708
17934144
17929651
17929649
17927835
17927102
17927095
17924070
17920823
17918605
17918515
17917466
17915373
17915056
17914313
17913778
17913777
17909136
17907348
17904508
17901838
17901831
17892143
17888691
17885971
17875621
17872670
17855821
17847998
17847993
17847992
17828477
17825215
17824142
17823912
17823100
17821867
17806014
17803837
17802733
17802732
17768307
17766512
17762417
17727182
17725461
17724358
17713373
17713367
17712154
17711144
17710561
17706856
17694484
17702708
17701393
17695079
17694351
17687656
17687209
17684883
17682443
17682215
17680092
17679214
17674909
17670998
17669052
17668786
17668598
17668169
17668162
17664512
17661544
17658419
17656412
17655520
17655164
17653891
17651162
17650271
17642094
17641759
17634910
17630006
17629994
17629737
17628927
17627836
17619435
17619405
17618077
17615745
17615718
17615717
17610187
17610109
17608084
17608042
17606161
17605536
17603411
17603410
17598355
17598253
17595811
17594634
17594070
17591998
17591607
17582992
17582874
17577605
17574193
17574192
17573738
17573737
17564539
17564045
17563853
17563049
17562960
17562720
17560819
17560214
17559751
17557464
17555001
17550068
17546760
17546355
17545387
17542721
17542030
17540828
17538751
17535540
17535182
17533780
17532924
17520877
17520189
17518200
17518141
17518078
17516378
17516333
17514991
17514391
17511801
17511206
16444850
16424997
16401013
19759974
16357669
16334826
16308175
16294516
16289090
21717682
21717676
21714883
21696286
21695887
21675172
21674892
21670785
21663871
21661659
21661648
21657855
20974905
20968214
20963676
20962308
20962307
20956260
20956232
20942889
20935270
20923893
20922324
20920085
20889852
20889273
20888949
20862625
20880816
20879639
20879638
20873676
20871527
20869783
20860319
20859039
20851279
20851273
20843717
20841983
20841982
20841957
20838165
20837850
20829865
20826103
20825536
20804926
20822056
20822037
20737229
20806707
20803395
20800118
20732664
20716871
20711916
20689118
20688777
20684197
20681469
20640330
20640315
20679073
20677061
20672683
20669872
20669862
20666036
20666035
20661039
20661038
20660885
20654979
20654871
20642071
20631598
20630922
20629341
20619056
20615848
20586911
20586908
20586895
20609689
20603648
20598920
20594460
20590900
20590028
20590026
20590022
20574741
20570520
20567112
20562786
20553179
20552915
20542793
20541156
20540393
20540391
20540390
20540387
20540386
20539922
20533696
20532137
20529186
20524504
20519188
20519101
20467372
20506090
20484948
20495317
20488562
20488327
20486582
20481095
20478508
20465764
20464887
20461676
20447510
20447508
20446418
20443433
20443428
20443426
20443420
20443419
20443417
20443416
20443415
20443414
20443411
20443406
20443404
20443390
20443389
20443388
20443387
20443386
20443352
20443351
20434292
21744584
20423471
20419517
20415357
20414852
20406872
20403558
20403556
20403550
20401600
20387181
20387179
20386978
20386231
20384500
20371779
20371073
20358517
20358496
20339760
20337109
20332686
20226111
20225433
20225429
20225102
20222125
20222118
20221338
20218462
20207924
20187419
22046732
21744591
20186384
20175794
20175678
20171451
20170308
20158128
20156313
20155892
20154475
20147344
20142678
20141024
20134335
20131741
20129896
20127602
20126819
20123819
20123813
20120389
19157355
19156392
19152929
19149341
19148028
19142785
19142781
19142780
19139483
19135997
19133176
19122982
19115893
21330791
20597406
20351925
19968536
19108501
19108047
19094720
19092149
19088666
19088665
19086601
19085974
19080751
19073518
19072013
19070740
19068746
19061784
19061105
19058819
19058260
19052250
19051612
19050665
19050194
19046558
19042476
19040543
20443305
20443299
19904451
19039510
19035033
19033222
19032571
19018515
19015465
19012769
19012195
19012146
19012140
19012139
19011878
19010943
19007713
19006888
19005190
19001660
18997901
18989724
18971651
18964105
18952748
18949678
18947323
18939468
18927962
18927139
18854974
18847073
18843816
18843564
18838182
18829879
18815843
18813613
18807669
18664711
18796426
18783126
18778993
18771338
18767008
18763683
18751356
18723370
18718110
18717999
18703306
18701764
18695974
18681977
18675187
18662241
18662214
18641928
18612860
18612106
18608475
18605115
18605113
18605103
18604760
18597730
18595565
18595383
18593261
18589623
18584141
18580088
18574345
18573764
18382164
18569419
18567485
18565008
18564122
18561516
18560144
18557435
18557127
18480675
18555165
18553252
18429739
18549063
18548794
18548793
18546568
18546044
18545132
18541904
18538907
18538094
18536995
18535188
18525158
18525153
18524343
18524092
18519463
18519003
18517064
18515743
18515554
18511593
18510832
18502175
18496072
18495713
18492733
18490877
18490139
18488981
18488681
18488575
18487796
18487766
18487762
18484975
18483818
18478644
18478497
18478270
18477179
18476648
18476647
18475235
18475092
18472538
18464132
18463898
18463881
18463838
18461849
18461404
18461296
18460106
18453944
18451887
18450248
18449517
18449178
18443830
18443391
18441627
18440772
18426590
18426103
18425280
18423348
18423347
18413876
18405264
18404019
18402705
18289274
18289273
18394106
18394034
18393210
18379716
18378967
18375087
18374431
18373100
18370883
18368880
18364482
18364130
18364129
18362635
18358996
18358702
18356768
18354380
18353718
18350770
18350262
18347762
18334235
18333733
18333732
18333730
18332821
18329827
18327698
18327027
18320453
18319491
18319186
18312785
18309722
18309721
18309720
18308992
18304501
18303009
18300838
18300320
18295058
18293815
18289186
18287981
18285347
18285293
18278700
18278648
18278642
18278566
18277802
18277759
18277554
18277553
18277552
18277551
18277550
18275692
18269894
18269305
18268866
18265802
18257761
18256115
18254831
18248395
18247013
18245801
18245767
18245766
18245214
18245167
18240401
18239378
18232242
18229731
18225837
18214215
18212170
18210005
18205900
18202987
18202986
18202984
18202934
18202687
18202203
18198973
18188975
18188640
18187916
18187011
18181893
18176217
17917949
18164351
18164324
20054158
19422112
18157447
18155107
18095811
18095528
18093312
18092572
18064944
18028832
21904094
21899216
21898329
21830645
21817858
21813531
21810726
21806354
21751718
21604049
21602674
21600064
21597373
21596399
21595360
21595356
21592032
21591405
21591404
21575530
21568200
21566455
21563900
21556269
21552087
21552066
21545021
21542725
21540416
21540250
21534383
21532829
21528081
21503491
21503489
21518181
21514103
21500147
21492799
21486128
21485928
21481295
21475274
21473234
21471897
21471880
21470088
21463382
21462094
21457920
21457694
21456508
21454852
21447836
21429885
21426376
21419973
21416864
21416711
21415615
21411818
21407115
21404797
21368555
21368550
21368549
21368546
21368544
21368539
21368537
21368529
21368524
21368522
21397102
21384467
21382946
21372832
21366104
21360862
21344758
21341931
21341930
21337806
21337788
21337777
21335873
21332106
21330818
21330208
21317789
21316558
21303278
21301667
21295755
21294497
21294300
21290900
21290863
21284765
21284562
21281767
21280548
21278670
21275313
21275312
21262790
21254823
21243328
21233580
21228706
21217507
21212420
21178732
21186002
21179664
21176251
21167362
21165716
21162327
21162326
21162324
21162323
21140964
21138150
21131811
21130202
21129950
21129560
21129105
21128219
21120403
21111957
21108856
21089995
21089994
21088725
21084136
21075222
21074648
21055861
21048474
21043559
21043022
20593987
20587062
20562788
20562773
20562371
16328750
19546018
21707338
18951864
17803415
16700241
19673014
17033234
19663271
20887842
17147856
17427609
21346708
19728404
19617356
15522054
19423171
18763662
21561507
15811201
15768651
16636361
16054572
18534688
19243243
16258117
16814217
18488425
17985961
17163989
19349456
19609179
16990883
17408858
17565432
17662689
18632997
20592010
19237476
21140874
18793856
17956496
20110107
20331382
15653241
20701195
15711812
21219527
20586993
17913771
22046739
18630251
20189784
21502347
15833473
16868472
17991255
16236662
17869587
15701539
15564279
17469354
20005317
20541272
18573431
18029511
15527232
17540013
19382516
18032210
21362711
19592271
21158904
15804332
21556263
19500789
17266765
20800719
17577165
19225315
15624793
18350755
17173659
15665634
21505224
20124024
17059086
20870690
17205276
16881590
16488347
17238720
17411927
21074816
15831420
20200818
16860965
15686337
19220618
19504083
19930570
18788339
15918428
18522525
18465228
19083686
20001167
21725247
17977309
21736078
17125041
21097761
17016987
15601273
21530172
16546508
19880830
16941132
17696629
16078984
19950039
19096290
16341117
19576714
16553690
17299901
21071360
19066140
21170659
17190121
17425278
18796048
21158853
16430335
20231494
15700156
20882832
21719625
21586990
17760913
20618947
19752684
18227463
15761453
16843575
17364726
21353120
20581667
15960570
15589080
19717826
18953206
21551929
17918080
18222126
21677490
21133868
16006844
19968450
17970459
15940358
18097138
16637454
17351220
16951838
19263952
15836532
16162468
18157830
18273530
18956493
16977900
16273007
18073618
19226195
21178218
17467117
16419213
18946891
15920707
15667371
17384930
17505246
15715031
17604262
17141572
17070341
18401226
21639615
20306844
15835836
16873775
20090339
20547286
15663705
17069104
20848116
15548249
20550662
20104453
19458979
19968597
17697454
18990020
21325188
18474054
19405016
16381100
20329335
21799379
19386826
16160067
21055651
15532791
15565357
17669281
20377024
17199055
21290960
19041212
17084843
16278102
20603048
15715179
20473648
20838269
17853657
15529102
17997264
16362937
17449410
19184557
21246400
17394619
16312084
21524205
15899229
20440869
20921882
19704289
21341443
19934696
16773316
19864968
21046968
18500140
20081636
19278184
18218265
18158440
19306147
17906083
19373991
16280895
21340716
16528909
16117095
20052731
19419342
18639796
21361819
16709021
17264112
21458695
18338341
20192078
16827400
21840840
19912619
18269302
17413755
18234680
19323697
17401779
16422996
16615004
20802340
17590212
21406315
19966692
19962475
21457624
19413164
20527623
17372789
21394012
21104506
17257601
17872834
17441796
18515602
18219247
19700969
20081127
20110825
16323983
20373072
17464126
15545244
17924373
18950921
21429717
15844186
17643712
18320906
19363883
16160191
17975185
18193726
21961386
20880366
17118075
17244290
20334015
21696320
15631265
18295936
21526583
19593747
21111271
22090330
17559612
18942219
16927733
21536502
20979605
17189117
18662256
19397183
19504762
16257618
16061929
16343906
18768286
21570030
17407591
19508267
16398383
16884841
17290085
20007642
20653585
19194456
17608889
20032169
18708892
20426815
17392945
20633939
21784282
16700635
18282270
17695944
18705737
17874230
20461349
15944499
15860031
21916145
18941032
17558578
16909729
21191211
18606935
18245213
21504240
18412079
18157581
17882863
19171727
18236294
18679758
16495871
21138831
15997613
18033192
17204565
17446595
20459356
18784967
20838889
20104813
20045208
19768468
15517746
18062033
17161805
22017017
20586891
20024774
19861368
15886552
21292755
16143267
20546383
16005341
19897514
17154706
18569368
16010902
17533925
18372074
15590218
20710110
17899993
20552779
21240787
16739214
21375848
19927860
15566670
21305918
19399312
18708889
15782878
20929589
17203294
17557506
19251829
19001918
18229993
20644498
16698508
21534093
20502345
17218867
20031168
17259566
16436084
17851345
16059538
18034178
17822890
17153565
20411613
20060139
16756766
17986880
20081666
18984378
17181681
18751593
18477178
17200081
18928488
19535946
15869554
16793836
17674601
21376797
20102812
17346323
19393415
21226559
19996023
17152915
17003703
19070396
17872552
19270632
17881240
19260369
16918080
15833008
17785736
17504847
18684020
20000031
19737125
19701782
21482347
17567672
17536655
15774063
18044418
19782927
17936550
19239728
19812102
17366949
21040017
19491151
17537199
15597001
21446264
16206380
18176137
18226759
15983083
20858108
19591308
17931143
19397136
21916091
16444126
18845070
21557104
15677529
20078439
21035700
19939723
18613851
16203057
17675944
18030151
17583079
18299942
19190999
15636397
20531262
17522972
18372975
18667984
18374638
21419309
15541123
19380956
18724118
17210069
18273567
19714512
20629945
16302551
20679969
16050827
21196137
20039822
21245766
16501745
16529595
16678952
21665340
17973705
19285177
20677444
20193881
19674429
16125030
21051386
16793956
21174173
21211228
19772247
19920097
16215368
19585808
16164897
20802421
17169232
20171775
17953297
19866504
17427368
16116771
15898822
16826442
18997557
16178336
16374262
19213295
18555474
16476091
17574692
17140424
19947782
15654469
17362214
17855728
19959387
15584654
17646502
19054953
19368568
17120948
19648599
15984223
19372503
19761745
18831016
18025487
17927846
21365160
16224238
16457031
20529495
17479528
16521003
18362004
20940688
15812095
21788286
16809789
17111727
15640652
16434231
17327754
21259067
16730491
16061596
18553040
18823688
18757590
19492734
16099552
20803281
17686123
15632388
18689581
20824312
20647793
19234646
16972607
16676675
17575439
17129368
15769792
18678960
16802313
19590439
15754564
17439753
21111980
18793379
18092495
20201147
16355710
16273992
21411849
18669728
19426932
18410057
21592062
20220614
20390486
18380266
15814395
16758094
21857343
15960009
18385589
19335526
15681217
17443093
17916302
15770881
20465830
17116348
16166871
17051892
21530731
19114882
17395673
17541693
20019614
19305451
18190558
20211439
17803416
15520160
17430403
19930219
15819837
18459593
16998406
20696543
17187538
16274587
17617333
21803273
17430768
15825590
19824096
20603729
18455052
20511193
20854577
15884244
16582517
17948844
18177522
20689936
20143739
21123504
19034992
16622161
17971552
17711355
21959637
18087882
18241967
19546128
21223400
20499780
16555020
20824347
18039993
16410101
15546647
19032911
16861720
19805795
20360543
19373050
21057316
21642927
19282562
18414334
20713533
21499887
21273206
16327362
16800216
18518885
19176956
21366932
15645188
17004698
21391861
18971493
19943192
19449606
17108841
17354512
18354710
17873255
17109114
19725214
20005618
18633875
17504586
19092474
20030432
17378236
19740139
15572014
19999040
20610316
21787162
18711703
15818034
20590513
15984303
20593024
21536963
15966628
18288117
16930267
17327722
17868193
19385424
15597498
19207173
18197437
16255338
15993676
16467061
19913178
21335575
18662249
21233663
16944144
21737898
19947817
20053237
20217481
15720030
17169966
17969954
17934965
19876629
18469615
18667127
17452604
16341187
16823650
19378222
15942343
18973896
20427001
19449614
17020113
18951397
19671133
16788387
19555541
21493407
21824960
16929873
16154072
21174891
15845146
18025394
20043481
21163501
18838135
18630213
16390507
20926743
20629334
16162637
16082241
21837913
19204224
17646998
17653493
19948609
16184946
20337793
19647968
20148769
18803577
15808145
15683961
15980925
20100845
17962875
18951683
19705986
16076318
19671620
21320347
20142027
17170778
21138561
21139133
18713537
19958147
19863510
16620251
16841659
18431289
20573664
20868470
16606425
17343319
15895547
17158277
18095907
16781441
19687468
21242157
19860315
20931101
20685686
17332044
16405983
16608466
16132892
20553584
15720496
16381349
18083238
18554650
19319635
16490633
17048184
18203568
16035475
21413849
17305958
15805555
21675699
19655282
16043435
19738216
21439172
20666939
19743713
17483923
16737170
19112090
21879654
20884163
15577647
19047453
17283942
21294833
18196842
20865480
19566867
17119491
16374305
15971339
16448378
18574366
15618105
18719499
18777789
15576514
19218328
22002644
19264058
15853088
16651054
15587606
19839292
17505380
21301273
20512449
20592706
15766334
21684415
19734393
16082914
19207525
15521135
18512375
17924261
20373649
17261112
19694845
19108529
21052027
18849806
18287185
21612640
20526121
15656249
20191466
16774136
19884473
21473814
15775746
15916506
21708521
18165651
17198174
16550847
18754190
21470427
16024208
21751755
16028852
20174947
19148340
21418436
17361955
21067256
21377671
19042512
18772209
18469618
16769550
16029972
20332406
17008952
21307391
15584342
20203635
18809064
18763014
21911555
15867984
19783768
16494144
15737223
17948953
18070223
16123720
21969408
18380316
17139496
15980080
15736905
15640535
17301199
18442677
16882179
19489988
17077756
21447943
18979955
18787440
19125385
18853662
21622774
16819563
20141539
19252113
18512101
20536624
16895711
20423363
18275405
21489164
19610525
16149976
20516766
19002154
20137029
20656603
16039180
19122950
17017842
15748678
18816009
16271121
20625297
18160544
17851820
18520461
16762052
15973343
20234198
18370898
15943155
15921808
20029413
16823653
17641972
21487344
21879657
16915060
19618705
18555143
19413628
16460671
16601526
20706295
16473253
17261205
15911198
21214680
20551222
18577148
20208067
19507755
18842157
17102708
20148933
20810409
17684121
16059414
15878842
18353601
18537987
21376188
17868507
20508241
20438281
18926047
19118927
15997955
18807396
20720083
19595416
20940569
21091892
18086967
21042243
19172364
20562564
21135080
21689042
18592424
21288681
16178171
16670743
18023172
16361837
18578358
16126004
19760154
16043003
17563290
17200062
17468688
19300076
17161318
20920073
15674879
16913432
17091909
21409297
18396610
18206281
17886195
19772168
16779441
18179503
20201665
19745409
16838562
19860093
16295992
15893208
20042780
16476643
19528134
20334767
15815961
16102398
15745441
18533152
18536545
19418228
17949625
18435361
20450246
17083749
16466089
19170300
18777654
17540908
21488564
16948417
18368878
20064805
18062753
19172450
17328824
19960161
16495835
20510700
15784065
18831870
18302556
20922343
17344264
17852174
20665487
17182970
17180555
17074871
16799354
19119730
21520697
20932658
20713425
15675061
18191769
19143956
16425106
18496086
18848689
18071204
20833704
19223339
19458595
19436297
21860933
19284810
21395911
20437280
19203678
21084354
20838315
19700966
17727181
16649271
17605786
17321944
16847789
17609227
20350921
19161172
20092512
19665919
16008037
21299290
18164465
17406167
16496812
19766259
20707264
20010377
16046371
21114720
20469729
21805931
15824055
16681300
18251787
17148527
21382217
19609140
18649585
21214715
19438425
20456789
17610056
16546057
17873665
20606653
21156351
16295986
18369299
15756397
17486194
18080334
15919693
19442971
17555150
18447973
19472693
17681123
18569959
18049154
19591659
17699147
17151566
15641613
21414143
17430312
20846369
16969015
15579609
17546575
16507619
20598987
17959577
20155327
15901418
18564954
16097220
21518751
20966842
19301726
15800768
18591165
21542775
21142678
18547400
21378689
17337517
19306565
19232691
20545492
15866650
19816828
16827197
15553059
15632727
19215829
16808739
16980791
19300002
18093121
15699999
19375235
17518122
19850481
16703991
17664516
20687449
19174828
19187418
19750383
18331965
19283644
20869329
20129887
21537554
18219252
17410748
15706006
21629336
15578235
21080006
21040255
20713422
20046117
21045946
20446622
21342509
17615076
16171109
18198360
17828010
20730061
17901093
17601833
21119100
21333588
16816513
21488034
19363884
17046220
21469497
15567739
19737266
17672411
16135490
18854258
20452623
18727748
19698028
21478696
17080905
18820520
21566469
21999064
15693685
15804642
16911755
15931310
16340636
21500700
17721821
17468640
18026998
17641120
20737319
20604652
17642124
19430233
18319382
18721167
17373396
16119640
16862325
20561147
15799253
20001195
19454193
20695047
19253128
17383522
19256263
19546639
16272918
19416038
15662171
19832815
16569132
22069920
17002249
18691301
15813589
16295991
16371123
21669517
15956139
18519466
19899401
16764199
15746132
21159772
16585436
19529045
20368484
16344631
20216504
16276799
19422582
16106686
21450173
20673280
19761666
18386178
17573876
16900408
17477088
21094716
19330969
16390528
18724958
15788914
15647238
21998983
16600959
18823325
18182785
21140344
19058466
16733953
19243346
16276390
18809150
19416045
16629089
15526489
17651561
21278650
16009877
20302385
16530113
16887247
19179486
18765325
19919195
16358084
17705211
18075408
17215469
16581077
17718725
17211876
16039937
15532327
19023164
21272278
17077752
19405300
20440106
21068639
16449952
19484840
15750517
21744574
15911726
16099784
16001587
20604910
18411890
18580396
20873534
20038247
17477884
16047529
18044195
16784062
19858354
21591378
18043116
20708975
16452284
16483860
17324625
17071835
21593246
16608467
21067080
19293173
18469617
16006914
17290065
18176083
16965558
16168306
20235757
17263611
19680301
15772510
19962624
18701103
17901462
16158034
17666170
19381078
17054631
18853535
21368511
17955895
19058076
19507098
17476553
16426516
21159904
20170303
21837876
17324308
18947095
19831143
20943579
20669785
16779794
18292485
17310748
17184379
15669577
20032721
20081641
19594608
20130292
17097648
17053572
19117499
19659663
17680755
20670319
15983929
20101059
16897940
17478822
20185441
18988582
17463337
21394569
16500011
17596063
15583244
17518864
22066291
20520995
16768979
18259803
18266225
20141090
18810616
21863651
19785293
19541452
21097976
17983723
20347565
20655522
20533023
16137786
16175784
20922540
21352624
20852523
18720560
18558181
15877479
18622118
19042850
19835742
21480494
15987226
19572058
20081732
15604527
16174818
17087404
21606107
20364415
20125106
21062571
20397053
20010014
17066967
18501029
17907011
17613594
21272380
16724375
19398326
17996089
20505419
18459068
18823311
15740172
19240613
16181574
20436049
20420095
17004173
19087770
15903277
19954315
21225585
17548273
21287147
20557534
17174511
18238742
17654513
19223841
21717621
16786757
20690492
18381184
16306278
15806322
18700984
19910716
19955390
19488094
21702413
19036140
16257441
20439199
15688920
20335919
21618756
15789938
18062441
16731093
16830844
17600996
18837645
17944769
18386962
16483097
15669775
19643950
19471048
19686324
17524406
19999862
16480561
18323049
21047648
18507575
17934042
17570194
21083366
15879562
19626260
19386402
17987827
17472515
20117971
17428187
17253146
19397389
19041451
18700081
21601724
20512742
16438774
17680330
19383062
17689650
19094155
22128564
17760976
20027012
21084087
17519264
16135471
15977944
19806370
19673010
18256844
16838663
21640285
18286990
15888855
20688876
16082793
17890979
19932548
16394818
17003253
19268886
20039934
15710122
16757388
17942310
16450619
18211638
16327299
15991179
20795874
18729669
21623216
20642050
17009342
18284834
16843064
18941964
15732427
20353733
21450048
17678684
20481080
16271652
21491756
17427248
15989116
16441983
16977554
16198192
17446732
20654815
20009280
18790814
18074476
18681346
16092635
17640844
20102143
20183681
18390479
17985983
16850929
19416049
20552854
17135087
17285928
18023154
18650034
18607833
21191212
15828696
16330606
21359258
16468478
20405303
20884161
19549300
17909862
21513534
17617757
19269405
18591640
15636652
18297170
21305423
15798726
19534811
20183387
21229870
20234248
21060016
19961977
20526984
17931538
19925271
20587048
18488426
15809816
21587011
17689809
18665429
15996361
16604795
20696792
20078897
18048259
16826870
20804224
17064819
21411820
16913993
15520762
19858355
16579145
16287927
20561129
17027628
17368297
21122018
21501731
15675174
15907850
20501560
18997599
15915735
21439658
21147003
21800640
16320982
16787539
19089507
20059598
15985053
15949958
17402647
21714444
18371250
15579349
18175829
21462663
18397405
21149556
20618526
19233704
19920747
16322862
19406528
16912623
17891662
19608123
20345055
16708453
20860257
16613291
19684936
15722841
17707710
18803549
16548947
17349824
16890882
21957552
16376522
21510865
18956511
19413614
19537412
19744295
21744188
17059611
16520526
21547754
16794094
17026438
21123231
19272512
15900805
20737231
18430621
19018215
21744675
17526329
18336265
18612865
15632891
16499258
17297243
16604801
17054862
17616456
16641660
17724240
18199300
21626999
16501919
21326027
18678817
17709931
18601633
16900452
19499428
18320301
20186874
18385977
21319423
17525086
16002028
20702075
21761614
17523990
19855038
16983965
17290095
20881755
19648985
21608518
18759805
17076800
17019343
20489604
19536016
20142405
16769784
17286730
17505366
19379889
17891048
19074929
21835292
16968373
16749369
20563398
19123265
21046529
18828315
15899512
19930016
21478662
15566584
19321807
21844508
21369634
20015357
21088636
20096378
17910341
17511360
18681349
18535494
16724286
19422938
17891470
15596927
20410448
21449779
15557918
18457633
17137938
15566022
17468630
17062592
19605604
21248530
20437738
17003144
16425680
16784413
17256018
19375613
20545592
16254388
21640688
21951499
17905052
15620127
15727086
18773762
18518971
16972162
18073635
17394668
16050883
21943293
19644009
21242563
20453359
21254304
16850152
18786851
17588762
21043556
21414063
21667803
20003533
15774077
15590227
16932230
21887863
16350737
17551596
16192524
17274147
18538296
16980515
18370997
19861674
21218457
16829180
17705765
18793423
16238853
20979574
20626578
18026004
21169163
16533954
17518906
19245724
16674784
15767958
19877094
16594432
21413588
21679451
16132271
18245063
17689460
15540710
16153565
17898401
15861756
16438766
16193229
19770808
16422049
20042885
17142601
19515198
18513825
18051015
19023522
16691214
15715757
16036549
21440305
21266145
18981549
15696631
17926454
20439204
19700651
20925289
19353556
19810627
21367604
18379288
15687721
17383655
18519622
17098156
16815573
17556931
18799496
16330385
21511370
21343433
17285390
17944610
16791670
21144472
17365392
19160608
19955983
17038104
19380442
19388385
15658734
21453525
16722122
20064134
20215627
16675775
17601844
18679636
17122656
19077807
21224466
20479642
21768616
16308174
16732782
19820278
17925677
16879798
17367892
16728866
18407728
16643345
16737082
21150416
17785685
21642334
16689110
21716048
16889912
17960430
18435244
16353063
16763332
16139910
21247825
20738742
18284538
17335524
17116453
18840131
20697235
17701161
21211602
19266356
19706163
15756360
17496369
16884798
18431260
19465317
16471297
16754811
21371155
19650511
20131587
16769244
15817021
19024823
15558872
15767001
16102378
18700088
16493936
18360141
15587530
19285363
18586182
18316655
21265407
21919292
19091089
19648525
15587000
16471091
15844721
16423974
18459661
16883190
19124816
19095823
21710761
17923890
15631276
19112875
16775519
15737508
18600107
19259839
18354050
16493532
18388841
18570681
15736762
18522604
18192156
18198364
18803496
17383600
20506122
20801920
16321687
15857521
16317670
18648892
20719350
18274394
19411529
20595529
15891598
20162763
20479132
18931273
15918872
21050955
15697100
20485134
16755664
21757138
16970653
18490164
16317429
18276676
16410620
15739636
19019520
17875219
20458195
20208974
16568625
17050229
20653421
17664122
17407632
18826466
20229043
18446181
16515107
17085006
21416787
15973772
17016480
20449664
16791111
20046112
19642148
16631822
18462286
20535677
20515903
20642198
17544247
15511424
18200827
21418471
20576673
15805812
19225694
15900996
19558666
21378693
20466693
20957393
18184164
19487788
16579831
20031893
21151417
15875162
17192220
19775467
16331790
19767049
21349449
18619798
21129704
20485722
20176457
16553927
21520572
18244995
17674610
15526306
17407629
18372820
18676960
16614628
21801542
19621462
19968770
17102217
18577132
15892722
16972543
16186637
18294032
17134740
20890147
18423167
16416401
21387976
20009883
18638329
17136988
19256209
15586831
21160351
21692435
17408064
15640681
19061024
16902289
18180634
19219512
19913187
15730073
19428869
16956742
20439051
15747703
18445730
20398115
18065029
17987402
17597413
17309897
19451579
20942883
19945107
21118292
16870385
20411904
17851360
21404499
16867198
19017602
17211000
18784227
19469607
19095330
17245547
19274816
19175637
16402447
20571733
20636670
16287886
19589822
17601738
16131639
16164526
17133187
16953998
21252691
19901140
16669939
18260804
17580014
15716799
18036016
21063799
19109334
16177581
18351478
17319557
19087915
18227884
16128655
15668270
20189152
17139578
18295373
20438015
16115713
19694849
16445833
16084800
19473110
18633570
19415965
16334801
17446075
21044136
19027618
19572447
17479031
19388383
21879664
20433666
21378607
17991928
15660041
17447290
19402022
17496444
15570524
15899224
16684177
20644198
21062722
16532479
16103847
21132553
20064056
17504545
18091554
16974137
19018911
16910408
16632478
16464264
20160538
21426582
19845200
20850709
17855042
20192079
16489240
22117496
18564969
21039087
18181818
19912463
19568131
16688971
19374671
15813587
21367389
16308682
19441250
21806649
18454779
18416780
16676513
20704678
17070032
19824256
20643275
15788032
19443351
18075455
19647678
19883996
20450128
16819630
19461551
17211007
20180380
16021802
17718732
18000079
16332484
16409213
20953977
21378554
18352996
17223770
22026065
18216765
20827893
16336025
16209695
21496289
18297317
19623816
15777473
17430825
19161085
16213235
19734181
21612432
17929153
16787475
18580506
15918453
15998615
20828726
20575232
17264032
15685014
20682496
18507193
16239938
19007709
17124874
17147081
18828297
18668482
19585177
19736742
19212248
16571383
20454480
20950195
20603732
21491832
18622914
18076127
18797211
20444075
17101624
18398530
16478806
16631176
19845734
15994170
15687895
16697586
19218017
17949275
19342618
20355346
16113061
21050708
19044193
16517337
17515261
19058069
19492647
21434551
19882317
19539455
20602759
20584278
18775625
17631350
20576715
18081166
21991860
20552857
18775401
20308644
17885965
16551153
18803547
18423061
21490536
17717485
17343148
17418522
17720351
15784208
19573958
19373148
17727770
21780884
19529055
16629574
18243706
19708930
18939680
19461219
16142575
17382044
19181140
21141265
21251722
20077317
16879793
18601725
17494508
18358344
21905295
16150017
16491461
19576329
15715756
21272221
16923479
21469369
18429700
16635705
19726398
20799590
19768806
16231615
19814883
17158492
19669705
19558937
17443556
18453903
17950115
18751648
16476881
16854567
18081373
15684776
18193482
18796047
17949984
20849670
15749967
18298865
18195192
18595709
17693680
18987086
20543239
17135851
19959745
20655633
19549716
19845551
20415270
19944558
15857495
17911667
18713769
18704341
16194180
16001612
21073679
21226411
17376345
21305235
21198461
19012977
19694850
21073845
16231614
20023471
16909724
20689933
20860246
19187053
19088358
20230942
17479356
19933247
18235162
20699313
21288511
20871511
19117562
17579331
19454528
17276800
21467894
17672819
17095422
18309919
17184312
21651661
19122987
17906058
15865623
19965903
19004438
17570875
20102130
20950198
18389433
19875660
21068614
18330002
17901824
15933310
19919290
21420081
17996173
15717896
21610614
19299400
19843342
17349769
15720988
18416398
16621881
17926774
21391732
20507679
19244564
20174934
21178030
19228800
19968393
18666041
21510151
21480157
17551431
19476229
19939303
20708866
17893931
16211440
16193428
16539697
17462037
19175236
17298250
15930917
15546817
19825894
20434950
19499731
18324329
15635352
15778151
17090222
18414335
16430319
17099116
19945101
16777771
17363210
21298947
18378825
17907666
17444445
17998355
17620162
18946578
16268766
16023804
20128768
19326315
18618606
17905107
20180438
15750514
15712624
16227544
16468604
16808704
18333558
19093418
21239908
18038531
19580194
20640779
21804485
20141092
17060250
16644855
15713186
21323043
16911267
19697594
21704797
16362709
16416464
19383069
17296378
19022482
21448539
20306091
16704384
17471617
16752963
17651503
17334734
17577555
16963195
17096305
20551122
21717720
15534339
20501510
18379226
16720089
20439203
17000347
20590510
21651658
16604926
17310302
17548028
17457779
19614555
17397608
16305854
20066871
19531773
20629768
20017073
18162746
21817968
20087084
20118075
15908631
20714272
18414329
20677500
17671027
20601641
15588534
16808695
21273184
20016435
16820831
16901253
20823348
16532718
17968640
18186907
20869659
16210023
20054163
16450230
19923830
20877775
21748995
20463446
20402540
20022131
21555752
19373053
17411671
19267003
18452367
17162544
18158492
17135845
21382306
17207035
17405773
18229781
19035076
19748041
20831000
17672058
15787075
19052703
19653391
20919483
16267176
19810665
19619377
20447839
16343500
16363343
19091725
21265631
20687974
16719180
17386309
19785304
20367292
21115294
21683625
19033173
18208614
21841586
15794728
18090186
17665819
20428969
17396446
19874643
21067855
17664054
17218647
16192192
16565461
19745474
16117721
16020051
17142584
15704379
21605514
15792746
19830951
15605758
16703230
19561513
17910543
15595989
19039740
18681201
21696240
17598626
21585591
19250522
16574536
19682405
16450659
19822057
17126163
18535316
17610158
16829361
18619767
21129343
17086781
16411028
17008829
16376137
20334556
18577323
19495779
15573242
18684186
20579022
20382906
18251444
16863041
18762753
19931746
17487068
17392944
15637956
20184420
15636591
15829838
16711291
17328816
15529197
21519723
16155776
18354747
16300853
16265960
17000388
20090227
18393965
20807969
19299475
20634227
17007708
18173043
21097756
18768026
19098617
20508976
18520312
21142837
17309128
21568698
18549843
18370899
21879998
19431249
17009570
16954053
18756487
17192116
16167449
19754687
19865019
18768178
18272615
16004700
16294765
16541823
16355933
15803333
17093033
19714302
19889197
19865571
19964428
21617505
21805787
16106491
17520850
18028849
15735834
17133193
19155811
15844801
15925079
16477862
16344014
19186674
15916312
20679161
19933533
18482123
17990123
17500283
17108547
18230417
18243707
19486790
17518245
18046336
19130684
18359430
18072408
18090141
20426382
20127059
19576544
21787029
18215499
15609073
20099252
21229866
16342350
15588359
20852506
20197456
18389874
19131540
15861752
18258113
18838492
20230175
18062804
17849721
19762197
21177696
19653332
21078738
15533351
16162775
17081940
16611193
18562872
19117798
21702427
18390019
20027967
15962874
16483096
20107856
15552539
18188973
19771647
17170547
16613417
15650500
19202116
19740145
20825512
15566592
19114579
18387803
15587184
20494284
18375522
21062548
18000700
20050447
17486009
16449397
21683474
19426945
20586893
21140320
20098878
21086799
17426223
16532235
20225911
18226623
17211568
17665763
18522335
18515441
16549967
21507078
17577082
18062571
17447604
16547944
17387304
16364573
20888642
16570029
15716822
15865270
18511764
15552377
15852726
16048531
20113917
16413554
20025770
18447935
16334082
18460954
19115882
16300027
18591502
21309430
19166664
19547957
15799673
17985966
18700236
19592873
21634261
21282279
20649457
19293717
18298037
21558512
20950967
20970755
16501268
16535909
18548955
19319000
17214223
18037602
18682142
20488576
17593568
17479054
18776750
15644641
20368660
17985748
19298312
21614763
18354843
18235395
20695830
16082604
18584998
19663240
16034293
21596210
17235250
18835682
16487892
16092300
19429770
16873047
15761646
18083668
19382488
16095435
20350912
20737230
15820427
21669374
21303457
18073251
18698236
18711905
20507049
19399006
18836095
16045078
18489686
21882625
19342260
16916668
15965384
15673348
15940115
19935109
21748750
21482348
15850429
16161707
17276329
20657624
19449603
20633038
19114838
20673358
16014173
16924184
19343863
19364246
20426308
19266991
18761842
21519423
16927166
18322130
19588080
19094437
18357437
16481843
20011187
17620400
19188879
15912827
19550170
15624279
21464758
19033740
21089403
18668178
16759783
21879646
17145489
20077773
18846150
20841777
18438200
16607127
18486854
20392354
17599583
19615889
19059568
21438677
18021136
20234207
17273028
18842968
19207066
19331257
18594028
17116781
15696455
18165422
19682663
19707769
18278637
17530136
17306675
20399487
17476209
21824959
15717336
15985648
19773646
20951090
22006146
19405342
17033527
16775183
18827088
16495203
16449393
18641472
16291314
19443086
16879183
16094224
16390903
19121263
17699226
19399952
16892666
18646359
21463550
17411691
19967336
17553402
19889474
21592063
15998620
16719186
17306249
20500305
18812148
19842785
21312092
21549465
16130843
17929724
19734128
20063594
19459753
16802680
19002308
17131302
17091657
17530448
18449833
20414433
20030498
15549002
21786526
15915060
15969706
18304896
16566822
20482816
18267994
19768660
18075432
16945199
17415228
18443010
16500926
19952624
17144913
19682828
18179363
17651489
15763309
15897446
20409499
21180335
16192827
18974598
20213580
15587531
21307770
16280946
21268379
17539985
18088159
20354057
17531435
19032123
18450247
15560292
19839216
18828168
17942502
21076264
17688564
20530647
18412034
20550639
16526145
17935243
16769529
19634592
18949617
19388374
18642620
19126332
19958410
17112015
16489445
18808733
21839909
17006813
21485933
20815880
17015500
17001937
18418528
18324667
20604649
20063089
15751631
21471491
19204619
16170429
15708101
19942671
17042020
16479681
19320387
21473318
17473543
20569255
16148491
18047457
20047130
21635795
18697655
20868929
17089490
20377798
20587678
21091417
18071613
16941820
19912121
19999487
18320628
17190756
20717125
18410449
17925585
20427002
17992507
19934623
21076165
20511684
18029541
15550360
16793783
21537787
19636497
18041868
16270668
18204846
18036470
20860580
18488242
17924269
15587831
19234423
17722793
17361388
19066144
17360150
20180498
16406785
16121874
20220631
16442452
20078245
18780696
21268521
17165478
21846340
20512448
21158890
17605627
21441151
20828509
17016461
20350889
16683218
17142653
16499239
19594788
21389942
21145577
16816039
21488749
17149428
16955589
16547067
15731987
16192176
16808088
19107768
17941521
17640243
15573385
18551225
18370896
17135227
18399393
15784059
19055300
18463938
17364579
16575714
18644916
18245426
18346629
20515432
19074201
18505619
20978249
19293316
16485588
16217219
18804085
20543325
16478890
18250240
15992203
17695560
15868029
21196417
19157185
20642037
17556743
20710135
18941918
17160738
21209295
19560304
16178829
16371681
15612403
21188331
21097760
18940027
19134514
19324922
20560165
19847006
18274509
18047642
15726463
15536815
21252214
17060178
15567216
20306640
17069205
18251578
17725614
18300325
19494680
15647224
18997054
18089983
21366669
20686322
18158489
16136201
15764350
15693971
18621942
17999273
15540887
17075366
21470607
17024613
21666960
20088397
15822735
16340403
16012417
17973700
21660534
20738736
15859106
16999371
18005126
16545514
17844804
18667869
16187669
15738372
17059979
20212293
21035041
16825366
19596930
19781901
15540666
20564849
15926762
16456208
17393816
18649699
16055241
19951771
20718394
20507555
18382703
19073377
16464329
20565331
19665613
17142527
16756521
16719016
16613601
19999602
22129219
20795833
18455793
17101620
19773029
17360995
21297458
16202839
19748869
15992192
16027596
18050243
19847723
16148249
16553120
18649816
17654518
16330134
20572428
21727290
19382112
19699134
21430335
21108908
21966769
16749539
19785974
17171497
19896325
18339337
18825440
20529469
20605003
17273022
19128346
21226545
20050789
18563014
21049567
15791782
15794700
16121596
18158508
17918500
19395105
21477376
21130516
17324293
21965779
19134494
15913271
17936459
16911048
16239869
16636905
20718640
16423164
18687627
17412049
20149724
17102240
18647988
17042149
19506440
21078463
19294472
19650538
17262005
20798621
19038976
16227520
20150603
16679426
19744715
15715365
19786677
16165075
17935600
20148863
16987792
20837253
15795803
15706813
18285435
17984645
16307634
19930228
20144184
16907789
16024147
17760529
20855809
21118013
20091668
17508949
19308830
20638738
15842460
17099994
20387297
18412586
19400483
21564396
17915182
17966773
16892512
15537462
21809787
18644177
21455047
16977402
16429215
19757735
19124216
16915542
18517167
20581734
17261820
16987445
19965260
17632126
19149063
17684852
18093253
18274244
19671642
16462404
18996771
16805186
17352796
15550361
16553704
21111388
18608081
19688658
18833725
21317630
20861288
16260054
17911861
17655685
19772558
20197556
17259050
16238497
16721708
20363444
17133685
16624553
15540496
19592950
16789336
18795445
19690607
21500178
17635627
16391311
16948440
16043553
19948566
18487708
16630335
18785099
19104249
16307703
17438929
16884120
20191796
17722744
17653940
21505139
17122655
19216989
16739445
19456994
16508295
17889102
19306563
20369638
19366398
20860249
22010598
17098368
20003975
21875843
16415659
19507299
16314606
18052858
16540788
21449225
17363885
15654187
16524029
15719417
21629016
17343661
19667774
16019260
21208669
19714253
17000476
19137578
18840222
21641361
16306279
15957821
15797854
20806671
21742485
16673222
18821287
16629846
19635302
17204810
21771068
16110926
21298643
18995155
18997566
18474877
19655502
17061659
16547787
19460833
15962640
19376793
18318922
19186284
16750703
16303690
21088660
16977713
20675362
16117209
17844840
16584467
18571213
19584343
17846089
17478652
16324523
19795324
19566989
17139034
17038298
15693577
15608097
19266713
15690831
19189748
17261117
19027449
18396225
20395733
15786386
19088550
15842031
18545764
21796547
15883467
20182813
18655613
20502467
17955680
19905918
19948926
19737850
18684784
15682724
21893625
19694532
21367379
17485752
18416356
16686817
19822307
20804880
17448916
18280584
18796190
17927056
19917650
16584553
16327418
16907786
19117976
17897147
21178335
21030490
17699357
15539975
17002177
18295924
17486679
20045279
17550689
20026899
18158517
18588415
19880954
21362164
20532923
21935800
16272977
17083561
21377679
17167523
16390525
17326557
19564002
18998822
18050748
18975476
21740203
19339407
20025454
17459138
17539210
20810420
19051170
18036478
20064971
15625660
15718571
19874096
16960256
16854247
19484846
18279766
17387060
15708184
19761024
20427867
19739878
16247636
15552455
15946608
16218241
19635996
19841004
18649709
21214379
16646986
16583664
16848352
21404777
20220670
15517302
19160882
15871373
21554289
18414336
20334576
15911159
20421027
16053527
17955884
18228652
17132481
18724571
19232603
16035413
18695814
21467897
20954167
19254194
18544196
21229820
18265910
20134038
18522531
21718082
18646587
21053754
16622358
19597825
16948883
16752053
17170691
21780091
20659400
17152332
17630383
20410499
20176412
16684705
20081722
18492634
21062549
19719463
19736189
21404798
21365168
16310599
16934295
17564403
20349626
20869652
16130561
15690593
15789311
17516350
17389541
19216983
20456149
17079620
21684388
19582520
19690816
19958027
19505697
17895720
16387520
19366937
16479635
16953860
19010578
20800800
19120949
19226655
15845689
19050937
15661258
17359569
19593306
20411829
16984678
20383077
19343033
17505402
20510409
15860071
16049402
16980730
16101857
18337077
18297410
16867302
20369445
17583067
16436569
16286353
16438717
17110646
19683407
21316785
18494958
15653255
16238905
17626069
16493299
15784135
16740362
16374136
17071417
15782838
21191167
19331295
16813541
15960554
15685263
20658124
17037446
15942376
17084321
17187696
20227922
20557389
16353511
21204979
17595440
16502964
20064197
17123674
17366437
15532442
20687092
18723729
19157761
20393971
19127163
16425686
19763604
15721977
15644700
20662280
19671170
19906211
20609661
20696954
20842612
18398082
20633747
21931095
21757083
19533287
21742733
18980456
15730598
16771260
21272371
17135069
19350050
20825895
15800094
15865624
21499999
21029224
20389315
15935671
17825956
21719756
16966043
19024314
16675364
16268341
15597828
17482301
15657579
16078182
20551740
16521593
19025506
19084288
20823391
16200695
19581110
17926279
16708137
20218260
20094109
16700786
16965313
20881159
16103805
15779616
20225938
18023610
15775808
18085601
17091047
17304080
20642183
20923447
21144199
16627793
15812763
21401482
20962121
19896893
17242389
17969826
18596631
15846195
19901039
17124186
20168010
19081417
17351195
16650239
17177076
17043948
20029006
18176852
18574259
17568246
18048503
20156857
16670133
19329723
16181012
21043321
21651654
17054172
17077631
16427926
20417783
16497736
16813545
19297196
16534044
20382366
17934943
17132416
21343566
15714714
20184233
15690591
21818983
16111947
16968426
17942058
19041211
19558371
20838134
17607616
17413370
18582304
15791781
16926310
16106587
20401828
16644400
18683450
16000099
17540320
20710129
16456367
19479167
20125065
21158652
15932455
19233105
15717463
18798714
18018571
17585519
17304074
16752294
19274623
16916414
19423033
20882803
17210887
17881316
19358065
20353319
16363417
16913374
20177042
18063543
18205683
20634328
17385657
17584338
18798875
20431785
18724884
17146204
21194458
16927646
17116149
16502131
18583303
17901519
18337439
21612624
16996124
21969476
19437091
15833474
17611238
16033496
18189178
17219935
18275359
20471782
21532043
15586193
21134555
20350745
20514880
20077786
16601947
16466557
16099126
17472511
19521648
16191134
16240145
16752014
16404732
20195008
19876757
18478489
16738983
18248404
17456540
17443877
18700267
17263929
17490787
20569711
16356316
16709883
19930874
18341724
16884034
16669556
17276791
16336151
20949870
20955185
20500967
16834874
20713424
16960535
16225029
18662950
20457682
15566027
17292025
19597372
18595494
17112374
21383111
21782541
18219059
19104316
17130096
19073784
16842475
20206787
16116782
20118886
17495549
18591365
16502965
19912120
18568872
19331081
18430563
19184780
17311642
16551417
17000345
19835465
19995095
18528621
19234002
16033498
15597832
18069316
17627885
16430732
21130695
19487940
17889207
17983362
21696486
19630448
17849679
21933274
18454614
16928566
21642907
20367746
21235844
16912577
19619203
20889279
20450018
17907738
18260198
16770370
19228233
19011416
19131884
18603339
19404286
20549419
17456202
18937591
17718641
20404625
16686583
18057499
16019875
19798773
16296260
17901828
15756921
20846085
15832583
20227643
17390927
15896601
18195274
15947992
19251549
16160551
18634745
17939624
21610577
16272899
19940457
20831004
17057568
19260356
19725216
19272577
18300683
19115998
16881187
16781616
15531936
20502176
18191768
21426353
19500701
16175921
18794703
17006993
16185370
18494715
16256877
15728223
20165520
18586993
19385362
21464264
16400218
18551888
20171827
21897404
15867778
15780549
18787443
18398697
21376443
16641157
19860304
16863005
18353750
16045660
16263537
16134540
19887653
19335482
15982192
15805142
17353753
19687703
21843845
19475458
21062383
19081406
18627215
16899987
19777681
15750050
19255583
21277589
17559614
19197680
21294359
20443308
19943226
20006644
19041857
17256717
20476511
16857200
18187590
20922339
19278806
19401105
21640886
21112243
16927575
20955135
19534181
15984561
15741496
21365191
15658136
17714255
18827762
20852538
15659925
16569544
21857241
15722840
21168213
16224984
16934378
20217293
20597087
18336958
18951660
17048360
18617024
17939007
21459256
16671364
19892678
19349260
18298470
22030646
16451411
15839234
19691850
17694232
15904879
17561800
19851141
19014739
20091628
19445336
18591305
20501561
16481778
18416911
16553193
20406531
21146116
16478414
19695973
21384646
18036471
20367806
18648986
17692636
17828142
19809340
17543654
17105634
16108414
18283069
17110302
21194663
19750969
18727752
19304803
21072074
18283063
18758042
17432564
18844274
18006884
21669385
18261219
17505379
20681392
17630007
18990915
20401971
18340988
21462877
17352780
15517297
20834034
16933450
15750482
17400145
18853903
16487421
16448993
19875006
16340589
19655210
15887808
17681268
17566476
15728071
19366839
15551638
19157280
19691463
19454205
17174399
21943294
20224530
15796639
19074690
16823010
21107514
19749658
21644295
20144028
17405807
21661613
17531905
16055616
16404326
21052634
15846157
20488746
17624898
20052891
16782338
19701731
20104395
21677420
19686587
15754925
15612401
16161717
19157357
20159530
20799394
20027287
18290947
21941040
20099383
16516059
19067315
21305481
16549036
18519997
17853369
21171881
20153230
15760511
16506233
19420153
21574347
21840545
20416998
17850384
16447533
20009903
15923281
21526685
19250128
18550360
16055870
18424872
18222586
17895495
16050363
21034233
21692584
17105637
20142133
16343083
16082616
18714713
15631404
20593596
21476166
19027445
19156589
17561599
18693994
16287056
16996228
16433735
19345553
15670225
17902385
20083537
17917411
18054483
18201143
19165089
16001877
16730784
18594905
21416409
18537800
16102151
16425819
16261786
20707670
20883636
16602658
16374162
20559052
15711101
20048680
18310641
20671079
19194144
19589270
20001872
20695259
19159080
19576265
20731597
18205964
19962609
16002850
16405386
19753807
18402316
20133477
18060203
19061787
16039957
20481075
16420907
19348816
16860516
17949448
16515673
16317399
19552150
20843425
16546507
15822622
15573349
21869658
18588372
21595812
20187531
18467311
17400513
18801481
17167350
17973708
18490893
20307367
21404876
21299077
20106664
18331694
18420693
18257885
18685369
18987069
15662174
20841695
15688543
20224488
17192174
17557934
20644475
19961973
19382433
22041948
15568654
16322414
16253054
20591015
17460307
19402366
16155808
19566639
15709850
15912377
17893380
20429234
17596246
16543740
20840381
17453552
20827068
16138795
15952946
16102767
21058163
16639190
16102943
19066360
16516552
20530403
19178172
20578919
17671240
17352384
19430389
20191888
17933163
17495550
17724424
21127318
17925111
21437754
16800908
17551491
16440711
21371983
20124813
19190417
16273024
18448499
19019621
21387661
21141405
18666907
19592857
19753420
17690089
19997934
20965866
20196650
15893959
20220287
16299190
16686813
21503460
16897026
21036544
16810718
21349135
16911142
20040605
16858001
16876728
20535896
18701851
20424868
16572406
18094893
17560755
16387412
16432594
19225027
17137254
15542506
17140539
20144523
15871865
18562834
20690964
20923287
17854736
15760496
20554364
18068939
17346367
19134493
15574726
20100110
16447530
16499678
15913121
17945886
19384935
18665187
17442619
18325139
17941770
21066978
16916400
15828597
20030696
17370895
15730173
16649302
20959725
16018507
17713368
16546063
18232061
16413555
17042811
18229630
21320157
20858371
15602163
16062166
21094437
17334545
20081692
18289182
21977821
15822366
21139520
19637555
19388370
19290975
15912052
17197788
18197510
20963673
16720263
17490764
15622815
16623604
20220685
16922980
18694607
18664907
15911932
20045622
18437382
19397100
19760564
19956978
19566991
18275402
17168086
17359572
21359690
20515884
20077787
21257948
17455101
16333006
17323816
17352783
16110129
17526445
19326550
15572996
17090996
17633074
19999948
17345754
15746480
21902122
20531264
20026525
18976246
20193885
21475089
16022233
18438533
16823646
20804890
16689021
17766616
15569959
17766072
16869180
19826325
19019866
19012761
16923932
16182094
16192189
21321414
20637320
16004095
21476819
20129215
15857266
19227293
16737983
18561848
19627685
21537238
15604644
19194329
17410999
16834461
17181498
17901611
16680633
17443368
18429701
15798501
16918745
18998431
21531580
17057050
16681708
17472506
18636011
18442595
18631302
19309414
18666886
21120408
17853588
21805755
17594301
17091597
16900915
20029053
20172265
16423299
20007818
19286334
17703821
16310569
19117310
16126566
18350774
17945422
21170816
15978783
18190481
17133494
20229072
17244246
20890142
16105190
17508236
21517787
17941415
21646564
19291184
21168247
15937400
17324194
20081640
19653047
20884894
19011486
15841708
21842250
20590509
21188513
17681611
18183764
19956979
21586993
18752071
15566217
17344270
16910186
19423472
15636733
19179790
21220973
17167364
16187668
21215489
15761346
21052568
16276568
16332470
19175591
20218274
15931412
16141107
19004139
15682971
21086668
21737331
16129014
17383776
16463453
20879134
18457065
15581305
20125045
21739919
19945755
19583007
15969707
18982395
17212864
20170870
19424693
16466406
20169648
20113524
20347347
18557346
16633711
17290038
21543914
15797155
17521795
15955757
18078733
20386307
16762794
17925586
16493937
16380577
18065075
18561619
16372599
18825582
15720533
15902037
19444088
16585087
18405017
20090658
15839183
17476163
16499673
18164467
19647506
19192986
17951229
15706817
20441108
20219077
17122713
16155356
20012246
18605513
19066980
16124420
20031902
17803179
20735496
15542812
18825835
16149703
19180372
17284379
21555652
15866394
20003038
18930971
17267723
20187344
16897414
16320550
20162878
16544059
17042235
19667840
16488418
15684853
16729475
16697096
16218153
19627646
15853785
18194624
19836601
21402971
21218304
18519131
21798119
21505573
21276107
16859870
16101091
18771525
17083753
15971736
20940587
20163702
16895278
16832007
18349327
20635280
15662165
18165378
16683481
18403403
17870011
16461447
16676338
18768025
17003585
21218737
17160375
19695079
15714015
15810565
19440928
17372788
20442347
17001437
21513000
20050791
16238867
21430577
17077170
16310666
18284537
19405453
17929738
16947045
19107304
15707259
17546784
18235050
15666142
15662180
17328990
18540687
15764871
16422486
18536968
16613409
18294161
18504063
19260240
16259187
16390834
19745636
15696887
21129832
18985882
16614642
20845676
17020241
16115301
19222740
17354135
21085909
18650705
15543896
21336196
19779768
17059606
16106764
19001611
17936148
15527814
20860776
16482375
18649963
20304976
20078405
15778076
16137241
16554147
19956081
20369643
20446352
16735258
21673285
17026435
20064067
17564830
21167040
16849952
20497731
19124813
16595344
16109462
21041044
18684181
20555018
20652354
15669435
16339250
17650984
16442438
20817494
16466574
19306604
17917822
16965244
20297871
16169582
16249417
21305312
18665683
17056206
20860260
16858114
18250241
21184957
20200436
17046808
16684162
21592416
21307389
17467202
15745282
18631312
21265354
17975393
16126311
20158548
18353908
16310323
17224695
17346386
17161046
20439330
15854080
21680042
17108506
19744889
17296408
19665686
19250559
17200243
15536366
20459674
16951780
20572859
17723981
19032208
15893213
21401285
20553402
21793460
18573954
19935608
19843415
19223800
16678905
16227942
21352432
16460982
15956169
21560896
21486116
21435541
17430742
17158034
19663714
19199137
15869553
17850523
19558289
16866805
21597369
16738468
15916501
20423289
19558770
15824291
16760768
18377550
15868587
19632052
16117032
17197164
21121845
17666979
