16711307
16715785
16755954
16741684
16719899
16788335
16781108
16778300
16775757
16774013
16764303
16761788
16758527
16756872
16756843
16755394
16818834
16818567
16816279
16816278
16814447
16808752
16790054
16879793
16877970
16871650
16869125
16868783
16866577
16866576
16855955
16854758
16848968
16848677
16848676
16842073
16951780
16950372
16950371
16943397
16926948
16920242
16916871
16913070
16907968
16907693
16906628
16897570
17041167
17034398
17026411
17020643
17020639
17019837
17019462
17018226
17010557
17010555
17006873
17006856
17006855
17003139
16999330
16996320
16981982
16978559
16977601
16970560
16970554
16968569
16624481
16620046
17146488
17141112
17140716
17138483
17138468
17136921
17130947
17128533
17127905
17116951
17111991
17108641
17108590
17102708
17102339
17100390
17099365
17095298
17092775
17088159
17088158
17088157
17088155
17088153
17084792
17079552
17072805
17067753
17063649
17062546
17062516
17058771
17243515
17240561
17238779
17237557
17216962
17216945
17216935
17215632
17211769
17206170
17204736
17204732
17200586
17194352
17194206
17181516
17176360
17175657
17173812
17171826
17162639
17149560
17149165
16076666
16050892
16048109
16047913
16034297
15989859
15974202
15965996
15937388
15935421
15911198
15897207
15864364
15812103
15793320
15766490
15742451
15741409
15731998
15718180
15712853
15704780
15692195
15675156
15666957
15658479
15646394
15632807
15631304
15622815
15622814
15603503
15582137
15577290
15575030
15530604
15526870
15525309
20235029
19433835
19418982
19324470
19248345
19237715
19005434
19001016
18996605
18988715
18973717
18971555
18949641
18945252
18930913
18928822
18838722
18833717
18830519
18822590
18809810
18793379
18773798
18773710
18752164
18720676
18718165
18718157
18711951
18709564
18701971
18694061
18689537
18684433
18684419
18684414
18678084
18670259
18665858
18661848
18660902
18656276
18642737
18637772
18630147
18628532
18587295
18552096
18467804
18396599
18390945
18360173
17497110
17487521
17484704
17478438
17476912
17470464
17469434
17469433
17463337
17461802
17460122
17459139
17458102
17457698
17455607
17443455
17441559
17439995
17431697
17424902
17407104
17404799
17402647
17401771
17397373
17394226
17393701
17392945
17387123
17383565
17372797
17364790
17356993
17354156
17343148
17342971
17341751
17339613
17329607
17329605
17328807
17324193
17306724
17306174
17302667
17300530
17300133
17296888
17286919
17283218
17279327
17277650
17273951
17273134
17270065
16622358
16608722
16604866
16586170
16543906
16539992
16519178
16516070
16513598
16473979
16473096
16464809
16463468
16461452
16450521
16447890
16447812
16441278
16373213
16371681
16334525
16333048
16323722
16322414
16322407
16320535
16297442
16293161
16236381
16228695
16223216
16212214
16202000
16197317
16194496
16194065
16186004
16182690
16164897
16152877
16141104
16084187
15995378
15983707
15955762
15937389
15934279
15897215
15880160
15841887
15786680
15778236
22005604
21969488
21932493
21818983
21813409
21736072
21734216
21673205
21640001
21609998
21605400
21475355
21383349
21364129
21322849
21043177
20879479
20830821
20672524
20546976
20516421
20448516
20427807
19696764
19695031
19688142
19681535
19668067
19648573
19627551
19616156
19588055
19587251
19549623
19542810
19522911
19507555
19499428
19499424
19496036
19481322
19480115
20690376
19446927
19443083
19436297
19414234
19408058
19395843
19395224
19380920
19355797
19342531
19335492
19331092
19329701
19305226
19303666
19288473
19283256
19282506
19259861
19258342
19232926
19202247
19191228
19177270
19142317
19113960
19094404
19082255
19066144
19060831
18081675
18081668
18075637
18074752
18068292
18055669
18026811
18031947
18025944
17995565
17989130
17988599
17985766
17984404
17976360
17969733
17967220
17958989
17949624
17949622
17947892
17942499
17939624
17937837
17933059
17927764
17922304
17907712
17888805
17888804
17885961
17885718
17882498
17876982
17870649
17848194
17828672
17827466
17824257
17823840
17767976
17766759
17713680
17713323
17711879
17710351
17708723
17703113
17692239
17692229
17686602
17685730
17684553
17684171
17680330
17667645
17666223
17664515
17664512
17664508
17650326
17641120
17629804
17619599
17616009
17615420
17612821
17612808
17606551
17606178
17602321
17599123
17594999
17593633
17591607
17591605
17591514
17591504
17590118
17589980
17584353
17575652
17571090
17570229
17569295
17559705
17555539
17550035
17548846
17544239
17543414
17541671
17536922
17535547
17525086
17523863
17520840
17519095
17515443
17509388
17507591
17505331
17504776
17502628
17502229
16476881
16417062
16411877
16364107
16335567
16320969
21721302
21714925
21714883
21708047
21703153
21702389
21696240
21693525
21692258
21679451
21659306
20964014
20954055
20945719
20929152
20922849
20920232
20847036
20842962
20838112
20836187
20833937
20830822
20829864
20825536
20809853
20724330
20719586
20625573
20675010
20670265
20644193
20623596
20598385
20577913
20568369
20568367
20553535
20545805
20545774
20527314
20523151
20523150
20511244
20506090
20500737
20497991
20487075
20467906
20467718
20453190
20452501
20446050
20411892
20386052
20386051
20386049
20378204
20369454
20348357
20329479
20305310
20303798
20236398
20232500
20228632
20225691
20216987
20216513
20214138
20211958
20207935
20207928
20191723
20188995
20178188
20168017
20146202
19161645
19155195
19152681
19142557
19139448
19138378
19137578
19097843
19096850
19094410
19094408
19091362
19074304
19070939
19064660
19062240
19058437
19058434
19054900
19054458
19054199
19052156
19047021
20440869
19032132
19032123
19032122
19030684
19029123
19025022
19020403
19012140
19012139
19011173
19005191
18979259
18954480
18949580
18927100
18922160
18855172
18847430
18840334
18830840
18829689
18829659
18829424
18825571
18823177
18817698
18816462
18814449
18775821
18773781
18773660
18769845
18768286
18752678
18752026
18700586
18696375
18695848
18694479
18691272
18679758
18665059
18651194
18637766
18632034
18629746
18558907
18592620
18591301
18587362
18580717
18565008
18564996
18556635
18554077
18551849
18429739
18550895
18543642
18540910
18534948
18519105
18506543
18493127
18486712
18478650
18472612
18467531
18464145
18461863
18457604
18457477
18451887
18443995
18441628
18441627
18429567
18427997
18424872
18417465
18414123
18411860
18395393
18391644
18250382
18386594
18382832
18373579
18373134
18370966
18362818
18350338
18343866
18343252
18333430
18332402
18327374
18327347
18327343
18322760
18293474
18289385
18278079
18277227
18269894
18250130
18242324
18241631
18236698
18234324
18232178
18222126
18214227
18214226
18211648
18211483
18209262
18209107
18194594
18193922
18186994
18180664
18174789
18165752
18094893
16752111
16721414
16708752
21901675
21896222
21841092
21762827
21744191
21603762
21577018
21566417
21503452
21471485
21459670
21456983
21446301
21440523
21435198
21434453
21430628
21416422
21415614
21410900
21404807
21404638
21393616
21383221
21380958
21364164
21363905
21361086
21359266
21353130
21334897
21319577
21311538
21301688
21301237
21294982
21269379
21268720
21262790
21261162
21259136
21242563
21214978
21214976
21212420
21209136
21143362
21143359
21139386
21139385
21120403
21114720
21095426
21073291
21069127
21046535
21041346
20610490
20570462
20562773
20557417
20507049
20471723
20465750
20460026
20458817
20458102
20453175
20447006
20438610
20435428
20430227
20430115
20429978
20429977
20429975
20429693
20424256
20413615
20406910
20406114
20398303
20390485
20389248
20388026
20386050
20384527
20367716
20356941
20345618
20338714
20337831
20303575
20227639
20222362
20212298
20209232
20204894
20195008
20194557
20178185
20177043
20170790
20152215
20146803
20143439
20141539
20132978
20129482
20128984
20123821
20122026
20088630
20114122
20103029
20101471
20097643
20086260
20083311
20082696
20077242
20064198
20051430
20051191
20047357
20047353
21396236
20033111
20028191
20008945
20001335
19999315
19968450
19962848
19957421
19948564
19945194
19944713
19943831
19938775
19930570
19929963
19920435
19916806
19902646
19901745
19901313
19901310
19893808
19893788
19891815
19883149
19882396
19876758
19875747
19875660
19864170
19857982
19856089
19855038
19854088
19852697
19852420
19852419
19849909
19849899
19847684
19845428
19843415
19842463
19841117
19835009
19833673
19828365
19819115
19817937
19816828
19807964
19807959
19798555
19785337
19784773
19783536
19783465
19772603
19765742
19765497
19760492
19753822
19751891
19750814
19745478
19745276
19730424
19723404
19717991
19714367
19713217
19711135
19703639
19702814
19702204
19690923
19688993
19684934
19682828
19675262
19672055
19671164
19669069
19668093
19660840
19658254
19647678
19637549
19634592
19625582
19617720
19609958
19594656
19594654
19592835
19592804
19583899
19581646
19581641
19570485
19568149
19564001
19560895
19552817
19552351
19546118
19536389
19515243
19491151
19490772
19487605
19487354
19484846
19470987
19467736
19461624
19454643
19432986
19426927
19419771
19375266
19369508
19366389
19365563
19359079
19352577
19335477
19335382
19320988
19318652
19302892
19299202
19294547
19290709
19287499
19286341
19282068
19274607
19266412
19264941
19264937
19255014
19254969
19254229
19253016
19250152
19246103
19245066
19240441
19239662
19231711
19228797
19225847
19204212
19193590
19183763
19182464
19182457
19181649
22066319
22053800
22013868
21999033
21991860
21978349
21969479
21896261
21886068
21886036
21879626
21843344
21823565
21813431
21809726
21805809
21798470
21791352
21779616
21774141
21748995
21742562
21738072
21736720
21730228
21698904
21685599
21676675
21663608
21631927
21605435
21599926
21596201
21572298
21570888
21569490
21569445
21569237
21554717
21530731
21503462
21520678
21491792
21475356
21473669
21458695
21464264
21426613
21426590
21422955
21402963
21397419
21385470
21385401
21382026
21375064
21367351
21360867
21357912
21354671
21353358
21353120
21345225
21335741
21335738
21334768
21334105
21329029
21325099
21320157
21314920
21311529
21304984
21281464
21271387
21270415
21269670
21265251
21243605
21242559
21240720
21239470
21235656
21226754
21224478
21220657
21219644
21219498
21189717
21187281
21165374
21141265
21123480
21130358
21122595
21119154
21114839
21087463
21087224
21086896
21087817
21076127
21075024
21073268
21063639
21058891
21057069
21057068
21057067
21054634
21045100
21029353
20979973
20977435
20973851
20939917
20939629
20920267
20889641
20877631
20873952
20861599
20849313
20843883
20843882
20843879
20833704
20833622
20831666
20822085
20819107
20737236
20801997
20711891
20706178
20706160
20696030
20695953
20692182
20690913
20690390
20690299
20689196
20687955
20673342
20670699
20660848
20654793
20642732
20639654
20639630
20629606
20606593
20593539
20513464
20467909
20462417
20433728
20405458
20180975
20123767
19745474
19656372
19588448
19587261
19562361
19500397
19419546
19413926
19366461
21495336
19278726
19160608
19134205
19126347
19124977
19073656
19068141
19062773
18843691
18838730
18703770
18584930
18570681
18505669
18325163
18190246
17253501
17062586
17059701
17014748
16905784
16866808
16704393
16701771
16698621
16698157
16689756
16686873
16686583
16684422
16677193
16675364
16675363
16671364
16669410
16640135
16632189
16624226
16622459
16608940
16608134
16607808
16607066
16603060
16599385
16581887
16556183
16554393
16553257
16546287
16545263
16534084
16533682
16532590
16530618
16510023
16510021
16502131
16498504
16495203
16487921
16484121
16480405
16478839
16478806
16478535
16466338
16464869
16461443
16456206
16449397
16449393
16448970
16448481
16448341
16443180
16441526
16433221
16427132
16421464
16409213
16403218
16397831
16396688
16388764
16364176
16361395
16361206
16342831
16340622
16340019
16339613
16338918
16338916
16338915
16332470
16299432
16299431
16293546
16279133
16274587
16274477
16259863
16259308
16248876
16245304
16242298
16223629
16221940
16219122
16212827
16212824
16197596
16194490
16186465
16178824
16173911
16173893
16169795
16168789
16153372
16150262
16148962
16148249
16133551
16117830
16096220
16095203
16081757
16055472
16055467
16052199
16035336
16034296
16033487
16021729
15995036
15994471
15989853
15989830
15987328
15985504
15971736
15968445
15961624
15949171
15946107
15930218
15929528
15923281
15917362
15894994
15889304
15882382
15880339
15842183
15838088
15836531
15826509
15819466
15793322
15792264
15777363
15767001
15763119
15762336
15753242
15748685
15743008
15701767
15691370
15689099
15673362
15673353
15671789
15671188
15653942
15626633
15606985
15598065
15587831
15583903
15580064
19667686
15565083
15555686
15550801
15546973
15536772
15530627
15516621
16149703
17506231
19929646
19156472
15641307
19712844
16487425
19485860
19474588
18538195
20535907
18980103
18502175
17383114
17491357
17638947
16156194
20862625
19005339
21308628
19653439
20486519
18617379
20940568
16353063
20601614
17933498
15939673
19697196
18955845
16264037
17168069
18340991
18642619
20810409
15757885
16649302
21116144
21220896
16866806
17116781
16003005
17936142
17978612
18053101
17406015
16022890
17596063
20308935
20171822
17827839
15540299
17968199
18280847
19319772
21776931
16177581
16604799
20144193
17911509
15612401
20800542
20633038
21596224
18453356
19420413
16800327
18053497
17118072
17975457
19525762
21608275
21528170
18434875
22118332
16021803
18652002
17149476
17029119
19023352
16010213
21225172
21268385
19009891
16240145
19720912
15612142
19504737
17132384
17298255
19219412
18443263
18801512
18671895
16301958
18984506
20527720
19589822
21982517
18823688
16259344
17118045
17590302
19445336
17086470
17699189
19601440
16892697
15679507
19962629
19791519
18717664
16846509
18693199
17578060
19017597
21424296
17924271
20172559
21425244
19268327
16190002
21999064
21108173
18301445
19566991
20844100
17215746
21297150
15793986
21546787
17519992
19525359
18798713
18371967
18433476
17318364
19421081
16311134
15665704
15871756
19300433
17925586
19055253
21491223
18662870
15592814
15871536
17504847
20043709
15709546
17058755
15890048
18396504
20134316
22026202
18372809
19708098
19323161
16147725
20336979
17668831
19901351
17206082
19681533
20850919
18096508
18705724
21322884
19005426
16274372
15716810
21221958
17985969
19121927
16521254
18043220
15927296
17278934
20684403
15828567
17427544
18211659
20135903
18043275
18066411
20078013
17335520
16010188
20491383
18293220
15884222
18156920
19278132
18338990
17130381
21902121
17416716
19538796
20402541
17704125
18226315
15532179
18390479
17470919
16021668
15630981
17370138
18335670
20536954
17301645
19297250
17149088
19111270
20025749
17419788
15794199
18157583
16047529
18785884
16113156
19894155
17540908
21142678
16353659
21398387
18727752
18854470
19185397
17515018
21193088
19392639
17359607
18375174
17138178
17764470
16987196
17592993
19941779
17703689
17363872
17696675
19882416
17263734
16430335
21645388
16826044
15917054
21160346
17899044
16119640
20092154
16426796
16541831
17707149
20078437
18714719
18992630
16324939
17927072
16287559
21376519
17523326
19504762
16454003
17075658
18397686
18622567
16430333
19554988
15519919
19912096
19567887
18397157
19500750
20433216
15533478
17451880
17391422
15736997
21624867
17581793
20159458
17591223
16055870
16671975
18578220
17826210
18496368
18850534
16336547
16005834
18234365
15876883
16046040
15701204
17986020
16462446
20133288
20095082
19216983
17251535
16483096
17893931
20068465
16365613
18842127
20066693
15809816
19592950
15639048
18422823
16790946
19652427
22005229
20543249
18630780
18220068
17999294
17027880
17185650
18192635
18496893
17874688
21768431
19808372
16555756
17056898
17356352
21047589
20174944
19302422
19723861
18478819
18376493
16542166
18292481
17324293
17043003
20302649
19960016
16482751
16440861
16871911
17911667
16261850
21093373
16021559
20123817
20010411
18386451
20452620
15628169
21233138
16533537
21131669
20004297
15548103
17065659
17384553
16688971
21076722
19403469
20662948
16320964
16528909
21194262
21273358
16900272
19861106
15998615
18538262
20032673
18005911
21057800
18030153
18723582
15791765
20167615
16046892
18786057
20198726
17284273
17472520
15984178
19420152
18513247
18540506
18274298
15545242
21139521
16638778
16968426
20306010
21910368
19287913
15632320
20535908
20457985
15710278
21196137
15750380
17287143
15892500
20859155
15801049
17712691
21319425
18674404
15623164
17613686
19183948
20505412
16114810
16425903
22053499
16858449
17036151
18350213
20448452
21459494
19039213
15643770
21481971
19936554
21244256
20397538
17908082
18431289
19592436
20572375
16892935
17290963
21300920
19687528
18562872
20853581
15853194
19632550
21329619
16378566
16218236
17904917
18206591
19719062
18846365
17596085
21928405
16618471
16734038
19642431
17222666
20484949
19250026
21167040
15643360
21050443
17608870
17599469
21500975
15690283
16807792
19768236
17533491
15816320
17767689
15961914
21418365
18625616
19899398
18060327
16490096
19605604
17986485
16094133
16877150
15656479
18558884
17238363
17470500
17313912
19023953
15570524
18460162
16733656
21906397
18445730
20836635
15624706
21591329
20028284
16926738
19921996
16324899
21123409
16572117
18602058
16116783
20348365
18019766
17613139
18232061
16211174
18702636
20350694
21303772
19212285
15893218
21345297
21521566
16712701
19497889
19254872
17313908
18184424
20192817
19739878
18649709
17555573
19262907
21333018
20382367
21271872
16434220
16808754
19582516
17352705
17899453
18843950
16900092
19105563
18380934
17136920
19747254
21206744
16480351
21473434
17874862
18614905
16772071
20841445
21391732
18601633
21766435
17828836
19860067
20142581
19098944
17954380
16865827
17970860
18620106
18999164
18698243
19514230
18076555
19008269
17974094
21419521
17601175
18171955
19194118
19328345
21435277
16422486
18195313
21696241
15912391
16514388
16149236
21670616
16466404
19422945
17824869
16916563
20433404
19399010
21096918
18207694
19777309
16923659
19042887
16825669
15608590
20494296
16537300
17378464
16926716
20589400
16633769
15921985
18586341
18437486
18157732
21067272
21173614
20922772
22068179
15619198
15759205
17022918
17913771
15721977
19440785
17066971
21197881
21186954
15515975
19910196
16029977
16880487
20686431
19380945
17767791
17908126
20815752
19366499
17487704
18697657
19064141
17717804
17666170
17183940
19063808
18854847
19603379
19858395
18589314
17398233
21737898
18633680
19018905
20413414
20110107
20186032
16862198
16314384
16969724
17941410
17083558
17135066
19144283
20064224
16503005
19342845
20223310
16625524
17654380
17100219
21433215
21786526
19740062
20482461
22030646
22046673
16272215
19187169
18156880
15709850
21558112
19020364
19650511
19085666
20368658
17329725
19943192
17547266
18828315
15678928
21667803
16185588
19265607
17118304
19386949
20619056
16473357
15746595
16799354
20183681
15616425
15641281
16525169
19911252
19670679
16883079
17703571
16490543
20530127
19753508
19430828
16111880
20672736
21321414
20409102
20507597
20386257
20728998
18618192
15741961
18452048
18548141
21540700
18581017
17604464
18245063
15947742
19174943
21756619
18032199
18272735
20614212
20367746
17907725
18690630
18261063
20403196
18466617
17460312
19476232
18454586
20728326
17664511
16903589
19433927
20663004
16520571
21105763
17081913
16909729
19009790
18353387
16078968
18981549
18296928
18219059
16052943
18678071
20602585
20965461
17500283
16522662
17825956
18389029
19535946
15763849
20614644
19597222
21743269
17324096
16438074
16250385
17310741
21709523
20024524
15513801
19329944
17304428
18569412
18037444
15781508
16272899
20558024
21122463
16759065
20024772
21879664
18284670
20155892
19154852
17310308
19538566
19481879
16137141
16633300
16816586
20824339
16787476
17725265
19214261
18547413
15940881
21381554
18256115
19454193
19736860
18018812
18779459
20835762
19182554
16097920
21817993
17185154
19463083
20430562
19403072
18564587
18705146
21456490
20423418
20227903
19796594
19411788
19750383
19941657
19020178
18086399
18578681
22007044
15687761
16563624
17341747
20564166
18374638
18309585
15718187
21411820
16239050
19947125
15991775
15854080
16616398
15619402
18951747
18571013
17521795
20303232
18347485
21534498
18237668
20228332
20006458
17700384
16548947
15807052
21462765
15990913
17165490
19318986
21612747
17683303
21492030
16045592
19344882
17542231
19704190
19043632
18705720
19712787
20136471
19101310
21989747
20462074
20408275
20044846
19465748
18221469
18820880
17452601
15820426
21158904
19372507
16393440
17413669
20543356
17332176
21403453
17594994
20712666
19497746
16883170
19762549
17883715
17985063
18390044
18976204
21666467
21520562
19719368
21739732
15945581
15549012
21214618
16245190
17167187
17414917
17283703
19728767
18494393
17985962
17256708
21778910
16674782
21767378
15867741
18242613
16676296
20149163
17385732
16499678
19670955
17084843
15767217
20513168
19387912
16623609
18300739
17163222
18600107
16024021
19265735
17517445
17689250
16739207
19949887
16308098
15645768
15951646
20811186
15612235
17193941
20828726
17157094
18644177
17275601
21311968
19351551
16423124
16255336
16180556
16610662
15533143
18558909
19014427
18595416
17111944
20877359
21178540
19197690
20032757
21068639
16817974
17650971
20671612
17897153
19003799
18087681
16104457
19968393
16636706
21869668
17283937
17336025
21357781
19812092
15777026
20726268
17520881
15597565
20445220
18847170
16110926
17022324
21157249
16707070
18996769
20440414
21188331
17077223
19944273
19234002
18998761
18052893
20729653
21108175
19997077
17078349
20959725
19308827
18757992
20460001
16499309
17958932
15876882
16471296
19418751
16622986
20464884
17187540
17607816
20806119
17701398
18824835
15587455
20189951
18023154
21431387
20337796
15521930
15628651
21099083
21371373
17403838
16830255
17088574
20657153
17881240
16941128
21641505
17879677
18335830
21462877
15855856
16717026
16471297
16565030
16236952
19839947
18276048
20827893
21478693
18543799
20202278
21184628
17714995
15590803
18024715
15871890
17149083
18049155
16310666
17883460
19295420
16956851
16823890
21403487
18838899
16092635
21089403
20860249
20053237
21422350
21629336
16841340
20575323
19261362
17470706
15597290
18388647
21159898
17582866
15986309
16843744
18471674
19411361
17153572
16044934
17941245
21285654
16610752
18757313
17605949
16222176
16231778
15727544
17434280
20397545
16245478
15680834
19696572
19583654
21150797
20659214
15577388
19445434
17416366
19716704
21117379
18506658
21504548
21684392
17972617
17623729
16260823
16305601
19186446
20220631
19335482
19828906
16442464
20223789
21852649
20429125
19382989
16422723
15794299
20095083
20677969
16553757
17163000
20182963
16324951
15638448
16144150
17187542
18332745
16594878
19489708
21911632
15804337
19384131
21477974
16831632
15833008
18792439
16740840
20077346
16719737
15826792
19835231
18708220
17312040
17128395
21172921
17916873
15980733
17335534
20159531
18758042
20713533
19770471
20684124
15648520
18488242
18021108
15571880
18721167
17966237
16488688
19807245
15756486
18155575
18417745
18033645
15784483
20617931
19132791
19467753
15902611
15553058
20809276
16255359
17872786
15984917
16955119
16181047
15612231
17393971
15662189
18533781
19551619
18188993
19093418
18217874
17848303
19250451
19773697
21545985
20729031
18819066
20550019
16980683
15566592
18522525
19013743
21602629
15762907
16527150
21464205
17361388
18700089
16739316
21902115
17070458
18677873
18552269
19263540
19016169
16959809
18947091
22041951
18486879
20148769
16526162
17124874
19485873
21504637
18327350
19426295
16117983
17594828
17329946
20024732
17806034
17574193
17568297
20971335
18029138
18942567
20449988
18831674
17192219
16565282
17094354
19117527
21771371
20848981
19860274
17356958
17627837
17961888
20178697
19117644
16094178
21477429
20646708
21526374
20937922
17931539
18080630
20956284
19006501
21749243
16900903
22002644
16520677
20002984
19509603
16029975
15841893
18951383
20451794
20801450
15962427
17194987
18315829
16260687
18320956
20838269
18466661
18520258
17022920
15528058
19785570
21566408
18386686
18540547
21674430
15543757
21382079
21941806
16041234
20363840
18269305
19699623
16862033
19926562
18842616
18188749
16010471
15918872
16354885
17388819
21807689
21266285
15548098
19760984
19719030
20114134
20716477
18379234
16900915
20302059
19672827
15950834
19584763
16868335
17135924
19593314
15656847
17337364
19785861
15812763
19142279
17205835
16550127
21507612
19008870
15822628
16572406
20662908
17082973
19765126
16624777
20854039
15861919
21091892
17689916
17139200
21513840
21211093
16438811
15662184
15633432
16244204
19617278
20363454
17954070
21367369
18496357
21042243
18262005
20507287
21545663
20606653
20633669
18774001
19825894
17728557
17290696
16796234
19365160
15566598
19114900
19422938
18320908
20923622
21052027
16622817
20500510
15899512
20018960
20367725
18714905
21131103
17082957
18073544
16282012
16362190
19203378
19763700
16416762
17253013
19129052
16189060
18801291
21178547
20438384
15836551
20614429
17851385
17265666
21501645
17276649
17956496
15587130
19383116
16332181
16645903
19004171
19291184
20579582
19112929
17636805
18669672
19288767
20579138
21458212
21741791
18427398
21592027
15612181
18079569
20491200
21103848
19384460
16750798
17009802
17584389
17293181
17452604
16299190
19251549
18236904
20521919
20081100
19647663
21639747
19914739
19536013
16574536
18597187
19646190
15889640
17220387
18217541
18454927
18179373
17183894
17711587
15645930
16921337
18668612
19995831
17161807
17173922
15931412
16291438
18801751
17906596
19418228
17844824
19131756
21610353
18287185
19875269
17203294
17504584
19120576
16850568
21186090
16541477
19112345
16021555
19564003
17703015
17264031
17368290
16294835
17353491
17618077
15948049
16887470
16566337
18972942
19461068
17240636
19106344
17901823
21571237
20654895
19084288
18524057
18651967
16900287
20585080
18604755
17899990
16958233
20479132
18693795
19402362
17966259
19048642
15668077
20089573
17524286
18057011
19937614
17042703
19780692
19902696
18825511
17972138
17552406
20496559
17032196
17518797
16087898
20362779
18193623
16986814
17227396
17314552
18503036
18311551
16116400
19642148
19893369
16319561
19969443
21214907
17298604
19648600
16545744
17953334
20306101
17219519
16874910
17242524
20409062
19049479
20175420
17959006
17216974
16862019
18618954
17487706
15921098
18304886
17591414
15951518
17539281
18440792
20633061
15853163
18803577
15549016
18093788
18465717
19745348
20092512
21152711
19318963
18019787
18351477
16915743
17564548
15725178
16981970
21689040
15916837
17656407
20664547
21473695
20858296
17724354
19797496
15614123
18772211
17651162
19433998
21124036
15630930
18768345
18226317
17577174
20233017
20665487
15726463
21091048
18707566
22046732
20408762
18026055
15759524
16684090
16775650
17444851
15644655
19483114
17133304
17013067
19282701
20833825
19901141
18479655
19684936
16471165
19770733
21839888
16719900
17225654
18990389
16898986
19033166
16340692
19432597
20347565
17883648
18512375
16712851
17350559
21991889
20175311
16372888
18762647
21167326
16356205
19153394
19856592
16216793
18610926
20622762
19953866
18258113
17934591
17082827
19577752
20811783
16388426
20922921
17681079
17013821
18793423
17663416
19343845
17825116
16261715
16827205
20545295
16421363
19826024
21495468
17346316
17133494
21151417
19095105
15930214
19215309
16842059
16673256
19032012
16502830
16583663
17116348
18472537
18854974
16096148
20595529
15526486
18463840
21476853
20730061
15970375
21902107
18820545
19441880
17218721
21750125
15561160
16630217
16516552
21156291
20492435
17301210
16464994
16477276
21135785
19643676
20736669
15908825
16040412
21272307
16876380
16219176
18946369
15841026
20717125
21085475
15891722
20345055
20639791
20450999
17934828
15991588
18788230
15943158
20601372
20088016
19735763
20091628
18644005
17854734
15552806
18222056
21488558
21089143
21145470
17236480
21135708
19850437
22128567
17107619
19196586
17520993
18752071
20720083
17475127
19460833
16515148
21780884
16862022
17509425
17907008
16028803
15782838
19534387
19304727
18587257
17131277
15632503
16624890
16375808
16215867
16858741
18025861
19537389
17351195
19775571
20358517
19442479
18194405
17643620
18254433
19320404
19688635
16195567
16781607
19116974
17542030
21061873
17881092
20799497
18353750
18492733
16849941
18845046
20013572
19462279
20601159
20507046
19405300
21193653
20932193
21122271
17676967
21489164
19968454
21284803
19910090
16866824
17087707
18473088
20232046
20839143
15860031
18804235
21817972
16822715
17826709
18709580
18328282
19877387
18207643
18482653
17069466
20595307
21730240
19785293
21084438
20405969
19130685
15904552
16813966
15884249
18387803
19750834
20298668
15703894
19449603
20367820
19826325
21504959
19592832
19461569
16616218
15999958
16638773
15563964
16300862
20802323
17847992
20654869
17062520
21702398
16439499
19591362
16250919
16826947
15844721
15685966
21298643
15957453
18581690
15535336
17616456
22071936
19379454
20142578
16277929
20889637
16519091
15548440
15754601
16411032
19399208
18460906
19959840
20234207
21035766
16155809
20453359
18243896
19771588
16948883
16754815
19361040
17510904
19879459
17609929
15910821
18065029
20108549
19154307
17432335
18005916
20439590
17359565
21471428
17468943
15713926
21717947
18767470
20963720
16139638
16985408
16749539
17786522
19377071
19554798
15611316
19144159
17269610
18762528
21621408
18774870
15681983
17207005
17964892
21765035
16137369
18824833
16544059
15877641
17139815
17019551
15645998
18203534
16770368
21045946
19170377
22039748
20547725
20393224
20675424
17007650
19897697
16883119
21882632
16944144
18545764
15511424
20019512
20106897
15867984
21246400
15748071
18365290
21035994
16781616
16406620
15771650
16446856
16332484
19233107
17391601
16720517
16828344
18387481
19780018
19890896
19097874
18454689
16123720
16970647
18820523
20517727
17594301
16950738
15632894
16686817
16474252
17994270
20224406
20001195
15877479
17904500
17892759
16802287
17915182
20420304
20884084
21919417
19307120
17990156
20158544
17897265
16215350
16387948
21051795
17941190
20004924
21121764
17116952
19689559
17038755
20847074
19648384
21413644
20672683
18328279
19884234
18587619
20832743
15909169
20078457
21317789
20927695
16551027
17340180
21247825
21179664
15565597
21548943
16311232
20931917
19926740
16600959
18198783
18321625
15532442
19886105
18810650
17491445
21302877
17387302
17656226
21176661
19670653
20552377
20207265
19531035
18380316
17492411
19446709
16568450
16330721
17349769
20838131
16298088
19920746
16942769
16825668
19737850
19958420
16839431
21534927
19231904
17973810
17350783
17056916
19454204
20391688
18494203
18032986
16546006
21653267
19055266
19947840
18226313
18509146
17384505
20403173
16430332
21286905
20420347
16132892
19280438
16691214
16446335
19856593
17361501
16724286
15693685
18688055
17469698
18999287
17708742
20380496
20883230
19620146
20643327
20337205
16317329
17345761
18421925
20001881
19550350
17701393
18705261
16605228
15808048
19140201
21586166
16124694
17620162
16238867
18350774
17469703
16632217
19148817
16008204
20463446
17526293
18438260
18056570
17664516
16501133
20818881
21118912
21280286
17181681
19762137
18726939
18575344
16494259
17718727
16594430
19849904
17470666
15789291
18459477
21104212
17962172
16926310
16510172
15933396
18980914
16456455
19736189
16153049
16425756
17849678
19043330
16463453
21946873
17826070
16555020
20338980
20352571
17707902
21299290
17666306
17240252
20033233
17183058
19125754
18485268
19125119
20370449
19938331
15537122
15689652
18293235
22111268
19576819
18840126
16088857
16402231
18460077
21351220
20182988
22032561
16872507
20157964
19127235
16719752
19761482
21651660
18643804
18240837
16632765
16507290
22045942
18030151
19247839
20401600
15871901
17919163
16482375
21933274
18520747
16522503
16879540
20233982
16738976
18400435
17044342
19574016
18676119
16045663
20510948
15886176
18337533
20298301
16643345
21460344
18478270
18522667
19447744
20182364
20502179
21492337
18557966
18781364
18556185
16018507
16775519
20305461
18185124
18448500
19454195
16940300
18494959
16754838
15844186
20123251
20074907
16996137
18662657
18316875
15735597
19170300
20196712
20090663
20818991
17219360
20421570
18413518
21376188
20209830
15743439
17007487
21304096
20148365
17183013
19666161
17038104
17975395
16553507
15932438
18575419
20357650
17999273
17138486
21549465
17125705
16038528
16614688
21478458
15717596
16923431
17558578
19730812
20188506
20834202
18982880
16398589
21385423
19738386
16495020
16901882
16410111
18795905
20836940
16858114
17539985
18206736
19433847
20233574
17324625
17346324
21411823
15633832
16809915
17161511
16893835
21126301
19081417
19789455
19004044
18241776
17114198
17578968
18287894
18797211
18271288
21484041
17284474
19291271
18559870
15635517
21366160
21404797
16475385
18518731
16086536
16935191
20092135
19150912
19651395
20576715
21418623
17385361
16531849
19624066
21125069
16639190
15735262
18558170
16781441
16430339
17601867
16081435
18087985
20726410
20825369
20724873
16225322
16775904
19062459
16299573
17109578
16943212
20025725
18945708
17659062
20192715
20337567
18058301
20592048
17057634
16503843
17376345
15682725
19390208
20823368
19029142
21244659
19354150
18702421
16500828
16461447
18698394
19939723
17342002
18034179
17177076
17156416
19018215
18240655
17546367
20237761
21702206
17704678
16371732
18686910
17304075
16543740
20857674
19594975
17517205
17190317
16585498
15923793
18803842
17408858
15515279
18333736
18229731
16148475
21457084
16206362
21144637
18265910
16764400
15887356
20712210
15640361
19743713
18322029
17822750
17718641
20639745
21308217
21694729
17556931
19699870
21177696
20016381
21810723
18179667
20567033
17544139
19139483
18978692
19930080
17386311
17494424
16758094
18772209
19000464
18426452
15846721
20221349
17313516
17850665
21500608
19588856
16612921
16219711
18630251
19934858
17370563
18076127
17242391
21798736
17563422
19723730
16703188
20299410
16804364
17124626
17544248
17160874
20878670
20367649
21680675
21507076
17000475
20584119
21314444
16644313
20120519
21788540
17494508
17971696
16887392
17717442
17034285
20404229
20191750
16431186
20848833
20695259
19084319
20713872
15992672
17333497
21770350
19167968
21539028
17073187
16076788
17575666
17324093
15706278
18723247
17608890
20597710
17500341
20441119
18499528
15749967
18694250
20626794
21165842
17447344
21614955
21507049
17036883
19879711
18963542
17958940
18260576
18631915
20512482
17618032
16511579
21834431
17099573
17042055
16106768
16171072
16287927
16102768
19747652
18283559
16636958
21206288
21449872
19641843
21388015
16738468
16290975
15698807
15860878
18296844
17471185
20153911
21430577
18093121
19572450
17077787
16032394
21991779
18208739
21286839
20373169
15789311
19102225
21059573
19760582
18251424
19033871
20974334
16618023
16205649
17983362
20535893
19927932
18475104
17348282
19395177
15567739
17978115
17032598
17890348
21326961
19793326
20022007
20495334
19919592
18787486
20446352
17971554
18569903
18250266
19820537
15721968
16704378
18061691
17554092
16350737
15913239
21097075
21244477
17365392
15785330
17017751
18561635
15746587
19060803
16572026
18400685
15578252
16035267
20699313
19327293
19785580
21040230
15765631
17387058
19663622
21320943
15533524
18395928
18729730
15893217
19108047
15838409
20687291
15994150
16227544
17318768
19272644
16738991
17471052
18388558
16492843
17567871
19495556
17334508
21330485
15714100
19813360
18538065
16457327
18003594
18669411
19664525
17265412
21419260
21240088
18019114
21214615
20565496
16091160
17220744
17048184
16782921
20469561
18394512
19933533
15951311
17311791
16566316
16045423
19695079
21593012
17202084
19930477
20816104
20888947
16499171
16484871
20603909
21127091
21333177
20182968
21368535
19965903
17139816
21079223
15608111
18928129
17888994
21178600
16999178
16099126
21557168
19142066
17376129
17967374
17470691
21320230
19480178
19271625
17718728
19174700
20419746
17950504
16035081
18180658
19227722
18593072
19850502
21693356
15959733
19202248
18154492
15715532
17712753
19302473
15768653
20420548
15854933
17136375
19796753
16193874
21352617
18556692
15839161
17903162
19709015
16565792
19775481
17043938
17224856
19669716
17157557
19726783
19326301
19106285
15934573
16908732
17349490
15741473
20383490
17633074
17164455
20483677
20168268
19753803
19758738
21469038
17091047
18682476
21957798
16209695
20299651
17109707
20552363
21402370
20099773
17273114
16897414
16192533
18830834
19891018
19821916
16862029
18806192
16493307
20964265
16767019
21462098
19488789
17234572
17135067
20850836
19740139
17086836
21874660
20621274
17563485
15876234
20440564
20501510
20088186
16922113
16392268
20221817
19035076
18855055
16447612
21492273
18709694
16921803
19038750
20005027
18421658
19595319
20646387
20218471
18300619
19186400
17145513
18454774
16843778
18450615
18158527
17364403
16494663
19580195
19120949
18259803
16932230
18694213
20000220
17000098
16922988
15633403
17070163
18266573
19674452
16373136
18279125
21744188
18216738
16897374
18399057
18756166
18472623
19264195
18086764
17552337
18655730
21159197
21459270
18196711
19327315
16174816
20833820
21292050
20617780
18243449
19452109
18520663
16617638
15635014
18826650
19492760
21075915
15542003
19267033
20502864
19339444
16702204
21164402
17292764
20216510
19531463
20924304
15609747
16924643
16900723
17949984
17515265
18503650
18763364
18954244
20053197
17901171
20568551
19828279
18814810
15668270
16435526
15692871
18979957
18762140
16937599
18367365
20603732
16321533
18655425
17587559
16711075
20652759
16034031
21218742
16751464
18184597
15853091
18378729
21394012
19777204
17575092
17286721
19069462
15546482
17117247
21353918
21300097
16242440
18495050
17530448
18787437
18087202
16643346
19322971
20067944
16978687
17480138
15717239
21879652
19170041
18809617
16092293
17516351
20110816
17249857
19900250
20072088
19253241
18037519
18999288
18087876
17632445
20674500
16326743
21291509
16922100
19032911
21205258
19947016
19402860
15640682
21194484
18586816
20849796
19350879
18561848
20183538
17852255
15745213
16207267
16685018
15974046
16549967
19323361
18664978
19653614
19373148
18812555
21288207
16047994
21346587
16272977
20807893
16965637
19549300
17264032
20048542
19395896
20448487
18724915
15942741
18226157
16796267
17944781
16526145
20098176
19284262
19068687
21661281
20825903
21533288
20421019
19185429
17166255
18463444
18957270
18774131
19828645
16765862
20091965
16432830
21741117
18376081
20703606
16173860
20008830
20000306
17332215
18568872
19738216
19474372
19328439
18420526
20538110
19801064
19188422
16420107
18999245
19062470
19183146
20473194
16717084
16425686
17151898
19551273
17978274
17006963
18007252
19424920
20541284
16448434
18296123
18539874
18095075
17309018
21801539
17576245
17242456
21700066
17116448
16549070
17242857
18041283
19441659
18563013
20081728
17904327
19331307
16620197
17927056
17309186
20077807
16132954
16440562
18462280
16732017
18304285
19066477
21030490
20800334
17219938
17118496
21102244
17051891
19028141
15662172
15550360
19694861
17564544
18662421
18244998
17181015
19585808
19874938
20077805
18273567
17233692
21824959
16706573
18183802
20077792
20213432
19224804
16431006
21185992
19631684
18808080
17396240
20044330
21916368
20878873
16646703
21129950
20677915
19191853
16566102
21241193
21679453
18951673
17959577
17713192
19811155
19706673
17509048
20386011
15976799
21690604
15550365
21683213
16907686
21074961
16913305
17944163
21211482
20378630
17074865
16672069
20164816
17936688
17785687
17621972
18701851
20453187
16403763
16912577
21534900
21777720
21060101
20487419
17306956
19669104
20956000
22110098
21314594
17592972
17211224
17404704
16435158
18510665
17454287
16520520
16768335
20828509
15999966
16955115
15717962
18822998
15626072
21924437
15777473
17518825
17311888
16332602
20817494
18423061
21406315
20170460
20439051
19008976
21420889
21667677
18926979
18440681
16998363
20712800
19129289
18251447
18789048
20559181
20864873
15798137
16633840
21156657
17719512
19353413
19228245
20116205
20039530
16421612
17200276
16094739
16245917
17505406
16967393
17997494
18580428
16623604
20486582
16996335
20962307
16304796
16909963
17561014
16620241
16986758
19451489
20354068
17107396
19892349
16514330
18501144
21276199
18808470
18372820
16454153
16697609
21598148
21879662
20671744
17925677
21619745
16276390
17258801
19727041
18953730
18508231
17227606
19056630
15931307
16240947
15772468
15933650
16884944
16700230
16278102
21530172
16267637
19154858
16788117
21726445
15756880
20063198
18556081
19279488
19659491
20836418
19134496
18358702
20948248
21446264
21218574
20512079
21536367
20064210
19584762
18957190
20100749
15769971
17927559
21700363
15736899
16447609
18771539
19112075
15933310
19492762
17366227
20144367
20559052
21122779
17132416
17411691
18520670
17451910
21267949
21670623
17291832
20069308
19917945
21446923
19033177
17546760
17689955
16036825
15736905
15655338
17491169
21420081
19177431
19242088
16499465
18524550
15902951
21678259
16378147
16696786
19009802
15714097
16704400
15780145
19283546
21316909
16457272
16879380
16117209
19125891
16468543
19918731
20656107
20063584
15546945
19751935
18809150
16340636
16048867
16050628
16776317
17477226
17059497
19155288
21051257
19689480
15965766
17240868
21138207
17225834
16863046
18454613
19239590
18549134
16430362
21612667
19768660
21820837
15929107
16332185
20946115
21062578
16121496
20590436
16846830
21521886
18543349
18365772
19922930
19110845
18669810
19377807
17052089
17596762
18090186
16217779
19089507
20447510
16169392
17509694
17609249
18434916
19161015
15656463
15778131
19566989
16433735
17411505
19589709
15590232
16604801
19090387
20949806
18705090
21071434
19896185
19835240
16127571
19679701
19269405
17619594
20971336
20843758
17412037
17657670
19012820
20478810
16541932
19097516
15667026
17511330
16604295
17853588
19635302
16514136
17636790
17290640
15731987
17651503
16832007
21612463
15710122
21766898
17469353
21530414
21377556
18575174
19557400
20112445
15678965
19014704
18377145
19636497
20010151
16250527
18482489
18715975
21519705
19730104
17686390
20618522
17167350
16567319
17382848
21139501
17208924
21821967
17278922
17067898
16440248
16416080
17701518
21246451
20449983
18195192
17364077
20014540
21074218
19728503
19663573
19479548
19683093
19765326
21545947
17298284
17007484
20438344
16195096
17910543
17599966
16404823
16445221
17901189
19845821
17074942
17646501
18030102
16268282
19772582
17824409
18649107
19650682
17014636
18258975
20604924
17994254
17825729
16002947
18846786
20378210
16671980
19194144
21561510
16856695
19076464
21136032
15542812
21610455
16723959
20206787
20142011
16476633
16804697
16505655
21717621
17453462
20847346
21693742
15752321
18005351
17338086
16773286
16410430
20196464
18693996
15636653
15932455
15690145
16988283
21220440
17955895
18041339
20420154
16303701
20505508
19337714
16436296
19091084
16498200
16455226
21375117
17762243
16533416
19778422
19072193
19088358
18289238
19414837
20664419
19375235
20047175
19287112
17954133
19112873
20843886
20486528
20956707
19670004
16103847
17828318
19455861
18348414
18507328
15727086
19064602
16095071
18558255
18826994
16570730
15887359
15851050
20803281
20405396
18595582
21169251
19998833
17306249
18157449
19435180
18193482
22164909
18834730
15987611
18220067
20575470
20667683
16957636
17891669
16161717
16737170
20531264
18951753
21972388
18700984
16461604
19104292
16492635
18663033
18599172
17435817
19842785
16967155
19055138
16037723
17565432
16278531
16835563
17058722
18035233
19216749
19829388
18600601
19453305
21402459
16620164
20082061
17058752
16955579
17406173
19683663
16872034
17918029
20848116
21149871
21047035
19641933
20173631
20701201
19770735
20045279
17509280
21134185
17098156
16046887
21813369
19136330
16645494
18766108
16800395
20722810
15541128
19528134
21335244
16868233
18041413
16761660
21537199
21199548
15865270
20030702
20494285
15678221
17470871
18052896
19812590
18018957
20352500
17996004
20024697
20019504
19798837
21291329
17462035
16948621
18555165
18360141
18578676
18810901
17905442
21117305
19558937
19833000
19268393
20938632
16495493
19427579
19744657
17786036
17828007
17596949
15895548
16893361
16477819
19164133
20110333
20193799
18830699
19062704
20674768
17269854
16298835
19060821
21323047
17726718
21378619
21714409
18331694
19257859
16420781
18641110
19348102
16750703
19851264
20543390
20411889
16800219
20976838
21553576
16918755
16403214
19529915
19478572
19442968
18693980
15774063
17356973
18981834
17000387
16945469
18665056
19734191
17824940
19946946
17001116
20368494
17036089
18269551
20590022
20958203
15923006
19526324
20670386
20869659
20423428
17412843
17064320
18698529
21294769
19632052
21306421
16875119
19477755
19775919
20699722
20061847
17945887
20605850
20680124
19621980
21486125
16549574
17476702
19752684
17179531
17265838
15518001
19416054
19701783
18063547
20605695
17288704
19969134
20801275
20305592
18005415
21040261
20934571
18349006
18939411
17284277
15931440
17985968
17707499
19197178
21129008
17941513
16210023
18211638
15841884
21665166
15752835
19786718
19379538
18089961
16282934
19455875
18604337
15964735
18370891
16845764
18216633
16795980
16765535
21870731
16830239
19275089
19700973
15922696
21359272
19709171
16330624
16684162
19652745
17656412
16451720
17640455
16259187
19161482
17556220
15890071
19663240
16216378
18246827
18844250
19640011
17616311
16174809
19147989
21987987
19619092
19707083
16328673
18047593
17923974
19351309
18304246
20367724
16843468
16418823
18946251
16015224
17604936
21160294
21500514
18426783
18769691
17243516
20188629
17133893
21053708
17244012
17518166
21841631
15619508
20046134
16879091
17636712
20621905
16119644
21276536
18157830
17035672
16995610
18478644
16301276
20082954
21349449
17717485
18574366
18245216
21191211
18453795
15976556
21646916
17714579
21876014
19917174
21554034
19903186
21155699
16583952
17624134
16183748
16175972
20709477
20873431
15658734
16719998
18563008
20639232
21554063
17234566
19222655
20397004
18252015
17143970
19582465
21169163
16287820
21726950
18655402
16456209
20667584
18605513
19204646
20171663
21112455
16050386
15571901
20226917
16494539
15582644
17925734
20579159
21879666
21567475
17714620
16525230
21154092
17823912
15533366
20407961
19256322
19119701
17553652
17239232
19741415
17646998
15829396
20693726
18005126
19903737
15535321
16800319
17086298
20023491
15815960
19394791
17913338
20949870
20568379
19128650
21134842
22046847
15960999
16202076
18828293
20686322
16477288
18158212
17564542
16673977
18632780
17320552
17667006
20973810
15573242
16333526
17922788
18194352
19004438
21957827
20980772
20380340
19024832
19293069
18577148
19960809
15724556
16759070
18422207
20186874
20005369
21207009
18564422
17266848
20306616
18370885
20160552
17902555
16939948
20690994
18452366
16775869
21721874
20117001
21162621
15744694
17128756
21519300
17094754
20706099
21349200
17007257
19502217
20837681
20964149
19666961
16481897
17312215
20232127
17157110
18677868
15860071
20537216
19380366
19441250
19342836
19276318
15653051
17193943
15902036
15603214
19545661
17472515
20185059
19104249
15842441
20829335
20868470
16210944
20615297
17427369
19140191
21705886
20696034
18294599
17692249
19218955
16916119
21340639
17949275
16167453
17559479
15537856
17364221
18513469
15822623
16553704
18665069
18000439
20647800
21339085
15722399
19515102
20023466
19672610
16012548
15920707
16157827
19331257
16990883
17955211
20974418
20026688
20200164
20367805
17477316
16441401
15656240
19721026
18809120
19775309
21086112
16475579
21301677
16124449
20000070
16080648
19136397
20530305
18723450
17902526
19001919
17047574
22029758
20978932
21485676
17154024
16984684
19542381
16634727
17567302
19923007
20625618
19767781
21368509
19810665
21840898
17935257
18446110
20227793
16282006
16534788
20804947
21988870
19154472
20021578
15995823
16849917
16096152
19363568
15811107
21469488
20211856
16553690
20163420
18681106
21075729
17550092
16175025
16568232
19567755
18517071
17076800
16633255
21610578
21534379
19910727
16342457
15602312
19762197
15962493
15696631
16082295
17394639
20632191
18234035
21721895
19541141
16096154
15560596
15733702
17445641
16470251
18414953
21199195
15876881
21365982
19228506
18286928
19480076
16274463
16717381
20633738
19592365
18523695
20386307
20220286
20929041
17855485
17053819
18552116
15712510
17330993
17100384
20390681
17440640
21888099
16263648
17553019
16274139
17192326
20005783
19437904
17571783
18720891
15946901
21544791
18663541
15742987
18781367
19161809
16894924
19272291
16170525
16841813
21932502
17718035
19094244
19646130
19186225
17873210
21667703
21381271
16684486
17786521
19567753
17764387
17995557
15529457
17123214
20662283
19952037
20657305
15898219
19530124
19446459
20568975
19011230
20969617
17126459
17874610
20194838
19085226
19047490
17443368
19951223
16326212
19460257
16752972
18499460
16404829
16214882
19397431
19889197
21848600
16116147
19786769
15527604
21287905
16690393
16499462
20509888
20659204
20345206
19793245
20332686
19656225
15637849
17219522
16719739
20450129
19715029
17657178
17478652
21768819
15639043
18197916
15552377
18789627
18615959
21175971
18817023
20510409
19507299
18834015
16440509
15528578
19826332
20951399
17987819
17251714
16772832
21242800
21770355
18261501
19255297
16928566
18692395
21654602
15872398
20921889
19406045
17560921
16966996
20674717
18573485
16672005
16764560
16956148
19534258
18046517
16961102
17081744
18839731
19818037
16311402
21414143
15620909
20559179
20562607
17137425
19780514
19327312
18275692
19842865
17986071
18447987
21466965
19874643
18187591
20663801
20382446
19097470
18074418
20666035
17762904
16077285
19956159
20395734
21254161
20235757
18182632
18595821
16986355
17176652
15692898
16151586
17359611
19112628
16060328
16023822
17495726
20432853
20335919
16137072
20051400
19581526
17577175
17845383
19524441
16250163
20961981
17901596
20150605
16499789
18668178
17249281
17146009
18649585
17035080
15705243
19681006
18705944
20505999
17216792
20303029
15684845
15744445
17067516
16480050
16501583
16901699
16341117
17375226
19338115
16496203
21717149
15760796
16565634
20109000
17091600
21239954
18510663
17004660
19656231
15865552
15702577
15984447
16585091
17409023
17981887
19597893
19651575
15995096
16050874
17063404
18819716
17679246
18369299
16779281
15774441
20880819
15912052
17235456
19402320
16331371
17073191
21337982
20413052
20029970
18381020
18180136
19177733
20193880
20844423
21058808
19024314
18722940
19861029
20047173
18393080
20525777
21500738
17976123
18947093
19597776
21824224
21668320
20481417
18564695
17071207
20421057
18593491
16901701
15689648
17489954
15781177
15690941
19726990
17184372
17004023
19251548
19027449
20440781
20183357
15576523
18578765
22030933
16845756
20119710
16162404
19522907
15635918
19035900
17804518
19281288
19212865
18060500
17300919
16927953
20594791
16374169
21375574
20879815
21480495
19806816
15909012
18519926
18241311
16053415
17187348
17592658
17579302
17126270
20137024
19541057
19633917
20527623
21361235
17015861
21570648
16015220
18681977
16962316
19150895
21831277
21680042
17394734
21762307
17698343
20676583
16822090
15624293
15738368
17933370
20406315
17954381
19824096
17124249
17125095
16190011
20097036
21685791
16907794
17185036
20222397
16808711
19387871
16039735
18326417
18180989
18335829
17569375
18205680
19878340
21375573
19685441
18162746
20208974
16373216
18806649
22000178
18411858
17305036
17683304
21938999
19128314
19951637
16825849
17694882
16871101
18260198
19808267
15911292
19681537
20166455
16185923
20171448
19248426
19159909
16005415
17272801
21843848
19725216
18160859
18548420
16105527
17966296
17013073
15566207
16629965
19343871
18217864
16481839
21426286
17416275
20049092
21419559
18386071
15644657
20854355
20182970
18290580
18685390
21504240
20400134
19176847
20121353
16518180
18405012
19376793
16409179
21857856
19689600
17135847
18853738
20428601
21207723
15802408
20824237
20466537
18953670
16493293
20337801
16426952
20434865
17181604
20678203
16809607
17055634
17284980
19508138
19661081
16967108
18522603
16009743
16996901
15635139
17258332
17955680
19183098
20364693
16702081
16641080
20571733
21341931
20577274
16479635
18488588
18186911
18538214
18083373
20465078
18999009
17583079
18679636
16969312
21651372
17305265
18799496
18540121
21465926
17012130
20089307
17898401
15540835
15882512
18640407
20636180
17521101
19272577
16520526
18275539
18041868
16769462
20464071
18224504
19089722
21251722
19385387
18577170
17209154
18004617
18302579
17695138
18625752
16317670
17532180
21541017
16295284
21693747
19212225
16370506
19386388
20112774
17205015
19207736
21371983
17723988
17103042
18815527
18216632
21188876
16687723
16501137
21040560
18810621
16793836
18201504
21178788
17703795
18684585
16711175
16784064
16048666
20536277
20158137
19103690
17257601
17318951
17194372
16008020
16052051
19536963
16192192
16376146
20359655
16720852
21362785
16831514
18069369
16876802
18979856
21919294
16803769
19086484
17254493
19771647
18179534
18328663
21409790
18403998
19225272
21483387
19226886
16520527
16642691
18315681
21280340
17720359
19514540
17962180
18496250
15951582
19455368
19148109
16316685
19855258
17327722
17877868
17496828
19051612
19500720
21229836
17009794
18834019
16910949
15637949
20123172
20670780
20204991
15789185
15803895
20841984
19294827
17530136
15991108
17042319
15865495
19835742
19255979
16483098
16977900
16202778
20880367
15602279
21809787
19291551
15890039
16553120
17870484
16816513
21564392
21040012
17565451
16439771
17786863
16129540
20050884
16235575
20353542
17001937
22067735
19056014
19097209
18985882
21550543
17332807
16225029
18023032
17112374
18335903
21910307
18251337
17498867
20940212
18379261
21905564
19287914
19490004
19682131
18678960
15675731
18266885
16299885
21211484
20179106
18241751
19331722
20537557
15708162
17371423
22003206
15843180
21037472
21055578
15934547
21789908
16207280
18522532
15890046
16102398
16930000
16967856
21277070
17145490
18632842
17824267
17140424
16257874
18577761
21464758
19492512
16533673
20002480
17986338
18560296
18756138
21243328
19131884
18803442
21612433
18264925
21787981
17343037
17345758
15810760
18684367
19066984
18299462
21284562
18812614
21158258
19247559
17441441
21742733
16974168
17712259
18360202
17040607
17263717
17455809
18667867
17342851
19751898
18193356
17158381
18592618
16998400
20718597
17260531
20368172
16955864
21060118
19397183
17870032
17591532
19701730
15640647
18181295
15799485
16476683
18825835
19686224
16034507
19364896
16929457
18276676
20025178
21298943
15515991
20178029
20069815
18166883
16134677
17635208
16669213
18337438
17242783
19365164
18495415
19815903
19377017
18323049
19664842
21486129
17464127
21119152
17475606
18942244
21447943
20101942
19482768
18771637
18022588
15943941
16037165
21310027
20546560
19171057
17603873
21242235
17540828
19233105
20178432
21114073
20008018
17563046
18808636
18952748
20940273
15830000
18680413
21295064
21488749
15684211
17645954
18585535
20882832
17767930
16848256
16724882
21156884
19609542
17012496
17238699
21421991
19349935
16218160
17968638
19780433
16569249
20799894
17583078
20420003
18476853
20538256
19376355
16035724
16174598
19492167
19351795
18506954
18408263
15630872
15574646
21141297
16355710
20517975
21682968
17567835
16220059
17668155
18251737
21528081
21757138
17436462
18349430
20499711
19017590
21485750
20842755
16430757
16055616
19850598
21141405
17092375
21644028
19968691
18761196
17412236
20644498
16104453
20219433
20054081
18849894
20545980
20058534
16209223
15987399
20807969
20396850
17158034
15892423
20960702
15883465
16624217
17900907
21118564
21507257
19721997
17491538
16445833
18773795
17577658
18406980
20653309
18360246
19838997
17552345
17435590
20360186
19353979
18851730
21456496
21437745
17307086
21476819
16492794
21524448
20625297
17315408
17852241
20957133
19914022
16130681
15574526
19687107
20098883
19390531
15590584
16594410
19016254
17058818
17714051
19766889
16999587
16685542
16308983
17467495
20536486
17692494
19438083
16879798
15573385
18489686
17656741
20081695
19916808
18557993
15960707
21682626
16714366
20693238
19860093
16426516
16878852
19621201
17118307
18250484
19411101
15963299
17486386
16491461
21392195
16862023
16965306
15671191
17641073
21315215
19879092
18458620
18229653
18042184
21486437
17210426
20000249
18524373
18764787
15889813
17720673
20837284
18062753
15866395
20092514
16116384
21323231
20557005
16410620
20947875
20092117
18190558
20860336
15930403
16622437
20222232
21939117
16450312
16299093
18710162
21473763
19391468
16918782
16164533
17883790
18304896
17590366
20378728
19233587
18210161
19307895
18176852
21277126
16900284
16484159
21098322
16135724
16197495
19471139
21675642
18073705
18977679
17710658
16676754
15975955
20148409
17786661
19892383
18194559
19064226
19268820
21519775
15548413
20617786
22044336
21425249
18073251
18195274
20009771
20012347
17347114
15669662
20461689
18498924
16569412
15546895
21500003
16442027
15642765
20543369
21114055
18663980
17203511
20216026
20838161
20507890
15856386
17569318
17450591
19934421
17118659
21744564
15803333
18822554
18160861
17893380
16270669
18003870
16394212
17108723
17287134
17996057
20051070
21140320
15711812
15940358
18604759
20546470
16131769
20455842
21805888
20949798
16549036
18069314
18681349
17908118
19057497
18949678
17481458
16344546
19602646
17671080
16513850
20297951
17443600
15523081
19116800
19536372
15981744
15707568
19460607
21599682
21085886
20682496
19481045
19743495
15723908
15754925
19351310
19811139
17682122
16490561
16399970
15609749
17662568
16285061
19057466
17600867
17877563
18377572
20426309
21784713
21323978
21677420
18800284
17115482
19101209
17046794
20931101
18282346
17874873
18698548
19780749
18555154
19375525
18639660
21736078
18419042
15862727
16869948
19916012
19591624
15868346
16782251
19143580
19087464
20023563
17650719
20445716
18804232
16813258
16289797
18976234
19411013
20509492
16327572
17719362
20568322
18554852
19075333
18396367
21538039
20804887
21691239
17493780
21157989
16226481
19931708
18029036
20835283
20806560
17030839
20854588
21099645
19712545
21751732
16709352
18780855
19373187
15957720
21176228
18717450
21244668
17889498
20146908
17163095
21058097
16629356
19584351
17577165
17615601
17665062
20674528
20397508
19739452
15912283
16980515
15984731
15750493
16871099
18356715
19211100
20030498
18769105
21378648
18799159
18234699
19589668
16815489
18097167
18450884
21543914
19066143
15857196
21565374
19263821
21693697
21739734
20214245
21131636
20647783
17664500
15800153
17112015
16316896
15949254
20882721
16273993
21547859
16048857
16110122
15909778
20397323
18051972
17010012
16350482
17669309
21682924
21129179
16225355
19444288
18976237
16557506
20187349
17592961
17268928
17517285
16388973
21129159
15735834
20562562
16295512
18762641
21467077
16104615
16889781
19630538
21784286
17802732
16791759
18333558
17903705
17176366
20417476
19136677
20519729
18449834
19840275
15704639
19567898
19250150
17426196
18819212
17479048
18701764
18247177
18648202
19947049
16534554
21114915
21320941
17193794
18604617
19105562
20398358
17892564
16970660
17300638
20563404
19667782
17535613
19780853
15931043
18300320
19546722
19698012
16769244
17456167
18378086
16332187
15654612
16909724
17091909
18988403
18434977
20925713
19327963
19084895
18074490
18535476
16749935
15699080
15564228
20727563
18208731
19096290
16292723
17909221
18386455
17990123
20405768
17606959
21537323
21057839
19372126
20027897
16886245
15794297
16686813
15978874
20696954
18236880
19041209
15707095
16392432
16371822
17724946
18094792
18318098
19647132
20479349
19491848
18157581
16620945
20122027
19472959
20506669
20044162
18171306
16035678
16123471
19232929
17939237
18382171
17141350
20566604
16898235
21612752
18524343
15857740
15528284
17179844
17357001
16720484
20443411
20194561
17504589
21127092
16938096
15516535
15960009
20222964
18521649
20876553
17044560
17286868
17415578
20212259
19394792
19388569
18470844
21776828
19204102
17944607
21952066
20372677
19265731
16449952
18611255
21450086
17428424
20070598
18951253
16688665
20190556
20654985
19006591
16231164
18850538
16248257
16524997
18339391
16247355
20656725
17207743
16775907
16825667
17539210
21113566
15533351
19229064
15735491
16595201
18561444
17591343
15733808
15954015
17988048
16050883
19426945
16420660
19014739
19267124
16557124
15710277
17664054
16299427
16879537
18454762
16549390
18815504
19008757
18997566
21040255
21461208
21290924
20217979
19930874
20505606
19514390
19060727
20102555
17554835
19936424
16514096
15842460
21534109
18330396
19017897
19558371
19084786
17608339
20853250
18028892
18675766
20037151
17064964
15609803
20709279
16280699
15728146
15950830
19021727
19775042
16688660
21826674
21473969
20483635
19155811
20669596
17518164
21476885
20552858
19124620
21809517
20141461
15955146
17577192
16782923
19775327
16775977
17414733
19761666
18666406
19507471
15824937
16680061
16830252
17710787
19381051
21193084
19546724
19966315
20123266
17421106
17486528
21498789
17015191
18358996
21440220
20084871
16549294
18221541
17346323
20850843
21730078
17396612
15813439
18298996
20860015
17367892
15834260
17080904
19272153
18460266
20305532
16923480
17316933
16768979
21094716
16092303
15584186
21857859
17130980
16096726
18046264
17235250
19683253
18678718
18172404
16005631
18856016
18948434
16238497
16186454
20570321
18522335
17559670
15547486
21555700
15945411
19675116
19290573
18517175
21122761
17091906
17522829
21174852
17596745
19248439
21254288
18427444
20825667
19809350
18846150
15799889
18689581
16190010
18828929
18695085
16624450
17263612
15754631
16643176
17019343
20551743
20005860
18069494
20547913
16802677
19098108
21727100
16837681
21339199
21375199
17669054
16793487
18725832
17269608
20399491
20214703
20216163
21420214
15713790
18090267
20532593
20387332
15846480
19373050
15750529
21651658
16629567
16580370
19457559
20655633
19092351
16192827
17853657
17228508
18066618
17699226
21635184
16826960
18515610
16945615
16699800
19452421
17154706
16721159
16937786
16506704
20713655
16526147
19591512
19241979
20690995
21531673
16951297
17129200
20148059
16681300
16696542
18416925
16451360
19240439
21122084
19181140
16879542
15920457
16708980
18312617
19241779
17198055
17174436
17006813
21478774
19436207
18820520
17015810
15836532
16425947
20304547
20180380
19714765
18093591
17167376
20801918
17931326
16806220
17436074
19116753
15613829
16730320
15760701
15700881
16138950
15724835
17089452
18041866
20601727
16517009
20368223
21368527
20050500
17657138
17418125
16020853
18489665
17167953
19172206
15904750
16595344
16374461
20204989
15722806
18815497
18477124
15666676
18182306
20484996
15992195
17036450
19055408
20595274
17707077
15969230
15630863
18637140
19342536
19402447
19501426
15707102
17603377
20592521
16378773
17086781
20455147
16001760
19909955
16669939
17095396
20714151
21087239
17175717
18431881
18445762
21882518
19725214
19188080
17131574
18998896
19771393
18020845
21503177
21252200
18822541
15647734
20478866
21894840
16503952
19112812
17022914
20536626
18082004
16144244
20225728
17199087
16875532
18372380
17953292
16973953
21172997
16730089
19704285
17331259
21419262
18648014
18272607
15816698
18335258
21276535
20083421
20436033
18496089
20857889
19504614
15815210
17001437
15660144
20688777
17895495
21854247
16904367
16487900
20359145
19445339
19490136
18641520
