16711307
16718841
16755585
16752881
16741840
16739210
16733004
16732343
16732342
16730233
16725021
16722893
16720517
16783905
16780619
16779501
16779000
16774690
16769438
16768599
16767426
16766604
16760510
16756872
16756658
16834773
16828961
16823536
16816904
16815053
16814632
16813620
16808734
16796760
16796239
16791743
16790395
16788523
16894616
16880276
16880177
16876547
16875198
16874580
16873922
16871823
16871657
16870080
16867240
16867239
16866812
16865400
16863896
16861198
16861132
16861012
16858454
16850781
16849389
16846674
16843066
16679748
16961098
16960683
16959927
16941965
16938691
16932081
16922104
16919162
16914041
16913998
16910291
16909074
16904926
16902289
16900287
16900286
16900285
16900284
16900281
16900092
16899845
16652413
17053264
17040146
17035574
17035565
17035446
17032489
17028308
17022877
17022849
17018170
17015506
17014452
17013821
17011635
17001749
17001437
17001436
16997383
16988083
16985479
16983137
16982230
16972161
17146311
17146310
17146204
17144955
17143383
17142014
17134740
17130703
17123674
17121487
17118080
17117333
17117269
17112138
17102232
17101077
17100390
17100384
17091893
17091073
17084787
17083765
17077631
17076848
17075744
17074872
17074865
17071570
17071216
17065946
17061752
17061640
17060828
17059642
17057561
17244012
17244008
17241494
17240077
17227877
17218647
17216935
17210987
17206402
17205001
19283974
17184459
17183895
17183890
17182427
17177180
17175394
17173340
17163314
17161809
17160397
17158277
17154025
17153831
17152455
17149529
16087007
16085200
16059836
16049634
16024417
16005633
16004660
15996751
15991682
15987611
15978179
15968562
15966451
15954200
15951456
15921474
15887819
15882512
15806177
15789293
15742184
15720495
15714193
15680560
15677576
15654775
15624793
15600222
15565076
15561456
15551512
15542538
15538269
15533137
15523774
15517059
15511737
20216142
20148059
19300281
19041619
19010641
18999181
18977836
18975552
18950440
18940093
18928190
18924060
18922342
18850088
18835690
18827544
18822752
18817973
18809299
18793501
18786836
18763438
18756158
18717664
18688055
18687571
18678725
18674873
18663043
18653383
18620104
18615491
18612880
18597409
18578273
18561738
18467532
18437943
18433028
18429006
18415653
18399739
18386073
18350511
18350510
18337183
18332014
18317283
17495375
17487242
17476553
17474939
17474593
17468940
17462084
17461372
17460995
17455181
17452712
17451910
17445975
17444080
17443114
17442027
17439528
17436074
17429914
17428125
17425147
17420944
17419926
17417722
17416700
17415132
17408073
17407657
17404677
19088602
17391345
17386358
17382692
17377917
17373528
17367901
17365902
17365786
17364846
17356786
17352584
17351834
17351825
17346482
17346316
17334294
17333563
17332456
17328482
17321920
17319578
17318591
17314725
17311830
17310766
17310429
17308862
17300414
17295022
17266420
17263750
17260531
17254903
17253070
16673952
16635926
16618471
16594245
16553766
16549734
16545033
16534554
16528139
16525904
16516764
16511913
16500799
16495324
16490673
16481924
16466405
16462102
16400628
16399184
16373215
16362190
16355446
16344667
16335067
16316877
16316752
16316435
16315569
16288149
16287816
16287207
16287056
16259198
16253466
16247355
16237200
16222440
16200558
16193874
16183010
16172837
16114151
16110926
15810777
15801008
21805952
21629144
21610479
21591556
20071719
20064882
19712541
19711710
19684493
19659963
19657264
19651934
19643951
19618041
19602665
19588080
19535558
19530026
19525743
19520595
19497943
19488531
19486444
19479283
19477558
19476248
19465583
19460238
19455345
19426621
19425287
19420413
19419363
19416041
19411361
19411358
19403202
19401857
19396708
19377618
19376682
19358148
19350839
19342531
19338656
19318460
19297363
19280912
19239676
19237501
19226655
19212865
19193548
19191726
19191134
19190488
19170955
19157237
19147989
19142799
20530945
19115446
19104294
19085296
19082354
19059872
18083238
18080929
18077219
18076697
18074255
18074242
18059463
18059398
18055892
18053289
18049948
18049298
18045034
18042573
18041283
18021512
18039991
18026852
18022812
18022039
18020851
18020289
18020116
18019766
18018957
18008335
18005373
18001641
17999783
17995968
17976360
17966635
17949569
17949290
17944781
17931143
17936965
17708742
17922304
17918029
17909304
17906311
17899645
17897272
17897268
17895887
17892574
17888804
17885819
17877840
17874169
17870646
17868477
17852838
17852659
17850674
17849432
17828140
17824997
17824996
17824995
17824876
17822571
17805107
17785736
17768686
17764076
17762904
17724621
17716737
17712092
17710366
17703123
17701179
17700331
17698344
17695944
17691262
17691261
17688782
17688121
17686603
17683718
17683594
17682592
17682215
17681117
17681082
17678834
17678833
17678826
17678825
17678824
17678823
17672906
17666170
17655638
17655636
17652180
17647218
17646223
17645153
17644917
17642263
17621356
17620205
17618630
17614237
17613594
17610734
17610611
17603271
17601343
17600453
17592981
17591504
17588841
17588484
17585613
17581111
17581105
17579800
17579103
17578224
17577759
17575749
17575092
17571266
17570427
17568967
17565727
17565232
17564213
17564102
17563109
17561599
17557485
17557316
17556220
17553406
17552066
17551350
17545673
17540230
17537009
17534746
17533960
17530449
17523034
17522972
17520168
17510001
17508970
17505864
16350314
16295980
16284216
21710780
21704110
21696090
21693723
21668320
20969556
20966863
20956751
20923049
20919503
20888544
20845822
20842954
20802340
20716871
20715916
20693570
20693209
20681331
20677673
20665409
20658427
20618187
20602896
20595454
20592048
20582722
20564119
20550862
20547567
20547030
20545592
20536540
20509734
20476829
20461953
20455149
20445131
20443425
20443400
20443399
20427521
20386034
20384560
20345615
20339604
20337567
20336982
20331392
20302993
20218260
20218047
20217195
20189163
20185449
20170830
20147602
19156391
19148837
19143956
19142844
19139668
19139446
19132791
19115255
19100148
19091091
19087473
19081313
19068725
19068052
19055277
19054592
19053969
19052511
19042522
19042316
19041815
19039438
19032123
19031197
19029089
19028135
19011877
18999024
18992169
18949763
18929989
18937163
18852581
18850327
18846365
18845520
18829424
18827642
18826068
18823077
18806027
18804390
18804235
18803920
18794751
18793006
18758191
18762505
18761749
18760889
18754919
18723247
18722655
18715526
18714627
18711057
18707566
18703306
18702636
18694517
18684585
18681338
18676118
18669130
18657952
18657930
18647853
18644550
18631968
18625178
18625052
18622960
18620636
18619767
18616859
18596118
18588670
18579340
18573485
18571580
18570830
18567926
18562877
18538424
18538262
18537789
18533064
18519625
18519575
18518948
18515751
18510253
18509583
18508231
18495432
18492262
18487747
18483752
18481674
18478368
18478275
18474054
18454827
18454301
18452415
18451127
18448727
18448047
18445256
18441626
18440918
18440403
18437255
18435846
18428101
18427997
18426523
18426258
18423709
18423029
18422823
18418528
18410641
18404664
18403569
18371576
18399725
18399041
18397446
18391673
18389401
18388841
18384420
18379720
18371250
18369678
18364047
18362823
18358054
18354747
18347747
18344890
18341577
18341025
18337271
18335365
18333430
18327699
18324939
18324935
18322993
18322772
18318001
18317854
18312641
18303040
18300325
18299219
18296928
18295472
18292422
18289893
18289385
18285675
18281681
18274884
18274852
18260772
18260726
18259718
18256844
18247269
18243897
18243896
18243632
18239377
18236092
18234092
18232454
18232061
18226651
18204867
18197074
18194397
18194304
18183410
18181072
18176179
18158392
18157451
18093109
18093106
18093103
21888664
21769822
21766900
21605397
21602018
21576715
21572262
21566408
21560897
21531580
21503491
21511158
21488470
21460690
21459670
21448042
21429772
21362785
21355759
21323049
21318441
21316306
21294002
21290924
21285473
21266979
21261474
21255257
21196137
21195887
21181184
21144400
21143428
21143363
21139369
21111274
21106346
21057144
20622690
20617656
20590506
20579122
20577001
20574269
20570983
20569541
20568322
20565969
20550690
20550597
20541272
20535905
20530647
20529332
20529078
20528596
20515545
20496523
20486476
20485104
20482747
20471006
20465730
20465729
20458195
20455842
20442253
20441017
20438049
20431857
20424920
20422231
20411481
20407384
20400262
20398326
20397032
20382459
20378435
20377498
20360276
20348451
20336325
20334647
20306464
20304529
20303030
20302437
20236522
20229190
20074447
20214846
20213156
20211439
20210821
20208067
20205936
20204383
20200019
20191516
20183538
20172695
20170325
20170324
20167566
20144943
20142573
20142572
20130523
20122627
20118821
20116893
20116122
20110516
20109186
20096993
20095194
20094016
20090538
20078873
20070598
20069518
20055985
20055338
20050884
20044232
20032989
20028540
20025645
20021596
20019120
20013110
20010411
20010044
20008018
20007940
19996233
19968214
19962839
19962626
19962624
19962623
19962622
19962615
19962614
19955904
19949236
19945634
19945194
19944465
19943226
19943225
19942042
19941657
19922955
19921997
19920097
19918968
19912967
19911444
19894010
19892655
19889223
19881212
19879711
19875841
19858959
19858958
19857211
19852747
19847723
19847721
19837703
19823974
19817529
19811596
19809062
19807958
19804437
19797801
19793277
19786884
19786882
19785919
19785088
19782530
19781816
19777309
19760114
19757084
19756506
19751390
19744289
19738218
19737850
19734393
19717826
19707766
19697008
19694856
19690787
19688106
19673992
19673010
19669802
19659706
19654579
19653332
19648698
19648192
19644247
19633825
19631005
19616800
19606236
19602263
19592116
19587391
19583557
19578581
19570067
19569606
19569462
19563630
19549673
19549059
19544075
19543807
19533179
19530018
19530014
19528995
19515394
19513835
19509634
19496021
19493336
19493146
19492178
19487739
19473377
19470574
19467958
19463082
19440785
19442268
19436295
19432982
19422677
19422634
19419368
19418426
19418242
19409147
19407619
19395177
19388855
19386402
19382112
19371842
19370285
19369508
19363459
19360395
20055199
19538801
16565634
18446181
19775567
15576272
17351195
18678071
19300071
16825229
20862415
21658337
17067898
19349935
20864829
18081171
20209088
16635774
16434935
15788031
18812800
19397222
15770559
17580014
17146067
15722850
16965244
15943655
20406519
20044315
20377798
18242922
20579022
21803278
21696077
18624704
19370832
18005630
18546072
18043775
15915068
17662152
16144229
19066360
21682969
17000942
19085974
16706705
16956155
19343845
21377679
16119142
16824270
18711703
18702777
15630818
16324899
15686333
19629848
16711074
16273451
15985092
20171937
21133213
18551517
16008133
21888198
21837847
18801751
20069308
19692804
19414477
17955745
18309919
16759426
19054953
20201365
21557378
16110129
21275312
18787491
17079617
15821661
17121508
17377328
18347907
15737277
19500886
21527623
16446555
20397323
21768431
16235392
17591514
18763014
21211228
16007641
18605350
16187666
19945815
17847975
18025487
18275533
21174896
20935215
18926163
19448210
19118293
20740710
18794700
19688643
15789393
19307523
16846179
16616269
18356003
19101209
19941195
20173475
16926561
19930079
20959587
16161382
19894359
17525086
18772626
19007709
16479655
20690303
18695975
17060294
19643827
16363343
19187422
19788406
17696047
19470317
19664905
15644682
21536492
15564279
19288473
21825946
16011503
20693238
15948049
21067114
21294700
21467056
17143970
21352629
21285970
18202431
20346523
20107294
16523034
19397146
18180136
20167833
15887919
17966731
18772663
21337991
16395067
20942327
17028632
15649687
19552293
18836390
21596210
16949077
18348350
16964775
16905030
17828630
20598768
19504614
21139465
20558978
18681977
19301486
21278506
16640744
16410620
19001101
16167453
15944495
21545358
17070458
18793379
21488327
20920077
16344014
20347839
19947783
20662290
18800278
20634328
16517030
20488928
18709165
16020008
16334801
18232612
16218241
18595993
21384609
19919592
16111083
16788351
19521272
16686244
19583668
16927733
17682411
16890852
17460998
19176797
19642146
19094876
20967528
17320266
19847684
21614670
18379239
20082954
19295419
21879669
15876881
18492543
20627817
21771070
18688054
18455793
19429770
15653979
21403487
20579192
21563734
18536216
17106000
17609227
21848452
15962074
17339036
18257804
19302213
21063420
19252113
16846826
15680115
19322048
16858046
20235896
21899982
17908761
18519622
19786718
16998406
21462668
19074929
17333798
21980630
20408762
20501510
16519178
17926262
16200525
19895690
17389726
17287371
15544893
17098846
16088435
17913778
16503046
17523371
21565652
18192512
15729014
21798736
20480130
16238510
17537116
16005341
19335095
20836418
16103381
16159705
20875512
17015500
18220631
17442030
17040635
20946566
21411380
19306632
16648728
15800094
17324293
21356019
15561662
15748072
21636870
15658904
19941684
21417131
17936549
16136001
16258342
15653242
17081744
21463817
18342653
19608038
21033018
17017690
19291280
20457406
19004158
19454208
19402366
19444413
19189408
18480649
20590889
16627128
18808636
21366160
16020414
17851361
21404777
19405016
18620503
22111268
18038531
15643044
21711124
17637761
20011806
18380768
18256911
15533524
19004639
19389535
18809151
17873255
20359648
15964445
19359016
16062166
20617786
19004172
19882396
19484951
17884592
17971308
20237761
21675642
21336127
18649109
19228301
19647970
21108192
18439320
18928555
19492674
20594068
19167767
17651229
19820204
21455810
17904327
19250023
19770117
19381078
16282082
18394856
16941919
19062459
17502809
17594542
20947856
21273358
16433735
15871370
17004019
20724738
17591412
15639679
20476523
15528578
18313923
18784562
22128511
21141265
18979957
16108777
16299059
17379992
19726398
20024733
19914955
17032933
20442152
17211000
19753441
19343738
18270308
21567475
16492659
17649861
19182265
19629536
17912275
18333923
16701020
21128984
17662665
16271129
19239511
17888990
17589214
17116184
21429717
21815794
18947094
18848402
21506464
19556910
19507098
21300920
19411188
19695973
19920832
21675090
20201248
21211483
17786743
21576544
21646564
21708526
19012977
19697661
18172020
16428972
19297115
17564548
16094739
15540835
19437873
20887504
16098383
16022608
19399952
20340063
15718581
16928410
20654882
20432118
21486128
19967309
15552888
21803279
21776307
18340991
18380299
16782950
20230418
17211007
21199141
21739869
16825072
15838409
19080933
18335685
19183098
16802312
18488575
20125094
19685084
16258402
20427002
15592955
20684381
20045208
17537739
17593456
21409996
15558075
18517102
16528610
20169210
18241624
21655804
17192220
15638354
16869525
20083413
19398374
19566517
20735246
19582943
18831870
21144952
15764361
20589966
19645809
19351551
20466537
16808769
19674427
15682263
20602759
18685374
21675151
18983065
20009456
19506434
18241871
16295153
16174813
19962280
16294804
15991108
19644630
16553507
19378396
21668384
17427985
15596703
20673620
19806821
17091116
18721585
20228640
21507105
16652320
18032198
20075123
20621221
18697655
21663608
16373293
21807826
21336196
21877622
21469492
15769969
19093298
16414426
18466383
19069255
18160993
21602631
16234014
19706198
20103375
18485656
15779248
19127907
20647248
16875101
20659214
16181597
18924004
20035292
17971696
19241788
18548793
21887863
17601832
16557069
21495468
17159018
18311551
20739152
18515611
19016025
17234107
20128760
19017675
17310676
20407030
16139701
18534948
19118771
20436049
18419042
17309550
20509570
21781218
19945813
19500700
19855272
17152044
16274940
20333415
16547787
15573331
16426696
15971736
20978730
18540121
18815843
16105792
19260886
19009141
16675647
21596879
18426463
18665683
20470955
19116958
18381994
16546063
17923968
16398007
19817948
17678779
17323665
21777096
15971875
20224504
18362818
21546787
19591362
17825095
20220643
18820523
18825852
18190558
16157935
18391340
17462044
19194304
15815958
16422378
15920852
21726445
15911726
18648956
17592294
19391234
17017312
19159080
17363802
15673655
20303134
19767023
16773286
16166868
16441526
15714020
20931917
19318665
15807929
16608371
17146119
18283141
15706832
18473088
20096961
17057132
18298835
18708279
16353659
20684399
16327346
19095293
20842336
21972309
16047994
20000028
18792855
21990386
15520103
18613459
16635120
19564001
19012722
18346629
17245204
16882102
20937448
18090138
16761659
15538582
18688052
17342850
16869086
21145095
15800508
15796639
15999663
20394480
21631923
21789953
15566162
16875925
20367115
18816202
19058876
19777096
20196711
18820545
17534619
20621897
21291064
17142653
17621450
17299964
21735950
21949275
20391269
18578811
19049231
19146362
20482425
20921487
15889782
15862929
16615004
19449083
17584422
19999940
18295102
17065888
16886245
20415111
19824989
16931922
21702262
15841064
15625658
17085608
17990156
17985051
18240628
18566078
18222056
20060139
16682919
19000601
21351190
21404999
18629359
19216238
21781080
15788082
19530475
21865222
20121936
18257446
17941519
18513379
16144150
15915749
16270739
18440766
18273581
18042945
17579305
18980914
18053765
17923426
17959478
18700357
21748988
17643620
15527042
15513613
16650123
20371054
20965460
17508949
17095804
16583663
15563663
21870681
15741712
16342837
22129251
17112842
18773762
16395066
18487708
20402254
16519072
20859155
21637274
17705218
16047987
16849766
18188104
16462404
16047637
19633917
21605427
15899224
20505419
18649107
17667002
21235040
18777976
17636805
16763271
19734397
16245478
20363454
17489499
21317594
20538363
21671766
19158447
17111282
18042470
15635352
17557028
21474280
17017584
21507805
17985962
18194099
19558053
16881590
20656288
19775434
21576541
18941036
19242482
16035510
19173940
18784477
20441028
19788756
19621980
16602658
16719605
16959466
18560955
18414337
15801387
15875101
21378619
18386686
21114720
18196842
16163438
18608156
16393486
19522169
17702483
20979988
17286192
16923645
18669468
21692591
17239070
15748070
16790212
15637522
15710804
19215309
19048355
16496812
16195567
16151493
15904527
21762230
17485814
15862743
15640639
17727182
22026194
19120855
21109576
17718035
15819834
17477184
17606335
15799485
21469475
16320470
16627240
18357933
19667888
20810585
20101545
16353320
18476313
17060287
19014132
19712783
16761790
17605458
17447099
21473786
19910727
21332106
20015124
21266145
20404284
15636652
21542914
19369190
16728288
18847103
19729322
17640844
19179837
21296322
17352704
19648194
18803577
20016435
18489065
18277554
16950738
19104764
20505412
16999371
15918790
15950834
15921133
17892143
20652210
17000484
20873534
18355420
16130561
18385007
19843130
20512448
16002947
20861590
17551558
21710761
20534167
20654924
18411890
16844888
19368790
16398097
16250430
18721082
16119296
18225401
19636171
20578188
16533623
20149164
15650500
16910816
17163458
16779156
19695079
20978458
20397546
21194757
21303457
20092514
15987544
17333637
18400435
19186283
15543666
17165076
16404326
15643360
19188456
18837749
17395605
17190121
19022074
21177745
20836636
19926646
16192507
15965388
15735561
19496380
21781627
19119734
18190478
21708000
20123428
18449346
17997260
18365197
15515975
16452564
16737170
19480375
17088920
20049075
16336547
18693411
18636011
19147647
20586993
18832289
16368096
16081757
18214209
19400339
16798221
19350695
19832783
18678199
19567753
17911575
18815983
19462185
15884410
17244289
19281702
18564587
17380387
20056904
18397719
21122084
16494144
17416502
17371423
16374184
19715514
18630251
19272153
19300234
16311284
20519729
21540618
21486125
20533023
17240136
18985882
19797499
15911931
16927582
18535459
17541514
17515684
19825894
19956825
18843605
16526061
20175420
19824282
16945198
20516770
21117305
15703894
21539746
16094061
21418235
18166588
19770733
19643945
18828265
18278566
21090991
17900393
16145642
20429234
18439722
20511685
15819495
19012066
17724103
18163263
18330057
18700267
15539986
15532174
17356030
17434621
19033337
19996467
18768243
17126163
20631577
19675958
16388192
20063584
18695611
15511744
19101804
17002177
20175335
19219661
15761310
21655407
20629934
19956923
17035471
20211856
15713790
16903616
16024021
16937841
20334770
21261696
20532923
16425949
17133307
16010225
20159119
21610614
21521893
17636573
17269947
17030826
21061928
18808601
17711073
20879815
16798177
19674428
15637955
18438676
18547413
16048857
17628961
21830643
21364073
19371417
19863228
20873068
17166062
19753508
17085607
20594365
20165520
17636151
21319696
17181758
20090656
16623604
19189157
18682013
20876553
17242783
18457803
16332187
18754523
16203057
19500942
17566553
20575232
21368264
16536768
17664512
19094222
19838851
16469474
16898980
21309435
19857216
16455020
17259199
19845942
19534258
19372024
19497899
18942566
15839236
19390094
18547298
18070789
17108631
18395724
17258056
16822641
18929435
19298312
20010373
18158387
19300217
15619508
20101551
16106331
16400271
18496976
18061994
15633403
17445096
17037703
16997633
16272918
19259858
16045423
21575883
18413518
19563502
22003206
21389169
16769943
21338747
18524343
20614422
15750524
19514230
18037444
18696409
20236792
17418125
15944497
15598066
16302860
19995134
20422449
16927479
21504548
17317085
15884741
18724571
17536949
18349327
19102433
21403050
15624549
16519372
15666142
17382211
16101855
18349651
16177584
17088110
18211334
16145237
18219243
21683474
19209533
19115893
17411559
18662628
18927100
19109855
17201103
16989129
15721966
16511687
20952492
16728873
19292905
16116357
20167832
18360201
20473457
21118321
17621785
15817353
17828326
21226545
21329281
15917008
16913605
15988669
16379512
18572540
19761912
20838705
15987407
18663540
19012713
16594246
18220679
16809104
21841586
20430210
16334394
20175361
20963720
18792598
17332119
17725947
15714151
16308175
16713512
16677976
19998632
17548028
19603567
18550780
21457843
17530539
20687092
17176984
15630872
16521365
16463453
18482291
19209569
16187477
15601267
19222636
19042824
18560796
20141090
17240117
20865872
17479324
20369441
19119689
16177290
20155989
19753803
19793720
16477857
21162153
16401704
21104565
16951780
20925290
17982824
15674950
18560085
21561516
19266354
19810665
16377190
20349778
17559971
20048361
16305292
15892852
16671980
19487507
16965891
21322196
17207278
18808468
21471874
20217293
18407728
18415919
17122679
15700607
20211588
20596900
15567653
17918304
17329725
17658419
15567678
16504130
20397523
21411849
19233353
18066631
21534379
19767267
18090519
17960429
21307687
17440782
19331253
21946881
18427230
21269670
19309488
15842441
20302989
20426300
16148244
19738215
21450086
18423762
20022601
21811572
16447241
19407333
19012195
18269894
18435869
20833285
16806205
20023491
16808197
21476861
17059611
15749322
19826078
16837681
18729028
18427398
20586895
17933498
21925408
15842713
18375671
20532531
20650007
18718991
19921223
16421185
20675734
16182095
17161934
17627408
16175025
15713859
17539882
21073845
17666972
21269458
19242853
17115458
19587108
19566639
16075473
18552094
16832007
20007818
15603664
16138600
21977786
19231928
18467262
17954381
18832603
16721708
20589609
17430371
20078007
21157237
17570053
20946442
18708892
18382834
17506878
16409213
17575764
15597006
15550210
19743713
18725354
19349502
18038481
20088177
20689118
21447231
16921859
18550921
16873595
21139520
18434774
18611317
19487615
20590512
20122065
19883881
19734128
16959677
16468480
15785217
19243525
20527994
19842586
17426223
17950045
17341326
17270279
17486705
20159217
21448826
19402362
18440532
15571902
15861918
16769550
17384313
20077806
16462981
16702204
15891346
20500305
18674978
17041799
20660852
16509175
17158492
19818128
18332403
19833673
17464595
17823560
19909636
16798068
18725824
18792656
17005073
19216317
19381818
16518180
17694484
20955603
19008145
17596246
16945469
21365191
18386952
15916209
18613786
20236095
19016169
15834361
18597187
16770116
19461516
20306843
20189545
19648525
15764743
18041421
19928714
16034855
17518122
17318982
20979973
15802413
15649108
18186451
16001915
16985398
17939880
20088340
19006588
15833468
15964735
19444526
16759046
21247672
16967262
15671707
18030197
17272798
17346462
15550953
16128658
18642620
16770168
17368409
16918743
17761062
17615073
17444572
15750514
16648083
18444866
18477716
15690830
21486321
19321807
17382042
15754786
16271652
19901135
20804886
20044414
21715009
16873047
16843744
18020063
19841483
20423389
16541477
17133195
15625921
15546945
17097757
19660617
21462458
16087898
20106664
15913471
16426797
18446931
18332384
20503162
18690630
18418109
20552832
18435319
19326723
19243524
17441293
17139466
20950434
16526162
17575756
18779186
19406507
20675736
21252815
19299969
15833474
20882721
19271090
19768640
19085667
15643036
15657688
17040546
20123251
21592433
19951637
20722323
17162544
16493307
17851382
15605758
21786574
18796426
20572375
18387698
18085339
16178134
16233998
20566987
21055278
17353810
15689021
18269054
18477122
21272197
15767197
18633680
21029279
17121761
16608944
21095276
18951854
16922985
18332746
17573272
18164249
17059417
19161016
15877572
21511353
16102145
16940300
17767093
15898822
16252379
15993673
18261155
19251549
16501141
16134664
20546471
16443313
20829335
20523217
16274587
21270415
19485858
18379839
17699189
15611803
19413197
20654974
20606611
20298668
19621558
19204224
16137369
18052521
20846225
15644685
19691463
18165422
18586756
18503807
18709593
16759963
17044443
18815504
16149976
17079584
19005688
21070435
18294873
18983365
15765815
19875204
16094133
15582346
19368582
17353493
18264925
17633838
17300614
15986722
18511764
17166255
19269405
20603028
20432853
21717470
18947122
18347927
18672852
15590232
19375235
19320339
20059598
16476641
19380366
21440203
15827841
18241761
21384646
19396575
21165654
19681537
19874523
15612239
17963528
18214265
15656851
18307853
18504159
20306615
17870647
17321932
20406498
17075690
20039222
21658215
19014410
18389216
18277553
19323161
20879639
19665915
21800640
16866805
16951616
17906596
16123468
16522503
15548934
19202045
16614455
15754509
18216058
17822424
17472510
16078408
17127115
16545744
17827082
15573834
20393965
18226488
20853586
16161717
20496559
16234741
20017073
15635014
18575882
17239235
15911950
19556552
16247636
15774399
16103696
17539695
18398664
18395142
18772837
19483575
21251533
17592961
18486458
19968454
20414852
16083377
17110874
20007493
19054458
18082998
20934922
15891347
18333720
18241311
20855994
20881159
20686925
20951090
18412079
19267384
20092087
21492279
19936415
16490633
20146803
18997554
20824736
21501645
15875162
21809283
18578676
19032015
17094305
17932435
20496518
16923932
18198360
20420475
17919875
17464656
21163478
17426424
20621751
21221958
18357423
20158320
18591306
17565809
16202146
19886105
17706426
16604926
21537199
19894411
21135789
16885475
16533537
20655165
18279501
19933247
21707004
16229400
17391601
18289436
17306911
15774332
21500607
20849291
17825116
17456202
18260576
20081731
18337439
19018920
15942376
18266225
17469706
16619395
19964427
20919958
21349049
19049697
20081638
18540857
18463881
19491735
17627743
18354103
18999245
15636591
19708058
17558956
16320982
17674615
19929221
21211988
16782251
20712109
18449833
18160862
17241187
19186285
21593246
21651660
17659422
21226847
17387520
17490918
19705315
17042811
17879557
19204102
15789291
20948245
18711454
16804636
20207265
17310339
17584426
20689129
17257444
21062136
16183748
16327952
15931043
18275590
17374279
18314223
19685683
18708306
17152332
19273778
19067933
20027967
20530395
20235342
16412831
18467149
16905424
17763706
17569318
17217133
17880351
18592093
17223770
17548400
16172088
15935421
15632809
19187163
19065965
17474573
21888099
19594606
15992240
15597294
17870643
16579282
21911555
15762209
18807796
20955481
21952568
17087707
20224964
19588658
20541076
20567033
20210658
17909862
16607248
21526714
15791785
19150220
18705146
20034367
19555541
16050874
18245801
16021729
17479048
16584466
15712470
17667001
16192811
16474223
16781986
18512099
20635280
17616329
16308682
19244770
18990043
19636534
16761662
16211440
18819212
20573664
15833466
16913993
20189136
21457504
18992167
21319425
19299162
20440205
17613157
17363866
17601217
20156313
20025770
18310160
18005415
20230169
19519232
17190931
17238494
21619766
19748205
20705349
17431337
17353575
15765642
19041531
18418569
17420193
15744200
15683266
18923330
19594367
21898454
21066839
16492214
18775259
17199055
17147713
15889874
20830822
18096918
18086967
17038298
19374671
18662657
20097932
17517540
21127097
20804488
16427761
19901746
19756423
16407697
21121500
20606653
19945101
17724240
19773571
18324557
19121927
17540805
17011267
20381916
20005501
16509953
15986935
20975520
19397148
21857241
15590242
15847683
21078044
21605267
16164511
20846278
18788662
18018812
19577033
19286854
15577704
15731998
16567821
18325459
17222294
16542838
17285894
17088648
16619472
17717750
19882317
20353126
18186824
16010850
18381881
21384072
17714907
17081532
21214076
18321272
15641951
19965953
17102217
16330969
18787902
17102919
20843982
15713169
15701199
20065310
18031947
17582992
21090894
21739793
17999008
19678919
21478725
19339407
21560896
19179871
19683407
17937252
17212894
17610158
21661281
19200276
17224822
18321460
19264941
15787075
20044165
19538808
19174280
20890152
17007330
19573958
16740337
16826044
20513345
16493304
17196906
19384194
16923040
19697810
18558184
21823527
18084368
19500077
20463359
21414688
20521904
15997715
20004298
21323844
21534823
20339200
20543162
19644743
16875532
15781508
16679961
17595811
18769802
17094360
19778705
18564122
16826773
16423771
18845476
19380086
18195310
20737795
21067725
15833008
19343560
17923835
15693929
17042149
16408461
19785295
17405777
15968876
21525806
19754941
21483251
18808538
21282503
17705765
20414114
19935526
15626522
18036478
20095083
16425812
15880339
18333732
16714366
19222604
20017938
21130695
16007301
20963673
20660901
17168255
18039518
20624580
20064890
20307372
16301934
19239830
17693295
19959842
19586354
17949402
16258117
15555479
16403109
20938273
17242047
20882095
17131301
16680209
19709393
18176083
17081913
17652683
17588161
17050299
20486085
16955034
18376246
19246247
19576714
21120408
21515103
18556185
17158048
15578235
20812556
17350310
16024146
17888715
19281345
19882409
18308212
17063404
16375808
21540010
19233502
16021741
21991860
16137072
18302971
19509212
19589668
17073187
16334710
17363872
19469434
17966935
15640659
18953729
16973462
19433953
17938785
16918739
18548794
19448044
20836638
21447221
17694233
18410781
20466370
17288320
17470290
20029750
21211076
15871640
18551570
17525963
22004653
17040526
20105264
16964900
21696079
17124615
19287253
17413301
19659491
16514924
16651317
18184342
18835701
17312419
21337054
17670952
17329659
19863510
18823688
17102325
16814628
16489576
18677877
20626236
16826470
15997613
18675187
16866839
17386230
17564686
16259232
18051918
15930933
18551890
21108661
19653141
18403998
17318594
18289424
15768648
17868507
19115897
15909778
15552539
16735260
17942058
21398320
16272425
20452166
17992134
19329091
21654376
18042302
21696320
16648349
19951223
18557346
20032930
15569130
19234430
15529892
15644692
20380228
18693848
15888901
21413458
19476775
16491461
19043632
16515564
21029495
20636152
15717905
21839909
17803401
17022797
15923793
18727763
20308351
16518737
21805931
15690145
18274360
18322744
19623816
17445641
21228438
16268229
20809276
21714189
16420844
18376679
21879651
17851317
17957346
19573661
15852052
17558762
17059486
18591173
19920746
15967452
19666161
19019621
19433836
20070794
18472537
17543431
19714253
16808774
21187190
17233257
18628695
16830255
16830245
18186033
21599896
17182454
16393479
20394514
21129322
20305310
16359207
18425075
19157279
17573983
16697601
15584489
21242267
18252015
17851721
17175676
20078323
17884490
17060269
16223113
21368524
20615612
17577148
16192827
15682971
17563853
20552775
20170308
16182093
17939197
18041235
17266078
17888181
17224856
15651985
17050086
21476860
18306356
17521460
18005515
15575189
17658008
16378255
19661092
17710961
17041073
19922930
20972381
15597928
21066958
16708793
19059087
17471995
20801975
18922360
17668340
18814391
17143005
21120766
17609331
17112173
17021282
20119895
18785884
21404876
18517171
18180134
19328676
17043050
17144841
15884254
19032074
21214376
16124075
19017598
16827611
16757376
17727404
16865561
16450631
19231678
21343937
19874938
17268335
16925074
17244291
18560099
16569406
20533570
17404704
16206375
16810718
21488416
17200276
21753452
19741381
15720030
21114911
20728318
16280946
17702666
17077796
18647198
19053915
19035033
16430401
16160192
19074516
17760976
19266356
16952402
17695560
21269297
16493271
21425070
15877560
20526901
18279275
20493590
16970554
20142406
17664534
17623357
16548747
15711955
17563485
20572538
21813621
16188716
18319132
21853069
21093125
21693356
18959280
18424290
19769206
18569897
15834705
18190775
18158527
19519904
18709832
18498221
17704880
16897570
16134630
19521949
20935237
18542842
17458368
17697454
16205552
15590035
20174996
21419253
16240704
20067138
16221800
18648986
17385057
15999410
18842157
21038931
19197698
20215750
21965009
18388682
16896860
20091991
20535896
17088221
15620036
18716841
19663578
16837694
17505371
16217587
19150682
18581822
21140320
19813773
15605276
17633335
18260370
20875208
20153902
18411816
21933478
20939945
16956851
17112781
18812806
17915147
19353475
16096143
21600377
16525525
18162746
15887875
19055248
16342920
17473537
20849796
19323160
20464737
16279158
15518359
17869587
20171448
21879656
17443245
17421095
17945010
18366363
17263054
19280251
20554423
17673114
20107351
15826511
18981966
17136920
21438709
19938942
18489775
18370889
15911054
17298955
20236446
20383077
17681268
18265436
18090367
20055721
20715648
18173735
16955435
20028284
19783768
16686815
18304886
20582802
19531035
17599966
20582496
17551869
19678853
16021265
19449272
20704678
18602185
18843442
18948798
15579518
20680534
21692378
19700054
21317959
16004836
19715080
18347485
17846091
19812096
21680668
19227109
21099396
18538458
16566617
18206580
21497250
19910195
16082989
17077716
18300609
15932487
19534188
17591344
21332777
15644541
21320347
20801997
16509174
21519674
16180780
19446122
18053910
16621881
16734003
18797571
19714953
20822733
18158495
16722454
16579216
16948440
21888221
18268002
17433183
17450022
19835465
16309065
21351220
21545984
17563322
19125894
18460266
16879381
20434085
19961502
15887749
16282012
20414128
19358736
19237434
16435158
17233432
19032132
19462336
16628511
16469132
20334875
19177431
20395731
18341072
19387128
15968228
21651735
18443807
21207737
20180870
17437656
17975398
15792061
19320566
19124983
16376480
19663713
20719487
15573804
16172843
18725833
18034967
19455544
16273441
20063908
16758120
17086470
19084880
20654903
21140721
17876846
15729844
16622089
18080337
21089403
21729274
17317363
19686324
15548130
20579640
19398071
20563396
17592105
20354243
19363883
17427794
18313179
18353601
20551886
21487051
15717240
19554798
17289538
18343866
16816289
15729776
19817598
20159423
19630538
17849678
16557506
15729062
15597931
17187538
18510723
17242911
15612181
18693980
16450659
18685372
16879549
19930570
17563425
21122730
16649832
18194398
17223479
21514838
19064962
19407054
21198233
15555079
19426295
19642482
16388063
16962458
21353679
16937787
16174816
17147994
16802287
20426815
16685051
17727749
18468922
16457327
18663532
20493750
21695383
21605382
17901783
17197061
20432883
21951499
16628094
20177043
17531435
16608671
15660707
16441817
18538965
17319202
21229777
21141405
20597714
16082238
21401687
19008269
17922788
21675167
16813512
19098944
20425956
17109114
18322044
16741693
19695086
18469617
21309404
20122774
20560990
15862984
15672336
21361830
17932174
21140345
16968759
15841708
20180380
20458763
21129704
21045946
17352336
20011751
20184108
15582339
16939948
18090698
17852174
18492707
18271651
21153460
20367868
18774882
16753084
17987539
20520263
19657821
15698531
18490078
15620074
21139046
18533033
17475331
20651478
17724424
18660723
19735590
17129201
19401499
17695084
19955390
19067315
18616200
20003039
16215523
17880415
16622263
16872794
15885866
18535893
18640951
17072512
17175545
17971627
19101116
16481843
21610629
18715184
20129896
18194624
17902455
20049258
16451360
20964485
18000242
20203459
19021484
21788005
19568723
20810409
16270813
19434948
19171091
17469364
18222479
15552386
19879730
19520393
16234575
15752924
18416812
19840086
16821481
16719900
21488706
17346340
20698414
19175220
20228641
18525311
18385589
18292979
18687268
16793783
17565096
19277845
18068026
18199300
20642845
15949254
15886362
15976046
16224670
20838333
20654827
16641651
19345912
17994254
18609344
15800664
17253013
19004365
16950187
20433404
20181318
16510023
16938645
15549002
17329313
20142011
17545823
21726454
15821560
16916114
19715058
21470467
18304337
19789196
17717442
18045368
15945363
20640330
20923511
16529341
17112142
16012933
16427926
17142611
16883670
21501725
16501135
19075333
17088063
15589715
18053501
19022185
21140754
17411757
17873662
17418133
20044162
15636005
16683877
20116791
19735585
17457397
21218713
16784048
19220619
17655547
17335523
19490136
21086713
16602156
17319600
20214789
21517883
17673094
16966892
19918690
20335648
20230175
21670639
16601510
17307086
16046042
19374701
15869559
16569544
19380360
19293173
19226872
18705181
21276980
16421657
20678203
17686712
20456789
16594437
20712468
20144523
18454613
19046086
18251207
20414799
17368297
15717707
19883346
18235162
20631531
20136471
17086781
17448622
20552915
16352961
15980419
17595715
16871980
16493532
16488347
20860978
20885315
15767217
16388772
15842031
21044135
16750799
18990915
15616915
16411027
20447149
20537639
18396610
17669690
19181649
16248257
19339133
20364411
16053435
19901662
15805358
17915066
17020108
16549347
15694977
17518822
20227621
18580518
18386949
19895441
21733109
15741473
16764224
20825836
21096579
21121450
19302633
16448485
16212666
20427000
15983707
15945411
19467397
21074114
19009464
20626486
20411410
18672147
18076919
18057190
16061888
19931746
19752082
16438097
15969765
16805075
16035696
19151734
19822274
21592337
18329222
16143738
16910804
18269550
16290129
19288649
17668539
20370449
17479054
16084178
21996470
16690691
19244561
21462059
18089983
15579358
15952478
17364403
20357652
16775977
17641972
17933059
19060821
15799432
17058750
17186688
16648094
16105527
17040534
16350390
17303385
20355263
17192174
19195741
16097220
16174561
17319382
20065900
16208592
19965037
19010600
17700952
20170430
20194401
15717898
15513798
17939927
16569795
19558193
21326027
22013777
21135081
21735668
19201059
18286990
19917937
19574762
20931101
20067684
19084299
20534334
16464871
16623609
17985978
21528629
16544687
20037500
19189153
20633061
16996898
19446121
16376739
15802479
21558484
17149083
16132954
19246845
17714579
17310343
18987080
17849466
20825823
19545096
19594346
18382703
15984560
17942501
16711075
19388901
16605094
16598911
19156589
15677807
20926407
19619376
20649673
16984637
16598326
16781607
19541141
17277665
19147425
16267920
20962697
19968947
19489940
19704188
16230055
20047130
18618192
20057328
17402954
16284983
17886591
17823959
18558894
19399008
16499745
20018543
18690333
20973045
16594430
16822099
19146511
19537154
18026943
19116974
19037137
20655633
20814276
17655685
18972936
17895295
19273874
20297576
19860235
16181012
21817971
21333060
18508408
19929642
21703670
16387412
17541315
17901513
17079999
15526622
17163497
17242858
17257977
17892990
17603377
18803997
15789292
15683203
16196513
17601256
16439744
20967480
21504264
19043338
16532787
21698915
21990151
16715901
21736099
17019276
20497880
16202837
16879506
18592986
19444731
21749006
19112264
15701783
19761024
21382948
17927764
18682963
19217498
15904880
16249592
16869921
19265074
17430455
16808704
17709688
19740063
18378729
15720167
15536113
17905104
20490675
15732427
17176304
20870972
15567684
15883235
18029541
20584119
17394620
16372663
19202117
21605268
16422000
20669892
17210502
20728326
20666955
21180338
19054930
16941132
18030686
17917470
20515887
19187168
18664961
16465053
21135785
21721874
19463677
15754079
20107856
17459630
21751718
16094224
20824312
21111957
21126301
17902555
17397367
17000472
18187283
16248709
16264176
20562617
21366115
19968876
19119730
20599337
15774344
19546722
21278666
15833464
15946901
19785885
19826330
17083749
20870663
19458511
17570677
21383568
20380710
18201504
20739360
19054954
17112941
16158036
20085690
17375753
21484016
15736894
19947782
18941437
17086162
17522193
17490764
18492558
16034031
21252349
15921798
16771288
19763699
16168306
19833478
16808754
21521456
21610622
21757083
19669043
16171109
19443086
18056562
17439374
20224488
17431698
17142601
18310377
17701163
21393043
15744761
17544677
19038449
15674925
20152574
16476091
17907650
18713473
20508558
20713533
18472622
16645494
20160388
20940272
20368494
16583664
16092304
18025499
20067667
19131756
19288372
19433845
18439169
19682124
17977500
15967039
17607137
17265660
15710728
15816653
16773318
15669577
18219238
17263049
22005230
21641361
19930874
16029977
16493937
17674224
15539975
16289090
16111603
20854577
19515198
17917526
15933949
15893688
17274147
20502176
15552388
19122982
21439059
17486194
21634146
16300853
20417476
16003005
15931015
20372899
18065029
17636714
20150849
16945783
17985965
21036689
17118307
16025260
20178300
20545873
21357804
20879611
17165490
19686587
21991750
20438007
19056319
17394379
16941911
16173854
16835562
19597806
17568280
20671002
21092429
19337187
16910823
20419517
17051892
20177047
15799484
21744732
18548418
19824096
16585116
16594285
19567690
16783865
15896695
19959057
17956915
19556412
18832109
19547957
16351714
17670998
16267966
18770101
19830850
17252093
16877584
20173601
16096155
18097898
20081641
18773593
17971554
20386308
18076926
17102288
15569811
19715494
19753425
16268411
17040607
18690003
19253315
18668178
16493293
19175249
19716704
20683234
17582316
18957381
17701117
18027524
18078550
20420999
17667488
20547077
17102327
21343503
21898325
18690994
19963385
15791370
15991756
18595383
16922986
19939303
15890048
16098411
17278922
18778557
20636672
15549584
21824959
15805811
20218136
15588359
20351544
20156379
20654870
16847798
20873397
19842862
20654986
21504240
16800908
17478663
16184072
21750125
17361585
20434642
20795423
19743532
18021781
17452550
21472715
21072007
17400518
19902646
19365228
19024591
17478649
19803561
16266422
19011318
17421107
17465286
17533913
15719417
17069104
19492760
18971811
15619178
19091333
21168831
16213232
20192888
19827045
16801638
18828429
16877622
18053268
16979088
16029778
15683143
19592436
19160878
19214705
20350889
15940881
15917361
18719760
18649816
20178571
15584311
17989116
20308084
21426524
15552806
18772208
21307389
17177041
16676513
19396490
20593693
18849513
16295285
19176847
16437510
18334055
17454206
19652679
18828168
15646092
16096726
17631315
21941932
16207280
20619768
19341041
19804994
17469703
20469996
18694471
16130682
17424902
18791622
19009778
19805795
15905288
16996787
20191796
20675297
18667872
17554100
21059573
18843062
16318056
17183353
19318286
19227633
17923890
18558181
17269946
17621972
16209695
16841828
19710615
20351550
20974059
20739837
15688921
15609804
16106330
18058184
20221646
21208485
20706178
15684910
20112144
16530114
20922200
18772654
19864039
21690603
15861917
21426353
21128576
21857239
21625660
20714196
16148486
20036397
19546088
21224466
16911049
16553689
21857859
18716737
19207066
21259126
17577164
18184983
17464602
18543527
19689634
16636009
17068940
18360246
20106897
18377145
15963299
17153572
18540798
16366867
17888107
18829417
15720995
19307455
17578060
17414090
17224695
17251881
16459140
19900323
19606660
20179464
19861376
21306421
16369156
17084059
21478588
17180653
21564396
16868468
18359418
18754706
19679422
21513534
19849931
19378673
21514484
15644674
19794269
21165379
19280454
19437903
20143327
16283111
18651967
22053663
20557417
19539455
18670472
18522259
16478839
18812148
15992186
21226684
15563853
16602433
17944154
19581624
19105666
20925303
17409804
16288390
16676342
21655845
15590215
17785486
20351917
19953763
15685097
20420095
17929281
17976825
16604912
17761183
18924272
15550090
20617291
16550080
15548439
17509282
17135059
16720000
17129330
15894234
17004190
16393557
16610506
21460672
20188320
17629994
17000387
17826070
16649849
18484440
15727355
17346386
19291084
20735294
18585500
19446927
16996320
19450207
18488748
18839731
17455570
20724192
21169251
16538669
16596488
17119491
17274754
17443553
20676775
21954764
19558932
19644419
18823311
17324466
19788555
17560165
15672062
15684211
18632507
16191142
16157827
17285832
16786362
18395025
19701730
16783181
16446269
15601463
18414207
17029658
16988303
15747939
16441693
19059545
18190569
19307815
18779034
19242580
16361906
18052895
15694498
19960128
21926560
16387900
21783230
21178600
16927575
20436064
18387019
16839431
20303575
17477482
17154661
16757396
16685163
16706317
20639654
16079431
17324176
16096881
20399376
20875168
20037847
16892667
15836534
17265662
21402400
17337364
15933466
17394114
16505701
19481303
19291187
21555652
19397162
18689575
17371741
18090889
15554540
20800334
17695979
16128434
17214919
16606434
18171394
19955388
17347295
15933650
20499485
19525769
21150517
16182528
20712210
21572298
21255714
18025449
17105743
20579792
20952823
20394119
18229653
15715897
17145456
21129400
17039988
19652231
18554650
16616695
15581151
19883347
19530300
20736716
21248578
15712445
19412094
19571728
17151566
17971552
15608297
20158137
20442609
20164816
16563767
17006392
17667931
19017603
20553402
21831025
16308129
17574303
21884356
20579125
16769716
18314233
21182797
18302657
16634398
16377823
18705566
21078007
21658713
19318458
15684245
18363496
19896184
19378859
17941245
19093362
18839050
21097760
15769975
20687449
18994651
18270275
19646190
18042596
16938355
18247013
17421111
17938399
18069066
22029758
21413664
18494391
20332686
18641520
16939847
17364250
15960790
21322879
20719721
19457559
16512033
20077962
17333494
21817972
20309780
18370966
16445855
21158258
18667868
17767791
19952545
15578149
19396071
18351477
20541074
20923897
18945252
21056164
18394450
18828170
18438162
19187053
17907645
16101850
19204855
19094437
18240626
17695825
18053623
18372378
15644676
16504909
15810755
21793115
16879793
15952491
19773646
17513535
21879671
18399376
19820852
16543513
16892691
15793025
17519376
16039937
17225335
19189481
20488575
21117533
17001131
16517765
18490877
20065195
21099063
17666298
18578677
20397535
19586390
19495779
20507049
15921808
20591803
17724863
15636397
21194458
19730197
15928559
21555674
21164408
19576661
18778947
18798875
16221314
20228359
16711287
16445158
17720107
18428001
20653376
18069369
16192828
19183427
18279993
19052156
18631302
20216168
20196713
16968615
17030839
19212285
18365290
16078182
16632813
20850177
17907011
21239422
17571783
17011190
18556804
20030432
17895720
20922540
17700296
18931399
22098841
17042703
16669556
18555158
17217474
18825367
21906721
20222245
18988072
21127092
16138821
21715558
21061867
20429656
15928530
16425009
20450246
17824409
20667584
20488428
20299537
19945204
21207009
16822090
16332465
20629297
20873066
19802635
20727547
18794475
20584809
15575190
20593644
17413678
21368633
16830239
18973674
17003253
18811573
15940024
19543670
16622986
16890882
16257526
19480178
17196902
17595001
15598725
15679279
17224839
20853355
21475089
18041413
17580126
18703922
18949956
19029005
19500346
16972543
19240192
21350426
19745393
18389874
20638866
18059456
16616267
15966617
20053237
21486724
19373148
18522561
17977309
21058896
21585696
16584052
19960161
17412171
16479635
16915542
18686413
20400899
17001071
18163137
18245578
15890057
18157450
15679893
15565499
20393503
18025394
19655499
19715096
17651162
21067473
21605365
19592950
19624440
20735468
19543014
18700236
16246470
19422944
16257882
19909516
21668987
20860250
17332173
17958989
19634807
19190999
16809742
21736977
15923006
16473734
18283061
20667173
21214399
15802284
19149063
17447591
15931047
16620241
17366916
15641253
17684773
20667678
17924888
18215551
17320336
19131419
15785225
21364129
19187169
18361394
21804485
18547867
19240784
21135616
17976282
16688968
16623294
16271910
21666406
17668831
17258801
16302483
20093280
16411006
20378204
18034982
20795833
15747886
19209392
21714478
18181670
16740565
17219944
15896928
21067255
15960554
18271767
15699999
20098168
18548409
19054648
21240787
16294629
21457695
17490922
15646106
18666406
20459834
15857487
19304807
16859869
16638142
15959733
19265046
16250279
15808048
16996514
15536379
20197792
18763552
18421658
19375786
17413782
18562863
20189784
18951825
17145910
21676333
18001148
15944496
16033486
16280077
17854736
18394540
18180790
16910375
18039065
18797102
19358096
16118532
15983280
21265629
21359256
15982192
18365349
16723921
17087813
16881503
19460091
18652065
20615273
15660140
17952353
21150502
16996228
18297971
18798229
21382515
17086654
21430003
21595812
19296179
15871873
17102289
18189306
18073677
19878036
15757049
18030160
17324193
16586379
16273993
17884600
16965558
20331544
20966841
16930268
19114900
21357208
21235731
21520796
21665873
18622567
20806560
19416036
19380945
20561840
19955983
21196728
17413487
17334545
17486016
17342789
16254657
20335497
20057330
16529592
21492030
17994404
15924027
16522226
20644182
16231556
19402860
18777972
20941464
18339336
17077718
18283069
21884838
18394515
15989412
18788104
18558255
19366932
17875027
16341623
16149981
20229487
20499780
17828142
19910090
19817592
17966309
17692636
21084354
19772247
15962401
18001185
16285343
16774291
15871403
19914086
17443630
17077795
20499769
19922036
21288207
16405207
21883873
18405565
19436207
21393616
17531568
21213185
17261144
17020485
19161085
19527558
19507555
20658353
16793836
20614742
18608824
19590471
17061659
16676671
16420107
15686076
17296408
19805708
19247226
19197779
16618324
16324039
16096148
20514886
19077807
20148933
19960481
18548412
15600037
21415613
17208120
19722148
18702778
18773798
21819357
19171334
21218703
16135471
16292467
16398302
17953235
19240494
18325425
21670623
16582855
18314047
20227903
20398133
16914106
21048468
16321687
15801246
19225027
16303701
21228092
21129355
17353816
18650767
20226557
19300002
16511581
20345926
19220165
17880481
19485424
20442352
21800655
18203568
20102895
17851385
20581917
20510840
16731876
16565030
15557551
16424711
20691454
20000220
15727112
20489639
21129343
18295615
21893651
20423415
18197456
17472500
16824168
17665819
21817969
17599469
19711266
15912353
19260571
16377365
20799570
20337801
21876449
16967893
19266123
19955971
20687357
19942114
17945887
16482394
15554514
21894868
15850870
20649872
21879626
16524992
19364999
16799355
17015522
18092495
20220614
19084288
20657153
19200400
18358083
20826840
17656287
21780094
16116384
20597710
20092616
20594340
17059494
20592542
20344988
15651946
20949791
16901874
17522925
15537585
17333490
20546095
20379946
19445336
17315489
20212293
16260139
19231904
21036534
19840578
16504890
18664229
20833937
15838090
20551868
18289494
21191121
20457313
16618687
17160874
15956862
19381055
17563443
17703821
17583103
20731283
19204300
15783053
21269379
18189334
18079626
15752835
15562948
20529149
20448224
18023611
19833859
16520677
21277071
19388410
19938259
21182438
18044985
20054837
20566991
21879665
18241563
16536870
15745363
18153981
18056675
16584673
19216483
19741218
20830638
16013648
19453320
19687698
21320944
18298632
15934353
15576704
21815515
17386913
18562861
17257963
15749396
20123326
15590209
20480870
18041457
18474978
19921545
16218236
17114198
19328417
18572721
18830770
16911056
16988287
16018107
15524055
17685730
15741428
18399391
16885251
15673643
19012496
21593012
17477005
20225727
15711101
18697975
18020064
18612381
16275521
21467937
16571383
20499711
20729562
16456209
20465765
16279332
21912023
17400862
17115200
20405679
19207049
19263906
17276321
16442422
18727450
16723104
15569894
17635627
17221082
21471893
17384380
15608767
18998806
18842906
19712545
19841004
19659705
17127156
16434113
21998983
18316932
17464706
20855823
18042102
15571610
19160631
17961885
16006859
19326638
21069600
16862744
18556864
15933914
16583872
18096353
18774362
17984297
18669709
16719430
16858004
19140402
19969443
16629356
19036805
16551327
19827214
21353126
16115710
16485366
19836153
16138488
20171037
19156389
19365826
20531173
16175716
19542038
16296376
21818904
21524329
19300070
18953195
21500623
17443196
21171494
15772919
17326544
17963493
16285131
17455875
16438717
16363417
16466059
19081417
21783012
16911755
21502347
19694861
21303935
16313373
19463083
16816627
18392393
16013292
17901640
19902573
17290065
17556921
19626753
19227014
18786851
17895492
16610662
18675766
16639203
15823890
20372005
21384219
16296991
19968770
17505563
21219087
18032204
21682626
17290095
15537586
18801188
21316239
20890144
17702141
21111952
16368178
18445862
19911481
21098154
16963194
20377024
18622457
20439486
15726869
17459137
15999001
15570546
19729568
18947081
16084187
19150912
19549088
19323709
15589704
20978932
16886911
16629972
16712491
15820426
17254667
18947091
17066354
15713995
17143814
15955146
19787466
16280895
16231123
16096153
16257874
21248550
18031843
17276649
19933935
19860968
20639709
20516766
17218869
17602117
17526445
15750493
17983334
18649716
20878833
21418095
19589663
16673673
17427544
16143023
19417646
20535503
15557421
21269668
15561157
17575750
15661258
18951753
16503014
21062571
20528709
15566208
15566623
17150048
16287789
21122761
18370910
16980636
16490558
21644434
16907982
20810416
22000190
20700673
20510949
20188453
20803404
17484247
18182541
20443294
17002249
18326417
21316906
21029377
20171663
16121653
20626793
21587184
20303450
17323806
18439361
19455875
19916808
18518731
16307954
20011821
15792063
19186229
15559598
15962490
17252970
15819535
17365346
18505619
20303600
20123174
21893577
20370766
17050482
15650625
17489875
17845887
16167849
17377975
16443994
18216465
18562819
18713540
21561510
17760913
19152142
21561512
15960461
19470953
15715073
17446134
19089505
20218770
21410372
20142743
21109125
21375574
19915902
19064226
20615920
15716810
21469489
19208283
17236327
19179560
16322192
17249154
18314388
19474415
20141024
20650440
19689441
18159966
15970016
21383270
17588303
21068548
20091964
16627244
17947893
18180501
18756599
18379671
18757353
18942568
18495415
18448858
20929109
20838161
18227884
15736600
15801350
19505697
17213495
20585083
16078965
16252737
21481732
18610923
21711071
19756511
19271694
16773438
21586244
17227745
17626256
20862219
16900452
20074300
19879166
17552345
20142168
15704591
20699739
17131719
20147805
16872507
19342149
18446175
20729493
16438813
19580536
19413583
21112685
18815503
16200252
17822705
15674879
20450999
21155637
19858243
17236322
20956769
16815573
18005126
20706295
18234365
18727765
20943343
16173913
18081166
18163140
20347347
17218872
17452605
15662189
19014793
20225779
17472505
16802653
17194987
20861599
19344605
17260712
18849364
20541065
16978417
16485590
19300289
21326961
16547388
15721497
17043003
16775914
17561212
17195318
17656407
19472119
19047490
19011419
17547266
20063424
20888647
17476854
20882732
17619435
21678259
20000251
17112015
16060300
19430246
17355582
19012146
15644655
15889803
20212029
16893875
18463898
21311711
20524383
18629507
17350559
17235456
19082202
16400218
16035413
19660328
20030658
18503797
21436708
19797948
17175415
21751755
21049567
17410926
17924926
20964157
17061471
19471140
21561517
17313908
21199464
19018906
15924897
16039735
18757347
16268752
20333953
16076792
18210735
16946157
20080469
15788078
19276768
16551817
18450247
18052516
16061312
17854726
18477722
16178171
19151889
16102151
17823782
21397288
16181155
19679701
18257885
17345760
19570647
18504244
17942499
15593323
15603602
15551847
16710428
18306916
19537535
16632069
18056324
19323712
19034727
19256208
16388791
17509938
20605007
15546147
15700601
17806014
16225271
15825667
18032162
17182449
19800537
18056599
20154558
18047451
19682847
21147003
19504806
19380301
15691240
18644746
16469205
17879373
21323089
20536517
19471072
19836188
16521254
21301962
20637343
21198293
21140321
19935333
17332215
21298940
18990025
15985647
16697096
16650657
15723743
21786715
16595344
17233912
18431292
20728998
16838809
20369642
18414331
21591375
19203803
16684426
20494330
19488838
21503489
20104400
21183152
18430276
18592618
16183574
21214907
19018899
17466213
21099065
17343148
16115252
16817671
16279964
17140716
18550777
17187330
19157185
20051400
16350354
20841673
21059150
18326458
16238502
19653555
16548474
20487470
19585177
19104316
16922988
16160551
19805769
20804887
16808724
17635307
17000474
18996713
20837850
18544377
17681395
16119518
18704267
16959747
18202984
21738250
17324184
18754521
18650236
16130843
17200636
17570984
20540168
16696601
16021411
15935426
18080334
18674984
19817618
17251535
17934943
20069767
15672028
16895823
19673014
20380037
16939994
18090265
18488801
21665161
16629565
15709311
20178573
19250522
17397690
15866396
16106155
18602044
15833465
18853659
19365222
21853698
17958697
19538555
20976837
19592866
18520663
15939493
20453701
20875537
17257396
17041607
18496220
20707670
16410111
20135903
21119152
19349430
15721968
18318967
15946172
18705944
17263051
17509694
19552182
15580854
17101620
17984641
19606792
19824281
19038738
20925292
15668312
16168035
17495711
18235050
21160294
16370922
19240203
18503016
18946242
17543654
17631674
21586247
19161645
20546383
18490685
18580868
21039226
16629846
15723731
17521873
18484379
18482146
16924786
19703382
16356212
15890308
20921889
19762416
17536655
15931440
19668280
15738923
19648705
17035080
15597247
17518819
16281977
18316940
17259659
20578075
18181295
18325139
20214255
19605422
16207662
21120703
19061679
21300228
20806208
21744722
19531034
21426214
19461068
16929420
20386309
16061762
18320392
16521642
21452535
19415424
19448484
18721358
21266559
17489954
21336136
17577173
16471091
20619599
16752582
20351324
18520258
16041553
18488439
16120895
17974301
16679331
15813807
19525359
18826731
18552116
16762121
17004173
19386366
15722399
19114583
18496368
16638778
20805071
20164712
15750525
17074822
16818841
17222832
18269541
17384553
18057032
19550234
18835724
17331095
17227921
15979815
21140554
17635088
18320629
16484910
18459596
19467736
16734091
20466108
20564070
21501815
17960388
20204421
16206396
15715120
15994471
15851437
20151346
17182504
19836194
17263879
16439775
18206737
16342912
19395700
15906888
17901093
16718297
19251831
16343083
16115114
18287181
19175286
15668077
15576514
15549004
16005415
16265798
19608199
20487059
16450665
19791665
16020073
17313915
21831023
17052558
19746539
15592990
17713866
16634321
15833469
18203243
20234207
18078156
15603245
16922980
16879379
20482748
19331007
18808693
17585519
16750079
20079645
15812748
21301983
15756921
18049388
20582500
20220273
19239728
18797217
17022891
17335528
21382202
19622467
18300683
16021067
16260687
18414329
17559612
21605323
18437939
20525649
19855038
18569898
15891381
17321854
19797339
17496444
15916260
19423472
19457969
16052943
16184680
16440861
15898906
16379113
17722223
16732004
16351536
18281352
17447684
16430333
21471081
19750836
17712643
18711895
20440781
20817453
18849366
19773145
16086615
20973810
18251572
17079533
17936550
17616456
21626323
20438281
16477958
19506537
18196853
17007249
19713631
16521003
15815961
18414123
19034423
21530706
16850684
17371557
16316437
21154091
21191196
17579302
15682992
21044137
15701763
19263952
16388948
15869232
17803022
17944612
20574741
18826783
17474128
21305423
18760146
18290580
15678026
20050427
21385531
18161452
17869966
19995095
20719008
15956139
21700150
21901876
21198280
20182963
18772659
16796424
20367805
20821958
18808644
17536983
20395948
16285420
19390250
16439929
20172559
17901270
19242133
18158492
17901823
20148864
16772628
18974707
21255498
21685791
16128974
16834874
21537070
19582469
21563396
15612401
20949798
17468728
20802323
16483098
19378630
16076793
16442479
17916366
18061394
20088397
18997566
19853819
20149163
16550074
15761452
21334768
15819838
18194523
17326019
19723730
21055846
18513280
16325139
18175207
18346551
16901699
19750436
21632000
16856695
18578185
21224944
21112243
15630127
16399880
17593642
19899196
18295382
20153359
15625642
20543383
19243243
17397374
16039465
16825920
21510151
17324625
15832885
15690592
15853789
16960535
20088288
16709465
18558392
18706865
15584654
18184218
17487254
19666880
16106772
16673256
20302059
18469615
21186152
17697951
15665661
16640135
18396225
18336265
21600367
20004038
17139036
19845551
19070205
17225762
18998475
19062302
18720108
16417412
18835682
21220896
18378512
15631568
17727551
16485800
17695580
17899990
18327061
15526628
15688837
19441657
17935651
19892678
16856420
19887653
20447839
21952064
18775625
15832071
15853778
15917002
19019866
16823009
18448710
16076897
16802677
20647791
21673199
17123927
18312751
21507049
16941820
17263612
20935115
18796050
19323361
18192635
19637528
20029341
18606055
17992064
16059538
18468879
17332210
21966720
15573451
19811559
20850836
17050292
17762386
20816107
21266150
17416275
21250556
16331371
17273030
16826442
17897420
19018888
19608320
17063134
17598894
15653942
19168841
20189061
17456463
19121263
18522604
16403595
15801998
21862750
16313374
19181138
17978946
20536755
18070254
19626254
18301115
16798255
17464813
19282149
17394636
16863041
17273563
18236767
17153260
18182636
20088220
16339697
17490762
19183094
15817804
20026893
18380998
19084891
15933310
18641496
18662256
20688876
20582852
19433704
18478489
19377017
20227674
18329827
20122027
16271117
20353929
17983361
18683041
20236431
15687899
20675827
16107491
21899216
16529288
16449741
17043775
17159562
20533145
20212288
16687378
20652466
21368550
17019446
19005123
19745632
16777478
20485287
16202778
19620221
16829723
20873061
16431185
17072569
21659317
21298906
21484068
17310342
20419745
16652063
19480799
20942615
16834768
16421464
20806585
21194262
17330993
16123466
20626879
15773964
21751760
16595533
20736674
17311238
18156966
18318970
19702489
16608474
19155811
20433130
20382369
17459139
17397708
18215263
16624316
20390485
18697337
21542775
16153206
16944220
20479545
17445099
15544665
19966703
19179322
19965260
20729511
18816313
19665939
15513801
15552808
19934696
20391795
20816339
17173280
19103329
19423987
15682016
21523983
20362492
21560953
19124861
17727744
21265407
17042818
20413052
17464573
17233386
16034853
19875660
18705786
20692452
20171827
16913305
17969290
16911752
15840070
16500073
17034396
17135851
20184114
19972656
19602683
18661887
18548410
17359565
19559290
19142780
17170595
17942502
17877562
16532478
20458987
17224699
16735012
16619895
17491567
17668293
18154492
18435303
16690393
17462038
17011088
15604154
15942397
16836542
19150261
16723787
21501727
19601440
21029281
16102625
20167591
16808129
18548141
21450173
19029313
15826425
15881716
15923414
18298996
20105287
19023955
21283006
15894793
15645768
20346033
17215638
21242528
19239527
20131587
18447935
15742746
17610315
17131302
17437826
17540320
17612808
20509888
18047461
17511330
18377579
15777874
18648892
15671191
18358996
17020395
19154306
17116010
16973415
21475342
17883663
18997599
20443412
18941918
19748641
21309388
20662272
19387930
15797155
17560755
20103000
17996548
16690762
15603685
18474881
19564281
20004297
19913179
17197784
16608722
18786014
18448753
16523990
17727543
20830821
19514390
17469426
18041335
19877094
