16714851
16132271
16754811
16738981
16733115
16733114
16723747
15798691
16784329
16784320
16775290
16772389
16770371
16769908
16769535
16763332
16733116
16835799
16807773
16798255
16892442
16890878
16883170
16859781
16858185
16857111
16850152
16842042
16958397
16950419
16950168
16944994
16935196
16933576
16933155
16931071
16928578
16916340
16910347
16910067
16902252
16897286
16650545
16645497
16645126
17056916
17056331
17055891
17053819
17038300
17038298
17033601
17033441
17033438
17032860
17031733
17031728
17016938
16999379
16999371
16996857
16996372
16996274
16990474
16974048
16635222
17145988
17145420
17128655
17126785
17124186
17106000
17105322
17103108
17098535
17094752
17089175
17076365
17058411
17240040
17239691
17230545
17225973
17224480
17222666
17216143
17206082
17205366
17202089
17190756
17190178
17185082
17154706
17154703
17151898
17139878
16084447
16053483
16035678
16020950
16003023
15966919
15931483
15927652
15909015
15881764
15849734
15841708
15827708
15826785
15818360
15817605
15815210
15788981
15784938
15771925
15761285
15759785
15753225
15744694
15738843
15729418
15714151
15713926
15687535
15677529
15672425
15671354
15619402
15615569
15614280
15590082
15577448
15573464
15568581
15562131
15556596
15544893
15541123
15538582
15522468
15514188
20151102
19337625
19281289
19021286
18979547
18953253
18949777
18926180
18922678
18922677
18845455
18840126
18810928
18795668
18766117
18756372
18724537
18724535
18706280
18670837
18662628
18641591
18587257
18442595
18430621
18377464
17491539
17488969
17479034
17474082
17473044
17468910
17466214
17466213
17464457
17463206
17448758
17440856
17440701
17439590
17437849
17434621
17410509
17402209
17396240
17395673
17394095
17393669
17390196
17383321
17377997
17377975
17373396
17356934
17355456
17354135
17352023
17350363
17338740
17337347
17324415
17323275
17321614
17317359
17303018
17301645
17296408
17291948
17291151
17291150
17290030
17289173
17287680
17285492
17277564
17277237
17275989
17268910
17268040
17268039
17261396
17258094
16627218
16617918
16610065
16598520
16596081
16565792
16513055
16508784
16502166
16490993
16489576
16479208
16442945
16440721
16440429
16434815
16427896
16398010
16392103
16362479
16342912
16327040
16323619
16315890
16315889
16278137
16237987
16223081
16206225
16169356
16111948
16100540
16097619
15801049
22121533
21744624
21638217
21628011
21627599
21624536
21049567
20801287
20572444
20380031
20380028
20333597
20333596
19763061
19694113
19679426
19678598
19619061
19542420
19542381
19515888
19495871
19481655
19467141
19462336
19410406
19396490
19344586
19335333
19282771
19281754
19231446
19220678
19156918
19156884
19135732
19089969
19085938
18086117
18082842
18082836
18070789
18070788
18068011
18066618
18060531
18057993
18046599
18044755
18042103
18042102
18036917
18023172
18019986
18003681
17992495
17992336
17992303
17992299
17988048
17984013
17983772
17969796
17967588
17963880
17963879
17880381
17960388
17958720
17957620
17941789
17941772
17941770
17938532
17932878
17927882
17925915
17923784
17914595
17909705
17906909
17905061
17904133
17900325
17719350
17892990
17888994
17888741
17881240
17867951
17848140
17827082
17826380
17826078
17784867
17767930
17766273
17760651
17723008
17720434
17712643
17710479
17704880
17704480
17703386
17697819
17693272
17682627
17544033
17668155
17664187
17664128
17664097
17662809
17659422
17653003
17643715
17643714
17643713
17643712
17643698
17638798
17632155
17623242
17622203
17621672
17620672
17616567
17614071
17614063
17611747
17610187
17609848
17605072
17605068
17604761
17600659
17597675
17595383
17585393
17581715
17574692
17559659
17557028
17556151
17546101
17544905
17544767
17540790
17533547
17532387
17525963
17520881
17519264
17518328
17516352
17516351
17516350
17515262
17515261
17514389
17509336
17508236
17508231
16752520
16440568
21720470
21658886
20977139
20976501
20931472
20922200
20869924
20864304
20736832
20729045
20706825
20676346
20659227
20643026
20639232
20620281
20617931
20615297
20598564
20598301
20581317
20579649
20566987
20546732
20537557
20525708
20523350
20517975
20482950
20467870
20458763
20448416
20445522
20440646
20425474
20394869
20381802
20304402
20236299
20223626
20191059
20172440
20151854
20145601
20140833
20134388
19152912
19142055
19135833
19135829
19118466
19118431
19103342
19099037
19090625
19054272
19054264
19046650
19038738
19038422
19028226
19024124
19022029
19011182
19001643
18988409
18980442
18956224
18942132
18942124
18845454
18819066
18797859
18774362
18758315
18752359
18719507
18710620
18708220
18698548
18679709
18665111
18657806
18648893
18646654
18633875
18633036
18620111
18608125
18595139
18594905
18588415
18585508
18577858
18565414
18565411
18561924
18552221
18550089
18549843
18539278
18518868
18516532
18515607
18510071
18510024
18507129
18507117
18504103
18503907
18502085
18498954
18498830
18498829
18498803
18486578
18486419
18466816
18461517
18452639
18446782
18443807
18443004
18442552
18440181
18412269
18412083
18412081
18412074
18412066
18412064
18400634
18388554
18385992
18381130
18379839
18378472
18377754
18375302
18332794
18327396
18325139
18316824
18316823
18296844
18294511
18294506
18294032
18291394
18287142
18277888
18266885
18260886
18260038
18259816
18242941
18241761
18240938
18237689
18227123
18223094
18222219
18221541
18219159
18204844
18192464
18190953
18180989
18154987
18154846
18096830
16273486
21899185
21878078
21795301
21601476
21598359
21587148
21571544
21545070
21540011
21533934
21524471
21523263
21518675
21510307
21493212
21480104
21470607
21470604
21457825
21457084
21449130
21442324
21424764
21384659
21346562
21271479
21184987
21168872
21149399
21127865
21109915
21106392
21098180
21095321
21093199
21092964
21076722
21072899
21059610
21035708
21034893
21034892
21034891
20620010
20602139
20602138
20596900
20586003
20579991
20579823
20579583
20578188
20557174
20546733
20545980
20537639
20531081
20531080
20495103
20459356
20447199
20442671
20432203
20422432
20420978
20420267
20404691
20403479
20394868
20383903
20351387
20309895
20235209
20224531
20224530
20206803
20205505
20187344
20170870
20152319
20151060
20144021
20129543
20123331
20119894
20110107
20099431
20088016
20082633
20074981
20071708
20071702
20069308
20060973
20036506
20033690
20031694
20029413
20026899
20026893
20026830
20016435
20016421
20005369
20003970
20003967
20003966
19999602
19968614
19962500
19959482
19953519
19953518
19950034
19945755
19945101
19944984
19944324
19942702
19937780
19935608
19927963
19926243
19917784
19916012
19907682
19901891
19898790
19896664
19890939
19881464
19879167
19860895
19859771
19851253
19837426
19834400
19823781
19823780
19816633
19795499
19782843
19777938
19770295
19764086
19753635
19748765
19740294
19736885
19726813
19707192
19700091
19699977
19693667
19688681
19688367
19685001
19660328
19660205
19657308
19644643
19642190
19642179
19640521
19635046
19635042
19597776
19595319
19595226
19568225
19565296
19317586
19559832
19559223
19551432
19463615
19463360
19452208
19428093
19420363
19386565
19378673
19375675
19371558
19367243
19360865
19345591
19327421
19307080
19301962
19281288
19276992
19268763
19240060
19218376
19211279
19204307
19201215
19199924
19196391
19191854
19186604
19184216
19174319
19173154
22097228
22072167
22021547
22021522
22006874
21911814
21983463
21982183
21858789
21853069
21824938
21815451
21811160
21804485
21747315
21743269
21723064
21718834
21703670
21684468
21684463
21684461
21672360
21667055
21655974
21655973
21631984
21628721
21628024
21626343
21559998
21533867
21531527
21521566
21514839
21505346
21493699
21463759
21441795
21436338
21429528
21429037
21422383
21398155
21397440
21388240
21384642
21368658
21366507
21360423
21351399
21334162
21330248
21314357
21299614
21298382
21297198
21295300
21293882
21288511
21272871
21271788
21256470
21246414
21234856
21222156
21216558
21205599
21172587
21148654
21170659
21155877
21150420
21139182
21129907
21128325
21114531
21107655
21097898
21095320
21082874
21082710
21068488
21059417
21053264
20976484
20970788
20951988
20941464
20937199
20889292
20871446
20870224
20868793
20862629
20860015
20855660
20853358
20849796
20831830
20824760
20824070
20800780
20728326
20659220
20656288
20653354
20652645
20642621
20632191
20632189
20618191
20403490
20174944
19765947
19669831
19482279
19473211
19473204
19436289
19377384
19302213
19242009
19084735
19073409
18787902
18657385
18363064
17893491
17414180
17263995
17055692
16953162
16795965
16765218
16760859
16709452
16703436
16696222
16680206
16678689
16678683
16650544
16650542
16650239
16635221
16633769
16612296
16596488
16581699
16572099
16565793
16550373
16528928
16521642
16521189
16520152
16517778
16516694
16498926
16485621
16476626
16476603
16450794
16445322
16439168
16434415
16427833
16393233
16385833
16381366
16376191
16364666
16345036
16294146
16292095
16261429
16253066
16253054
16249733
16227309
16220450
16219214
16214450
16209957
16208111
16204742
16128779
16111947
16111067
16105921
16102625
16094062
16086941
16084442
16060183
16044934
16039180
16027335
15990739
15984402
15976799
15966089
15951406
15940920
15940068
15937290
15933681
15922195
15920650
15915749
15913937
15886931
15878536
15859963
15851050
15848620
15808752
15797227
15789379
15785178
15784348
15776308
15771038
15770344
15719848
15683271
15683266
15682731
15681907
15680834
15663675
15637767
15619278
15607391
15605026
15605006
15604850
15599573
15590803
15581955
15557918
15557896
15543481
15533473
15513343
15511503
16377823
19426929
16266960
17486722
17446195
19843406
15910431
21478693
18261501
16741862
16821481
19893369
16116783
20027012
15593059
20009903
17088221
19226881
16862022
15889886
19474578
21823527
16440978
19774970
17985517
20502176
21575842
19038746
19719536
17354473
21649674
18409256
17679224
20979771
18183643
20963676
17679241
17998715
18772837
21387689
21164393
19814850
20665117
18216465
16515373
20306274
17112374
17326377
18483456
19537347
18245419
20523217
19626739
19568684
16320550
15644694
19117976
18619717
21283004
19753441
15946608
21516595
17233665
20085431
17433183
21194881
19438425
18850764
17165327
18458291
19723862
19822227
21469489
17602321
15927512
17518141
18066411
21156657
21524661
20220598
17666979
17696047
19263635
15745401
21308217
18062441
16294629
17187330
19006595
20508241
15973518
20722797
18717278
21700562
18834545
16890438
21099083
19276318
17689372
17069235
18775381
18449833
15718575
15555754
20586908
20704678
21044137
18082416
16839431
19012146
21946873
19105558
19838654
16052199
19127907
19845942
17338952
16006830
16989907
20924893
17627838
17287244
16724286
21262611
20724873
16369277
17436479
18399387
17111052
16344014
21958923
18372817
20831668
19695776
19856860
21134842
16111443
16686100
18719760
19492512
19111270
16968511
16717514
20108789
21511786
19248326
18353601
16010188
21783044
21605435
18583447
19824241
18562985
20144193
16198192
18486415
19088667
18506954
16873848
20171663
20184108
20405398
19223909
19830402
17295004
17042703
15761344
19118293
20833937
21542775
18281352
19701695
17950879
19526684
18772306
16732581
16078968
21187745
21642520
21284715
17062520
17149083
20876553
16321918
21052026
16566565
17125958
19296179
20551886
19282246
16980636
19073955
17203511
21388982
20487490
22073695
21619740
20673280
18380940
18684529
19156389
21513000
18007003
17420109
16035562
17542318
18602875
17938399
19255100
18514819
18536825
19889474
19648848
16868335
18206144
18038830
18086453
20520261
17891632
15567653
16505655
20494279
17416182
20144523
18467311
17221041
17353916
18560708
20427938
18950369
19810627
19060433
15995378
15871536
19931150
20508952
19639691
16455417
19684493
17505026
19736832
19945320
15553800
19632550
16633764
18036895
19548416
16898099
16621881
19580440
16198838
21457625
16602548
17510453
16261709
20739837
17583379
20091763
20558122
20664379
17356352
21108856
19895441
18463016
21366669
17053467
20972581
21209146
19602646
15688924
18095807
17163394
18757590
16137241
17610440
17343245
20442338
20669805
20882733
17386230
19150261
18719499
19538607
18019114
16144787
16640630
17556918
21086668
20920654
16352973
17004998
17123951
18176217
17499670
17321944
17158048
15603246
15949254
16441388
17492326
16538290
15726873
20023561
15971875
19935109
21072017
20462742
15619488
16795980
16894924
17685913
15992202
16529288
20925291
18558894
16900723
19171727
17977491
16160925
16426516
21278670
18207643
19264937
19402810
17083317
18569887
19075081
19701761
19763604
20703606
17301509
17944163
18591365
16263619
20081697
17363884
20650026
17402954
20523219
16076894
16388532
21523998
21357804
21548407
16924643
17158184
21316540
18856173
18498922
18624704
19388856
21139520
18795509
15533098
18431260
19356561
18039617
15748123
16675772
18772182
18021781
16481897
17617186
19892509
21402971
16846695
17519031
15737222
19420035
19159977
18678148
15680611
19900646
21087463
20136648
18057499
19380360
15929107
15799485
15767217
19892332
18076814
21067255
18463898
18513354
18241563
17411580
18580201
19956159
15798137
20822692
17689366
18686836
20155664
19602539
19124631
20024747
15795335
15632403
16783582
20172452
21066953
16764400
18424872
16736818
21095560
16362252
19386058
19253265
17329725
18468856
17767458
19935520
17002083
20638813
16762063
17102396
20964485
18791551
16544011
21295637
18507850
21650136
18684127
20462102
22005604
15998511
17290052
16550675
18069003
20536614
20510843
15810749
19528101
20824450
19195441
21045570
18489892
16564218
20386059
19281671
20180056
17531434
17470037
15794530
16859866
19706349
16175716
16868240
16046892
19543572
18447890
19214681
18381184
21144199
17183890
19785107
20084785
19924580
17311361
15696568
19557400
16636361
17597523
16335724
19626959
18193726
20066814
19220165
19620146
16294937
18304896
16137814
20094000
21741791
19608199
15623120
17193942
21141161
17445834
17955886
17063134
21672061
19963149
17306911
17178766
18655730
19890896
19151859
17427669
17261689
16021411
20302437
17266420
19752084
18763650
17102272
19492647
17907644
21717947
17006108
20170596
19785291
19953730
18567347
16613127
16020009
19388898
17168255
16038528
21125755
21162153
18957190
20860580
16585091
19397100
17380340
17474614
18069066
17314741
19700973
17439757
18269539
20307361
16870278
21378063
21670616
20690994
17098368
17263926
16438809
19146658
20440205
19465748
19525743
18195311
19877105
15539731
16897696
17518884
18610901
17684107
16567752
17474235
17620393
20837293
21654374
19341041
17577186
19435112
19689222
17563049
19013404
15587531
20876087
16670259
16416235
20151212
18446931
16096454
20511104
19995156
20715648
18410785
19582459
17915083
19587619
18487708
19445645
16262095
17365159
19492613
20187548
21853848
19375271
21721874
20137052
20873066
21087239
18628532
20354419
15631929
20427298
16506233
16913240
16499462
19356201
21322501
20708975
20004798
20522658
19234423
19152945
16553927
19268287
21208829
18638714
16468082
19203378
16800324
19962280
16281701
15597832
21606155
15967625
19715404
16264002
17976128
17911575
16989417
17571783
15991592
16953857
17823815
20387297
18787441
16921337
16055803
15564361
17704676
17022849
15700480
16053594
21368545
15543242
19436231
20406549
18332402
16802425
16316685
15968228
18369593
21406572
20306615
17306729
15703343
21066933
21617510
15755538
15947922
16304497
22108268
19008615
20451295
15963299
21703010
16257618
21803273
18307851
19233586
19096735
15860051
18340076
18936266
17715731
20196186
17291340
17063103
17948953
18082068
20950195
19197588
21068614
18461254
17573296
16630217
16315815
17692249
17462983
20160554
21242453
17591411
17197293
20655643
19925463
18067659
18215751
18474978
15575190
19445010
15613564
19962124
21957820
16542838
20525962
16594432
17131277
19698140
18418104
18251445
17260575
21449510
21325098
21496754
21500003
16378817
16076514
20357705
17401771
18376493
20735246
21879655
16364937
16148249
17228508
19575791
19945634
20686987
17042709
16955431
21172997
18685390
17278339
18306356
19582465
17213049
16969724
20590512
19387125
15546817
17472791
20434100
16759065
18422262
21884846
21842250
20516814
16989129
17182195
16547786
20070598
19859862
18027524
16008037
16696879
18632842
16154072
21114911
21330804
19363010
17382032
21511883
20023470
19418982
16053592
19929646
17698460
17040635
18926150
18650705
17898929
19517669
15881905
17386151
15597287
17361789
18197941
20642845
18073254
20942319
17564297
20576073
17955625
15583504
18022025
16449865
18614447
16114151
20092512
19260571
21435000
17335519
21486116
15544016
21898454
18300059
15915059
20713655
21751760
16641081
17628839
17559021
18520653
18390020
18569897
17889734
18158387
20162794
15920711
20038541
16261384
17539695
19019677
18562224
18018957
18410819
16360557
21824313
16956155
18648202
15720502
17922369
19714367
19904854
18843063
20597404
15833411
17577002
17572055
16449089
19771517
16150875
20964266
19087052
15528578
16046042
21789290
19450099
15789360
19366791
16842059
15612142
21151417
17507734
19879473
15787075
20557668
17244671
19217600
17591566
17095424
18322412
17888917
21910375
17024916
21596879
20878862
17851088
19458595
19159909
19750318
18493711
20860319
17365346
15681311
17121508
20465974
18000269
20560967
20682953
16036007
21456497
19849752
19070934
21466575
17872834
16911051
21972313
20825891
17339306
20463337
18302874
17197277
21242245
20423380
20012702
17133892
16257441
16109119
20646238
16202076
17163003
21271189
19653047
19529926
18505152
21191819
19665619
20565969
21304383
20397542
19357243
20628189
20626830
16340690
20854355
20308943
20551740
20144942
16501135
18299942
16305854
20193832
16808695
18512375
20570484
21540688
18477487
21692258
16752540
17036884
17626256
18678961
18844193
19727041
19784692
19345609
17438985
17136375
16175784
15746779
21710086
18223263
18617708
17567835
17335639
17873563
17618077
21248207
17489960
15518247
15835012
17876174
17944604
20925192
17515785
21530731
19537640
20091475
16244850
16594405
20738451
20602140
18301410
18488864
18178923
17874873
19795365
18658198
15798670
20078007
17656499
21127091
20506669
18179363
15651055
16613410
21123235
15644699
16425106
16602515
19388372
18095797
21483008
16614455
15684211
21843848
19247096
20848376
19681006
17098159
20888544
19358991
17495550
18320906
15808129
18830764
16758527
21382948
21469038
20950201
20452623
20100361
20872773
19018550
19646790
16284050
19776537
19383958
18837896
18041317
15853087
21323006
17036421
19925271
16289739
16200520
21343566
20152221
19431054
21693002
17346386
22168641
17263096
16607248
16505421
21207823
16101858
20494330
20185980
15847683
17112987
18438917
19449613
17688785
18289142
16121494
19634496
19448133
18809064
20006414
17103042
17768801
21309382
16053402
16048666
21473513
19816040
17474128
16364553
20935009
19117499
18072401
18710057
16826949
21043556
17880978
20495488
16076796
16173860
15862981
20159210
16225271
21604821
17477481
21995229
17580014
20439095
15707097
20224313
18804235
18831440
18936382
17100219
19719811
21300192
15601407
15894793
21653910
17536651
16534084
19455932
17327750
21268489
21095426
19772228
16950516
19715494
19552620
17394176
21444830
21868479
17035446
17035433
17362790
21599883
16056113
16082914
20137838
20044335
19004365
17124615
17130980
18254433
18085971
21447047
21295064
21834433
21554289
17766662
17877565
19416036
21130516
17404131
19793947
16899987
20424500
18487766
18472622
17851308
16831514
16640952
16439351
19793719
20511244
20551742
20837253
16390640
19752038
17324304
18157353
15759071
16490155
19963245
21164394
20654986
21464264
16698475
18282346
16821050
16195096
21438677
16498199
20547645
17378836
21076089
20046112
19381427
20875180
18498574
15741497
19530124
19114689
18789018
15513801
18578198
21473342
17991928
17924286
18197542
17985983
17240221
19127422
19272291
16869179
16372757
17934386
16870387
17588851
17929401
19739424
20436027
21771070
15542415
15957698
16035412
21616582
17067375
16235575
21462659
17886424
18830226
21178540
18043950
20209830
21555086
17530136
20073146
18466848
17152455
20114124
20524504
18624019
15660137
20364558
20846085
19164613
20503678
21393392
21957801
19125754
20594365
17989984
17067869
21487344
20505606
18974510
19091932
17403912
16901534
19767781
18563023
17153131
19560303
17316933
17438472
21853701
20177046
20336984
17331800
19020178
20131443
20392354
19403072
20019515
16121873
15696899
21548943
19054958
16025652
19325488
18059463
20630926
15756880
15699314
16489956
21670456
17352695
18577133
16829361
19620142
16342350
20211953
18942628
17923890
15578379
17918266
19244631
19361251
20515432
17122715
17489320
18670198
17621971
19254403
21488764
15674950
16922753
17727585
18496250
18072408
19960809
18842993
16035724
15999855
17726718
17238944
15793320
19592989
17697913
18268140
21469488
21988682
16509963
18312731
17452019
15931015
16119640
18462237
16679437
18035233
16897018
20650007
16938355
18254676
18684103
17012495
17397375
19497889
16325407
19384194
21346587
15735561
20123428
21899216
19327950
17846560
16522346
15718326
16990883
16333538
19041211
20514712
17082871
20178188
18346001
17636712
19116753
17411559
21348930
16895034
17182504
21271750
20525554
15598066
20456340
21282691
17128542
21469291
17333312
16847759
16504619
19384738
17897420
21296784
19506434
21144472
16260357
19526887
21665046
21524006
19782927
15904537
19057953
20545873
17430825
18293224
21778910
18459898
16834773
15779648
18415919
16752988
20043565
16566617
20119630
15575035
19142799
20074907
16082604
20162921
19399010
19371935
16876802
18081185
21241494
17175829
20816104
19780018
16252635
21178537
18328280
17676967
21610620
19723279
19114844
16754838
21837876
17074942
19146519
18852569
20133291
16244821
20443411
16529341
21218700
20514949
16093987
19431006
19605604
16423441
17983334
19323699
19053915
18634745
17420784
20405326
19504767
17931143
19161748
18021136
21321414
17063090
15614663
17874086
21765035
20159191
21503439
18488426
20367292
19176862
18779663
20458642
15561022
21682968
20393104
21292720
18451385
17509383
17394620
21278551
19068687
15933466
21155103
17938935
21329271
17077796
19487180
15722850
16376146
20834202
20007654
16372599
18229653
15581255
20064197
18182800
16135165
17169127
19576661
19560749
20940212
17646502
16024857
15819975
16941919
20220643
19241788
19995289
19714765
17916873
16472040
18820561
20846245
20937544
20729511
20863357
21291329
18490078
18601640
18362066
19125936
21323047
21736075
21116142
20852566
15751625
21843118
19291551
20546166
15730045
20700774
19287269
17149529
20824563
20376695
19180372
18038186
19589766
21471897
21357911
18437182
16168789
21564464
16032428
19761173
21631367
21457596
18989880
19333659
18534951
19293414
18327028
17936148
19248426
19647956
18091594
18287894
17464112
20499711
18312194
16818563
20144028
20657305
19467147
19895408
17210426
19492151
16739755
19194144
19745209
19193915
16041234
20329671
17119491
20875204
21351267
17496831
18418528
18308499
19648847
15678965
18395025
16459140
18030104
16121868
17601844
19353556
18414335
19271090
19581787
18942134
21639659
16920527
21610645
17086940
19142581
17018192
18398082
20610133
18684008
17908530
16884568
18063550
15627921
17249154
19936424
19879730
20860248
18923249
17680156
21189516
18325645
15912816
18473314
16430757
18575788
17591514
20924007
20098139
20951399
20875178
20592542
18506543
17047201
20443291
16496203
20929412
15582644
17915147
19270632
21365982
16472708
17018460
20144029
19493137
18446181
18300270
17964856
16925546
19911108
21585696
15791782
21539746
17989126
18700089
17694233
19397163
16448970
19043338
21057232
15729108
15920707
17207005
17897265
16537281
20346702
20015747
19133370
19413077
21069116
19832893
17075366
19707050
19284808
19850549
21158890
21946881
15639043
17803837
15984303
17015865
17630451
15834342
21288207
19232916
20550019
17459139
18727748
15931043
19150682
16268854
21122779
15604154
19048409
16049062
15921840
15877479
21071528
17135800
21693747
20663592
19797948
20854051
18090265
16906628
17067753
18277222
21592416
18468922
15800768
21972756
19357603
15588030
18226763
19820478
16267966
17041607
16174818
21527153
19281545
17823912
18767475
16517418
20607432
20406498
18157581
15931412
19448466
20509888
20103023
21526684
19355999
20102928
18384011
20086261
15857724
16219112
21592027
18347762
21526689
19865028
18453356
18629359
19369681
17077254
17523031
18511768
19222449
15956267
19900742
17125956
18266663
19234002
18988403
19136356
18437934
16132885
16817494
17766072
20377024
19541256
17036089
20104631
19700966
19018908
19406044
17604553
16920531
20078439
19385424
19426945
20005860
20137747
17141112
21345380
15616943
19386879
21744732
16581636
16997634
19103329
21736236
18710895
21507106
19940819
18553040
18693194
20010984
15722963
18724601
16425730
16671311
17152029
19591026
20304547
20147423
20442352
20598987
21301280
15929362
15565974
19667032
17235573
17699226
19621558
18405345
15970375
20838112
20337801
18372678
17324690
19176194
17546307
21527006
16403763
18974707
20049258
21702205
16553751
19405342
19843492
16477857
19865016
17682443
20812495
18179503
17911667
17664502
16121596
15847965
15721968
18632671
15690832
16484694
19556552
19826952
19244561
19489086
21555700
21702238
19791519
16855079
15672291
19915903
19571728
20112144
19124808
17565796
17912822
17465252
21147679
19839548
15946831
17524737
17907722
15562048
20935011
20431439
19711048
17036885
19846585
20677692
16901874
16884841
19018916
17145490
18621942
19744031
17879354
15609056
20387500
17533927
20047130
17955929
19773732
20031825
15884310
16434231
20003275
15720485
18294035
16424711
21649621
20603048
18777145
19110853
16352514
18036478
19205064
20670129
18774454
19950735
20113935
19430416
16359735
20337804
19770808
18668178
16471166
18992701
21093679
21504259
21045223
16482375
18558278
19700041
20535896
20584626
19551275
19191251
17904500
20884700
17120919
15586154
18612720
19255336
18257828
20850843
16764224
15624641
18360141
19006625
20413409
19617278
17901599
16229314
21729918
16872121
17761230
19584803
20722310
17151565
16202686
15935421
16296911
17328146
21302649
19527449
20520126
19924581
20373169
18547384
19306565
21125031
21553575
18512304
18342588
19017866
17059486
20688258
18812555
19928362
20037974
19507369
17874488
20485943
21879680
17936430
17390927
21099699
21903694
16162413
17611983
15855813
17526329
18057033
17922326
16583872
16281205
20190663
20299692
20377800
19254276
16305188
15577710
17446732
20040555
20539173
18806318
18227463
18976237
17695561
16330905
21768807
16983267
19589822
21252650
17703689
16217219
20849291
18178132
18664907
21654227
21062722
15724831
19278098
19883327
21148160
16609323
21273025
17273114
17341747
17700902
17011154
18580386
20439199
18681105
18801867
17434737
19124857
17505201
16956742
16332466
18295924
16163418
21313940
21322860
21404781
17641318
20722798
17601174
21406428
21931027
17926605
21777869
19085667
19061173
17345558
18557069
21165374
16529181
19464097
20067684
18657673
18727597
16922987
20662282
16730784
17339823
18469615
19647970
20237217
20819304
18689712
17495726
17142586
16926687
18703306
18715654
17179376
16607262
16915611
17315602
21751718
16290917
15781805
18923133
15992984
17975729
17157094
18515743
18026777
19781265
17587085
18690574
21789953
17289465
20560853
20230620
16010225
17556401
19572102
19472805
21668320
18622302
16824168
19395700
19433835
20520262
20595693
19528102
18419892
15970752
20332687
19567494
18646587
16790946
16200695
19375786
19572761
19375521
21311827
15515306
20592706
20511356
15630127
16489518
16774291
17684110
18460906
20503161
19225027
16117747
19757018
19812242
19194167
15956007
16911267
16108777
16708453
19907012
17559971
20961281
21742562
20010012
18619799
16625524
17402945
17762436
16686964
20498416
20490794
18329460
18802985
20970839
22058392
16902289
20357650
17073195
20587755
21053718
16390532
19541057
16555754
18216081
19960385
21692439
20848833
19656110
20234993
21659483
16168306
21477440
19763700
20980380
16907786
21787981
19124095
20354057
19876757
20656107
21629016
16769784
20431450
15517302
20800334
17373239
22069920
20334875
16277742
19671646
19670002
15904750
19131757
16274558
20609044
20307195
16168341
17357794
15571881
19772239
22066284
16642249
16605284
17171497
17722744
21236411
21102295
19781816
21592383
15640630
19886974
17942958
16730602
21251274
16517497
16553690
19773562
16816766
18372074
17932359
19694620
19008269
19199154
20414613
15758594
17853369
20932433
15718184
20210665
15686807
20190556
16609818
15985092
18397144
21488562
16850684
17949402
17146138
17108717
16143738
16844126
19664848
18097726
20151345
17527028
17314552
18379671
16949825
20173588
19016254
19838840
17313912
18578463
18715396
18240924
17201103
17901189
19621493
16372470
15612234
18240982
19120718
17850938
19061026
16355916
15612398
18580429
19946872
19961261
15679494
16012448
19050330
17542794
19901182
17381377
19962622
21121764
17028632
19473110
21537192
21436708
21055494
18800284
15912808
20738742
17911883
16247807
15791784
18676528
18708837
15617358
19423963
21117327
21557104
20858885
15890048
17291199
19255979
19084892
17218707
19692804
22111268
17872907
19539455
19817274
15815962
20581652
17827839
17701828
20336354
19285265
15662054
21406315
19430414
16131769
18682963
15984399
18848402
18434156
17430371
18426466
20524498
18649588
15580093
20621900
20807992
21560456
16180112
16514777
20390663
20000016
20119895
19200763
17239061
20934952
19170299
18759756
19753889
16302440
20237210
18186994
15604644
20837738
20201667
19202117
16813267
19015826
19065431
21806560
15766349
16192178
16240974
18785347
20426656
15871873
21508175
16505757
15871404
20876170
19008145
15534306
16476091
15869553
19347728
19459399
21198233
16609897
17173716
17727185
18260370
18923129
19590818
19812100
15930237
21135301
19438889
20445451
19436778
21091087
15871827
19380509
20876045
17985969
16334819
21991872
19472551
15853163
18519095
17601833
20639791
19596287
21936339
20672683
17320337
17874862
16684985
16822995
18385570
16169582
17620912
17591344
20088062
15971943
21157187
18725035
18983412
20506787
19687180
19327289
21776834
16759755
17686604
16422435
19951223
18407728
18577148
18997599
18702619
18675635
15759535
21029998
21149288
18608156
21523985
18450676
20925290
18955599
17561162
17537612
18345369
19703060
20297951
21059573
17727387
16838809
21425249
19208329
15710795
21375430
21700066
19222740
16167658
19271039
21555477
20836340
17989566
21040107
19536963
20423587
17985948
19625582
20420347
20435665
19489191
18459277
17894953
21429622
17060286
19777681
15530163
16484895
20393971
17416698
19036675
18515439
17102321
20200655
19671170
17363802
18693140
16635939
18078260
16582855
17123927
18376679
17522534
17410403
18210983
19536006
19458562
17120921
21365160
16776611
19932933
21631923
20575199
20549118
19004171
21675699
20738432
17118054
18312641
15918790
18841519
21601772
19219920
17205835
16485087
19372503
18304125
18222586
16304319
21641763
19010732
21879646
17669849
20405969
15609257
16454772
18951385
21558134
17886262
19996463
18079626
19810308
17372789
22128562
19933935
16168031
16786423
16455463
20378626
21143564
19126255
16532220
17695560
21569613
20198726
21097770
16451340
16398302
17326557
17063631
16708137
18822756
16026187
20179660
15907669
16862029
19459753
18414965
16285321
17577177
18638011
15904527
18775401
19821366
20853581
19454203
18274901
16698510
19135592
21641503
16825667
19072193
20137849
20148365
19265731
18309585
19476234
17854734
15688545
20236501
16199455
16126738
16019976
16331364
21568720
18202732
16536725
16418992
17969663
18248395
20718390
16895823
19702025
17514396
20491193
21972755
17373097
20375351
16256046
21135610
17133010
18387226
17998355
16216378
19092590
21309317
21659317
15687140
17662689
17944314
17078237
16263992
16515692
16804697
17564063
21272220
16858457
20963671
17070487
19092029
20421570
18377569
17303388
19775327
20532131
19594340
16968433
16962406
22002644
15999859
17562720
17469367
21118564
17427878
17785736
19592436
19446927
15914746
20005618
21570528
17890996
17924888
17298243
17334159
15921987
21373820
17604557
20525109
18812797
18441971
21341639
20833820
19653153
17596949
15533081
15631293
17343021
16900284
20496315
20155327
17623260
17432333
20064890
19248650
17175722
19847723
21124264
20200818
19420413
19537399
19211100
17803409
18701764
17424969
15528284
18855055
18335670
16403214
20494965
18924544
21282796
16394682
19174962
18539544
21972662
17760310
21447221
16050628
16622583
17176984
17364243
17611658
17086162
15853873
19152405
16821462
15915070
19304785
17368975
17522788
19691850
20298668
19251192
15661258
21743091
15622910
20842912
16080128
21243007
16408461
18350143
17909428
18998904
18457803
18492551
16373137
16343906
17332813
18711418
21879650
18649721
15774063
16001753
15693990
19794306
18392370
21507187
19896893
16108943
19219358
19035033
20973045
20388313
18252911
20170460
17666293
19343866
15552378
17883657
18837721
19930832
15715365
19252890
20486500
18339336
18762529
18931273
21210611
16650198
16138454
19581338
20398146
16874910
17594301
18728297
20006458
15582346
16039809
19694152
21943076
20678886
17147856
19929235
19194118
16128424
20214483
18366380
21474280
19015294
20477855
21778801
15983239
19073377
17530134
19450074
17624015
19948387
21186465
17966836
21877509
19158646
19343870
15912080
18507893
15938098
21158255
16534404
17083557
20495596
20095297
16740822
17539985
20836633
21480005
21239783
16870055
17083319
20063198
16489959
20939229
18227830
21532075
19583668
20379919
19006792
19948370
18558907
16352933
21572298
15779247
15584489
19013884
18190683
21058163
16111603
15658736
18929340
20113917
21149751
19524911
19090872
16189947
20405768
20522291
17872786
16076897
20090660
18222953
18329000
19151850
16825072
19837527
17390981
18091633
21488749
16912623
17603271
15990428
20382446
16186450
19485424
20052874
19058149
21338747
17987827
18557284
16916835
16477286
16780008
21694507
16083490
20653582
15822628
20581323
15662189
18158495
21036544
16527476
22053499
15772919
21966769
17190120
19642764
19593488
17555611
18678960
15805455
16122361
18622567
16613801
18336265
21991894
19014143
18484255
19647969
19028922
16882179
18593491
17575749
16788387
21704110
17606818
15895176
20510287
18322760
18667869
16524940
21636927
16304796
15536025
16877182
15834258
19901746
19888959
19700969
17002249
20615678
19366017
20679511
21730912
19670653
19563502
16752582
20824553
20036397
19134487
19112075
18295102
20845197
18036092
21093840
19921996
17901175
15849218
17996089
20074300
17468625
21184957
17391425
20568584
15858686
16092303
17375240
17353575
17250941
20887402
21524930
20027507
21265407
20236860
21486437
16136829
20069472
17620528
16386404
19248439
17219528
20089488
19114583
16107452
16594944
17962126
19327963
19402357
19705315
17985056
16999652
20803408
16933637
19626443
20667699
18182306
20354923
16622657
20441064
20332284
19160882
19397800
19816828
19457009
16916114
19483114
19923007
20169210
15800337
16191139
17147069
19464561
19351578
20659214
18849894
17912536
19694884
18992671
21527768
18050748
17211209
19480793
21334942
18208739
18314860
21845553
16817076
15660988
17375753
19039740
18192260
19672190
20113757
21243878
18359418
19204419
17486951
20370644
21818983
21139133
16961000
19952545
19247542
16433735
15798043
18545764
18483818
19777385
15951312
18725002
19353975
20708255
17126971
15913679
16723163
15669434
17489928
16436911
19661081
19830850
20527450
18039248
19450207
17218868
20024702
19634381
19753425
18334246
15566599
19335095
19461220
17645955
15720533
16612299
21462058
16955453
16455020
20572537
17317576
16045118
19106490
21337054
16313207
20303575
18394450
20922514
16973462
17578394
16941820
19416419
17301199
15511325
18317802
17336819
20619919
20838329
17522003
16923932
16413555
16863695
18787491
17147713
19544075
18388682
16884462
21684600
18842127
16498900
20709240
19052707
17942501
20868254
18754521
19190869
20389315
16871057
20853586
15699853
19781420
18353908
15552888
15720499
19157279
17641075
18306916
17766759
20705412
18394515
18588400
19562656
20345521
19060803
20875171
16046569
18556665
16728302
18519926
16207280
16953850
20536626
21489268
20871511
18443803
17004019
19012066
15710122
21242157
20049682
19585071
21783012
19485866
18197015
17514730
19507620
17760237
16908229
15973272
15887941
18307598
21416871
18258936
19361775
17480142
15579349
20858247
21446264
16372238
17421094
21610622
18280963
20520263
18577531
16893361
18390051
19304727
17518160
15816201
18815527
18197863
18488866
18380826
16411347
17853168
16739214
17102299
16544676
16039735
19845551
16673625
16294947
20056005
17569375
17131641
19064226
20172559
17548702
17444070
17286678
17929740
16582973
19154905
20506883
17322163
21178355
16977926
17625659
18306512
17136920
21449185
21317959
18184255
17105639
17630270
18690905
21600368
21946877
17238454
18806027
17351490
19945081
17766740
19359313
19227014
20068465
20490455
16721159
17236993
21366160
17265666
20601549
20001195
15912087
18814555
18767515
16761790
19006586
18701322
20479043
19522312
17087708
21188869
19938331
18039253
20362756
21555673
20825807
21416901
17616329
21548790
21035766
19969162
22049811
17236856
17095336
16248900
20841673
17443539
17591169
21534878
19629415
15804642
19502224
17516887
19893845
16423111
20535907
15867778
19242320
18309865
18426452
21458353
19462470
19491750
17060263
19283868
19725216
17081919
21922724
19813345
20106468
21592337
17873662
16125898
16573310
19412936
17187348
15949176
17076180
16619895
21209353
16491935
16044988
19223810
20807119
16141741
16434755
16055340
20044315
21266889
16542812
20865872
15586093
15879562
19322048
19455025
15741477
18788364
19255305
21441571
21378648
18386100
17850563
20298540
21725777
16915724
18429539
19930219
17955685
19377618
18501836
20828333
15631214
20962697
18049299
17720289
18298835
17624678
17032598
18322264
18774131
21569337
15881732
19185429
15687761
16526061
21557530
21383111
17825136
16254388
19957453
18374595
20869545
19017897
20550597
20446110
20661038
16398604
19811559
19072108
17544880
22096875
19429770
21058958
19468037
21675150
16898409
20125106
16797312
18210735
20201665
20825512
16343637
17252970
19713088
21893712
18083675
18487762
19960932
18724958
19592836
18378730
17599966
17454206
19674761
16418828
15709468
20954167
16893677
15603664
18768243
19234003
16829722
18161468
17853178
18300320
17029658
16529138
15947809
19910195
19261186
20657609
19824187
19820474
15624582
15774361
16133696
15732622
16315770
16968569
18379288
21651366
21503452
20008018
15750524
18571134
16836472
21182379
20110816
18063444
18096586
17334171
20623338
17466042
19084319
18669348
15750526
16021555
19125893
20619602
20849520
16632078
16782514
19054996
17072507
15609737
19716090
17069466
20667779
16138793
16128434
20795960
15557353
19955458
19072468
20051430
17972138
18063122
20682929
16050306
16116831
15794915
17356959
16189987
16181263
21352432
19273779
15720726
18361143
16412445
17530448
16113141
19899286
20158127
21367384
19549623
16621564
16738991
19441600
17071704
19081704
19385362
20573434
19112244
15527591
20337847
16505428
19271362
15956139
15612399
18588646
16026188
16613404
20876048
15880977
15865824
19641419
20688471
21530703
19953755
18682011
18326285
16450630
21939802
16834768
21209142
17016148
20971519
17936640
15959428
20379915
20636470
19208816
20858037
20736716
21331556
21137455
18077277
17106344
17544248
20506507
16350432
19717991
19551503
19379114
19124630
18076885
20920800
18248673
20572859
16236108
21903014
21119152
16500868
18771897
17136599
17355406
20403305
21332574
20813775
19879092
16565010
19175822
16500578
17237894
15714714
21098322
18754190
20078014
19132806
16835551
18630781
17329277
22082557
20565328
15539531
19996643
16410433
19023571
19865012
18274361
20385565
20561129
17985965
17239060
19506170
16499792
17720107
17579800
21505573
18847652
17381482
19891756
19659705
18501752
19094408
20169260
20603729
19146089
18656842
16270669
17641073
17600598
18314403
17973717
17935651
19623798
17923470
18634356
17274556
19266971
19066847
15656857
16238497
16516665
19154307
16709465
15761453
21039226
16335544
17346025
17067321
17420944
16815573
16770137
18357423
15625922
18197456
17412032
17936452
16267979
16827202
18560099
19238717
17084766
17421107
16132281
19004044
22013818
21176228
18711951
16803754
16518928
18220067
17477227
16987792
18237347
19525758
19506585
20172454
20302649
16435158
16897026
19244475
16396140
17696629
18382249
21970190
16610112
18990325
18717235
21599737
21380993
19507357
21678259
17955895
16914696
16231778
17464569
21702204
17224226
17451088
21185992
21560954
21300647
16036273
15629875
21365402
21523993
18211951
19997077
16200526
18709836
21426353
21673285
19603567
16098383
18455052
16189755
15528288
21798074
16827400
16467061
20850650
19256406
16128655
20160547
20077966
21186152
21036689
19152142
21068639
18399021
21528081
21765257
17603972
20684760
18304285
15833468
20087034
15542003
15583903
18724547
21488559
17186221
18475107
17458411
17102494
18059464
17601470
21047037
16100192
18959282
17340711
20302614
16823890
16449394
18783126
20473648
15714097
16353320
16215361
19470719
19155613
17413906
17425793
19373050
15891347
19414828
20922979
19692674
20702891
16309594
19112628
18437070
21129322
21307691
21877622
21062549
19349430
18988729
16615744
15528290
21500520
16023942
18250266
18621778
20955563
18184164
17347114
16816602
17342002
17187032
17999211
19230110
17700306
17301609
15595402
15530846
16430350
17112941
17168069
18018571
17351195
16970657
15970421
18523492
21191202
21191034
17370455
17481456
15847757
16764229
18380526
19454195
17849608
17257297
21471595
20340063
21419250
19822274
17066971
19807964
16525904
18780903
17655996
16703755
17627239
21121113
21042946
20926167
15669016
20546466
17642393
16897570
21298943
15671770
16826336
16877043
19933044
16877905
19669705
18756599
18670259
20464593
16760104
19175220
19166567
20795874
17889498
15883349
19125786
21406996
21817972
18392393
20965459
19715893
19125119
16679961
17509938
18777713
20165520
17443076
15764350
17490938
15635133
20070716
22030646
18199282
16821385
17015201
15737160
15533103
21605371
16302156
17591002
16541477
18772663
15608042
21516665
17901824
16533394
17290065
17535945
18298865
20654829
17346847
15693988
19433836
16925002
20077790
15788807
21708521
16954093
17712886
20543652
18030539
20884788
17973705
17285894
18956505
19171572
21787162
19536389
19010578
21035300
17057937
15640293
16148468
19114838
18261949
20403903
17112429
15939860
18827760
16214624
21675891
16387907
20214255
15546895
19397561
21261696
15650513
20972712
16267985
18725845
20649457
20667778
15603695
16310435
19296356
17639825
20962307
16675776
20204383
17088648
20934212
15622672
17609929
17170328
17471185
17656742
18971493
15898906
21109945
17257963
17719509
20540834
18461495
18461420
19694067
21123504
21989753
20188314
16426798
17881316
15528587
20487075
16938672
17072512
19172450
19507367
20223078
18698529
15679018
18198359
21233867
20811334
16218125
16624226
20940587
19094198
19458979
20410499
20148462
17298244
18276676
19947046
21040013
18427626
20507890
19634612
19963385
20890142
20390985
20174947
17906310
16810037
21263318
17135087
17941522
19653438
19344605
16026960
21857329
16807571
20018577
19370563
18952393
18269305
19281345
17987759
20175311
15851437
19856149
18644005
18482123
20948485
19254201
21228088
20029563
15946901
20625297
21057316
16295518
17540320
16762052
18555474
18947382
20102984
17877562
16263484
20922921
17462133
20019504
17394516
18392632
21480788
18073544
15797150
19376793
17442108
16192189
16189521
19202116
16145024
19076661
21439658
18773982
16987113
17102524
17452026
20841666
18701526
16142843
16096151
20652210
17698979
15546482
17148530
15952491
15983280
15717904
20842895
20519453
18980103
21536367
16019768
15641281
15939673
17805455
18245063
15609214
17167358
21351840
17099573
19806287
16521899
16174895
17477224
17701117
15567739
20202528
19631496
15772468
21397102
16145952
16116358
21651657
19341547
15609748
18950440
20860336
21765330
20143102
18830699
15967838
18820307
21378689
15861756
17137943
18082105
15529485
17964014
17161900
18581613
21659986
19345442
21315993
15872121
21402634
18780888
19485882
15575189
15800351
19418751
15833466
18607255
16137141
20696951
20975326
16413434
16419213
18440354
20098163
17689250
15920939
15914132
17375545
19300080
17075010
19187053
20421242
18682014
17725116
16884157
20869656
15552460
18420526
20405303
19097874
19451866
15605747
20363445
17679583
17419794
21087817
15701779
19544089
15962433
17341881
16711333
17042021
16336481
19462352
17584265
20375299
18822553
17105634
19538798
21131605
16557122
21599990
21945011
19762106
18987502
21392804
19770134
21321420
17467120
21111375
16267706
20946495
17577165
21158744
15534341
16549070
16174908
17288320
18361087
15866396
15818096
20422795
21215489
20624559
20340064
18412885
19768638
18774179
15515292
17516378
18434103
19177859
16684751
19271449
17597262
15787229
20364411
16578955
16874440
22147374
16892512
18941036
15969765
19127438
15624793
16389010
17575939
19571324
16353573
21093061
18222126
15955762
16141107
20002421
15928222
18832768
16010963
16841340
16190002
15517297
17039997
17554946
17873253
20700873
18817698
19210013
17289540
20443305
19603379
17219465
18539768
20023274
17173759
19037192
20170911
15891316
18051971
19438083
19362753
17607539
18280735
15867182
20487470
20943579
18842906
21557016
16362718
21089989
20852932
16873047
15862499
15800811
19695843
18269420
17412717
21419260
20478810
17466653
16360559
15988448
16568596
19016937
19748205
18312751
18157449
20541069
19141025
19577702
21462439
16096447
18551601
18955722
21183505
17601841
17578579
19438412
21333177
17584389
16371122
19592857
16134664
18797237
19809005
15781598
19422989
17200399
19778705
21105763
15722840
18788268
20169818
20521919
19469361
16979088
18444043
18033645
19444814
18551968
19507299
20692122
18073258
17500264
21436706
16675751
22031346
19713631
21106084
19232483
16719422
21689037
21857239
16524029
17337872
20937737
20158980
19947781
18563014
15947335
15964445
16887247
17927764
17991255
16164387
16122058
17116915
17133494
19144895
19456994
18510965
17657658
18587082
20426241
19718542
20804224
16511585
15748678
15618093
16710088
18051936
18796050
15673481
20030500
17268141
16310679
17394734
17086836
20535677
17956373
16752872
21834286
19445567
17616456
20677426
18516679
16628176
18772659
19242277
19845179
18843442
16905961
21169868
16926761
18411581
17483919
21194807
19146553
18428101
15841026
15964736
17310342
17824870
20230171
19832783
19060640
21357882
15578235
17571468
15685004
19485873
19566989
21104506
17651770
21115350
19378859
20077796
20578086
16579216
17297528
21253839
16732343
16164590
20882210
17717242
17270044
20615918
19085226
21549465
20633038
21384650
20429354
18445176
16679331
17087492
19674863
18830841
18337434
21105305
19186492
19657867
17726922
21622028
19076664
17406167
21102317
20046134
18052858
21651661
16083377
19579576
19287262
18208604
19032122
20961981
17290963
19171479
20877755
15920374
18028383
16311232
19417646
16354222
15728146
21114055
15645771
19309488
20972689
18709593
15800825
21882625
20956639
21404797
20377497
16138795
17488153
16265962
15871890
18543799
17112142
18044413
16299433
19297876
15912291
17665207
21139047
20414945
18320392
19671645
19523057
20118017
19962475
15633384
15871746
18361948
17308629
21839888
20049081
18335898
17238391
21098046
21426616
16056115
20843982
16180556
19247276
15819525
20231945
17488520
18375174
19472671
17486826
15861913
15567684
17363850
20085991
18216077
15586209
19227594
15687510
18570598
20163234
19418937
21199138
19153413
20012246
17869587
15904754
20541064
21647078
15855863
17354504
16447328
18692813
21244659
19208850
19939301
18817023
20871498
17828400
18457633
19744889
17724240
15526877
18326990
16762800
16493981
17152914
21692729
19619095
20465765
21610578
21464758
21182434
17215199
16677715
18463840
19796589
19757735
18182537
16043005
19514692
20851696
19519232
18563001
17074863
22013777
17657178
16158203
15717898
20441119
16442431
18546072
21658645
16035335
18500136
17484704
16567983
19250365
16493319
20565872
15752322
19297917
20196650
20819781
18369591
18846365
21353863
17473811
18458961
17591134
15655338
16793855
18928822
16631716
19893849
19642433
17502444
16866805
17718732
20940249
17694281
17157557
17285928
18622339
18542104
17139665
15746594
16162385
16534400
15935101
16023822
16464871
17235250
19041619
21401255
15526568
15980080
18000441
15568269
17689809
21367682
21576036
18727575
17854730
16731139
17108742
16215360
21942149
21422350
20073551
16143750
17845887
21092359
20423575
16875723
20726471
17167187
17361955
18021169
20486085
17454795
21219504
17124874
20510841
21288750
19046086
21601776
19144159
19034992
19935593
17937971
17880310
20061069
17478643
16521254
16174815
18974688
20031171
15687722
18598386
19094876
18195414
20008828
20715299
20329473
21991750
16379513
16309011
18395145
16029975
19766889
16800319
20888947
21949275
15735381
19732243
16294835
19390967
15690593
20064055
16515282
20517608
20514960
19383173
16603283
19716063
17205853
19445341
15923595
17387520
18707566
20683659
18362090
21744575
17333490
17458819
18403661
17975399
20502848
19255106
20476659
17495574
15904742
16010910
18709830
20441464
20379962
18653000
19012779
16403109
16709492
21051920
17384505
17400071
16161964
16371822
15966887
21077929
21503177
21493350
20418163
15800302
19782979
17389540
18373768
16220148
15624293
19386402
18551881
20008315
17604967
20380720
16569412
19318963
15944499
17884363
21592280
19697662
21333588
21505337
15559043
17712914
16949271
20695830
16276390
20678874
16045650
16150017
18155398
18923711
19389014
21574144
17360319
18489666
19565102
18157287
17354220
18065034
20306848
18799496
16200511
21717817
17152454
18358506
15788945
17294319
19283634
20391688
16107460
16197495
15952477
20078897
15940531
21618756
20088161
19093362
17181683
16706319
17045948
19635996
15960246
16689413
21357781
16970561
15590221
21450173
16052880
19741381
16900408
18444857
16270404
18339730
20307364
18543642
17974292
19936415
19256298
17850531
19115883
20106897
18482557
16116384
15840892
17098106
21069272
16361395
20359693
16507506
17095498
17720691
21383270
20842609
17440290
20394886
17427368
19646192
16967856
17207035
17629242
19659491
17269608
18080630
19054482
19684558
19665939
19297363
21878863
15689021
19866508
17621444
17319451
16989348
17547265
21233138
18494246
15645747
19068898
20031470
21558512
21458695
15831541
18689575
19423875
19698038
20448515
17102891
18825851
15992205
17187545
20428183
19361132
20853250
19414477
19260886
16236868
18341244
18071353
17489524
18075770
15745173
16162038
20121961
17330709
17264695
15550953
17001949
18361028
17444460
17094819
18218265
19854441
17365378
16409571
16310615
17335524
16882002
19449083
21276338
20144180
18797726
21226385
19397431
17966293
15921098
19630448
21526374
17563598
19021620
19959048
16860965
19087915
16076595
18947081
19204619
16829359
18211483
19416429
16802502
19930654
20505412
16886791
17143814
20184420
16502003
21585591
18836390
18580222
21319427
16573720
16282235
16677155
20690383
16779349
16106772
21394012
20447800
17274754
19819169
16390896
16344631
19021484
17092777
16813543
16191141
19893846
17214831
16898980
19960645
21761385
20546983
15620909
17167709
17588493
15742908
16509175
17418924
20610465
19938250
19363379
18401223
17936688
16102697
18777963
19863769
21800640
21208485
16102152
15641236
18426783
16721137
20923281
21862193
17333651
18388558
18560796
15992332
18832109
16135471
16595542
19619206
18957381
17040147
22066299
21093373
21507529
15984286
20220627
19775774
21566469
18200827
21684479
18163235
20826590
19245724
15554540
21053441
17372788
15686810
19894155
17037708
21037457
15603620
19146550
17436460
16629846
18028840
18830834
16789675
20376608
20170830
16163576
20696792
15717908
19743707
20443402
16187933
16099200
21782541
16187668
21709550
19268902
16527004
17176309
18386962
18795445
20404777
19952624
21388011
18512565
15520090
19504806
17214919
17976989
21417148
20628787
19232691
20144032
20862415
19201322
18176703
19085003
15923965
15661265
19562850
20358806
20423403
20836635
16092635
21124232
20638322
20636670
15586193
21563900
16635161
19330972
20017225
20579126
15803296
19370811
18082998
20857125
18945708
17941519
20870181
20019511
19245645
21371155
16210096
21302595
16798179
19776255
16636732
15675547
18038531
16953946
18005351
17290095
19743910
16643350
19623470
17345754
20163295
19631005
19674462
18689530
17518890
21666960
15821661
16817974
21295755
15802112
21407045
16188036
21416898
15904886
20189152
16897414
20220525
19373148
17183895
20197457
19859000
21199299
18075945
20970042
17760366
17564539
16938691
20558561
21169163
21409670
18754234
18000948
16800327
19286581
20890190
21077525
16450237
18996787
19027434
17901176
17573295
17593384
16265960
15535336
17137166
21254487
17655547
18695814
16723959
18164944
21939406
20031892
19874523
18785104
21323974
19709015
16164398
16569406
19267003
18216637
19183146
19282147
21038830
20852567
16309073
15657579
16868266
16639190
17390192
15761309
20644498
16336556
21175928
19300071
21977879
21119153
20345055
21242317
17481486
21264522
21041160
19033166
16139467
15751435
19996471
21329857
16517337
16899840
21135788
17203451
15923949
18462854
19624062
17888805
16095803
15724947
15766334
19964428
19883486
17905364
20557534
16685051
15999081
19017605
19266368
21545358
16041553
20956418
16136001
19592956
21504959
20116122
19555475
18329222
17109246
19131400
19530014
16460387
19703382
16530117
21134950
20191170
19013047
17932435
19086705
20921889
19273868
18155536
15732427
16097455
20921249
17040358
16821510
17467992
17901826
15989830
17468510
20032721
19184062
18949678
16195085
17094645
21359632
16503952
20557393
16197596
20210865
20581166
17083558
17600599
16981076
21701921
21414688
17416702
17661544
18234680
17976287
17182445
15748088
20963670
19121052
17616336
16698659
15589079
17014467
15536388
20848072
15933650
15943655
18497510
16977713
18839050
16154225
21887945
21989747
18275373
17360995
17802985
16271910
20306640
17433182
20831004
15618105
18275692
18333733
18665683
17072714
17906083
21244252
18175246
21674718
20715305
20226943
19785295
16095450
20816284
18438119
17298264
15900181
15520107
15835369
20133957
21761595
19522378
19258094
19538648
18180167
16756536
17364250
20716657
19437903
17352699
17910543
15942390
16096252
16320964
19038753
19097516
21158900
17114848
19186228
19820231
19919257
21359893
19860093
16629569
18245216
15613092
16684439
20306109
20462074
16977402
19838868
17372803
19670373
20963720
20626833
15923994
21670623
17695580
16263039
18041355
20938307
21755786
20010151
16542132
19623711
19256263
20927493
15751247
16983965
18578358
19300039
17390945
17093033
15774077
20729729
18953776
18763438
20172190
19730197
16649725
20122779
17328807
16594190
17047376
19471139
16986764
17785486
21875843
19207173
19342527
20232252
20833622
15526622
18561848
20113915
16448993
18632507
21333914
16336549
17229793
16716239
18557572
21684417
18574368
17926772
20230177
17596246
17267370
16161532
21492358
16088017
15706832
20354926
20083913
19945194
16822718
15715757
20422792
20650593
19756491
17604522
20381081
18051963
16340273
20945719
17473537
16537855
16087824
15906896
15833477
17333563
21531889
17287371
20031860
16624217
17767720
20572375
19017894
20718640
16550800
16809119
17137425
15522491
18524338
18841254
18165376
19014132
16008024
15633072
15534456
17456285
20955374
16917424
17308220
19687703
18216083
19434217
19023352
15757883
18594321
16206380
15720928
17189117
18370891
17944133
21250556
16631176
17504589
21721495
16537580
17874183
17470871
17929400
15715075
17986071
15988430
21938966
15925287
16169794
18399614
20451661
16843633
16358084
20735245
18792440
15590341
18937591
17469362
17950115
16319035
20149734
21722991
16813545
20662287
19813773
18807796
18260804
21459863
17039753
20593237
17259050
19855271
18647193
20336981
16843817
17900907
15989412
18521875
17474361
18356715
19376385
21384646
19445342
18326127
19930228
17411860
20854039
15772507
19858950
17123214
19021490
17515857
18312990
18666885
16520566
17627837
17449252
17885633
15842031
19665613
19106278
15997995
19797499
17406014
15632320
19414298
16866801
16620251
21473663
19661252
16489972
20166914
18173848
21235040
15990913
19632969
21418471
18072525
18682013
18815500
20536590
16286324
16020008
17201042
20860433
20578642
17134633
17324096
16808769
17214237
20727191
19131419
20571733
19033167
20082061
17079533
20189746
16405711
19447535
17177907
18319491
17060291
20849304
17328824
19100146
17998364
19446095
19273780
21460351
15943406
16816348
15837667
15942376
19592914
15738372
20486582
20537127
18698243
16191145
20508427
18842455
15864918
20456855
18796510
17849466
18489665
20702679
16951021
17646128
19103915
18206373
15558987
17803363
21411402
18496368
20112458
20738360
18071175
16456367
16134443
20409122
21150517
17717952
21841586
17869966
17165482
16830245
20054163
16529289
16401179
21292359
17142604
15920317
15794082
15832243
21682924
17703795
19281443
19179486
19910090
18705786
16857200
15772509
15629979
16439929
17952595
16461448
15831548
20380228
16431262
17298250
16430003
17351690
15555978
20105161
15598248
19534219
18519466
17974301
16800219
21724790
16268072
17908529
17293628
15940881
20605268
21041842
16442438
20182970
17015810
16109113
16105460
21665011
19740357
17151566
21278672
18300683
19225316
21494813
16698113
15747911
15726240
17034679
21090991
15907667
19390111
16613302
16130925
20051615
19374691
20546817
19819660
17102217
17591402
19839515
15840074
19634807
19413560
18819716
17040607
20716071
19797957
17196902
21291064
16413800
18636228
20091463
16813966
15899314
17607137
17875270
20947577
15976046
16027647
19833669
19405301
20077787
18728507
21593012
16758331
16870386
17329504
15776991
16015517
17011088
16297662
18928960
17655543
16075473
19507755
18075408
21135791
19747270
18234042
20198835
19204127
16085952
16983900
16481843
15835417
18237062
20706099
18040889
17043050
16834648
17936550
19675268
17408073
21480176
16702081
15990963
19938942
20796072
17987458
21068178
19750861
20171084
16918745
18035763
21462758
20511193
17569318
17162627
20608258
19681528
20095185
18560098
16019329
16452564
17704125
19145803
19529041
16723787
19793277
18370889
17563999
17480138
20305010
19780433
16155809
18983652
16725021
16466350
16732004
21198332
19225694
18338774
16298088
20128251
18774997
19744062
18680919
18171493
16061930
21661489
20557389
16605144
19678468
20403062
15875446
19851135
19461516
18630214
15921985
18027619
16485554
21138574
19777096
16316442
17366255
20684413
21416787
20131185
16569623
21235731
17344196
19463083
19839782
15862985
16881337
21223592
15703894
19745393
15610343
19706198
16034260
19694232
16972913
18316754
21281772
21593246
20438344
19843964
18785460
19377391
17179531
16117721
20532923
21136237
16507286
16023823
21298950
21052568
18426471
21265635
16857051
16679426
18187916
17385492
17219943
18820516
21906397
20713872
15755396
15980733
19306147
15635790
21401482
16076793
18250241
21158903
21359269
16759426
16802653
17458368
20508558
17310339
19364895
19331034
18341179
18190775
18690127
16594245
19573773
17149428
17678514
16594881
16925000
16294182
20442253
15751330
21299757
16399970
19704285
17425280
15662174
18795905
16805192
15537586
17908755
16462918
17371423
21258241
18556638
21062546
16735940
18331480
21324243
19159506
16645854
16443392
21186315
21518295
16779953
17879557
17274693
19180404
18759805
16318656
20452169
15552806
21218571
20042988
18712640
19961816
16601510
18209669
21683625
18778556
20675736
21672116
16548476
20466108
20919958
16135494
20377396
16336025
20431466
18999245
19671275
21383568
17310422
19592865
20222392
17763110
15767001
21709027
16583651
15798422
20946209
19261144
17353747
18064867
20368484
17901832
17678779
19546018
16098705
16541831
17240867
19698012
20494453
21420081
21323492
19837498
18762992
15987226
19491563
16535909
20590508
19029919
16272071
20540390
20388863
15917259
19028141
19445339
16287696
21916106
18849368
16328394
20305461
17958932
16858001
18813775
15686333
17444172
16614628
21353918
18753714
17210503
19546722
20184233
21178152
20201666
20964469
21875533
19118972
16401158
19686274
15942857
16030411
20136037
16703832
17605949
17414090
20841979
18355257
21624702
20572627
21777096
21297458
17577192
19241779
16635705
16228146
18245213
18172381
17873734
16598326
20178535
20303591
20564415
21478662
16723916
19687528
17826034
19531035
16303701
16398383
17453462
19150220
17488415
21262506
21342509
20441033
17188221
22030934
19397393
16789336
16917187
21179667
16880222
16024021
16108414
20001871
15706690
16910193
20040607
17973698
19031845
16398299
17254361
18032198
20331888
16262902
17702666
16374461
16604796
16898370
16696601
18761849
15632754
18307497
17057603
15665164
15876471
15812293
18998190
16085745
15536789
20563730
21314594
21628032
21869769
16547787
19461229
21475342
18073657
17111727
18319148
19621201
16549942
18397719
16006462
21996469
16115713
18581822
19952043
20345512
18820523
16191140
15555383
16200514
20854577
21393043
20008431
15570771
18335259
20980666
17626389
16036251
20533696
21898329
18547298
17218873
17828003
20202269
19120733
21130440
19281677
17551446
16948990
16836282
17198512
19903186
18785463
18279924
21615911
21367369
21285463
18768345
21265584
19740141
17324625
20352647
20357704
17592658
19085796
18055669
15513613
16051661
18019766
19695973
20795829
18975287
17319557
15668597
19936604
17407605
16793836
21427366
20936570
21958380
18406561
16375025
19387912
15605326
16902079
19201514
19203803
16164384
15780018
20119656
19048572
20530646
16175921
21306645
18828168
19179790
20210265
19736652
17069104
18243010
16501269
19704188
15861197
19665625
17512471
18216765
19615623
19368756
21606108
16388063
19094244
18564954
16041519
17056771
20564714
19019233
20081640
18413876
21492273
18947099
17891622
17136990
19856592
19012724
16033588
18854258
19817268
20644497
18555158
16808754
17942272
16687385
19388505
21362719
20557260
20507692
18382695
20684426
18280847
21298904
17515004
20429693
19910716
15823890
20060139
15787891
16462349
17075368
19487507
17948846
16585026
18243449
16436171
21131265
20304976
16868468
20837322
17112781
16628180
15644700
17056854
19297447
15867079
18269054
18412839
16225448
17259897
17576311
16548947
16736371
21114720
16974168
17258670
16476881
21899982
17477316
18394853
16050363
21049795
21393039
15821676
20549419
18454613
20584701
18463938
18414309
19606561
17443403
18682042
20357661
16045660
18604668
19016421
21162155
17969090
16096140
18638330
15725178
17608890
17032465
17536655
16245917
19018905
15638354
21678746
17300544
21530172
19663288
20063567
17590488
19631684
20077788
18022814
19941582
20889513
18600037
15886552
17082957
20067349
19606236
15698531
19237434
15999942
21471881
18021108
18728512
17592973
21368519
15639038
16435312
21767163
17133307
16457031
20934210
21066958
19018885
17389413
19650950
22030660
17985766
18853738
20189267
20412357
21307728
15555721
15682016
15637522
17085274
18032210
18316256
15762209
18585538
16526146
15658904
16109195
19284262
16719016
18484323
16473123
16640211
17855042
17203992
18357420
20232500
19199183
15644675
17695938
21341221
16670232
20841664
20630924
17989450
22006146
18507582
19196486
