16711185
16719174
16717492
16717483
16698340
16737502
16736818
16734003
16730107
16722957
16722954
16719846
16259467
15839046
15591917
16784064
16777478
16771103
16759755
16759070
16700241
16836005
16830846
16830844
16830843
16827176
16827175
16827169
16827167
16827166
16827165
16827163
16794881
16689120
16890901
16890336
16890103
16888513
16884841
16883748
16880419
16880409
16871099
16867125
16866822
16866812
16863414
16858001
16856695
16841843
16841828
16826961
16826960
16826759
16684759
16958722
16949355
16945777
16940823
16940815
16940814
16939140
16937829
16937731
16936529
16935459
16926716
16925180
16923738
16923732
16922983
16922168
16916420
16916190
16915724
16913370
16911056
16910034
16907788
16907700
16907694
16903590
16898048
16881590
16880410
16669267
16669257
17054959
17051928
17042817
17038099
17036591
17034903
17030492
17026438
17025047
17024895
17024884
17022839
17020239
17019346
17018062
17017324
17016994
17012957
17010827
17009794
17009793
17007699
16989330
16972566
16972449
16967856
16965308
16965304
16964771
16623139
17145513
17144222
17136932
17136035
17135847
17135840
17135800
17133306
17131642
17128677
17128675
17127115
17126459
17120865
17118079
17117247
17112174
17112173
17112075
17112015
17107566
17097202
17088119
17083326
17081935
17081930
17078349
17078324
17078243
17078237
17077756
17076800
16608466
16599086
17244012
17244010
17239059
17238998
17233265
17233143
17229425
17221082
17220391
17214223
17212267
17212262
17207206
17202519
17190362
17181083
17179844
17176304
17175722
17174741
17170691
17169469
17167376
17167327
17165490
17165482
17165481
17153034
17147332
17140014
17140012
16572671
16566336
16565275
16555667
16555666
16548476
16088854
16082915
16060306
16059543
16059538
16053505
16050226
16049120
16045248
16033450
16021733
16010885
16006831
16004096
15997894
15997716
15984223
15982465
15962923
15962066
15962062
15961873
15960030
15951704
15930879
15926033
15924577
15923939
15923938
15921340
15920357
15918453
15918428
15916836
15913224
15907021
15879997
15862050
15862047
15824704
15818278
15807052
19175265
15774361
15768651
15768648
15768647
15768644
15761452
15754510
15750527
15750514
15741900
15739740
15736905
15732622
15729793
15720494
15716810
15714714
15712680
15707217
15700606
15693579
15687899
15684849
15682721
15666676
15666670
15665264
15660549
15660140
15659993
15659250
15658830
15649681
15647657
15646524
15646106
15645949
15632503
15630975
15628651
15626152
15626146
15624694
15622910
15620036
15617401
15612437
15612431
15612412
15612407
15612406
15612401
15612181
15602279
15600023
15597939
15597294
15591914
15582641
15574713
15574048
15573333
15571880
15558902
15553083
15552501
15552486
15550365
15532179
15532175
15532174
15527251
15527001
15521308
15521135
15518247
15517802
15515441
15515308
19774913
20302257
20216519
20175352
20162885
20162884
20162878
20147836
20147822
19475826
19437904
19405453
19400007
19397148
19365937
19365221
19325329
19307455
19248376
19161015
19092540
19033740
19011416
19009120
19000602
18982984
18980927
18978692
18955722
18946242
18856083
18847577
18846750
18844795
18844794
18841717
18839732
18833884
18832992
18828311
18827080
18810901
18709273
18803743
18803604
18799514
18787492
18787480
18786215
18786214
18786016
18785916
18783033
18773590
18772654
18770988
18763552
18751606
18724524
18715389
18709832
18709829
18709808
18705181
18705180
18705111
18703384
18695816
18695814
18690788
18690152
18689537
18680809
18678149
18678071
18664739
18655672
18655669
18648711
18630360
18622994
18613466
18610525
18604934
18604425
18600161
18595303
18591210
18585481
18562816
18544783
18466383
18447890
18434774
18426469
18399376
18378825
18360205
18336450
18332371
18332370
18332369
18332368
18332367
18332366
18332353
18314838
17498611
17494443
17494424
17486805
17478649
17478645
17476854
17475979
17474937
17472190
17471051
17462797
17459128
17452431
17446134
17444370
17435405
17432338
17432335
17432333
17430453
17430444
17427862
17427667
17425151
17419577
17416705
17416177
17413755
17413678
17413366
17413341
17412592
17408822
17408813
17408672
17406348
17402945
17402944
17400141
17397692
17397689
17396715
17396610
17395350
17394519
17394517
17378464
17378463
17375760
17375383
17375246
17375228
17365171
17360319
17357240
17356442
17356333
17352780
17352778
17352775
17349769
17348786
17346321
17343534
17343091
17339811
17336819
17333651
17331089
17330987
17328482
17324763
17319530
17318031
17310568
17302097
17298612
17294775
17287229
17285928
17284945
17283959
17275972
17273081
17263180
17260573
17258361
17257391
16672816
16634278
16619769
16604921
16603989
16602663
16596859
16594878
16594190
16583872
16566345
16548283
16535910
16535909
16532478
16529207
16526146
16523736
16521899
16518946
16515253
16514928
16512033
16512032
16503005
16499239
16496790
16493302
16493299
16484171
16480415
16475466
16475465
16475464
16449751
16449742
16449741
16449686
16447620
16443994
16428972
16425903
16425902
16425901
16407601
16398297
16395020
16390532
16382770
16353732
16352515
16350594
16350524
16350495
16329706
16324953
16324938
16320939
16320938
16315770
16309073
16308630
16295586
16295346
16294835
16287820
16282225
16280926
16255739
16254388
16251492
16250430
16249308
16243660
16239050
16237358
16220649
16218236
16218153
16218150
16218057
16209408
16203645
16203640
16203639
16200740
16200736
16190013
16163675
16149231
16141777
16137786
16137072
16134677
16134664
16134651
16134644
16134620
16130682
16130561
16124694
16124686
16122926
16119863
16117445
16117008
16116780
16116369
16106835
16106829
16106825
16106686
16052880
16048200
16047994
16035435
16022238
16022235
16010140
16001587
16001585
15986816
15984463
15984459
15984444
15984437
15945574
15934386
15934382
15902033
15892316
15887923
15871403
15859384
15859377
15835450
15822671
15822623
15822622
15801695
15796481
22096814
22030934
22030928
22013777
21999067
21999057
21977786
21977773
21977771
21957552
21957550
21957541
21941812
21939002
21938999
21899200
21795944
21788285
21744564
21661489
21635678
21610484
21523997
21473197
21469371
21469369
21462469
21448054
21446285
21404497
21384604
21384601
21329122
21326028
21322460
21322439
21319423
21197823
21192400
21192389
21177745
21162380
21138129
21132866
20677684
20642211
20552922
20552917
20552913
20552857
20518394
20502194
20461935
20426382
20426301
20419949
20397547
20397525
20397523
20367788
20069767
20067075
20063567
20032757
20029311
20023554
19925743
19736742
19715102
19715100
19713785
19711710
19711697
19706071
19691655
19679701
19653141
19650610
19648095
19645805
19644001
19639811
19637534
19609152
19602705
19601435
19592873
19592838
19587387
19582962
20974057
19574762
19537294
19525287
19509522
19492760
19486789
19480279
19475803
19475793
19475790
19458165
19443699
19441250
19440180
19438083
19437873
19433928
19427579
19418324
19413074
19405456
19400392
19397162
19385422
19377401
19365222
19363329
19354150
19350879
19349260
19342715
19342707
19331277
19331081
19327847
19323716
19323711
19320341
19320081
19283945
19279488
19266762
19255262
19254197
19244774
19243864
19229405
19218464
19204855
19203678
19202753
19190422
19186880
19182267
19181175
19176900
19176862
19176858
19171291
19148817
19142868
19136336
19128293
19127233
19121061
19118972
20225450
19112264
19072193
19066162
19060821
19054983
19051974
19051791
18090698
18090190
18078210
18069496
18062622
18060326
18051976
18051974
18051970
17931328
17931326
17931319
18041974
18041555
18041324
18039253
18038848
18038817
18036013
18034816
18027534
18027532
18025908
17996764
17996763
17996753
17995507
17991602
17990695
17990622
17987478
17985732
17977378
17975462
17973716
17968217
17968213
17968039
17968037
17968034
17964235
17961081
17957553
17944141
17931143
17935835
17929733
17927115
17927101
17926774
17923989
17923979
17918613
17911330
17907650
17907647
17907646
17907645
17904481
17901783
17897650
17897428
17897423
17895731
17889971
17883806
17883790
17883786
17883754
17883657
17880661
17879550
17879549
17877872
17877561
17877097
17854726
17850291
17848002
17847665
17846552
17844824
17828013
19998905
17728569
17728565
17727405
17725128
17725119
17725116
17725114
17724401
17724390
17723148
17719362
17718747
17716787
17703123
17702153
17693906
17689442
17689250
17689082
17685909
17685161
17679312
17679224
17674613
17674611
17674609
17674601
17666973
17658063
17654847
17635627
17635622
17635621
17635257
17627200
17626565
17623939
17619640
17605457
17603377
17601256
19999001
17600602
17600599
17600598
17596085
17595922
17583321
17583084
17582021
17582016
17578396
17577174
17564360
17562731
17562730
17560578
17558823
17557623
17557620
17553652
17544679
17542862
17538449
17537199
17535343
17533923
17526315
17523578
17519608
17518881
17518829
17518194
17511330
17504589
17496819
16974179
16466493
16447619
16447609
16447607
16419657
16398182
16379363
16372599
16372598
16363221
16358531
16334480
16320872
16320864
16311402
16294474
16292623
21716048
21675468
20975399
20971932
20971336
20965103
20950195
20949870
20949798
20925756
20925715
20887605
20886773
20882803
20880051
20864347
20863024
20853657
20839549
20839537
20835677
20812584
20812556
20812549
20807893
20806648
20801967
20799490
20704136
20701419
20697233
20690995
20690994
20690990
20687038
20682914
20682509
20678610
20677500
20671510
20669875
20666353
20656138
20642214
20624559
20610582
20609044
20608582
20608260
20602687
20593678
20593673
20588127
20572428
20558649
20552915
20552859
20550638
20536762
20525521
20520126
20520118
20509800
20499711
20492062
20487054
20481080
20469825
20469818
20465724
20439485
20438007
20430654
20428697
20417514
20394225
20393350
20391688
20383569
20377024
20358806
20355342
20350891
20349885
20349639
20335913
20334006
20333918
20303230
20230177
20225727
20220500
20220286
20218770
20215946
20214707
20169818
20167718
20167712
20164614
20162886
20158548
20118847
19152989
19151986
19125784
19121052
19119733
19119031
19117827
20698187
19113017
19112638
19105563
19104321
19104320
19104310
19104193
19103690
19093362
19093352
19092555
19090376
19076704
19076460
19072191
19064387
19055076
19054977
19051528
19034992
19027259
19017373
19017370
19012766
19011419
19009802
19009782
19006956
19006591
19001913
18995159
18988587
18987502
18986740
18982989
18982988
18980036
18856044
18844529
18816909
18808629
18786218
18777511
18768243
18764853
18727766
18712239
18708837
18705742
18705734
18705724
18705710
18700870
18700088
18664738
18649700
18639959
18615959
18610923
18610901
18600107
18593836
18582300
18580645
18578398
18578396
18578395
18578219
18564523
18563031
18562998
18562150
18558263
18557314
18552119
18539880
18539879
18524380
18524312
18524311
18515439
18499522
18494639
18494638
18489686
18481778
18468879
18468295
18457517
18456865
18453894
18450196
18440796
18438165
18438158
18437063
18435310
18431894
18431202
18426463
18416378
18416377
18416376
18412691
18406408
18405262
18399057
18398552
18394031
18390258
18390046
18390044
18389404
18385589
18378051
18377579
18377576
18377574
18377572
18372819
18372809
18372537
18372536
19856559
18362085
18360202
18360201
18357423
18352972
18350861
18343000
18337049
18332745
18332372
18332355
18332354
18328043
18321271
18320908
18318313
18316912
18316911
18315829
18315828
18314234
18314233
18308924
18307654
18302611
18302610
18297919
18291328
18286982
18286973
18279280
18276048
18274509
18271792
18271365
18271288
18270931
18270929
18270928
18269439
18265742
18261057
18260198
18257885
18255069
18240839
18226255
18223158
18193592
18190479
18186906
18186425
18179849
18179126
18175595
18172404
20531262
18161180
18160893
18160864
18160859
18160856
18157449
18154637
18075344
18072525
16708983
16708036
16701114
16700695
16699350
16698342
16270796
16267985
16267982
16264288
21853787
21736465
21736099
21733103
21605268
21601144
21591832
21572260
21567372
21564392
21548344
21543914
21534403
21520690
21514176
21510149
21504548
21501733
21501731
21501728
21501727
21501726
21501725
21495468
21492358
21488536
21485977
21473342
21473328
21473324
21473312
21473217
21465926
21464661
21462877
21462674
21455047
21417148
21413660
21410090
21409811
21402203
21395918
21393574
21384609
21368633
21323080
21313940
21308217
21301280
21298962
21298938
21294468
21294460
21292055
21290960
21290924
21285197
21285123
21283025
21281397
21278666
21266886
21256411
21253839
21248579
21248578
21243836
21218703
21218702
21218700
21207825
21175121
21174860
21155465
21133015
21122084
21121952
21121451
21112849
21105299
21099676
21086841
21059580
21044150
20618542
20602701
20592290
20591803
20591733
20590038
20586349
20585103
20562254
20557391
20552858
20546983
20529188
20521462
20500349
20499710
20476520
20471731
20465765
20429492
20423415
20423403
20423392
20423368
20416998
20416993
20384643
20384642
20381222
20380340
20367647
20345521
20339930
20337804
20215958
20215950
20215333
20207213
20189915
20168196
20162906
20160547
20137032
20137029
20137027
20095082
20092915
20092208
20092136
20090656
20088288
20088190
20085155
20085025
20081100
20077995
20070598
20050500
20050465
21462852
20034264
20032758
20028191
20027992
20027968
20027897
20021578
20016346
20000154
20000145
19996670
19955886
19954461
19947046
19947043
19944713
19944376
19943412
19943409
19935351
19932933
19927863
19927860
19927859
19916808
19916355
19910090
19908610
19906766
19906442
19904854
19902660
19902570
19899280
19899275
19892446
19889920
19889918
19889917
19889912
19887343
19886409
19883412
19883027
19879091
19875038
19875032
19850181
19850178
19847189
19843273
19840275
19838997
19824908
19824906
19824573
19824527
19824525
19821916
19816163
19813371
19813360
19813132
19795688
19791519
19788092
19785293
19750350
19775762
19772126
19771810
19754034
19748314
19746539
19745632
19744062
19743604
19739484
19734383
19730197
19728646
19725398
19715058
19713787
19702814
19697675
19697662
19697661
19695973
19694860
19694852
19694845
19689646
19689441
19686274
19686271
19674935
19670679
19653391
19653389
19650538
19650034
19648096
19648091
19646175
19646115
19634524
19627053
19624063
19619206
19609180
19601440
19594656
19583007
19581026
19579487
19574016
19555000
19540803
19538696
19538556
19520228
19507620
19476077
19473315
19453658
19447530
19432597
19426371
19374701
19374682
19374671
19366839
19366027
19345629
19338168
19326651
19325403
19323712
19291200
19290975
19246135
19246134
19243524
19241905
19223800
19222652
19220618
19201141
19186876
19185397
22132535
22069919
22030933
22017160
22003808
21999047
21961820
21987990
21980792
21977728
21952568
21963923
21957797
21941806
21928588
21919328
21910399
21887975
21887971
21884497
21882733
21882621
21853791
21853720
21850862
21848600
21848153
21834375
21825921
21797188
21791268
21790875
21788288
21781212
21768833
21767254
21765330
21762837
21749555
21744675
21739734
21739733
21739732
21736171
21735632
21722768
21716042
21710068
21708522
21702206
21692595
21675472
21668615
21667812
21667648
21661607
21651655
21651654
21642333
21625663
21624865
21615698
21599844
21595812
21561026
21554289
21545951
21520796
21489011
21481116
21473530
21469417
21422978
21392764
21375619
21371248
21371246
21362711
21359261
21359254
21346463
21346444
21333018
21323088
21323082
21322194
21317104
21316672
21311266
21311246
21306423
21306391
21303460
21292051
21292050
21276107
21261165
21257171
21219523
21197771
21178193
21173716
21162379
21158890
21155639
21155406
21149556
21136000
21135791
21122081
21091892
21087070
21086673
21083811
21083810
21083806
20516765
21072017
21062541
21054634
20955480
20955477
20949867
20947230
20925710
20925699
20921887
20881797
20871513
20871511
20864874
20852468
20850916
20846229
20816554
20735507
20722810
20711941
20706098
20706096
20701056
20687037
20683301
20667776
20666161
20651302
20636470
20633078
20626793
20626490
20626487
20561075
20170535
20129228
20022601
19577752
19335673
19273399
19175822
19012768
18710375
17725264
17655531
17482879
17250771
17126968
16866806
16708982
16708980
16698335
16684206
16684168
16684163
16684162
16674784
16674782
16674780
16647170
16646898
16643345
16619923
16616398
16603283
16554157
16553689
16550692
16533673
16515692
16499792
16499171
16494664
16494663
16489959
16488418
16472356
16460760
16444925
16444408
16444400
16441388
16422737
16422736
16422717
16422714
16398299
16390528
16390525
16390518
16380197
16372238
16337320
16336367
16298291
16298132
16295992
16272918
16200526
16194182
16161861
16149981
16129006
16116925
16112674
16102768
16102142
16088857
16083489
16076514
16061312
16055240
16054329
16048621
16046892
16043275
16004087
16000092
15997715
15997576
15990913
15967551
15937632
15935084
15921840
15893959
15876883
15876233
15869019
15869017
15842442
15839524
15804903
15801387
15788082
15788080
15788061
15781592
15776757
15759072
15740815
15737161
15737160
15720499
15719710
15701152
15701148
15689143
15673643
15659251
15656152
15645999
15641951
15618866
15608111
15571882
15571881
15558082
15533085
20136648
16607256
20716012
20189539
20666955
19266475
18822752
15537122
20640269
18026064
20957594
20841882
18258697
20562786
20660530
16893664
18951854
20356353
19638142
16635934
19725216
19669705
16002850
16181263
20491193
15640681
16650120
15756888
15889304
15868587
15942477
16053435
21144018
15838419
15635790
16689412
18843816
19339264
17658028
19858952
20192079
18618958
20827237
19566693
21418560
21498782
19765126
17999211
20958178
17088920
19344586
16130359
19474637
17169962
16297662
15960689
16414249
17873570
19562361
20615678
16913240
18640542
16439343
17824562
18373030
18041416
19648575
17494508
19687698
15706832
20598984
17669690
20185444
18793423
21494781
18378729
21359256
21114716
20439631
17880432
18662169
19380210
15823383
20578642
20531173
19996463
18073657
19606049
18051015
18680413
15810747
15598067
18675766
18693587
20144523
19542420
16301939
17122655
17569318
20371073
20673620
18536546
21476481
19768288
16476881
17505380
19168306
16479655
17927056
15597292
21199231
16594423
19940558
15920852
16965708
20574741
19736189
17443403
16538993
15563853
21139455
18365855
19044193
18996771
16735260
15999921
21098628
18980458
19461220
19476108
17302596
15566598
19006429
21229836
18998972
17718730
16840370
17301199
16549028
16565271
20441488
15785178
16942587
20042225
17256717
17803363
21391772
17662665
16403755
21858789
19115446
17308470
20461689
20629766
19934858
17045177
18299968
16432830
17524286
21314920
17666224
19349430
16995560
17877653
17121761
15522496
17089452
15728419
20149236
16468480
18926447
21417056
16553707
18679758
20738432
18595942
20536758
22132540
21365974
15619149
20833285
16213232
18787331
17514833
16718578
18657043
21168872
16358114
15961365
21591851
15911960
21761957
17239726
19947285
19940580
16434231
20392133
21367822
19370811
17727340
19565887
15841423
18310191
17939528
21403042
16268838
18419364
18035233
21181560
18832500
15838090
20592521
21711126
20000031
16087824
18982395
18566204
16098415
17126270
17762436
17929153
20159563
16823014
20812495
19346031
17394012
17361918
21375410
16174996
20629945
21131574
15967550
16521003
17803416
18687070
20054081
18984375
16710764
17122484
15888836
21520516
17190931
18200763
19968454
20500704
15561380
17718726
19592804
17454510
17764556
19892383
18445863
16282000
16818834
16215659
19858395
17056771
15915843
19744955
18023154
18702778
16911057
21058896
16001612
20066871
18394030
19452487
19214261
21391360
17762817
18041325
15523242
17562720
17238720
16996836
17524962
18724884
20942883
19833007
21483008
20578470
21206250
18427242
18773798
21384566
16873048
17298631
19265735
16547452
15840071
15920317
19094876
19092071
21443827
19458310
17448401
16050878
17523273
19194329
16333013
17074871
15878428
15517302
17949424
18440918
18796426
16273794
18476313
21193332
18508820
17464377
17695557
16496203
18389983
17509737
19057484
20370762
15664089
20421019
18063317
18571134
20657023
20966121
15864824
20963673
20233916
21739885
20826878
20440414
19651933
17095396
21475355
19663578
19112244
16201605
18426103
19762137
18972091
21164389
17288704
17084321
17518822
16471153
16015220
17546313
19772556
20690344
20871555
20309780
20970059
15696631
17182525
18563022
17144052
18785917
19786769
18936382
17633908
19835495
21487051
17929401
21679453
15744694
15942366
18660716
17666609
21196417
19244631
20139655
16250121
19293223
17000347
19438100
21783092
17510109
17972138
19583645
16446269
17083162
20678890
16738988
15590035
19567887
16150458
17394620
17674615
19648386
21220533
20522880
21205258
21879666
20132713
18597062
21371026
21803279
15569130
16420206
19177973
16584106
21674718
18414324
15777026
16936604
17283217
19689239
17181015
17931572
19457009
20542238
20589446
18819045
21526559
17893380
19056319
18609242
16509174
15859964
16703832
18690131
17822424
17537116
17985682
17826547
19213295
17177041
21659986
18410819
19536965
15537189
19646190
17326022
16416401
17475724
15692139
15887616
18846974
15758594
16568596
20482461
20461349
18613355
17475363
19256298
18831671
21093061
19121263
15720030
21376160
17238763
15810190
19201332
18032679
15577711
17533927
19492512
21360697
20434100
20862893
17375341
21364129
20515602
16676288
16168544
19405016
17492993
17901175
17365378
19530300
15614493
16622818
16546056
20389315
20973999
16602514
17373528
20697469
16258342
19481983
20072029
16206362
20143441
19813048
17565524
20687092
22096875
19384194
17919355
18044379
19025699
18580104
18342821
17929507
20303600
18697959
18560796
16390834
18350143
17242456
19326301
19572450
17581708
19219367
21191254
17524720
15862043
20308451
18340991
18695180
17573682
21977821
18990271
20807969
18080932
20735246
19114583
16336025
20163420
17074822
15770344
17548400
16736352
20807445
16324523
20644133
16832075
20675361
21577078
19217497
20000251
15991756
19722302
20924337
21520580
16306294
18648986
18041968
16238497
15591759
19531035
15721977
17446614
21113847
16318233
19851264
16864132
20878041
19418075
21749243
17466213
21548351
19390531
19086282
16004098
19765884
19619278
18488588
17080736
21273573
17597413
16452905
20947284
16447529
21288511
20629461
19117798
20478866
21198803
18090376
15656240
19088487
19117527
19343560
20921889
17277665
18817500
16304765
18562819
17505371
18338335
15964445
16766590
15597001
17219504
17453363
21717621
19561513
19327772
17493954
15777473
15992204
18093591
18266225
18852581
16105792
16102152
16835562
20371029
17289828
17883630
21805947
17175872
20546288
17394516
15826425
15940881
18615295
16405386
19023571
18241563
21419260
18580201
17626550
21185989
15574435
21127107
15918424
19629415
16183003
20030702
16670136
16049209
20123879
17966188
19847645
17655514
16567983
21614763
18245167
15875749
19373148
20586891
19412094
17009255
15904527
16834578
18496887
16303690
15857487
16449397
21287921
19017605
17844710
18089983
17964577
19700297
17417932
19630447
17895295
17509808
21142988
16121868
17352384
18588650
20377400
20471782
21780096
16006027
19139668
17294777
17933613
17926660
20352571
17262839
20935237
18816011
17310302
18019902
20648582
15712507
20340063
18584389
19256209
18051975
17135851
17672906
18330581
18711259
15514186
15774047
20008018
18798531
21702427
18830764
21715558
20065276
16425009
19208368
18298835
19444088
17601834
20841838
20863045
19609188
18461495
16225322
21127093
18997357
18838492
18794721
21057316
20629426
16379471
15628169
20299651
20608316
20692122
20436171
17059163
16594219
19826116
16004157
18927100
18624019
17394734
16304302
21865222
18411892
16502131
20951399
19283546
18426789
19841482
21051386
16859866
21364214
21682166
18462280
17544541
19757348
21735668
20572859
21097769
20876048
17491503
16871094
19327295
17719344
17851368
19476232
19052185
16604297
20026525
18057191
16297579
17322008
18022833
19208054
18072606
17966300
18178132
17059417
17077718
19418751
18591304
21602629
16316685
20537216
17060295
20207191
18689293
20382963
15637990
19619368
17020241
19967284
16497427
19619375
20357082
16889318
18641520
18580507
15675731
15908677
19234430
16875100
19008145
21563734
20926743
17341881
17146119
15637955
18819212
17803837
19327312
15812095
20486818
19656213
21162621
16412831
19648012
15810755
18326343
19941577
16915111
19270201
18595420
21675642
18280252
20738451
19059087
19577418
16094791
21742733
15637685
18988072
19239728
15645762
20480409
17467495
19461569
18164468
20872774
22011868
20197456
17160397
19727847
18328279
16362718
20155560
19554436
19259924
20505606
16466343
15787103
16738981
16796505
18029138
19785821
19899020
19395889
16369411
15850920
15683271
20196310
15919129
19892511
16034031
20345827
20684403
20297871
15807758
21114211
16324951
17335535
21413898
19085998
20129887
15644696
18991012
18656079
18805754
20484948
19050634
16536726
18332510
19451460
17346367
17888990
21138831
20063215
15946172
20601563
19179313
16892512
16536968
16162387
16014340
16094224
19342527
20379962
15756880
18340510
16676811
21093679
19238883
20061229
19891684
20384975
18982364
17594999
17316883
18337534
18582304
16396223
15904887
20429125
19594602
15960406
20485702
19072468
16700635
16864497
18850534
16045423
20000304
16649849
15767953
20123428
18557964
17955683
20099252
17447591
16153565
21721302
20825807
20605695
19933249
16053594
18976191
19849752
15687761
19105812
19648845
19485866
21471491
19275089
16062166
20407961
17372550
15626522
15781598
15768915
17238492
18533033
20614422
16242291
20097641
22046847
15710642
19780853
15681666
15867700
20583686
20873397
17370455
18069623
19591363
18608068
21540695
20654822
16240861
18468693
15651985
18360141
16649075
15988418
15998606
21791352
16608721
20638866
19901582
17405747
19131400
18516679
16450875
19947016
15876882
17643760
18417132
16409421
19227014
16488296
15796461
19189064
19753643
18849508
16767588
19016632
17599490
15928299
20439049
19682853
20809471
16475891
19743707
18094791
15618088
16676021
20605268
18155536
15744328
19608827
19902608
18652942
16808747
19191815
21114205
19183098
21488558
17452604
17259566
16637384
15840079
20047174
18937231
18057190
21660785
17391090
20686987
19648384
16192827
17091116
17620401
21661137
15679279
15877552
18076885
17570911
21519705
20089573
17347190
19487507
15992201
16162781
16684172
17364397
18222382
19388445
16135471
18754767
20080462
15991586
17331693
17050220
18366951
19365651
18588597
17610181
17711937
15675218
22073586
20818991
16681123
18073666
16562808
19111783
18544726
17020643
20857189
17300544
18819066
16282334
20165520
16821695
20178300
16836283
19657495
21514554
15615569
21068488
20949753
19006954
17294778
18279999
21762839
19471050
17560916
17413404
18795445
16777830
17518143
18478644
16413800
19394558
20848259
21413644
16942122
17563422
19546639
17040358
19845551
19028141
19670002
18729730
18080044
19739424
16854567
17523576
19537416
21841588
16292624
21826042
18038526
16192533
20107294
19480748
15912412
15532442
15707214
21037439
21710915
17345755
17187540
18416388
16341187
21473169
17681123
19880830
17384313
21330804
21740203
19789455
16736630
16422735
17574864
20578075
20921487
19748765
15582349
20839582
19762106
17338202
18684020
16082910
19697531
21388982
18339641
20848116
16384803
17210326
18770101
16423121
20719816
17306878
17205853
17066985
16010910
18670837
19242133
15566015
17965642
19771647
18222586
17505331
20202779
21323087
16240060
19542059
18048816
20529469
20068461
17590320
15643921
17624038
18467068
15530172
16449995
15882512
15698531
17504351
16020008
18579144
19212178
15757233
20351324
20369722
20861296
19191937
21206292
18083167
19017664
16106155
16052180
20925713
17210426
16713336
21303764
19653387
21941045
16051459
19014424
16473123
20077996
15828572
17370895
19541254
21884838
20201667
17197061
18923133
21107514
17477472
16931922
21376601
16138795
20443411
19386368
16749879
18975287
16469126
16390534
20124024
21556269
20598831
15850266
19377027
18477721
17591806
18584275
19301486
16842061
18543525
20142407
16792939
16524940
16564218
17214274
17668293
15810565
19605600
18381994
20381427
17240603
21469497
16190007
16991049
18953730
15784059
17486722
17479699
19740139
18852404
18983352
15633432
18174867
20050445
18808601
20308660
15799505
19850182
15741954
18719507
18923330
21620476
17942499
21685762
20889852
18431964
20874711
18784564
17918304
16923041
18689530
21352270
20148365
18643804
20919958
16991107
19076547
17318747
17414917
15597928
21115435
21572328
18807796
18843076
17898931
19437854
21492718
18355736
16317329
15518610
16956743
17411467
15575815
16401158
21834431
20665341
20595307
21478458
18180989
15754187
20194321
21457624
20006414
18063549
20070812
20548254
17098535
20881713
16970808
17197795
21396508
19074757
19219512
17719850
15544685
17402352
20605808
17102494
16448993
16450449
15818360
16921803
15582636
21307118
18038524
16708752
16619895
16738986
18182636
19479167
21366160
16594227
20482950
16879091
21439176
21292755
19778422
18649717
18853846
18767515
17847597
18382171
19571514
21526374
21787063
16332602
18709831
18517171
18001656
20520216
19819097
19925650
20446352
17389412
16972583
19669043
17000231
19115883
19695286
20580606
20942319
19740444
20571123
18055687
16719018
17095424
20970062
16101850
20390224
19294824
17389542
18182632
15592955
16184941
19565892
17502434
18092378
16108205
17389541
19327625
20539139
21466965
19300076
17514724
19243729
21837886
20134316
20618526
20351333
19819050
21273184
19289216
16469104
20673155
17401252
18007252
21667055
21651653
19539814
15569959
16272215
20946571
19930072
20391795
15805812
19593488
17134633
17642393
21812953
19076668
18670198
15880706
19369508
16476683
17290085
15861103
15738923
15839234
16814220
16234575
20147805
19388866
20177040
18046264
19485248
19811553
16472481
17655539
20509248
18372954
20466108
16766686
16459289
19796589
19590235
20092226
18981549
21540010
16985479
17287230
20386241
17988429
19037225
16015224
16806933
21384072
15667389
18626034
19634588
15776901
20214789
16236952
21680668
19325488
17540322
18058690
16134095
20036097
17149020
19910394
17645955
16111880
19514230
19331126
17450591
16452697
18182785
21334787
20218030
19250791
19517167
16202105
15964644
19414828
21102295
19227593
19933540
21050443
21952573
20663762
18784227
17191599
19121927
17551279
18486578
19169588
20443321
16563315
19734646
16121653
15812616
17923730
15684245
16049062
16036254
18476647
18043339
16394905
17176303
17359569
20373649
21554711
17409924
19179199
15944499
21265918
16378790
20622795
21056316
17556743
16676112
17269495
18539977
19461329
20602700
17583402
17310664
17601109
17551452
20039934
17162627
21701346
18829201
15612239
18993131
17957502
20426309
16284983
20672683
19509598
18291008
20032721
15793986
20710129
18418291
20868254
16048531
16762060
15717707
17182195
21266085
18450247
20469571
16651317
17592973
20604652
17166062
16289797
16858457
20066851
21911633
17827466
17579304
17661804
16078984
15828598
20091463
15678740
21158339
17368692
17487290
20359386
19327572
20850177
20940073
16953946
18698396
20955122
19251834
20646387
19915873
16739907
19326807
16418992
17048184
16595344
19659407
19825474
17418924
19039438
17518820
17082830
21972756
20009750
19525762
20732787
18194526
20853654
20438199
15933918
19263485
18030539
20888642
17212065
19351309
21512347
18443550
21563541
16398905
16327572
17261144
17767693
17869587
19012555
17279016
16244850
17596255
21718524
19902149
18229987
18596118
18182635
18698189
15785914
19563356
18376493
18705737
17982948
15752321
19186285
18000079
16684486
21362766
17491563
15916254
15912690
17546912
18663980
21090894
17619911
18990114
16320550
17298492
19682134
17132391
19741381
18091280
20385565
16494151
18595309
20083373
19562237
16826058
16764303
20934543
20552319
18796275
16132885
17042803
20843424
18335670
16251161
19434024
21771371
19228893
15779513
19564327
19657251
18826463
21155464
18228571
19651928
15678928
20405398
21468499
16126602
18561857
19044192
18319148
17028978
20889513
16164888
20536803
17042055
21596217
21770355
18636011
20186032
21261474
17269947
21774636
18519131
15857196
20142572
16568450
16199400
19695514
21476388
18251207
18646653
19531463
18648946
17175653
18396225
19157761
18337533
17674469
19106884
15931043
16815117
17901105
17403763
21570648
19663636
19433836
20222373
19563625
16905552
18924462
18299942
21205555
18606526
17950499
16160192
18270308
20391675
16181185
16920242
18176703
19443876
15967010
20531440
20045279
16997633
18448134
20164474
16948365
19237903
18763650
19084891
20940212
19719366
19238647
16481838
17473538
19968144
16004094
16783796
18538999
17287039
19019233
19753508
21406700
16623609
16086411
20674108
20674500
18946578
16285321
17584265
16174895
16266648
16996457
16227942
15911292
16119518
16447854
20348364
20657888
16762127
19049697
18036478
21059702
16438667
18264897
21800640
19175248
17118616
20878833
16340692
19126176
20541884
18480649
21341443
20727191
17454239
16253113
19254872
19800816
16770751
20889273
20453732
21748748
18657425
16048867
15630864
16438787
20702891
21284562
17363323
17199198
17347659
16733115
17302137
16045078
16985390
20663004
20423380
16024480
17473397
18453849
20018577
18095795
18201592
19898985
21618688
17628971
18019114
18555560
20386034
19735335
16711085
20675424
17114921
20001881
17035553
17087399
20235421
19147425
21470276
16902079
16447530
16358623
18507601
21900133
18195313
21196567
17222961
20665409
16563767
20890220
18950298
15940050
17433113
17697197
21045100
18786851
16047987
17207006
19718995
17985983
17353987
15600231
18976234
18300660
16783181
17721806
15598066
21483025
18320301
19251831
20532657
17973622
18062636
18809299
20098139
21599531
18821287
20635280
16798173
20212259
17169127
17504586
18389433
20970632
21563396
17175683
21497320
15856427
18817024
20236430
19528137
18555474
17588851
20708975
16817494
21306064
19592155
17110302
17081644
20084871
20701237
18405469
21169163
16515427
18680925
19895441
18251954
21213170
19849909
20032989
15778631
19901502
15817597
21087224
18929942
20954492
20095186
20583104
16967153
18383938
18068280
20461605
19634528
19583066
17264031
21879649
20047627
18998475
16061762
18198364
21777720
18413181
21404876
17558067
16756849
20824553
20576073
16202839
16324899
18836390
17411894
16424983
19923639
20332686
20148936
16827400
19288767
16700856
20500510
21617504
17828140
15827841
17907712
16245304
20202506
16166409
16484871
16683218
20303134
19430929
17152454
19357374
19387286
17990123
17505201
20217293
16938788
16311622
18602791
17786863
15666886
20199766
19602646
16119142
17850396
17049696
19581624
21367478
16834823
18429371
19966558
19306562
19551503
16521364
20846288
20613692
19403202
17826652
19941684
18046336
16840362
16944378
21284803
15974386
16711287
18437486
15720502
19648596
18640406
15751766
18072442
17937801
16119296
20091763
19861029
17279018
16018107
21684415
17450710
20081697
19119575
18069400
18261949
17655571
17685995
15796488
15714933
19032012
19817520
21276594
16927575
16565276
21165716
16471214
18788364
19260603
19144279
21278650
20202350
20140420
18844196
21170771
19146205
19812092
17081744
18675187
17309186
18555158
19490299
16142573
17019348
19405310
20000254
16419452
19916075
16331229
18780905
16525523
19457513
16870387
16224411
21121844
18588646
16631460
18273872
16604795
19535558
16222396
16128646
18374116
17563598
17654518
18341180
19636534
17107567
19339323
18215197
19432982
15948091
15946286
15955293
19250092
15660533
16086618
16226481
20171557
20609689
18053680
19264058
21383111
15785330
20598282
16685143
18483030
21791063
20530646
20860978
20838165
16514475
18158495
15797751
15529235
16200511
21149871
19621462
18850764
19028821
21106993
15540496
17565481
15531988
17126046
19708325
18372997
17355488
16452564
21214136
15538063
21109807
20193881
20946504
21341930
16136612
19670967
16197495
21601533
17448416
20609647
21312083
20148059
21039750
17958989
15667384
15931800
17785688
17999294
17388770
17509101
18709564
21429528
17403759
20211644
17390706
15761646
17686604
17913771
18238839
17618630
20825823
15853873
15751565
18573431
17879820
15573834
19093681
21660534
17263656
19525763
17929734
19054954
16825851
16032976
19256295
19920434
19463080
17081306
21325099
18194523
17515782
19852699
20374101
16531954
15527229
19661825
18387016
18503797
20068465
21365160
20064971
16529288
15890039
21155704
18321394
16497428
20738185
19738215
17620400
16807106
17656412
17414733
20838269
20667285
19891846
20513688
16295024
15853789
20031870
20672653
20012158
19471139
18826905
21695383
18214265
21631927
20592609
19668146
16598520
18981749
16247636
18522603
20170407
20070013
17035672
16371385
18316875
20526984
20823355
18063540
20948245
20639825
16870996
18825567
21576715
17378934
18591502
20102895
21605732
17354232
20860575
17688563
18629621
16412443
19796410
18605344
16384766
19208507
19155849
19055075
15597815
20728393
15537856
20434096
17873253
19307815
20880819
17563485
19032659
17678828
17276512
16037718
19327953
20620615
19160878
17067404
17420649
16323619
19380442
18447973
20858371
16170061
17654513
20443318
16036273
18562877
18801643
18351621
21619745
19966692
19874099
21122764
19592843
16786423
19087052
20852506
16623143
21702413
16212217
19538800
21504240
21160340
15908854
18313632
18093121
17240917
15720167
18660902
18363510
18639410
17766564
16178336
20015919
16432647
19664842
19017394
17531568
16757489
16628511
16673197
18235118
18539766
19839531
15892500
16813544
21145628
18708220
17324184
15887946
21471419
20121338
20026721
15584186
15674831
19378222
17491352
17851345
18940987
20619199
17686390
16774291
16509438
18977628
19195189
16669477
17211702
20212311
17990703
21612517
17534085
17478822
17959577
15644655
17263879
17183940
20522620
18248693
20825809
19736652
16019261
18159718
19883352
19893465
20547775
18454825
21860933
15802408
19357425
16670575
20886631
20829114
19004576
19491686
18035535
17712259
17714051
17355377
17615464
18497190
17849678
20807992
18837721
17678779
19152945
16268854
19263821
16651304
20110107
16255162
18347365
16770368
21853848
17002083
21076264
20861288
21400967
16311488
16981799
20439051
18697655
16939948
19397426
18375839
20937737
20095874
20013572
19937919
16309065
18402316
17309812
17170639
19418275
17300413
19866504
17610440
17544250
19684494
17802730
15658136
20978730
19863288
16275704
19890818
16149984
19351793
16005235
18032199
16274558
17355298
21329506
17684171
21300097
19622174
17242391
20443387
16697586
17073195
20372899
17701334
15890224
18320994
15959733
17435400
17664534
18545764
20505419
17655537
20663592
20466750
21134804
21807707
19588158
15536023
17533913
18688047
19509210
17173161
19714751
21276535
16773256
16149255
17037342
20131581
20371636
21209146
16254537
20655633
19260369
19535791
20460560
17147081
19237476
15570493
20064813
18842971
21488327
17906058
17572801
19956923
20885301
18072670
18638329
19480799
18496976
20878830
16216029
17040156
20970840
17323816
15716246
17944588
18416794
20465078
18386950
19995289
19255127
20597453
16423299
16534045
19842004
18639660
18514930
18044231
18725848
17722793
15763610
16740337
15678925
20416493
16202888
19806767
19445614
22049807
20179530
17178766
20853586
16958714
20017938
18570681
16798702
15947333
19249736
15970375
19092478
20845197
19471072
17942229
18656044
20731579
19018515
15692135
19200276
21852649
21306865
18201030
18797211
20526983
16254653
16449394
15819162
16208533
20197226
17508502
20078403
17095988
20842895
19914022
18405345
17311642
21359690
18979955
16793044
17144955
17011257
15741497
16475408
18644204
20379908
19369045
15945411
17852989
19254993
20597748
16185553
19964427
19263812
18359431
19534222
15860051
21350271
21057395
17132383
21311271
16579332
18605513
15562345
19018550
20480775
18433656
21507076
18833458
21450086
21617570
18608413
15906896
18055892
18997358
17698343
18952748
15657665
16010186
22108268
17291340
16801205
18068279
18786712
16324161
19326315
20519101
20920800
20069824
21563896
20979771
20151578
16148486
19583665
18600113
21946873
19664527
17165076
15626870
21067080
18766354
20657980
18770873
20225409
17270089
16405707
18295641
16391318
17064407
18727450
21242390
16050861
20438946
18069917
18569897
16530114
21439170
19592810
15587606
19622467
20973045
17160738
15907676
17665271
19492673
20849989
15891350
17356933
16020853
16777612
20925303
19049481
18992701
15531936
16162565
17158034
17325298
15800825
19492659
19788791
16492923
18810506
15597287
17188854
20357707
20800415
19427757
20236400
15942397
20046177
19023352
19284808
16723947
17095804
19947306
21314574
19127163
19823090
21519043
15902166
21664719
18841519
18072408
17911883
18814391
19349900
18059463
15999639
15531969
18087020
16873812
17851385
20586993
15840163
18405017
20729653
17616432
20196711
15720533
20349778
21866728
18096228
17252093
19777385
21647041
16351527
18382695
16134540
19772119
18427782
18437069
17077254
17635261
18614447
21343276
16336546
15921356
15953639
19120741
19058078
20170324
20378184
15707568
19400397
21183944
18254002
16368362
17532180
21411825
19702489
19001101
20334647
16759426
19243591
20810420
21708000
20123251
17575756
19902898
20544446
20495594
20481198
21684416
22026194
19244570
15918469
19195050
20630427
18450665
16006416
20625568
17129206
16181574
16013906
20506507
16927733
19416567
21111389
16613302
21413577
21888068
18813142
17137141
21309404
20966859
19112929
19096357
21353679
20009825
19188529
20563939
21842628
17455181
20030772
16928566
19715097
15857727
15797150
21055494
17233303
20800780
18183758
19908926
18453795
19859000
21820637
16878191
21208474
17873563
17694888
16840761
15845146
20562253
19416602
21228092
18989880
21196728
20795833
16446240
16343906
20801997
18658115
15566022
16097256
19587619
16136829
17898930
16491032
16406620
18076926
17393648
21404720
17441929
21602039
18996769
16529594
20618522
16711307
20448224
22069920
19411101
17700306
16440044
21385083
18503807
17047236
15942376
16651301
15966089
15561456
17467202
21507098
19731892
20869924
17043003
17115956
20484092
16440916
20683234
17005464
21326002
19256051
22049636
16033703
19216236
16487900
17444445
20798620
19261205
20512742
18501044
19204300
18378831
20833706
17405675
17306956
16060300
16830245
15923949
17413906
16698510
15689727
18042019
20543388
15871791
16121874
20464838
18187283
16290977
21478693
20719350
20810416
18082534
20121006
20838362
18175192
19351312
18321582
19824156
16159066
19661793
17137277
19356286
17494279
19564003
15578622
15551979
21098322
21078007
18466386
16594944
19136167
20948485
21517787
18776749
18066631
15674925
20092154
17850526
19287264
20054163
18809814
15992192
19546088
20051400
20861590
15933466
19307523
18063444
21344984
19227109
20925708
16441850
16035423
16431006
17419232
15800351
18705735
16041553
20425283
17205029
16173860
15980295
20146042
21971887
18725831
21501729
21053516
17444465
16147477
18047450
15987399
18503535
19046185
19525758
16842298
17276065
17286730
19285363
20507692
18178698
18538219
16473745
15530766
19899196
18947967
17517540
19634654
21050203
16985405
20000306
21048474
19456086
15987544
18630214
16207002
21402370
16769943
15557421
16430334
19664848
16537300
17053179
21477027
20490571
19243243
17331805
16423111
16425756
16405706
20802274
19120576
19104171
15656150
18771828
16119650
16620317
20153457
19342523
20589609
19074690
21793115
17594405
16581639
18028849
20884778
15919007
20083934
17340848
17310344
16162385
20043709
19061448
17518819
16325139
16212666
19025307
18379720
17394612
19366932
18359388
17091913
16334495
15588534
20841722
15968876
20438610
20347565
20427307
17575439
17605068
19642148
18217541
20712866
17117446
21667573
18372378
20517727
20880759
15942857
17490938
19605922
21123504
18947118
15805555
18520672
16134659
18229773
16926949
16617918
17377997
19465046
16722853
16361596
15841893
16566103
15924035
15756984
19648843
21137455
16372707
16810624
19626751
18071762
17079618
21672292
16951297
16485621
18041073
20633747
15552807
20659976
18373955
19111866
18424318
15641664
15902036
17356958
17108641
18773330
16822995
17410999
15690896
18258807
18234092
15559886
19476248
19130333
18548409
20302625
18616539
16688667
16351522
19061173
21357804
15548130
21147458
20438034
21284037
21507193
20825516
19401131
18802808
16776387
17604522
19629746
21420081
20113524
15782316
20679968
18591365
17310429
19545399
16594402
21482347
19444526
19517579
20125042
19731473
20541065
19939303
17888715
20453621
18056570
16075692
16175758
20064210
19253148
17551877
18578811
21062546
17850043
16319707
20409059
18067610
16573020
18314889
18394540
19134232
18387228
16776489
15550092
20099439
18630064
16174201
16779443
17852110
20302614
15687449
18590466
18005789
18825366
16191141
17701633
18522335
16541932
20514886
17139909
16260702
20217195
17257444
18975485
15895331
17153132
18589227
20362219
20230418
18380266
19562850
16632189
15816653
17054862
21575883
20586173
18042596
17542147
19342836
17546919
19397156
16914696
21404141
20436027
21088838
16648722
19059568
19486503
16097920
18470844
20234203
19845179
19075451
15590803
17655530
17221079
19224878
21126816
19876757
16617720
19750836
18595587
19856591
19963245
21215489
17852998
15823886
15640535
16316869
17421111
19131749
19962124
20610314
18392637
19848030
20828515
19514390
17124186
18179363
19266356
18681201
15871467
18214436
18338774
15730542
20564415
19775571
19022170
20032169
20030696
19189601
19218310
16424711
15788036
17333297
18711418
17768282
21275285
16801882
17993638
18622219
16808129
20031009
21542913
18337439
17290079
17380521
18586576
20557261
20186982
16025786
16788256
18158387
18399387
17198753
17667018
20445451
17619326
16350498
19995133
19222449
16781986
16050860
17668155
18373314
16231035
18179989
17167358
18541642
17337155
19299368
19006589
18064843
18334517
19455882
18700984
20545774
19023522
15865495
17135646
17373396
19720683
19254403
19780514
18644157
18931903
15695474
16504067
17296669
19361251
20398957
17681611
16769244
19707050
17570194
20426241
21566408
20925291
15994981
16126376
21629336
19035033
21126299
21173510
18810662
18588397
17259897
16641663
19244785
19775481
19833668
21727884
17317474
21378634
18773762
17441397
19895444
16245478
17563967
19653153
16387467
19694620
16047810
16131555
18402705
19420036
19543682
18691802
17319382
20729231
15978874
16215362
16360567
15887919
19413269
16624217
17897148
15746587
16698113
16594277
19333659
15614663
16299433
20075127
17361501
18787451
21845553
15675061
17192219
16671414
19019866
20042146
15891346
19539106
19424693
19651575
17874862
16044978
16845814
20373169
21186954
16515564
17427669
19492178
20825687
20545236
18043220
21678217
20543249
19067298
18772209
17684984
21879654
19609140
18717274
18000242
21254711
15983282
16909169
15661265
15917504
16878852
15997955
15826580
17049151
18845416
15552802
17548020
16104676
17535182
17102331
21114401
17060254
19719368
16446515
18035846
17268928
20801975
21078736
21765263
18384789
18510414
18713199
18329827
15842706
16825133
18311396
21341951
18159973
17635259
21813221
16117454
18658242
20133288
18666907
16432345
21242157
22005243
16484895
16784473
16572755
19244475
15868560
20183556
16318056
18030151
16730476
17635953
18942565
17443115
19147238
17655538
20216026
15986309
17653833
19339005
19072490
18387225
17707718
21460672
18504159
16594409
15974046
15651652
21718082
20590510
15737136
21469489
19922955
18774670
20532530
17094366
16404802
19534188
15521384
15947296
18184255
16711333
16723163
18496220
19998333
17824549
19140366
20354924
18090144
18297971
18505669
16566316
17468625
18842616
18558170
20656288
16493324
18518961
17539560
16887022
19118468
21539719
19571728
16218031
16954006
18998960
20552779
19050996
17538757
17294372
18505619
16650657
20150732
20854670
18275662
17006005
15844291
15792339
15688920
21233867
18478297
17059494
19712009
17441456
17541523
21635629
16022139
17969660
17017842
18292422
15904879
15910230
17591566
19527506
18036917
19060792
16831787
17484652
18936325
19286334
20580362
16507506
17845383
16863005
15992395
16733004
20822733
18319491
16476633
21427366
17939007
18334055
17418071
20829259
18985843
16910802
18052895
19154311
19496031
18670259
15871867
21910387
18401936
20810938
19188133
15889866
21139464
19123072
17182416
15854116
20889634
20106468
18215447
17678940
21047589
16130681
19068746
20345512
20352647
19112075
19633883
17263049
17101037
17446738
17847993
15824228
21116179
16714992
16822718
19930223
16151563
21473763
18283429
18594256
17443600
18930913
16216793
17512151
18661159
17683299
19207552
18715975
19968876
18397949
20536626
19093418
19412936
16214698
19995864
19553067
19695031
21480493
17309386
17494444
17326727
16287696
18789626
16410430
15924900
21156291
15815971
17308862
17178765
15543435
21536367
20126962
17891632
18071613
18569887
16548408
15900181
18021781
16671311
17069230
17419468
21193088
16520915
19253265
18030960
15715073
19527383
16783582
21080297
17411505
17962180
15629730
20107291
20564060
20058534
16553751
22000872
16411421
19152142
18494430
20369142
21744584
21211499
21435000
16444341
18845478
17094064
20497991
19343845
15916987
16810718
19887345
16817974
17456285
16685243
21149758
17219943
15904528
18274244
18256976
15550361
20684124
20055985
19960481
19996471
20952243
19224908
20044162
16445833
17580769
18655402
18818529
17159018
18635587
21471428
21211602
21037188
18370889
20647791
18584998
16914938
19669831
20393431
19383173
20201665
19838742
17828003
18214625
17628961
18266663
17362216
18280210
19366949
17786522
21554068
17276792
19573958
19640521
20564128
18510832
16584673
18272615
20360287
19819761
19927412
17910032
17274566
16389158
15805462
16830847
16894877
20545773
17582316
21675476
16924180
16335292
17493307
21541772
19556095
19180006
16771288
16162702
21292444
18287415
16118105
15956871
17690808
21689004
21537324
18520315
21394491
17289533
15622814
19689862
17936640
17043938
19627646
16755394
16765535
17936430
18974688
20483677
19995095
18429539
20058533
19142461
19931150
15750704
15611486
17324466
16700232
21091899
20526910
15552490
15814395
18180903
15786888
17535430
21083403
18344453
17464656
21768616
20382366
21998906
19009891
20138399
19423391
20942327
18180471
21375117
15920707
20920654
20345206
16791661
16175716
15587546
17142586
16848676
19425287
17518880
20034853
19239663
19323697
20377057
16649832
16594192
19300039
17565880
16950370
16172844
18809617
16706569
20038247
19473498
17356786
21349049
16046042
17578716
20083421
18569047
16883190
16322414
16909729
18807396
18834545
15761368
19838845
20574144
16492008
17694883
19265731
19418982
19025086
16495708
19926562
16900452
21091087
19299400
15793019
20205936
18380372
16203846
16790039
18073643
18281877
16189758
16202837
17002010
20841983
16546006
16326783
16649833
19642431
19021476
21146667
18787441
17444070
19052702
17715168
21991862
17139206
16023804
17462044
21093304
19006594
20538475
19202248
20971828
16836763
17984217
19197588
16617637
19938442
18277637
16352980
20428601
16827202
20550639
17530134
17639230
18019209
17077800
17488520
21059573
17761058
17475940
21904101
17270631
15527232
20441033
19285177
21289022
17064837
17564686
18502155
21789980
16287826
18096353
19745409
21835282
16972913
21329123
19104476
16466891
15582783
16326743
17612821
16207666
19172980
19352570
18032986
21234856
19324922
19335478
21739869
21143428
16168341
17601738
15646867
21051389
19448210
18462289
19569462
18639796
20890150
15921798
17323333
17520840
20843883
15980925
20170911
18445760
16819630
16673834
17989566
17500502
16244203
17419398
21364379
19930356
17822429
17849466
16473096
20561387
17263717
21381268
20392805
17333637
19284188
20231238
17559722
18698243
16215360
18723729
15935732
19136677
19705986
19800205
16827532
17257964
21596210
20100052
15798595
19538703
20841984
17382210
15616390
17361586
21105763
16242298
17847574
18641591
16106333
16310195
21823368
19591682
17308629
21680042
17411691
19644419
18036764
17969829
18164351
17880483
17572276
16199464
19341547
16647644
18395481
20039842
18990915
18351193
15913169
18005918
21629016
17573296
15931310
17283706
15847965
21432787
20215615
20148409
19386402
16689714
16841273
20005484
17564279
19027449
17352584
16861720
19164133
17724101
18953195
17057600
16844895
16159733
17591412
19529045
21786855
16382647
17265703
16684638
15895142
16624451
17079960
20191922
17711355
16529138
18769183
16585116
17092288
15763910
16627240
20524383
16314893
17068029
17146022
20338980
15707095
19016254
20394476
18292485
19706850
19428093
18729669
18473088
16739214
21651661
18559018
16628180
16468604
18806592
16344546
17129201
21952383
18057033
21240787
21404880
21910307
18515436
17149529
19415965
16933576
21528629
17824409
18281644
18853903
20120851
21398387
19296417
16015058
16052902
15602163
17714579
18714719
19464761
16462981
20052874
17502809
18603173
18710377
19439205
19150199
16308068
17473537
15529197
17264788
20442353
19110800
15984505
17870643
19947781
16108294
15551675
18379242
17681117
20860610
15710277
19359887
20601640
21499887
17138524
20931414
20106664
16838676
20044331
16627842
15965395
16850774
20196712
19194167
19254198
19041611
20533570
15871890
20864402
20082954
15587455
15772507
15549002
21471907
15711229
20469996
17953235
15744187
16860987
20654869
20406550
20846004
17343027
16468598
19058876
17518020
19116753
20223789
15893208
18552116
19572447
17261396
16331371
19890683
20201365
18481622
20795588
16424959
16489576
17510850
16710714
19621441
18071175
17042466
16430386
21351220
18982993
20179960
20088955
20519373
21496527
17902500
17291204
18354103
19819115
16755314
18856016
20636672
17458027
18353506
20684197
17925587
18551856
17353752
16609824
20594068
16476603
16515712
19460257
22032571
20800299
20413052
15522468
18725037
17194412
20701201
19021727
15969988
18845412
20919503
20832743
20544300
17583079
18434893
20122607
16533394
21271189
20819267
19239664
15848819
21619609
19734825
20636153
15822055
18981834
19878479
16442438
16553506
16534554
19505976
16452557
19283974
16076796
19854441
16583529
20077346
21211582
18484689
15912353
19116700
19076664
20085150
15668077
18204991
20420003
15674780
17214422
20511094
15717902
19930874
17482300
21039031
17593643
16829361
15810757
16148244
21882518
19632594
17019276
15860878
20060139
16190838
22046017
20575232
21109782
17611238
17257977
16702204
21531685
20380496
15680117
16700230
20193935
17855010
16969749
19032209
18575174
19020397
20502142
16250197
16967014
20738741
20177051
20203460
21879655
18662200
19625582
20842120
17621446
20852567
20506122
19916140
21606155
16756658
19021613
19175637
18362818
18695694
15906748
17555656
19803561
21642907
19725192
21142678
18371168
16452704
15709443
17694419
16730101
17645195
17640455
15744696
19706829
18408963
20049258
20530172
21048468
21075324
16856093
19797339
18828973
21214989
19256770
19883892
16376788
19792840
15853783
21042245
20800564
16287524
19664877
16925546
19027445
21916368
17010012
20561885
19582520
16138793
21306060
15840892
16185370
17420784
15823892
18633570
16178829
17710561
15522491
20547645
15999859
20855168
20877359
20158550
19534192
17413677
20871498
20189342
16529186
15702522
19458562
21179666
20636510
21266145
21664737
16315527
17407796
20615839
20875301
15683266
20858296
17541554
17345982
19740140
17108601
20829237
16518180
16758049
16340472
15526489
17327188
21288207
16681285
18227880
16029979
19609190
19343866
17533547
17767754
17601832
18420323
19010605
15615285
17626910
19433704
17687192
16886791
19207053
16451360
16307629
18443713
18556804
15765815
17718309
17580014
17133898
18540889
20463359
21944620
17298243
15862741
18973640
19969443
20427001
21789290
19192089
17085762
16422476
17212859
16798221
19788406
18302653
16227662
16430341
21599900
17559731
20122779
17524602
16530486
17169966
18245219
20105589
19874304
21140758
19365164
18062730
17387415
16632992
21160346
17116841
15554514
20048377
19615081
21538039
16095151
17244246
19295422
21082710
18571140
21492285
18545132
17154703
20380962
21160293
19728767
17017690
15819641
17202530
16798563
17472512
15912080
15749720
17212684
19260354
19577331
17986499
17695084
18292359
17720434
18398799
18720617
17274693
16182758
15604183
17140121
16650123
17131534
20402176
21284518
17032465
20828851
18688055
18558255
16245917
20425956
20959727
18784967
17949515
19298311
17490922
19366472
16411347
20558434
20560990
16326224
20307367
19088358
16320964
17886424
20667700
18596678
20159350
17018196
19236871
16261128
16386404
19842959
16624481
15764743
16488347
21560897
16570780
16441395
19162948
17413549
21093373
18436909
15604644
16107491
20102810
20442341
18095805
21327509
15973941
21144199
21595360
21825936
20182813
19457010
21739793
19933886
20481096
16930901
21788286
17178737
15702577
20530804
18819691
20956707
21146094
21254468
16773862
20196285
21712681
17006810
18622999
18494393
17873208
20088397
20806579
19055253
19005091
17601179
16607898
18806331
18927962
15747901
16213234
16355934
18089545
15746593
21265584
17641759
18787491
17825729
16898099
21375101
20564090
16024147
19580138
17454507
20345055
21275976
20339604
21429780
18455404
16149253
17944610
17353491
17526470
16892666
16802308
18562872
16505500
17710491
17487707
15930218
15572938
17682410
16515988
17767450
20552906
18584930
19709430
18463016
19481045
17992303
19785387
19740044
19785759
19957420
19571638
20118075
18299546
17019447
18522667
16012417
20927774
15946831
18769104
15689593
19960161
21888221
17804347
21304349
20712664
15602707
20873902
18998191
18414329
21186152
21592433
17491214
16183359
19318459
20228275
18810621
20200436
19699623
19326309
16604867
21548505
19497746
17550091
18556185
19077807
18713128
17462042
16043553
19057466
16164511
19257798
19364896
19069255
20796267
17283304
18778558
20836638
19081019
21131669
20415998
20574180
18077034
20355312
20143739
21053718
16720263
19542381
17145737
17695729
21266559
18399368
16045247
20888544
19246861
16793491
18808300
16792045
19577419
20164627
16515148
17650574
21189821
18028892
18844274
21350870
20491212
15615215
20573641
19699822
19592436
16046887
21510262
19579576
20423409
21426376
18693944
21869668
20972377
20636590
16270739
15570515
17669067
17535945
16677387
15819127
18360840
20457682
19125308
15664224
18363482
18325112
16156194
17932359
16810045
18558278
18656276
18162922
20440106
20045208
21294941
16285636
21440817
19966728
18385264
20189267
18648202
17881240
17352772
15812293
17412843
18371250
15616237
19153413
21936435
20532130
15852699
16886245
19865577
16340686
19001003
20553349
21396302
21194660
17320017
17872750
15606832
17671004
18202203
19270470
19650684
20129207
19335530
15921985
19378577
17947918
19137480
16360559
21477493
15835629
18347275
15857737
16050619
18164466
19865571
18838931
22106464
16311134
19179217
18779186
20852523
15635558
16463243
16248259
15913127
19491750
15531985
17067674
19786249
21591404
16024212
20210824
19644900
17102156
19537534
15842207
16728939
21092723
18804727
15762982
16716868
20029430
20123817
20970051
19789447
15765631
19239527
17531905
18952393
21642334
16959677
15544662
17279528
16909192
15701767
17636723
21031129
21721875
19114784
20418163
18608081
17359615
20661211
17914542
16846830
20527597
19670361
19525718
21837858
18774436
20863345
19670219
16450935
21429037
16491937
17464789
17309550
20458817
17361502
21722980
17102396
20180439
18771942
16864638
19268327
18356003
18959280
20360220
18251959
19324327
20444773
20218152
21677420
16431256
17990402
17197277
19162420
20077782
21258318
19703042
16526147
21251138
20063282
16849941
18416279
20818875
15856552
16736311
19297363
17601867
21721874
21080835
16751464
15879562
18676539
19772214
16957873
17356351
19060806
17316458
15813587
21447047
20934213
18838730
19728404
15842203
18277788
19019733
21273358
21198233
21225535
16450665
21058097
17588484
15703894
16489958
19846383
19384935
19327064
16752294
17070347
19014793
17212864
18774131
18928488
16648723
16865561
19070193
21314868
20735245
19827581
15644652
19478723
17846440
16959745
19667775
16623043
15852076
16773863
18329460
19200287
19473064
18153981
15781508
19154295
21375908
16644855
21339402
19609179
20966841
17805107
16815278
17335533
20574853
16517765
21682924
18073618
17917844
21659483
19264937
20003038
15576704
16482393
15925069
19069739
21523985
17610991
18714791
16673639
17118638
19129289
19606776
19568721
19674428
19318833
18552086
20511179
18386455
21786574
15785225
21934062
19534187
19660208
18764793
18335830
17144114
20223450
18724436
20179441
20551738
17120409
21598148
18705944
21435198
17544683
18286995
17615601
19502171
19017604
16884798
19888969
17828326
17181682
16183748
20523350
21675383
16784063
20404691
17577186
20044335
16095789
17299869
18688058
18047173
19028331
17671054
21121764
19630538
20053602
20015489
15993257
16816348
18217874
16125784
17868193
18565816
20590483
18486361
17656203
16525904
15533343
20081735
18317854
16629568
17384553
21129007
19474588
17154661
20480752
16438761
16398162
19634576
15804644
16620241
17073198
17061966
18552410
17958467
17032196
19482768
17727771
16879379
20031902
21459686
16426796
20594340
20879859
21219423
15746496
18558884
15588259
18481613
15694498
16862022
20297951
16354865
15948295
17466042
16718841
15669662
19644973
19325482
18037444
19845200
20390617
16901700
19485869
20579755
19103405
17470926
18023176
20229456
19508899
21181004
15602187
19523859
20413053
19148819
15673579
15656479
19279436
15861752
19176797
17892990
19376385
17200399
16999178
18292101
18690574
17035877
19292230
21040084
15602166
16463601
20432118
18612531
21518295
19204231
17386311
17411559
19013702
16033486
16759851
20146982
18669709
20841749
16826589
20883594
15854176
16449395
15670225
15812763
17723982
15647118
17885631
19479283
16797811
19627049
19912095
15805455
17081913
21513050
15686073
16319561
21712210
15846195
16568232
21178335
18660737
21534927
21487344
16900287
19692201
15771160
15894793
19487532
16480405
20167910
17087418
16299427
19065431
21341442
21676572
18026200
20727547
16373136
16684724
21764242
18756170
18164473
18796049
18562862
16334075
21111558
20884700
16761662
19317375
21729955
18353387
16150131
18987080
19126332
20212413
19884301
16107460
21943293
20847020
19282266
15539975
15584496
16480561
18047252
17932653
19409078
20606482
16527150
15920105
16834581
20369442
20392667
15554800
16549241
17828010
21513534
17148530
19175633
19963385
18495548
19573775
21644295
16814217
15860031
17327536
21228097
16775650
19882975
17695561
20611002
16047500
18324313
16756187
19052669
20034134
17173759
18462285
16541720
18660718
18347357
16553704
17109081
16835522
16487423
17786803
16352954
19859851
17983360
20851272
20419564
20530342
17227358
19620221
19141025
19996023
20575730
16732343
16096447
20144032
20077799
15612142
16501269
17923974
20026651
19805708
18999275
18496022
18690005
15770559
18580221
21527623
16108470
19261138
18240702
18808694
17240136
16594430
20092700
16025151
16777771
19686401
18551570
16942769
18042484
17125956
18550360
19500077
18376498
15987226
18269441
19139443
16355045
15947898
17705852
19537189
16562385
17382044
21623216
16437510
20492070
16249417
20507926
21514838
16645132
21615572
17158048
16421612
20662272
21646997
18281407
15719848
18624025
21332773
18364475
17878768
20882733
16784523
21129322
17585613
18304285
16242440
18693400
15768931
18825511
19216238
20399949
20368654
17200276
15995378
16687017
17727770
21911555
17884363
18786082
19733460
22041659
20595536
17196990
19250522
19566991
16111603
20373224
15609257
19716070
17486528
18596501
19408781
21741117
16997027
17960433
17547266
20387368
