16715691
16755658
16753085
16753084
16753057
16752872
16752436
16752021
16749195
16734956
19260186
16732782
16731547
16730489
16729556
16326327
15831885
16788274
16786423
16784799
16783796
16771956
16769784
16762063
16761884
16758958
16757711
16838090
16831784
16825851
16825131
16824300
16821481
16821464
16820434
16816990
16816513
16798654
16797811
16796522
16793855
16787911
16688101
16895034
16884615
16883075
16882829
16881942
16878218
16875723
16874440
16870815
16869404
16867240
16862391
16859565
16855002
16845756
16840498
16680909
16962652
16956071
16954049
16948837
16948725
16940300
16937599
16934919
16932121
16924180
16920652
16915297
16911752
16911554
16910028
16902719
16897425
17053855
17051928
17044549
17044208
17038964
17037711
17036265
17020719
17017628
17016759
17016236
17014725
17013066
17012080
17009578
17009255
17007708
17004400
17004399
17004173
17003669
16981076
16980907
16979311
16972587
16970660
16970647
16967911
16642247
16624481
17142248
17139233
17139034
17138719
17138714
17138505
17138501
17138500
17137451
17137439
17137147
17128542
17118482
17116951
17116841
17116114
17114157
17109699
17109246
17100384
17099324
17098628
17091759
17091438
17091182
17091058
17090808
17090805
17086007
17082171
17077363
17075679
17070353
17070347
17069235
17068649
17068029
17062461
17059497
16583532
16580492
16579352
17241853
17241841
17239384
17238492
17234474
17233780
17233373
17229029
17227982
17225834
17225833
17219907
17219636
17216974
17215109
17211874
17211702
17210396
17209895
17207292
17206552
17205125
17204509
17203992
17201916
17200172
17197060
17196247
17195982
20208210
19734610
19283635
19283634
17194680
17186879
17186201
17179871
17175975
17172947
17164443
17161127
17158837
17158396
17153554
17150072
16092300
16052178
16050338
16040579
16040412
16038181
16033494
16026641
16022884
16021589
16020009
16013344
16011396
16011392
16010186
16004662
16003573
15996727
15990428
15979815
15979193
15974137
15971383
15970024
15943655
15935101
15924199
15920380
15917039
15917034
15902344
15893166
15889640
15884093
15878842
15876471
15872171
15851437
15849535
15842323
15834242
15832880
15828696
15825922
15823883
15813628
15812619
15807796
15796639
15787341
15779793
15772119
15770881
15763910
15760701
15752835
15748071
15748070
15748067
15744739
15743694
15735834
15723730
15712654
15710728
15709850
15705269
15699315
15682984
15682971
15677807
15665367
15648201
15631015
15630127
15616905
15614123
15609782
15602142
15600231
15592249
15574714
15566238
15562738
15557551
15554800
15553057
15540238
15529697
15529283
15527229
15526655
20228641
20128339
19420035
19402986
19402305
19397083
19397078
19372503
19334331
19283574
19216411
19181138
19150895
19052071
19044312
18990949
18988391
18981509
18980076
18978397
18977679
18977062
18971768
18971414
18952338
18951747
18945732
18942484
18942317
18942134
18936066
18926047
18923216
18855828
18855173
18852937
18849508
18842158
18840704
18839723
18826976
18825835
18809147
18821988
18817500
18810841
18807795
18552265
18800004
18793039
18791551
18789018
18788123
18788104
18776751
18776749
18755766
18754178
18751672
18751575
18725002
18723450
18723307
18720624
18720617
18709582
18705146
18703445
18700236
18693967
18677877
18677650
18671301
20695047
18663043
18663033
18662249
18660768
18649244
18649109
18641520
18637629
18637527
18636539
18636257
18633699
18630244
18629691
18628763
18624586
18622302
18617924
18613535
18594112
18584389
18580278
18561737
18477887
18444045
18444044
18439361
18438519
18433318
18429420
18426177
18406837
18386179
18386178
18380525
18355710
18353906
18341180
18334057
18309552
18302874
17499410
17497544
17487115
17486826
17486789
17484196
17483100
17481458
17478646
17477332
17477219
17476553
17475734
17471113
17470666
17464789
17464595
17463345
17463344
17462984
17462049
17455442
17455037
17453701
17447344
17445329
17445058
17444070
17437464
17430537
17425775
17420113
17417769
17407471
17406348
17400033
17397374
20084692
17394683
17393764
17387048
17385965
17377078
17377076
17377075
17377074
17375385
17375232
17372803
17372245
17368074
17366125
17364514
17362790
17359562
17356991
17356973
17356366
17355298
17352384
17348334
17348286
17345650
17345603
17345145
17340848
17333820
17332657
17330630
17328520
17327910
17321417
17320266
17312364
17306065
17304983
17301056
17293365
17293067
17283922
17278186
17276512
17266693
17264031
17263656
17263286
17259050
17255612
17254906
16634515
16634377
16616171
16612826
16599392
16597571
16595018
16585141
16572911
16557116
16555465
16541612
16538997
16538669
16532485
16522406
16522405
16520506
16516665
16512510
16505750
16499258
16496087
16493861
16489480
16485590
16485588
16470717
16470239
16470163
16469659
16464348
16464275
16464272
16464264
16450677
16450619
16441966
16433107
16427965
16416235
16410595
16408169
16403135
16400912
16400758
16382432
16378240
16375045
16372684
16368586
16360619
16358969
16356897
16350346
16344667
16338753
16335544
16333935
16331723
16301755
16294937
16281205
16261128
16260342
16254060
16229053
16226428
16225507
16221622
16206396
16205300
16202793
16200558
16195299
16192200
16192190
16186455
16186088
16183361
16174641
16173913
16173854
16167716
16156493
16147827
16136201
16128363
16115175
16113141
16108314
16106491
16104457
16098149
16091855
15996466
15968228
15953217
15938407
15845822
15819535
15812434
15800354
15793551
22003535
21813096
21801556
21801555
21801554
21801553
21801552
21801551
21801550
21801547
21795908
21649519
21646637
21639661
21639659
21634317
21627851
21612640
21353863
21314041
21140781
21133058
21105305
21098593
20939395
20654921
20601725
20578281
20510951
20473102
20411646
20360789
20088231
20055038
20054634
20049773
21395110
20030498
19928714
19892293
19860976
19723744
19723742
19710340
19697482
19690962
19690955
19680588
19658323
19648712
19648703
19648694
19647528
19639922
19636707
19630458
19629691
19623470
19592706
19588512
19553634
19580440
19573798
19565872
19562486
19556094
19555541
19553064
19548326
19541896
19541256
19533328
19527611
19526380
19526324
19525743
19503766
19501941
19499428
19499424
19489413
19489283
19484605
19477736
19465327
19464743
19454625
19444735
19442970
19437856
19434217
19397183
19397077
19397054
19390760
19386058
19382508
19353475
19362383
19358034
19356206
19350839
19338259
19335672
19331255
19323606
19299758
19293297
19293284
19283563
19283562
19283243
19282506
19265731
19264725
19250517
19246861
19242482
19239444
19237501
19228617
19220235
19218945
19211440
19205147
19204612
19195491
19189805
19185265
19182984
19176424
19075451
19137480
19124317
19114239
19113033
19062704
19061561
19058466
19057495
18085415
18078550
18075637
18073222
18073220
18073015
18073014
18072988
18072978
18072461
18069221
18066739
18061994
18059392
18057151
18055170
18048628
18048555
18045265
18044814
18041547
18041073
18039627
18037270
18034949
18032997
18027300
18027299
18020847
18018508
18006201
18003422
18000421
18000131
17997260
17996547
17992767
17991547
17990283
17987458
17985826
17985051
17980873
17980668
17974713
17971562
17970859
19263564
17968642
17958932
17955777
17955355
17954867
17954866
17949401
17949400
17949399
17945010
17942364
17933955
17925112
17925111
17924242
17922788
17919857
17918304
17914895
17914542
17914340
17912138
17904917
17902526
17902521
17901519
17901442
17900436
17896879
17895720
17895631
17893067
17891662
17890180
17888805
17885188
17883738
17876174
17875270
17875264
17872553
17872552
17868404
17852006
17850674
17850665
17849824
17844984
17844840
17824267
17824264
17823158
17822799
17821867
17804302
17786661
17785017
17785015
17785002
17676520
17767436
17767093
17764606
17761230
17722671
17722663
17722411
17719746
17717485
17717285
17715731
17712155
17710700
17710699
17709172
17709169
17707499
17707077
17705873
17703122
17700299
17697094
17696675
17695353
17693680
17692368
17691478
17691435
17686712
17682373
17682349
17682273
17682263
17682242
17679245
17679241
17673964
17673344
17668735
17668503
17563294
17563291
17660096
17658028
17656414
17655996
17653940
17653878
17653833
17650782
17646058
17644829
17640455
17638947
17632595
17631203
17628845
17628649
17623535
17622492
17621356
17620665
17615833
17612824
17610604
17609024
17606818
17606282
17602117
17602015
17601118
17600256
17600243
17597351
17597350
17595178
17594546
17593988
17591508
17588851
17588280
17587473
17579800
17579337
17578850
17578392
17577870
17577535
17577075
17576177
17573876
17573682
17570298
17570053
17569407
17566622
17565408
17565147
17563967
17563138
17561955
17556430
17555187
17554213
17553019
17548974
17547099
17546946
17546833
17546313
17546307
17542989
17542149
17541307
17540090
17539281
17537277
17533491
17530312
17527026
17524190
17522866
17519151
17519095
17519031
17518160
17512879
17509170
17504847
16439380
16422294
16417700
16354885
16327529
21718524
21714895
21712507
21711550
21711531
21702389
21684414
21684413
21684389
21696241
21696240
21672914
21667703
21661613
20979988
20975448
20974697
20968128
20965939
20964871
20956639
20952053
20949722
20935426
20932498
20931891
20926460
20922514
20921496
20920001
20875301
20859052
20859048
20855809
20853023
20851088
20847193
20846019
20831004
20822644
20818515
20806611
20803578
20803577
20731255
20728004
20714272
20709402
20695138
20688541
20677967
20671442
20666068
20663743
20658878
20639572
20638452
20626191
20620321
20586987
20609933
20606224
20598831
20592552
20578470
20567190
20566777
20565162
20564813
20563404
20558805
20558789
20537764
20537423
20535101
20524892
20521904
20512746
20512743
20490675
20480394
20473101
20469767
20467796
20460015
20447220
20446045
20441454
20436095
20420095
20403305
20399949
20394886
20390659
20389315
20383578
20360791
20354236
20348365
20336674
20334010
20303839
20301865
20227922
20223132
20215995
20204886
20200164
20176311
20193998
20192065
20187548
20167633
20162864
20149151
20144399
20141467
20141461
20131477
20127962
20123251
19152142
19142581
19137481
19136396
19133953
19133174
19132857
19132326
19131396
19119939
19117848
19117431
19116800
20353929
19104200
19103896
19102641
19101777
19092551
19091935
19090405
19086705
19073783
19072108
19068942
18578811
19068157
19067932
19064226
19062470
19061760
19060032
19057953
19050210
19050016
19049840
19036551
19033173
19028331
19027187
19023771
19016254
19016169
19014801
19014793
19014604
19014522
19012060
19009882
19008615
19004158
19003797
19001622
19000464
18984506
18982207
18980712
18979708
18978458
18975061
18974061
18971405
18959729
18955386
18954183
18953214
18953206
18951253
18948434
18947435
18947062
18939917
18929740
18928133
18926036
18923213
18854068
18847166
18843529
18842127
18840742
18836832
18836095
18830138
18828929
18824833
18817493
18810951
18810618
18808532
18805686
18801867
18788122
18785917
18784967
18783389
18782364
18779762
18776750
18775945
18768518
18761366
18760577
18755784
18751673
18728659
18728300
18721054
18719849
18715204
18710678
18709041
18708892
18702651
18697373
18676136
18672557
18669807
18664945
18663540
18655730
18649983
18641472
18643814
18640757
18634547
18631312
18626537
18626532
18621955
18617207
18611318
18611312
18611311
18610762
18608824
18608068
18605115
18605110
18604759
18599172
18596020
18595889
18595587
18595582
18595577
18587362
18584997
18583450
18583447
18580531
18580394
18580046
18578681
18573752
18571213
18569854
18569247
18569047
18568976
18568263
18567651
18564695
18564324
18564080
18562985
18562740
18561824
18557848
18556864
18551570
18482557
18544882
18544726
18542082
18538458
18537987
18533387
18533310
18525432
18522343
18520742
18519522
18515324
18512466
18511769
18511768
18511617
18511595
18511488
18507205
18507203
18506178
18505603
18503016
18501019
18500280
18499182
18496896
18496349
18494959
18491221
18490866
18490865
18488802
18486361
18486166
18482944
18478868
18477494
18472537
18469716
18465472
18465407
18463411
18460556
18460555
18460169
18459042
18456539
18455642
18453503
18447112
18444456
18444043
18441192
18438917
18432048
18430153
18422207
18418528
18418291
18416021
18413023
18410781
18408402
18408401
18407380
18403513
18402907
18399022
18398530
18397459
18397405
18395724
18390128
18390056
18390020
18094792
18373746
18362820
18360830
18359579
18358506
18357954
18355110
18355106
18354050
18353728
18353007
18342653
18337077
18333491
18330335
18327107
18326343
18323356
18322026
18320903
18316453
18315828
18314240
18313564
18313179
18312795
18308261
18307853
18306239
18304363
18302159
18300538
18297974
18297170
18296014
18295872
18294382
18293235
18291341
18291010
18290981
18282342
18281222
18278621
18277187
18275360
18270404
18270275
18266164
18261155
18260772
18260581
18260580
18259047
18254460
18251737
18251338
18249390
18246448
18245419
18245208
18242933
18241139
18240704
18230195
18229653
18226781
18224504
18223245
18219251
18216738
18213434
18211652
18209780
18207264
18206522
18205964
18203243
18202962
18202244
18201794
18197074
18196387
18194594
18194396
18191295
18188140
18186151
18185877
18184983
18181419
18176692
18166850
18165889
18164249
20531264
19288345
18163140
18161640
18159966
18158695
18157384
18096915
18095812
21820539
21813369
21586220
21795289
21767094
21605269
21592125
21589868
21572262
21568720
21567475
21517662
21495608
21495194
21480384
21478458
21476161
21475089
21468775
21448039
21440969
21439756
21417558
21366437
21366176
21353126
21343590
21338892
21337243
21314807
21311828
21303237
21301262
21299914
21296604
21282687
21278322
21277804
21220866
21219504
21198332
21190464
21185749
21145491
21138896
21130695
21129618
21123407
21117533
21116144
21108739
21099086
21098604
21091899
21073063
21066925
21061936
21061928
21061558
21050087
21041160
21040182
21035063
21030543
20528703
20156732
20615573
20604913
20592548
20584288
20579022
20576829
20561080
20546817
20543490
20543485
20541279
20539168
20538627
20537127
20536757
20536490
20532657
20524383
20521870
20521306
20506507
20503799
20500740
20497543
20484420
20473457
20466750
20461879
20458109
20458055
20457469
20447197
20441133
20431793
20430552
20430489
20429487
20426257
20423415
20415807
20412875
20409499
20406550
20406549
20406524
20399953
20398047
20393347
20392339
20390496
20388895
20373907
20379297
20374409
20369642
20356353
20352320
20347555
20345827
20345544
20338966
20329671
20304260
20303156
20236401
20232126
20230345
20192713
20192712
20218270
20217834
20214484
20210071
20209732
20204955
20200019
20199766
20197456
20183338
20179441
20178873
20177043
20168190
20163513
20152055
20149163
20144398
20137747
20132621
20123674
20118831
20114133
20108885
20108049
20105037
20104434
20102121
20101416
20100097
20095303
20094829
20088219
20078457
20078423
20077242
20074408
20070716
20070504
20068311
20067667
20067138
20064916
20064134
20063453
20060255
20059777
20054794
20054464
20053236
20050792
20049522
20046177
20044334
20037616
20036168
20036097
20035989
20032167
20028878
20024774
20024718
20015868
20012702
20006644
20005860
20005248
20004490
20004038
20003704
20002765
20002705
20000070
20000054
20000028
19999745
19996471
19996467
19995508
19972656
19968876
19967659
19967336
19966558
19966315
19959053
19956159
19956017
19954121
19950320
19948464
19946185
19942108
19941730
19940420
19937919
19936554
19935082
19931746
19930021
19926799
19925271
19924526
19919195
19912402
19911620
19911445
19910895
19907425
19897514
19897193
19891618
19878344
19866538
19866535
19861377
19861102
19858957
19858956
19858953
19856235
19851945
19850549
19847684
19843422
19842785
19840368
19838909
19838903
19838100
19837356
19837351
19830563
19805795
19815915
19813430
19809431
19806821
19797752
19804482
19800997
19794269
19789196
19787525
19786684
19785581
19780857
19775200
19771393
19770525
19770219
19768236
19765825
19763393
19762650
19761662
19757018
19757017
19753950
19750861
19750558
19747888
19739267
19735342
19734974
19728767
19728502
19728405
19727843
19415424
19725018
19723989
19720480
19719908
19711136
19711082
19710615
19709844
19707769
19701973
19700297
19697259
19690923
19679028
19685435
19685099
19680310
19675264
19673042
19667424
19659947
19654222
19648194
19648192
19648174
19647506
19634599
19633278
19632551
19632550
19632548
19631794
19631684
19631434
19628236
19626346
19622213
19622207
19622174
19619355
19618796
19609179
19609176
19609133
19596219
19593301
19591606
19582523
19581664
19578801
19567794
19565891
19565887
19564225
19563502
20836323
19554818
19553366
19552275
19550423
19534387
19533597
19529991
19529878
19527505
19522068
19515198
19491584
19509209
19500789
19491574
19489705
19487172
19473526
19469779
19464076
19456901
19453920
19445434
19433841
19429698
19425342
19410208
19395399
19395177
19390112
19387125
19385332
19383892
19383173
19380360
19378396
19375208
19373953
19372507
19371452
19370285
19368790
19367335
19365764
19342422
19339408
19335172
19331252
19320403
19319553
19308336
19308040
19306147
19304785
19301694
19288690
19278806
19268820
19261173
19260941
19255264
19254274
19250850
19247561
19247276
19245114
19240203
19235785
19232112
19224878
19220917
19220239
19218328
19208312
19207801
19207795
19204615
19192444
19191853
19191071
19180577
19180370
19174679
19170789
19170041
19167953
19161543
22106759
22090330
22053657
22044336
21989188
21980694
21977613
21951510
21950173
21941932
21941045
21940747
21923415
21896264
21894840
21877621
21865222
21863606
21861597
21839887
21851785
21851783
21848045
21801558
21797720
21783044
21783041
21767163
21766560
21730987
21730985
21725247
21715722
21689040
21696672
21696245
21695861
21683328
21680669
21680668
21677532
21672150
21671488
21669385
21668722
21667701
21661617
21647074
21647051
21645388
21642334
21642331
21626269
21608421
21605514
21605433
21599994
21595967
21592124
21591836
21577164
21577162
21560522
21555086
21545769
21533288
21527303
21521624
21515748
21510126
21503849
21501815
21501580
21501540
21501264
21498879
21496991
21496754
21496262
21495609
21491414
21489268
21480005
21478756
21477376
21467245
21463410
21459268
21457601
21441274
21424566
21420214
21416787
21413577
21409708
21397534
21395433
21385423
21378675
21375728
21375199
21371993
21345297
21343871
21343845
21338890
21338233
21335153
21333027
21330153
21326245
21321824
21317003
21314849
21301983
21300097
21299847
21286837
21282679
21279455
21273184
21272280
21269352
21262921
21261193
21259067
21247337
21241347
21239374
21226697
21226342
21214614
21209304
21209296
21209295
21206295
21198922
21198461
21198293
21185992
21178217
21176131
20943585
21167040
21162621
21151019
21146116
21143478
21133807
21131605
21130516
21128818
21122148
21118627
21116191
21115986
21099696
21093373
21091400
21090894
21073826
21070646
21069114
21060121
21057742
21051987
21044992
21040364
21036544
20959725
20951090
20941904
20940073
20939229
20932433
20932394
20932203
20920267
20878861
20845195
20869145
20863245
20862219
20859818
20854037
20840709
20838266
20835964
20829863
20824563
20819304
20816342
20816284
20815995
20814798
20809951
20803913
20739837
20738733
20738390
20735507
20735246
20729493
20723771
20722798
20712866
20711947
20709581
20707957
20701762
20700769
20692182
20690911
20690340
20685686
20685592
20682929
20650539
20644498
20644497
20642845
20642162
20637393
20634646
20594340
20593024
20583686
20567033
20550653
20507555
20502345
20467938
20454567
20444062
20401356
20374206
20357652
21702262
20334748
20307268
20302625
20187949
20142752
20064224
20024747
19961504
19709430
19671156
19589164
19563640
19539420
19535539
19528134
19472853
19426533
19387128
19341473
19281345
19273474
19266590
19175652
19120898
19095341
19084880
19057566
19014476
18846786
18840222
18711259
18677782
18668187
18248673
17854734
17854480
17767791
17767790
17709583
17443630
17286203
17270044
17212065
17042021
16887022
16706709
16700369
16698626
16698622
16698621
16698113
16696818
16688097
16686872
16684724
16682567
16678975
16678340
16673989
16673977
16673834
16649725
16647928
16639070
16633120
16632189
16627244
16627044
16619734
16615844
16611368
16610506
16603747
16602402
16585283
16582855
16572041
16566642
16566240
16565617
16564198
16563769
16556885
16553927
16553911
16551476
16547452
16539973
16537288
16533674
16531606
16522965
16521616
16520681
16518835
16516977
16516655
16510347
16500736
16495871
16493205
16492004
16490728
16476748
16474363
16465982
16460671
16459140
16457946
16443180
16442438
16442041
16439930
16435530
16435312
16423124
16422878
16421658
16418643
16417695
16413229
16411342
16403225
16403038
16399970
16388872
16375788
16374668
16374224
16364566
16362233
16343723
16340947
16339614
16336620
16336015
16332402
16328394
16327528
16325139
16313292
16310137
16307628
16305815
16298835
16291483
16287886
16284538
16276857
16271654
16269298
16261714
16258342
16257563
16248132
16246664
16242295
16238653
16236839
16234438
16231037
16216095
16205304
16198724
16198142
16181570
16181047
16174145
16169727
16169159
16167748
16160657
16150131
16149901
16145719
16142843
16138454
16137802
16135336
16129659
16124844
16124420
16120501
16119571
16118604
16105190
16104490
16103026
16100704
16098152
16096596
16081574
16053592
16051447
16050856
16047935
16047529
16046371
16045554
16036254
16036251
16033496
16029778
16022890
16009298
16004706
16002028
15996450
15994471
15991775
15980419
15971397
15970241
15969661
15965035
15962874
15961918
15955292
15953222
15953220
15946107
15930237
15929751
15928365
15925079
15923287
15922431
15920707
15918345
15917066
15917041
15913679
15912087
15908631
15906884
15899311
15893162
15893059
15881034
15875124
15871865
15862929
15860078
15847901
15845324
15843107
15833580
15832646
15829838
15829025
15814395
15802112
15800811
15791563
15788807
15777473
15774332
15768572
15765635
15763713
15744403
15743658
15737222
15737219
15731906
15720051
15719652
15717908
15713125
15705243
15699306
15694504
15692289
15685409
15682699
15675496
15674138
15669662
15656015
15639634
15636496
15630077
15624551
15624546
15622659
15616420
15615285
15606320
15603703
15590215
15588030
15583907
15577647
15571551
15569555
15567905
15563994
15559757
15557419
15555383
15543765
15541128
15529235
15511740
18578607
18346001
16451720
16050867
17402209
18588670
17490762
19860301
17309015
15549002
18077269
19581338
19226195
21721302
18194357
15835624
16772071
18073544
18026200
15985092
16573671
18254830
16082604
17115482
21988682
18237315
19593314
19714597
21560897
22203544
16475048
21053704
20530312
19445616
16126054
19568211
16926716
16043983
18505556
17564360
16506212
15728953
18321394
17284981
20159458
15817367
16438774
19102433
18416779
17786521
18758042
20042262
20123817
18804936
16088009
21402203
20959735
20136709
21469488
16630971
20718644
15999092
16182126
17289465
19120081
21142837
20858885
19156467
21121500
16277742
16549967
21878695
16290972
20735273
17583281
16835667
17868410
21123958
17641967
21483251
16973953
16488345
17029628
16872487
17672390
18809125
21947653
17932653
15558082
15634637
17491503
17510154
16303690
17489954
21944796
17697454
16920526
18021781
19728660
16927582
18623381
19486796
20505419
21296784
20399353
19765742
19541214
21590628
15992675
18036478
16487895
16774690
15995388
16714993
18658242
17363856
17000483
17042811
21332773
19177916
17014467
17060279
19104228
19877094
19592081
20175311
20836633
19606236
17074865
16792759
18387229
16869180
15913083
17942310
17220677
19679701
18211557
17524406
17535178
20194809
17604967
15750380
16192192
20536486
18379242
18598904
18973056
16316872
16756523
18280252
18088159
15592707
18705720
17624678
15669932
20696808
16123260
16219711
20418251
15621478
20692122
16719899
19717991
17228432
19188132
17334734
16676112
16473730
20626793
21419559
21210926
21313940
18834730
16430386
17088574
21492279
21127318
21420665
18330626
19189481
16331167
19717690
19094437
20066871
18338454
19022029
19914637
17854726
21174852
16837805
20487059
18509872
16350737
21735950
17641348
16447529
18433028
20729031
20116791
15841887
16426952
16834773
15565901
15935099
19908926
17919912
17938060
20185054
16502131
21125755
17518194
15774054
19587582
20352500
16235137
16035276
16500449
17348964
19876941
17447099
18616438
21513049
21129010
15900805
17220387
17459542
17970860
18758335
21326027
21109807
15775808
19433951
19836920
17235261
16488347
18184424
18606055
15786888
17394651
15568269
17286738
20525473
15552806
21768819
16475466
19327186
20811783
15651440
16734091
19231928
20469729
15922499
17238623
19842863
19756766
19845717
15550362
21350870
18598388
16704611
17207214
15528291
20817494
15836534
18289189
16893664
20117259
19893846
17526329
16779501
18329000
15850300
17118116
21121576
16543518
16353320
21134177
17537091
19077838
17702150
21397103
20864829
19251831
18361952
17335528
17927115
17485968
19670995
18582253
17991602
16867122
15632503
16189060
17868762
15540666
18833890
18402557
16566102
17464738
21149758
20660904
20016955
20579116
17701163
15887949
20524070
20920808
16625890
18384920
19218376
19537640
18937231
18348367
16178312
15540835
15721968
21939406
21870731
17346296
21210080
17880415
18647988
17102470
15729062
20923897
19898097
20033227
20654827
17063404
20667779
21749772
16633237
20430562
16258096
19028821
20084785
21906046
16003459
19831158
19629856
16514924
15855813
18322412
15973859
21366022
20012253
15837667
16936529
19300074
20885315
15761453
17058721
15735596
21172073
20333493
16097920
17627885
15960707
19042213
15701779
19996808
18705120
20927738
21142678
19708058
21078044
20879611
15526736
20027967
17185925
15583255
17393816
19088351
19897540
21449803
16821695
18316875
16300211
16911265
16092779
18770934
16332466
20493750
20875258
17614177
17333656
16815115
21143961
19947187
19509634
18191007
16282079
15887749
17654158
19587253
19375520
16978415
17855042
17319398
18195298
19290975
19560692
20169350
16499673
16182758
16467285
21882797
16027505
15643770
17719295
17724401
19830402
16174996
18180491
16777826
16015115
17394619
19246135
19161085
17523576
17518381
18839742
15625798
19692159
19085667
16338569
17156424
15983285
15986722
17433615
20827777
19253148
17580773
19352161
19701782
16492489
19145803
17530136
17138955
19886872
19445336
17906909
20375814
19446302
20099529
17701262
20331486
18394900
21932708
17039753
21842628
18700254
21471595
19436690
19635343
17551350
16619472
15637685
19962629
15561380
17059720
17502632
17472520
19025699
19080875
15993257
18186031
20495648
20816332
16719039
17947892
20803401
20104963
17923890
21418461
18361028
16355710
19922005
20189682
19133750
20095179
19216339
17543009
15785914
19884808
20500349
16884034
19373959
20932275
19052185
19775309
17118045
21194757
19160608
18375626
17885771
20540001
17615634
21834286
15805142
17144052
17557486
21857013
21649843
18751654
17214862
17873208
21729322
20356430
19694337
15595226
18825367
18222953
19584638
16915716
17238454
17322006
18401650
16148808
20225102
19257859
16784155
18052896
15913239
19863767
21879999
17486705
16461604
19565050
21091417
16553673
19001352
17693437
16212213
16162637
21285471
20419746
18525158
18379839
20551222
18796047
17950499
19457893
18475222
16903403
15602303
15536815
20426301
20298301
21118331
21036526
19086601
16118102
17593767
20819831
18769938
18954641
18030959
20398133
17468458
18437935
19671646
17453872
17227981
16787474
17435991
19136419
17150048
20643327
19628933
16808124
17847735
21254288
21164408
20564070
18269678
18551961
19642026
19271597
20422062
17054572
16094061
18998761
16755942
16966667
16760179
20853211
21029998
15945363
15940125
17444080
15994588
20636181
15976500
21359272
20692658
20504233
18521875
21085068
20553584
17052342
21191212
20942615
21362182
20441394
20346092
19395709
19394018
21995229
15756922
19390094
18319281
21120766
19469051
21750125
18174780
18163235
16881503
15564786
19559565
21084890
16832007
18032748
21388240
15940836
17874230
20150849
16884888
19846861
18405345
17413906
16336547
16766785
15517302
15852699
19683253
18575344
18226132
18030102
15677614
17213260
15675661
17430740
21381268
21120408
19480115
18000441
16951435
15789509
21285740
18494715
17165326
16783553
16841229
19139668
17097757
16711579
17945886
21340369
20578046
19664842
18387226
17193836
18380998
20564415
21298943
19104292
20821958
19826325
21684388
20552858
21314594
18467479
17352051
17307794
18244998
17398233
20432110
19350879
15629730
19689600
16180112
20494965
21214615
16749640
15869553
21306701
17258131
18614905
17270631
17133895
20169371
17931328
16520520
16921728
21183152
15799988
16766784
18775827
20849313
19637555
16192828
17464538
16639190
20446521
20655165
21439184
16117008
20159423
21770350
17882501
17311888
19243317
19562979
21352270
21352225
16501141
21585226
21343276
18549134
20647793
16629356
18560296
17361388
18268140
15540702
17363936
15826434
18372379
16039809
17263879
20575232
16641660
20584087
16445662
20344988
17087707
19593245
17933613
18501748
19256295
19638984
19098944
21111388
18841185
18202934
17342850
19826116
18763364
17714255
15659900
15613848
20059311
19795533
15720496
19349457
19187169
16425756
21070691
17207006
18618855
18341171
16374205
19380920
19001003
18031573
19545366
18763438
20855994
17074871
16858741
18847652
19405456
18800283
20554367
19686553
15715532
21449185
18417132
15876234
16543906
17140121
17086639
20450128
18414329
19542423
17185154
16468598
16928282
19637008
16097455
17335738
21663416
16635646
18662214
20398578
17214919
17132376
20584625
18468922
19810627
19445338
15992192
20230576
17918029
18413876
15947809
18281352
18042302
21224258
21164389
15765814
20113704
18956224
17969660
17633591
17674615
16133644
18188711
20334647
17607616
19283868
19771647
16483091
16026960
17978258
15834528
17346321
20029970
18610809
19080034
18983365
20067684
18069316
16004677
15616943
17460312
17455746
15705638
21047589
20019120
20157964
16830236
19011420
16443975
19941779
18522561
15712674
16698157
15565976
20456855
21801517
21484041
19433704
18558255
16627218
16532479
16128659
17393898
15608297
17923289
20423587
16076318
21896439
21537324
21526583
18702408
20840358
17617090
19537396
17633979
20088288
18787902
19841548
16019771
19861106
17183933
18381020
17144921
17505202
20690461
21879669
17694419
16869125
19877816
20706836
16870639
17308535
19779947
19542059
16398194
15637849
21051795
20201147
16945865
18330581
17290038
18549063
19501307
15683202
16147819
20099252
20602594
17117446
15787229
16333558
18172404
20972377
18777789
19403574
17210997
15526486
19880830
21990151
20738360
19910195
19400938
16681111
19642430
15531969
17851384
19814924
20488605
21295064
17578393
17610181
20081637
19132186
18491831
20646817
16281435
20178535
17593456
19656231
16783181
15961915
18194397
16242292
17501881
19192914
17373396
21605272
21154092
21078002
15535539
17407657
18683435
20710110
20597087
18385402
15681666
18374431
15993137
21149288
18457289
20466370
21329857
18712798
16473694
16569249
16857074
18181072
17338202
17364250
17283706
20675834
18389318
19955454
21680042
19576819
21631927
19856149
18187111
18837645
16646550
15611423
18372678
20029309
17387063
18931348
20336355
16844417
16579251
19538808
16110929
16485621
20687974
20581652
20678874
19534188
19522884
17574501
18856076
20529495
18463374
16767855
21309317
21095690
16474364
19130225
21763127
18711951
20436336
18090141
19493141
16028831
15842680
20848072
21817972
18392393
17211204
18183802
19374478
17610020
15531959
20029430
16584674
16220613
19514373
17563332
15996751
16442473
19074757
15553058
17692636
19084288
16951297
17929401
16332484
19294937
20638005
16625131
19088667
17882096
18350769
18489511
20102784
16154311
16787476
20238371
18434916
17300413
19864968
17148538
21214716
18402316
19327963
19827966
17854729
21576545
16489938
19024183
16422735
18070254
17936793
17102272
16351539
15906896
19444288
17431697
18928132
20843903
19025702
19581624
21337988
15754925
17976989
18271789
17942229
17597436
20940587
17986680
15904849
21527175
19926179
16550675
17188599
18953199
19859745
20532923
18478683
18777804
16000102
17642389
18335830
17326557
17253013
17495557
21585138
20003350
16696786
16639736
20008442
17126967
18648946
18096583
19656753
18443004
17407796
17958909
21820637
16448450
19006589
18370586
19239663
16986369
17102364
15840163
18808459
16028434
17033234
18497006
21894784
20386462
19142780
18501747
17611238
18431285
18665683
15812092
20173438
18569897
20345835
17676216
20570462
19085796
18171971
18849806
19524911
16448970
20712800
18085971
16732789
19126332
18655322
15805934
21112455
16177996
20946037
20162878
20587888
18789191
19035895
19930370
19043123
19460830
17476702
21413846
18318970
15576514
16613404
20123876
20374400
17522003
20354068
16055870
17980927
18569419
16215795
21040261
19678853
16927166
19414298
18655644
17080904
16983850
15574713
18355699
20064197
18784562
19580220
18726939
20186567
15576272
19006792
20813893
17413678
16046569
16282000
18046139
20628817
21555502
16051661
20404623
18842157
20014541
18814476
18284670
18245213
19397431
19231904
21540011
19131749
15696887
19698038
17064202
18189334
15636005
20153902
21659317
17518890
21127092
17719362
16402952
19096897
16179169
20185441
20834034
16555020
18090138
18815991
16489956
17683594
18278613
16061762
17079797
17568328
17394095
17937508
18587257
18435018
15701763
17924926
21149561
15552460
20105274
17984217
16260707
17906208
16257441
15872398
20795424
16555757
16779349
15867730
19863228
16805764
19585920
20095083
15619508
20104453
15756880
19788555
19999602
17157557
18520668
20640516
20362246
17700306
19525764
20121577
20890144
20371779
19550170
19181371
21478085
18242941
17278924
20443420
18563023
19737125
17459820
20500646
20131741
18492558
15704593
17955396
20077984
17493954
21462668
19060825
17521258
19552339
17712842
16545263
20843717
18274394
20420999
18758277
19889472
17340180
17407605
15537404
16846868
18215751
19102225
15977519
16104653
17408073
18788974
20673619
20303600
15565357
16419462
18604755
17260490
21555746
15566586
21716110
17162373
15749138
17380491
19020397
21576606
20665409
17207239
21123409
18076919
16546057
19271457
19547957
16110012
21306423
18781251
15616378
20667061
20646387
15984917
19130311
17635952
19736262
15698450
20687449
16669213
19464745
18715389
15534882
17853170
17325834
15834260
21489164
20176463
17512100
19752684
16786362
17020113
19148848
18308281
20642183
17606335
15793979
21537554
15904750
17620401
19944367
19847722
19481303
19761916
18548793
16630997
18976204
16933450
19453320
20010176
16411032
17295602
19952796
19381078
20001883
15889590
16151722
20502175
15727112
16178829
15987327
17229270
18717450
16060584
18928735
16205649
15580023
20003236
19022071
17235260
21403051
15730184
16808742
17132380
18052559
17050482
20873397
17579615
21193142
19438112
21473513
19227691
17973694
19720938
19169588
18019286
18382834
19481879
19142055
20546292
20487419
19143956
19934858
16457308
21427419
17458368
17321361
18158526
16550986
15899224
18593228
17252603
17608889
15699874
17390967
21139016
17533915
20535797
15911187
21268385
21610242
20841882
18425027
19782445
21976585
21448033
19780435
18225845
16479635
15544666
16827928
21388907
21155399
21152823
20731283
21143085
19777309
20949867
20557383
17443116
16542166
17624156
18537602
15672850
19204619
17977309
18278648
19836731
15527604
16597053
17851385
16321687
16881337
20090339
16263639
16362696
17636714
17556999
18190370
19114900
16759386
20206405
15801370
18779461
21556269
19291084
19115892
18668359
16709492
19962628
21824947
20530342
19054983
17697762
16295992
20572627
16225557
20151578
20642732
21191254
19408781
21119382
20029343
21555477
16034758
16965558
17764076
21242245
20799395
17016990
19930483
17284952
16416762
16149236
19767023
18774670
18457803
20719567
20008828
19839216
20841777
20963630
18195311
21172921
17992299
19380504
16167658
19066143
18036470
15553330
17448416
18832107
19467998
16446515
18786753
21448038
20803408
18041317
17582316
21155123
18715965
20191948
21088524
17387067
17060182
16595206
17685909
20693520
18941964
21140321
19234424
17152030
15782878
20089197
19917174
17117194
18563015
19010576
19843964
17987539
19755364
19559290
21085475
18164469
17701118
19192897
20800766
16046042
18270931
17177929
19026477
15967010
20514712
21863029
19830610
15870117
17324194
16185923
16806501
15701193
17999005
17478643
18812589
21376188
17486805
20871511
15713915
18488866
19248431
21141405
19960922
22034725
17228785
19560760
19175285
17966836
20225728
18817960
17122679
18227742
16986577
16239050
16581631
17315674
15597292
18845414
18956493
15652689
16039937
19327069
20464071
19284810
20592066
16035413
17876966
18227884
20054837
19271449
17388770
20438034
19681210
18488242
16253259
16356316
21664737
20079610
17806036
16910034
21248756
19544075
19694851
18723249
20473643
19541452
16357787
17161757
16045663
20035353
20127059
15842207
15588366
18185124
16735940
17899999
16412975
15717898
17880483
19339451
20125045
19920747
20690370
18190478
21046968
19006630
16716875
15701767
17577186
20669596
15646122
21095014
18959280
17412031
16135524
16698507
18999031
18654960
21688468
21526685
19652427
17210326
18614907
19049724
17556325
16315569
19539413
17656226
20223078
18840905
16617720
16954053
17350557
21744630
20603048
17539985
17166982
15856171
18639959
16579824
18525247
15689021
15724847
17679224
17540908
17514708
16871101
20207265
21599990
17164055
19892349
16310575
19225908
17152518
16435925
18475107
19608320
15970752
18601637
18204991
19745636
18422266
20619602
15737861
18490685
19719075
21459871
17476163
21037958
20963669
15662176
17897420
21361119
18427444
21255714
20693209
20924426
17443664
18216074
18337533
21659815
19318458
17569459
16358174
17489960
20674430
18042132
20731978
15557358
20613692
21533867
16127527
18073666
15928299
20652645
20016412
17592782
15819975
16980794
16607066
17108742
19835009
19381730
21865921
19799568
21323006
15586302
16493981
20464523
20103070
17667645
15543242
21602164
21181630
15815967
15614543
19602171
16430356
20194153
19412965
21129180
19251761
17319382
17356958
18649821
17515261
21661279
21486129
15957700
19460281
20853581
17299869
18592950
20217046
19709106
20525463
21080297
20538256
18224419
20495596
16378770
17351843
19357374
16441278
20148933
18074477
19031302
19698025
17712643
15738923
20201400
18637748
17134740
20532131
19054472
18446927
21368519
19801007
18063275
19895595
16041160
17544250
16605228
18616200
16194179
16020072
18538094
20151346
20237760
15890509
17683580
16206812
17591343
18382249
16679331
15916506
19033166
17210069
19222449
15689089
17286920
17901783
20527450
19754498
17967975
18093253
16306277
17169127
16802685
18726656
16411359
18715969
20334006
19361307
17210987
17098535
17127115
17662754
17654513
19497746
16325024
19786681
16835560
19288372
20483635
19774354
20014744
18206840
15769972
17355405
18410659
19786882
18757768
19347728
20838165
16398009
18080630
20413053
21503439
20562617
21735952
21165735
16285199
16425009
21531685
17087404
21658825
20038717
17828142
17265658
15846012
20541811
20719586
15658244
16093987
19826952
19032208
16652063
16010225
20048347
20865605
19615889
21678268
19385331
21317851
21485676
16963668
19659705
19405342
20826377
17058750
17343661
19190999
19824281
20218471
22067735
19962475
18721358
18386949
19067499
19476900
20633727
19394791
16981799
17715601
16215464
22039681
18379895
21107849
15985441
17674613
17485266
20803395
19077024
16078984
21394569
21254711
21084427
17243271
15909787
18360201
16529223
18647787
20803673
16611513
16523736
18512376
21670456
17314743
21725416
19012761
16136612
15650632
16398601
15530750
19538607
19474448
20150732
21703670
20694459
15844721
19101209
17916588
15553754
16299191
18606325
16838801
20654869
17514706
17141350
17289539
18541642
17564864
20522394
19583929
17240561
15526053
17450022
18950440
19938942
19735562
17213738
18676528
17593642
20675017
20735294
17419468
18702806
19062079
15930233
20837284
16009664
21208474
17342853
16568462
20681392
18541641
16319561
19943991
17378236
16272425
17852255
18856016
18554384
15935032
18620650
18082004
21386747
18773704
18378464
18694985
16034337
15602312
19073656
21614729
15990739
18538999
20175797
19124857
18990207
21877634
20541443
17408021
16239231
17397367
18935780
17099138
17344672
15910431
16182988
19088482
20351159
19904618
17918303
20666955
19088243
16447646
20832743
16629920
18281641
20940272
19715493
16317329
17514382
21140859
20810585
17921937
19952043
20536540
16489707
16013424
18095795
16267966
19215004
21322194
18484601
17416711
19615624
17139909
20395648
18439169
20935215
17196847
17011264
18396610
20420304
16699339
17347295
20302989
19060609
15842203
16257618
20592254
19606561
19156472
21499999
21813221
16754815
21893738
16126601
16570555
18199300
16956715
17999008
20433438
20078017
15602163
17868507
15658136
17548908
17075366
15665634
21414701
18269541
19156374
16706569
17157824
16350354
16340472
17031733
15984178
21459494
17403563
18349430
16581638
17640364
20679161
19152898
15799673
21592383
20558122
17718730
16866839
21425244
21477493
15853778
20949815
16353063
19060821
17128655
16494144
15747886
21131574
19915838
18350859
20421033
20193935
19602683
17469354
19942702
19445342
18556665
17925064
18792598
16106771
17703015
20543368
20838319
20379726
19749641
19016926
17635259
19346031
19286334
20040563
15984505
16719042
19388505
16496832
20615181
21108428
16492923
17484794
15612844
15690865
20869545
19070934
17714049
16370506
16442479
15741712
18443260
19170299
15918872
19248650
21069116
20304547
20689196
18286995
15792264
21666960
20824760
19098508
19824989
18720560
16304319
19093407
19956979
20210265
15717239
16823646
19732243
20880759
21073502
17999211
18437069
19006591
17250771
17077254
17439753
18459591
21555673
16121874
21439109
17353491
18536217
21145150
20050480
18057810
16696861
19080189
20192817
16920242
17003701
20955481
19788369
16144244
16439343
18385992
17391510
18476661
20936570
15570485
18550780
17009569
16333538
16927733
19095334
20222259
17953295
20050447
16645132
21561512
19542198
19785363
20544041
16027590
19462470
16901253
20447800
17629994
15573804
17215469
20081722
21476861
21863651
19039740
19011741
16515009
18249035
19179868
18381849
20580415
15832243
20432115
17608243
18385264
20963671
18041511
20834035
20805023
18578802
18286911
16435233
19623798
16201605
18773593
18725849
16512040
19248376
19632561
17004698
20841317
21724130
21717470
16451156
15580015
16334509
18373401
19251730
17983362
19813368
15912052
17456169
16315651
16989330
18573777
18003593
17467992
19528101
18540958
15891314
18489665
16838562
20152089
17041293
17899993
16451424
19601420
15797156
21624867
16189057
19085998
21537787
18507575
19404580
18694913
21590572
18003870
16310679
19911729
19480178
20850002
20513345
18462289
20602759
17383115
21258241
16258117
19148817
16309011
21768323
16869525
19021125
21310027
15666676
17041814
17432372
21367822
20051847
21459256
21732723
18495432
19233689
20443419
17844907
21211093
18976246
19297196
21320942
16020051
21528081
15759073
21916094
19692929
21537150
16426618
19104249
19056630
16925002
15751565
19824156
20349851
16769529
18626723
22164909
16499461
19824977
21133213
20308644
17591341
16425901
20332686
15990963
19642436
17249394
15567739
18654093
16922982
20919970
16467176
19594344
15793024
15566437
17036618
19860072
17185399
19399545
15707221
19891846
15717675
20546983
19952549
17087177
19353313
18277888
18192635
16437270
21916145
15580091
18025448
18674473
17283218
17938399
21264521
15578622
19736720
16360700
19340411
20590900
18065294
16173835
20800719
19767501
16950078
17417043
19683663
17407629
21259126
19354054
17998408
19900742
21592035
20531262
19237100
20466693
20151163
19455861
17575750
15778075
16594422
19824252
16614642
18301089
19566617
21211228
18508231
19640011
17149757
18260576
20306464
19563729
21707473
21876891
18049141
19719852
21388099
19818037
18798713
21471419
15548413
20526983
21444841
19386583
19797471
16014340
19300080
17544140
19667785
21702427
18515605
17356436
19041857
21641505
16186879
17466213
19330684
18603377
19714999
18946244
19265607
16161717
20392641
18051963
17224822
19205735
18299357
19773646
19803291
17664516
19645706
16670232
17236327
15859106
15609749
20722884
21382202
16394454
19276225
18786059
20058098
20609507
19304900
20658541
18560956
18269426
17450710
20695830
17518797
20221817
17657857
21215489
17233408
21139133
20144193
20416241
17850523
20644491
15573828
21124232
22058392
16803917
16162385
20020082
20565969
15678929
19285283
17666609
17926262
17676420
19491735
18338445
20426656
21351221
17534469
20662292
19036735
15619198
15695832
19639811
16985231
15528287
21474806
16493298
15819837
20552859
17656741
20852015
17006993
19227631
19329089
16688504
21323231
17855818
18399387
16450875
20650593
18942535
19592155
16865350
19687180
16739316
20638218
18923333
17911330
20606482
17019837
17024615
16398385
17903162
20829335
19833668
20146908
15940115
16148809
18299546
21323978
18946979
17130980
20047353
16732442
16425730
18056515
15766334
16352944
18324329
16970561
16448434
16475462
17354504
17049695
15774399
21410372
15935081
19492647
15566277
16493937
19552293
20653352
18815843
17587559
18053404
18766413
16728301
17580126
20363445
16321198
18095797
17177903
21428029
16887392
17877868
20374981
17157243
16216663
21809787
17654156
21654302
21628032
19826330
19237475
19371444
17002786
17352703
17388819
16103381
19058079
18756137
16827445
18494391
15912843
20362383
17633340
20362492
16965306
20544471
18815503
17667785
21547859
21057228
21857242
20335913
18992167
17389535
19077804
18021512
17044342
17072358
15813155
21807684
18577922
21655408
17985065
16938788
19896029
17404704
20629461
20173267
16138821
16840923
18462286
18539875
18054730
17953293
15817597
15523242
21219644
21500147
21126965
16749369
18718165
16442027
21050443
20024698
15963863
21393081
21471910
15626161
20380501
16215350
16294629
20190663
15700600
18181013
19568684
16883734
16224112
15989442
16202146
19186284
17892990
16687338
16416080
18052521
20824553
18613851
19066119
18849513
16294474
20940273
15868031
21511353
17917411
19092935
18997595
16808770
16489390
21160141
15839161
17540553
21481732
15916260
16535909
17874488
21557168
20046119
20103447
17138846
20229139
21859274
16893835
16392451
21304091
17091104
17570967
22030650
20303134
16911048
20440869
16983270
19491592
19874643
21783012
15682016
16438812
19833859
20579563
16566100
19492167
16579145
17482192
20479642
16839819
20618313
19944558
19432986
17019551
16129380
18314047
20805071
18272609
17727581
17473538
18688055
17319981
18218198
21783011
17845502
15847965
21972662
21424876
20219315
20230620
16856033
21343937
19550215
15967039
19534213
17387415
19966114
18519095
21462663
17549970
20620088
17550092
17766072
21111957
19244148
21744564
19695776
16092394
18374823
21048501
17328816
19435180
19739304
18505800
17192219
20660873
16573021
17439448
20838108
18355593
18664823
17929724
19623711
20590889
16207267
21706994
20032757
19660617
20048676
19376598
15896261
15899324
18504332
19570200
21231953
16793488
17879568
18786971
18987516
19691191
21488563
20089624
17268910
16790451
17580014
20222373
19093681
17667497
20806208
17547266
15822055
17087665
16422476
16813879
18299494
16632992
15908677
16263039
15801489
17923835
19618705
18612029
16376788
21155402
17495711
16288159
16469472
22073695
15533085
21438709
16343500
17142408
20626120
18486784
17116010
20538421
15672291
17710043
21228097
17604262
20672949
18506339
15589705
20372996
19017869
21481114
17138485
15778631
21376485
20927695
18539337
15552377
15561156
21447846
16440978
18200827
21198812
21443827
17592105
17563109
15765641
20726381
19736656
16766909
17899388
20486445
21384565
16287696
20836629
18512579
18044415
15966089
21429447
20360543
19931954
21042243
19888786
20491193
20963612
20923447
18810901
18638672
17848000
17727404
16433638
20181648
16162468
21110399
16995478
19179560
19297830
17316150
15613092
17944588
17547270
16119682
20521572
15636591
18027000
16517497
20813336
18580738
17196105
17430711
18401226
18617706
21320661
19771517
16078801
15685816
19248440
15828155
18405351
15997604
15852799
17310342
20384527
17193942
17403768
17485752
17414733
15552455
19282060
15686337
15861197
20617291
19531265
20008018
18815980
21449872
19685441
21069272
20141024
17477184
19661252
19930729
21036534
16549070
15999081
16893677
20817453
16425949
16471291
17613594
20236430
19769207
21055578
17883596
21109576
17010827
20297871
17680156
15747756
17095298
17355102
17804467
15834838
16231556
19534258
18774048
19196034
16148244
20398115
21114205
19719464
20425956
18038746
21887945
18412311
15819525
17149993
15776799
19674454
18553244
17014931
16084475
17621580
20667944
18708837
16200515
18386594
21121831
16450660
17937252
15779247
15684776
16238853
21099645
15542538
21635184
17953334
20162921
19615535
19000348
15588356
21482348
16862022
21091048
18240982
18375522
15800825
21853701
17469381
20174947
20213846
21608508
16158036
20932658
16760768
21034876
16164503
17826094
16892512
17693295
17911667
17992483
21494106
21632664
18075446
16340690
15784483
16898103
18774663
16984684
19584343
18211531
16946286
18232620
21134196
19822057
17994177
21946881
17099465
15895142
18346629
16360307
20825515
19368569
15801246
15586193
15618104
15662173
20620615
17557437
16004157
19786417
15829460
21325098
20543370
17346323
16924994
21473210
21692378
19399010
19653388
19571728
20159217
21484020
17951226
20008040
16548397
16137071
18688048
15933461
18217905
18208614
16048857
17515265
21770227
17509383
19138911
19218017
18042019
16203852
21059417
17639635
16046040
18285552
20347705
17591169
15700601
21238893
21057232
17102289
17995565
19537388
20218276
21438866
16277126
16405706
16012448
21651382
17225762
19788406
15984560
18851887
19318286
20033786
21366932
16938786
16247355
18490877
15992202
17190120
17002083
20684415
18030160
18347762
20378184
19199183
17327740
19054954
15538582
18551517
19281443
16526146
17421095
19471139
15760300
18678215
19906442
18595821
16638028
16186454
18569235
18473314
19796753
15988418
20883883
21612517
21987987
18241761
17189117
17904243
17184099
15892500
16171122
17342039
20435877
19952545
18237064
18649947
17120941
18252078
18269433
17556921
17985968
15937381
18331694
21084047
20729729
18479225
16817916
16503843
21334541
18797237
18391766
21291016
19696572
17319254
15813587
17500503
16518952
17013869
18690630
16607139
17595371
15819835
19060802
18988072
20129887
15755411
17966935
15762898
20100854
16033639
20436171
17925030
18709839
16544671
20850836
19671170
17279018
21440817
17430825
20969741
17499955
20511356
21097770
17718731
17914661
17414393
21099425
20144184
18609344
16395020
15721966
16689411
19655667
17075690
17803408
18082665
17851361
16352976
20414114
16266035
19247218
17170671
16237200
20873061
17020240
19694849
18357933
18672575
21335930
18026055
18833453
17345974
18578198
19437854
16704391
20335722
16061905
19578581
18829184
16728866
17524962
17296378
16446268
17112374
20691139
18811986
20338979
17633968
21082710
17715444
17565284
21038496
18440918
18243707
17001437
19358029
20557389
17107619
19034727
19920434
16685018
15925287
20052856
19399208
19452811
20129896
20118821
21938999
20078006
19056617
18194559
20222635
15566217
20660898
16834648
16148497
18350213
17174045
19343738
15737235
15944109
19651928
16094281
16407697
20016435
18075408
17063649
17055804
16372663
19959387
15974110
19018642
19823963
19269405
21803278
17803837
16001753
15611808
19770735
18376736
19912095
16466499
20199959
20157933
20168010
20044414
18334052
21977725
15587531
15797358
19738219
21753452
16253113
17305269
19719516
18796426
17099195
19388383
18173315
16553193
16365242
21724134
19323699
21058097
17545823
18507891
19734191
19281447
16615735
18562862
16024480
16906628
17574692
16272071
21362164
16004837
17366919
20472461
19016832
16263572
20057238
21534927
19718542
19300076
15572501
17718666
16634321
20541354
18242337
19164133
21105584
15659250
19149276
20639645
15782838
18503360
15552490
21159197
16621563
16979096
20607432
20026651
19492674
20083972
17576893
20823368
19103329
17166062
15763610
16023841
15647734
16881246
20690914
17518161
18827762
20147807
16543513
19107680
21071584
16515564
17227358
21737331
19900131
16256118
18172792
20162794
18840903
20230169
18005351
16525005
17531766
20052731
19906285
20236239
17439590
18666911
20462746
18021149
16938902
18000675
19038976
15656857
19291342
21110401
21087372
15741473
18719161
20191466
18386950
20833455
21430003
19244697
17269844
19726018
20038541
18812762
21492345
19832996
15735434
17500491
21288750
19830851
19423623
18157732
22124875
19674860
20684124
16783582
21456108
17852259
16595533
20403490
19747264
19665619
18294599
21484016
15953979
18596481
19061197
20064961
20136648
16448964
21655973
19582520
20594365
21336127
15789885
17934386
19567494
17908529
21726319
19194118
16422034
20975324
16686873
18648958
18829016
21250556
16455221
20182963
19879166
16670136
18282270
15909782
16643176
20931513
17352662
20806579
16318967
16673222
21091020
21813409
21291018
16826960
17963973
15919693
21277071
18577170
16099552
18664711
19142066
17584338
15902607
21592032
16729477
16996857
16447328
19436207
17161318
17624157
20709477
19235253
19029313
18555158
16430762
20107763
19187554
19686224
21574247
17910341
21429956
16647673
15677916
16111072
21978337
20923512
18626054
19104227
17133307
19238819
16775869
19643437
18028383
18725037
21476322
20500964
19941580
17062520
19383069
17846440
18769182
18277638
20546470
17204769
21474390
18197862
17305106
19244561
19797281
15890040
19671645
15616751
15997895
17353916
22066336
19049479
19287913
20403550
18343977
17197795
19342523
19492734
16250279
20232270
17220380
16708137
15704328
17284273
20438371
19660639
18727766
15936561
21366115
21478662
19363444
18414325
16096155
21322157
16904432
16736842
21499109
18074490
17822705
15867741
19207506
19588080
21105897
17431061
17063631
21548790
19919765
19048355
18973674
19251829
20476523
15620909
19652590
20731579
20024733
18272613
16403190
16078408
19115710
15561456
17967588
19709798
17397608
16704285
16958943
19771645
19541099
19268092
19932548
21841286
20364558
19408554
20873534
15643795
20642169
19260899
19043653
20499655
15868347
21426600
17518880
16148468
21157989
17125050
19673731
18449833
16426797
19494680
15619402
16749538
15644541
21295637
17534619
20621751
19653438
16649271
17219360
16092744
21641653
18619717
15605298
17268940
20586623
16566103
16253105
17951353
17294683
17308443
18727992
16280699
17371557
16252574
15884205
17505026
17426492
17640283
17822750
18359728
21884497
18618195
16278102
16795977
21520562
16882375
21136032
21896227
18803547
21903014
19806370
17571222
20618522
21169795
15522491
17151564
21462428
19042059
19305340
19222655
16541431
19525762
19142111
17957524
17764387
16927579
17064964
20423363
19552351
17518822
21470604
16526149
19694530
20563369
20480597
21957803
16916400
17541752
16594878
18758363
16375025
16968571
19749653
19009790
20134337
21127449
21370796
15668268
17500349
16018134
19853819
19519904
21793460
16761660
21397102
21290960
18603536
16966996
16436569
15662792
15611316
17598355
17932359
21526714
20158550
20104634
18389029
18507193
19819095
16986758
16134630
16137786
16354863
18030686
20965458
18298560
15713995
20531440
18547400
17565431
16118105
17260560
20505507
19879451
19730813
20929651
19773701
21136113
20220687
19603570
15735561
15613552
16416459
19522722
19753420
17939528
20010984
16714461
18760675
20925301
18274245
19892820
17046794
20822848
21462758
18511614
20345618
19363379
17035080
18492551
18321835
18665065
18349406
21482838
16595002
19484615
20437869
17250941
16866801
16095450
18076814
19596322
15838410
17071841
15850430
16802308
19089722
17009141
17400862
17343027
20633899
20625618
17879032
15799015
17929740
18771942
16274139
16175113
15775746
17253501
17132845
17081941
21429989
17424902
21800655
16015517
20106664
16219176
17699299
18261541
19889711
21516665
15997964
16024857
19943978
19700432
15849485
18676539
18183643
21539275
18379261
21214376
16235582
19490598
18843442
18190479
17719690
18975287
17700331
15935732
19154304
18849089
16175784
19287104
22121557
18649721
18057844
18450247
20352648
19457969
19018911
20093994
16477857
20223789
19200763
21152711
17173922
18728507
20675167
18987511
19202963
16215349
19152945
18218265
17239061
19136356
16738468
19706198
19372123
20531081
21624869
19189579
21209139
20974071
15923969
20010044
15543435
16310607
19080877
16116773
19142461
17689955
18019116
19811596
19177521
16270796
18762405
19684558
20890143
19535558
16313586
20186648
21242317
21902971
18260038
16209695
17116149
20402751
18312752
16849306
15916471
16924643
21462658
16191139
17159560
16123546
17917941
16307939
20717172
17962841
17162877
16521899
17957882
19922955
17329062
16801205
17368692
19041451
16858623
17060286
16023444
15646867
16649075
17577192
15588042
16477905
20096489
19445070
18488748
21605382
18773795
20070633
18447759
22073745
18291465
17393568
15960689
16355916
19019621
20391795
19962500
18043526
16675762
17949569
17966313
18727573
21404783
21561546
16245756
15964371
15962427
20037847
16913579
20081134
15912809
16468604
17332807
18310377
20974059
21586185
19820231
20099383
19286888
21497250
21106655
21497636
16951011
18558278
15877551
18320066
16406035
20423442
17117333
16843817
19351795
15751434
19768660
20120639
18272647
19801374
21635281
18561924
18715456
16680206
16899938
19864039
16344026
19773732
20306150
18838931
21287816
17299180
17335535
20552923
19805462
18021045
21972461
17098846
15866396
17724103
18030197
16683481
21206288
21490536
20973810
17496351
19240948
15601267
15579352
16013906
20723173
16076793
20426308
15608112
19075103
16278137
17428540
15590034
19379454
20889513
20654285
20964477
17761570
18180167
21252667
16217714
21901675
21495431
19060806
16285228
17119752
19933243
16551313
19828279
17461512
18648204
20155554
17642393
18275405
19566021
19135822
16144265
18029138
15639683
21327528
16970008
20457985
18322741
19858431
19674452
16922032
18777972
18670780
21738035
20390224
15519919
18619086
18698595
21368509
20798083
17673094
17768801
17561800
19584122
19766073
15806853
21806560
18376741
16055775
21858241
19025307
16322114
15813763
18350770
16838663
16676338
18184203
19200391
16868468
18314838
19695843
17604173
17457099
19770368
16757089
19922930
20955374
17301210
15913786
20554475
17557316
20077139
17264442
16536726
16106210
15680559
19386296
17987819
21272278
16060201
17313066
19919796
19072012
18505152
20051070
15686079
20876928
19054930
21309380
16884462
19247738
17536949
17347600
16774177
15883469
15946831
17175398
15823992
18047958
15653051
17219497
19620163
17027623
21287145
17506899
17654525
16620197
19930219
18394764
19211295
18299116
18275605
19798831
18072402
21344721
16107460
16215792
16827400
16850003
17265662
18853662
15687140
16186450
20443645
21601299
19632594
17584341
16224646
21622488
19706308
19838851
17453993
19807006
15740172
15684906
19553705
17566541
21431387
21139464
18821287
17697197
21353150
20545295
19055266
19476229
19741381
20719721
21402963
16268341
16327104
16871057
18773762
19632876
21315993
21214132
15994709
21610455
17393817
17712914
18043220
19283644
15667384
21218641
16463928
18503797
16947045
16637384
16441396
19662923
18778553
18697346
19602641
16186080
15675902
18257828
19160882
18182469
20222404
17372787
17931309
15679507
15633857
19225605
18724601
18441627
15820426
17983334
18032303
15632801
21446971
16423974
18698189
21419253
21123022
16816289
16581637
16119142
17086162
19962124
16642691
20805434
19383011
20845197
17563598
20178029
21076264
19933246
18494406
22049636
18563022
18385407
15749720
21971693
20932293
21030729
16186004
15618088
15957720
20098139
17137943
21550543
18440354
16424723
18291328
20575730
18029036
18371553
19032074
19189408
18198363
18945220
17626631
17227396
16111083
16833049
19500720
15549004
21846340
19829099
15575189
21743269
20850709
17059611
17122761
17472495
19207369
18724590
20579121
15798595
15884501
16805075
16671975
19167554
16318111
17318752
16272918
21183505
21182442
20712206
15602279
17040156
17934591
16149976
20169368
19917849
18246904
21199141
16045517
21035906
18724915
19300066
18770988
20453176
20876396
17708500
21503863
18367910
17647218
20875204
17018192
20189951
19115893
19023164
19544089
16825133
21823567
17888990
19619061
16006416
16751635
19557481
17211120
15622815
17681468
21487383
15706817
19161809
20022857
17505368
16149984
16971286
15798422
18435244
17197277
19586135
17060313
20804882
16889912
19808151
19719366
17469479
19526413
20531108
18427398
17084337
16081757
18351478
16911142
18290410
18503036
17356350
18596678
16427926
16799361
17057925
19066137
19255297
17901640
17096457
21333946
18574366
16292623
17441625
16359207
17044586
19785861
20935115
16287523
19906503
16120895
18401644
17330709
18551968
18660716
21294020
15884310
19731166
19716267
18679758
17004019
18563014
16775795
17577533
21463415
20146982
19127234
18028552
20238129
16884079
19948609
19631005
18517167
19521648
20603729
15572502
21646588
20004798
15838419
21349446
20446110
20617280
19648705
20218895
16422996
16548320
18789627
19626753
19214275
16999183
19650945
21722980
16567319
20387500
20419324
16466277
20943579
20081097
18365512
18157958
17976799
16723947
18561835
17168043
19656019
20441464
19667686
17562727
15707441
20084871
21300647
17485762
20601159
19947817
17656632
17242911
19896325
19606792
17915628
20975520
16739812
19327772
15866650
16186466
15695349
21189206
17091893
19785567
17952010
18157913
20118017
20461689
17018226
16459890
17368409
16414249
19253315
16501127
16039465
19426930
20123819
17273633
18445863
18055503
17365392
17075010
18304896
17357258
19120746
19449613
19636171
22069920
19815899
18354747
19014116
21445517
21166109
16409421
19370286
16238958
16299093
17261820
20119873
16626924
18800285
19038449
21382018
18200948
17435590
21143564
17667488
19648843
17727133
19194641
21240082
15555490
18820519
20860246
19374671
18446745
19847570
19158236
18030960
16986355
19546729
19774913
19396641
19201059
19017773
18461370
15540672
19573775
15782316
17575756
17144955
19817598
18497664
17091005
16511612
19281702
21340716
19383048
21239954
16737139
16356205
21817969
19647969
20643993
16222065
16566612
17184377
18807041
16809064
21531673
20853212
20795874
19712783
16300862
19058074
21118727
19629848
19018126
17290052
20486476
16097962
15926638
21651654
17565809
18359112
17317292
21477440
21709550
16787475
18715970
20654820
20401873
15553590
17711808
15664224
19458979
16082798
16968426
15821661
20225779
20568379
18158520
16165079
18524338
16082794
20196713
15560596
18304886
20220614
17244246
16195571
21532136
18007003
20411410
20040605
16238770
16918738
17908528
20030029
17064407
19852197
16767588
20632461
18977628
19495535
19117060
16138795
18308982
19635302
20043709
18435361
17466042
18410819
18999275
20649437
19694105
18484379
18648893
20886197
16860195
21990395
19745325
19688998
21397870
16968312
20033354
21610578
18227830
19957481
20690373
15895546
19041531
15955757
17453266
16719180
19717483
17685829
19747253
17006813
18812795
17149088
18388169
17671240
18714905
17089929
15565974
17659765
19140366
21047725
15699314
18362090
18727762
19466268
20545802
19551235
20047175
15533081
16413839
15862984
20857673
20801916
16414936
17901826
18090144
17891622
20148462
17277665
21877511
17037115
19704289
21599682
21278670
21139047
15772509
17511360
18164461
20124019
17470691
16242897
17333497
20559055
19372126
20940569
17564297
