16710653
16719172
16717381
16712849
16735370
16733629
16732777
16725246
16719930
16787476
16776026
16776013
16773438
16837693
16836278
16830248
16809599
16809104
16805186
16802677
16690093
16883748
16883734
16881989
16881747
16879183
16872121
16871099
16871094
16870055
16867064
16863895
16846818
16683640
16962255
16958724
16958722
16958719
16958004
16954525
16954093
16954092
16922985
16917963
16915059
16908470
16905931
16902171
16901882
16901881
16901874
16897569
16897414
16897379
16651902
17057164
17056638
17052824
17049695
17045181
17040155
17032483
17027072
17011689
17010976
17007224
17007161
16988951
16987574
16986671
16986472
16986172
16982103
16980730
16971054
16964896
16964792
16617955
17141635
17132041
17129912
17128678
17126185
17116184
17116149
17111431
17101889
17085607
17082973
17077795
17068678
17062450
17061311
17059498
17059494
17059491
17059486
16613410
16604803
16604802
16604801
16604800
16604799
16604798
16604797
16604796
16604795
17239071
17217133
17211874
17207743
17206552
17200062
21598747
17194055
17185036
17177180
17177041
17170632
17164628
17163222
17160738
16570780
16050440
16045055
16043982
16043552
16024480
16020072
16010214
16009294
16007454
16003596
15974384
15967452
15966112
15965619
15965213
15964175
15961348
15926279
15915317
15887941
15884214
15881629
15870586
15839236
15834257
15822831
15774391
15761101
15750516
15723889
15717905
15712681
15707217
15703325
15700481
15689724
15682879
15675384
15672603
15670006
15667431
15662357
15659586
15641619
15636080
15631568
15626152
15612419
15574713
15574026
15573333
15573006
15556959
15552384
15552377
15546226
15530755
20217293
20124020
19474578
19268141
19186485
19175286
19033740
19016170
18998774
18987510
18972663
18959283
18955722
18952747
18942486
18924529
18924397
18844803
18834060
18833884
18816363
18810901
18797239
18797233
18797211
18802162
18793039
18788660
18786059
18760244
18752099
18752096
18752092
18726692
18724880
18724115
18706865
18701156
18694227
18693913
18690083
18689712
18681343
18681242
18666041
18663110
18616858
18612027
18608102
18573018
18540424
18512565
18472317
18437068
18434872
18422053
18413083
18389433
18323730
17495557
17493716
17486464
17479056
17475498
17472425
17462049
17461752
17461372
17445834
17443403
17432633
17419788
17419578
17413813
17410518
17400030
17397692
17397689
17387083
17385361
17379682
17375806
17375226
17372537
17370630
17366228
17364422
17364420
17360319
17356442
17355443
17339045
17334972
17329040
17324093
17286671
17269271
17267370
17265144
17262982
17255060
17255059
17252961
16634279
16624988
16620249
16607245
16596916
16594225
16583872
16551583
16551158
16523603
16521801
16512272
16511363
16493307
16493301
16492009
16447306
16441850
16430319
16400533
16400508
16398302
16370189
16356897
16350495
16301956
16301939
16282235
16282234
16275696
16251166
16250385
16227520
16221622
16174818
16157943
16155969
16134045
16106491
16106276
15984434
15923956
15889813
15786684
22030928
21960374
21977784
21934072
21698959
21638822
21631936
21326028
21121450
20708368
20436032
20402082
20082171
20069767
19898925
19858439
19733118
19702572
19683095
19681004
19653459
19653457
19647967
19592364
19583055
19577702
19540386
19539533
19530474
19530473
19526691
19507562
19486790
19481274
20690373
19477731
19458169
19443240
19440396
19440177
19427597
19415379
19386062
19374466
19374092
19346212
19342536
19321037
19308765
19295420
19293400
19256208
19200465
19199153
19181197
19158236
19143579
19117501
19092435
19075085
19070826
19061024
18080630
18079425
18074259
18073255
18059463
18058445
18047168
18046983
18046982
18041356
18041354
18029431
18028849
18026005
18026004
18022588
18020836
18005127
18004189
18003594
17999405
17999211
17999094
17997289
17997264
17996120
17994254
17991908
17988429
17987827
17986710
17979208
17978617
17972782
17972773
17970363
17968220
17968038
17967667
17963493
17953064
17951214
17944607
17941211
17939468
17939197
17936590
17935844
17933624
17932089
17927626
17927559
17926776
17918500
17911864
17904500
17899501
17889498
17880662
17880481
17880314
17878134
17874889
17874688
17855229
17847796
17828716
17828004
17826065
17806035
17804831
17804348
17804339
17764549
17762426
17723989
17723985
17719362
17718872
17703645
17703113
17690808
17685910
17684909
17681078
17680554
17679411
17675929
17674615
17674163
17672892
17667283
17666979
17661566
17658008
17656287
17624678
17620665
17619326
17563426
17605569
17601908
17601843
17592828
17584422
17580774
17561212
17557933
17548276
17546367
17545137
17542862
17542820
17542237
17541307
17535940
17535119
17524018
17513690
17512645
17502432
16419672
16372598
21678368
21667714
20966841
20963630
20963271
20954527
20949872
20946214
20937448
20930022
20922921
20881107
20880051
20816343
20807969
20739142
20722327
20716261
20695356
20690168
20683804
20636180
20626831
20623464
20605007
20601645
20601641
20597452
20595307
20593676
20592066
20576077
20570341
20568584
20565016
20559183
20556698
20525939
20513695
20495151
20477860
20465736
20463359
20448272
20442338
20438199
20438015
20435786
20418217
20413409
20402189
20391837
20391269
20375351
20374984
20336674
20298540
20298173
20222376
20201141
20189951
20189916
20175361
20168014
20165519
20162921
20158617
20144035
20132342
20127190
20121986
19147737
19128863
19117645
20217979
19114689
19112216
19108938
19101921
19092517
19091932
19089460
19085667
19060609
19054955
19054954
19036364
19036038
19029847
19025699
19023952
19016421
19016169
19014228
19013741
19010732
19010185
19001918
18990271
18987509
18984559
18971405
18855075
18834545
18832291
18825582
18823186
18816308
18405565
18808593
18808589
18797241
18800982
18799642
18793480
18785883
18772663
18772658
18756137
18752100
18752095
18728949
18728299
18709591
18685372
18649699
18648986
18640407
18632877
18629732
18625921
18612053
18604759
18586816
18583481
18580738
18580737
18580717
18569402
18569400
18569399
18563026
18563016
18562150
18561619
18561240
18560596
18559692
18559399
18557569
18551904
18551890
18537478
18524358
18510125
18507601
18507579
18505464
18493865
18492640
18486287
18484440
18483752
18479225
18477717
18472665
18421922
18421921
18414335
18414280
18414266
18413700
18387147
18386454
18384920
18378839
18378512
18377134
18372817
18371168
18361297
18357933
18347906
18341072
18338341
18332571
18314852
18301410
18298504
18293235
18279130
18279064
18257614
18256564
18255248
18254967
18240655
18234699
18229641
18229635
18222382
18220677
18216078
18212174
18208607
18192636
18191007
18188894
18188761
18187135
18181813
18181357
18172158
18089980
18162389
18160861
18160344
18158495
18158000
18155388
18097898
18097296
18096354
18080387
18075344
21601144
21596215
21577018
21566408
21534823
21532082
21517662
21510149
21499047
21504079
21501728
21487428
21473367
21471428
21471145
21469474
21463291
21464456
21462909
21462060
21462047
21425915
21418203
21413664
21409670
21388011
21383363
21375430
21368633
21353126
21305235
21298957
21290950
21232156
21231859
21228097
21216684
21214399
21207304
21184169
21174852
21155703
21140758
21140583
21135787
21131669
21131335
21087948
21077525
21068549
20618606
20528703
20609043
20594283
20575613
20572429
20568320
20562620
20561076
20560853
20555261
20555258
20545295
20500650
20500345
20497269
20492054
20492048
20486561
20484722
20471150
20465731
20464523
20458817
20453732
20447149
20442152
20441624
20430940
20429234
20411995
20392642
20388309
20384643
20374985
20369641
20369440
20308350
20308347
20234207
20229743
20229741
20227837
20214844
20207325
20183153
20176917
20169208
20163762
20144024
20143102
20128250
20122774
20122027
20118451
20118017
20117033
20116158
20110725
20106664
20100309
20099957
20092136
20088288
20085964
20080443
20058078
20048369
20047029
20043845
21877564
20039229
20038254
20037500
17507697
19723951
18176217
17874323
19584764
17400674
18619631
17685146
16796079
17492988
17412171
16448491
16870387
20041384
19948297
16015115
16422748
16594224
16594433
19684936
16335335
17718727
17316458
17343534
18312617
20102101
16879540
16779281
20434086
21040258
17723930
20358493
16450936
17621785
17269610
20109000
16758527
18346629
15558973
16116782
15548245
17052089
19903186
21444251
16756518
18494958
19110853
20334763
21489842
20331888
16756658
20694764
16675772
17220391
16915111
19202116
17851308
18786014
18640951
18689581
19008870
17727542
17937656
19066137
21519723
16903401
19196462
18242613
20394480
18187011
17555656
19373953
20434642
16292723
18062636
19952037
17413301
20049075
17494817
18505619
17456817
19243522
21193785
16275445
21089733
18822998
17939528
16686584
19715494
21051795
17669067
21473318
19432982
21517836
20083934
17903141
21689037
15851794
15949176
18153981
16737502
17307621
20592048
20105088
20054034
18412586
21298944
19955983
21244247
19248408
15931015
19142627
18072670
15987393
17456169
18238990
19052779
19883888
17432306
21337988
18662421
18314223
19694067
18353908
16222176
18998761
19895408
20596900
20360914
19202753
21740659
17244671
18290947
18269054
18535459
15834528
19353475
18821003
16378773
21526684
19159977
20218276
16101091
18763014
19094198
16563316
15913121
21680042
17551446
17167376
20638814
16420107
19286854
20160552
17071299
17500296
16427833
18482120
19694872
18596501
20958203
17486947
16929873
19646776
15772919
19728404
16553506
19503665
17570875
17306675
16111083
18078260
21219549
16515673
20432851
20837950
19567898
19239728
20056661
16845682
20189267
16618589
17284474
18365197
20650441
20499655
20628817
17158034
18995854
15822717
17022891
17019447
17535945
19835231
16352972
20195927
21240082
15869214
18541642
19005688
15523075
18792656
17712842
17425793
21369847
18590520
20397547
20831465
17462984
17333436
15718174
20196464
17387058
19901582
16123720
15946107
20455147
21084087
16021741
15820427
21519043
16374461
19655676
18681200
21150420
16476748
16509952
20207663
19266655
18090775
16544858
18595582
16840484
17958697
18805686
16873848
19648096
16434231
18269433
18165378
16629920
20449969
15603380
16602442
17286738
19849909
17138496
20155605
18360840
18817500
15721977
20927695
20576734
17493780
16123546
17197793
16866238
15688774
21442324
17845880
17844859
16899843
15694504
22071936
16564198
20149163
20110333
20173693
16374205
16257625
19780854
16402231
18725829
20081134
16538516
15997974
19514373
16162561
21449510
17404126
20979599
15558987
15897166
17092860
17337153
21826674
20406315
21080146
17169827
17502809
15530752
19479688
19580440
17398233
17331259
20836418
19522378
17383776
15543765
18478489
16922986
19356323
17004397
16428972
21704110
17425775
16435312
17452019
15912690
19481303
19227691
19431054
17922923
17572806
18558909
17762845
17064837
16512439
18337049
15861919
16830844
21292755
17411001
16740565
16238905
15897933
21398320
19397034
20508427
17021286
20530646
16004105
16125606
17126458
18788104
17236480
16174933
19813486
21119152
16823010
20626482
20520263
18340076
19194329
20535503
16543513
17700952
18439049
20136709
21272371
19187167
17678828
21155402
19175427
18569625
17363885
18370586
17020234
19522884
20462074
18293872
16259464
19767023
17283304
20363189
20107414
19088517
19596595
16340472
20826590
20889847
17982871
15831199
18448753
16514388
18489065
16240947
17557464
17990717
19938942
18314233
19752053
20598987
21145491
16137393
16315527
20448487
17785685
18647388
16033595
18822708
17605786
17584352
18715185
20968214
16109681
19706198
18039440
15734134
15834705
19669062
21091020
17268140
17705218
17507591
15761646
17060296
20562371
15654291
16096156
19968597
21757083
17391510
21051987
15942950
17165073
15992192
17604304
17373097
15877684
19266356
19720056
16300416
18494393
16158203
15917054
15766349
15854116
21530443
16529849
19880843
17803407
15960698
19156392
17176309
17564542
16450449
21168831
15609018
17697948
19698012
18553064
16734650
17936688
17433966
21661617
15923985
18224419
19551275
20602701
17711974
19852419
19394018
21242775
19445336
18066718
20353527
21140321
20175311
16771260
15978874
20116308
18639796
16921728
20946442
20557417
17609848
19513835
18515435
21040560
15757233
15974110
21494694
17886426
16565792
20419988
18371167
18005124
15562219
21220896
18625920
20308885
18682875
18715966
18272212
21428029
19135017
18646587
19571728
15726240
17628193
17984404
15704636
16350390
17139665
17931539
15910435
18849806
19327772
18829016
20691493
21261193
19455368
21866728
16102697
20890152
16108880
16301940
17060268
17035877
19772968
19138378
18047593
18620503
16440030
16759070
16738501
18804936
16036812
19968144
19432872
16608944
16721159
17524720
20834034
19419271
19293224
17767093
19448455
20679260
19203803
16989129
20456855
15747939
15890046
19961629
16639201
17870502
16320964
15540618
20194321
17061152
17151163
19933243
17678514
16758120
16102147
16752972
17021282
17949448
20799570
16499465
17479054
21091087
21135610
21339085
18086965
18039550
19006500
20397537
18378726
16189521
17361502
19812793
20164666
16798068
17941519
17366527
19731892
15911959
21290908
16182675
15646524
16865631
16535925
15586154
19592843
16863896
18604668
19568723
17824264
16187669
19006591
20091058
21500016
21750284
15612128
19134488
20660533
16846509
19619203
21062549
16011227
15590341
18838925
15720932
19785759
17147081
20538823
19647132
16106210
16203937
19706829
17490764
15903222
18822541
21569172
19055076
18710376
19490598
21502444
19530210
17158277
17496717
20092117
21131605
20919573
19689757
17252070
20495596
20813336
18520368
18165376
18804390
21645418
16393486
16036728
16372707
19317314
19592899
21102177
16004159
20628656
15880155
19299758
19333972
20007642
19917175
15737861
18676136
21243605
18038294
16287696
17332456
15606321
19552150
16466277
20590816
18324313
15552455
20679161
18946251
17555573
20716625
17607970
17678456
15544663
20183556
21323063
16566101
18982988
16393097
17406189
16704611
18502421
20479642
21084411
17087173
17976839
16292072
20690492
19043123
21429989
19924580
16901792
18820523
20675297
17828475
18689150
18622118
15744187
20584364
17118616
18369048
21715558
20187545
20056214
18212585
19917443
16374169
21235609
16884079
20353663
18947116
16813512
18254433
19437903
16393438
16926729
18077034
15834361
21086668
16050226
16359598
15611803
19825895
18562224
19851239
21394491
17703821
15963299
19467147
20164712
19703382
17261861
20736398
18347275
16798173
18336692
19966712
15878536
17039325
17925412
16417700
19590468
15700864
15966126
19747264
20044945
20608258
17915083
16911049
18056562
17489499
17568328
18808080
18523492
21494813
17468510
19838909
16170525
15853778
19365250
21532080
21429954
20675292
20010014
18237351
20398957
18988391
17635259
15692292
20105700
18063547
17903244
17116539
20299645
20188289
16131931
20716152
20847020
21621729
16862744
17936543
18710620
17127115
17560916
15990739
19467998
17117531
19336753
17926774
21299599
20920073
19550170
15543709
21955399
18459277
21540689
21708368
16430003
20005027
17087825
18592986
16988307
16466089
17941190
16715030
21510871
18030963
20067944
20544300
20677478
19248449
16035510
15600037
16181185
17631674
20654942
19524911
20695144
16439351
19959482
18202987
21248756
16942954
19745628
21424566
18226761
17892635
22041949
16409216
16967735
18848415
21396615
19564740
19712124
19091333
19499428
21936076
19944465
17565402
18593228
17768282
20847193
19060727
19017600
18257492
21426376
16996137
20392667
16171072
20932316
15711955
19247226
15563816
20218771
19945814
16793783
16135724
18536588
17582028
20923897
18402382
19477884
21486724
17977500
19917650
18769183
17654156
20817494
17167366
16770751
16996857
16938788
19248648
18776987
17363210
17714051
21879664
16533678
15845146
19364777
16549070
20384666
17390192
18631302
20066486
19523742
16280926
21844765
20875880
19107014
18854258
16738983
19930079
15843427
21317851
21248578
15540619
21749006
17128542
17321944
21591406
19186604
16299059
21749555
16126316
18499460
21272197
16049710
19451479
20169949
18979547
19552036
20888947
15724782
20479207
16048856
21511786
21317630
17594219
19411188
20178300
20466596
21670639
20110107
16689411
16962406
17079960
17453462
18251578
19476108
17671881
15588360
18669704
19546455
19882409
15693577
17618630
18273530
19619278
16402447
15685263
20183344
21660823
18400685
20979574
18403661
18279924
19361775
18698595
16818563
19445338
17710561
19648012
17081919
16028434
15754631
18294534
16645854
16492923
20386231
21090159
20048347
18467485
17205015
18812147
15609257
20036097
17584433
18661390
20000010
17376021
16425949
20308222
21162153
18827760
18681105
15525864
19074757
17041607
20441108
19104968
20582753
16617893
19652590
17227358
16700695
20658353
20088981
19524899
19372503
21334768
19020364
20210825
15986840
21320943
19685441
16332553
19824260
16803769
19840086
20630427
18700254
21882627
21294700
21587184
17116114
19778429
20559828
16501583
19184200
15743645
17238391
20929929
20851279
15730598
19415400
21301277
21585226
16738453
18440532
16174908
16778300
20428601
17846440
20691454
19929646
18289494
17701533
18464129
20829115
16489480
21842830
20333918
19151850
18095037
19262907
17234474
16629007
16295514
16818834
20187949
17597350
19385362
15840070
18724884
19637357
20530804
17297243
20532130
18716485
15756397
19848548
20558650
20689937
20729729
18842223
17583402
15944496
15951518
19150912
19084888
16566565
17005817
18540121
19949764
16267982
18705718
21062383
20423389
20081666
17684110
15659900
20092137
20932293
16466085
20057235
17343028
15719904
17000994
17978148
16051927
16843575
17479550
15727355
18378400
16824222
20091628
19736330
21554021
20172695
16111072
21343171
18631312
18536968
19033833
19861106
16474249
20485943
15700596
17888715
21138831
21135693
21999067
16481778
19767521
19197608
18176135
21364073
21314574
17419034
21167110
17007704
15644699
16547782
20357652
20716477
17543654
15619850
18223263
20568026
15813155
21092431
16766105
15699314
17017685
20586952
15590340
17998405
18616539
16282827
19626766
15710795
16337561
15717240
20520118
17472515
16565619
19752082
21181560
16602516
21824224
15895547
15706006
20432115
16450665
19283868
17661544
19530475
21322196
21071568
16779065
19112872
18481922
20213944
16231554
21941806
21278673
18981749
17464377
16097962
20551726
16447620
17180745
18328638
20681401
20886768
15714100
19286344
19320403
20039222
15997576
18552111
20012158
17985056
17941513
16729866
20823348
18557314
19968454
15810760
16965250
19755364
20066693
16422483
17583103
16353495
20803852
19791665
20122026
17969954
19537347
20033227
18364488
18241563
16936613
16801655
17593450
16808747
18324329
20511639
16362709
18573425
16259897
18505669
20465047
16925546
17443361
15797155
16308630
16351522
20552855
20608484
16501534
17355306
21458695
18816322
17603271
19225694
16912103
17521255
20117259
17519992
17149400
19174962
17397374
20965866
19770117
19342524
19197690
15672062
20675953
18728136
15726867
21272220
21599896
20520264
21859274
21854894
19237963
17888804
16532692
19130333
20446141
17112142
19801007
19271621
17973719
19358991
18756487
21520676
17221096
15778816
19209533
15804333
21349049
20930255
21776242
20044780
21447943
19477779
17515684
21977725
16115252
20345206
19338401
19066350
21246866
17641967
18657928
19806817
21481519
18500280
20216111
17479329
18054872
16026187
18027524
16191142
16594881
17063585
17910532
16716875
21631927
17890042
18524057
15823889
20469959
15707176
20973045
17479528
15938098
18803547
17132416
21561516
18523695
17409919
16096154
15957698
19142780
16006416
16487898
21740655
15543481
18577531
19464089
15947643
21164394
20659198
17182975
18039065
19222740
18557670
16200252
17518890
15730173
17206959
15916121
17274222
17949515
21155699
20117001
18585538
19006429
17724244
18096586
17875219
21768616
19540803
15917739
16148318
18226313
17579302
19476786
16783582
17874610
21272958
16605041
16764152
16789335
15871467
19458979
21116945
19207525
21351191
15717079
17724101
18396504
19546274
18812804
17087665
18090267
20929589
18561924
18376246
16162578
19117310
19150682
19892678
18250248
21252815
15788947
16764303
17849432
21218208
16093967
20192713
15821560
18788122
15787223
15591887
18019768
21505139
19566693
16495493
20022857
18427398
19411585
20228360
15618093
16544687
20826598
16456477
17655694
17917941
19722298
20581667
17454342
19651465
19089507
20080808
18702651
17515018
17475331
15566443
19584638
20526121
20124774
20155989
18186374
19812102
18217874
21949183
19407674
16413434
16479203
16604921
20490455
18320908
19451747
17723977
17244186
18190479
18181013
20177040
17175545
19152898
19142365
17327187
20471731
20414822
16641654
21178611
18181890
20461689
16390896
17523326
19482259
18768178
17265821
20044315
17175678
19345609
16101202
20411410
16937787
21539746
16050827
20635554
20620615
18547400
18700102
18326417
20057238
20355312
21276107
18206840
19239525
20419324
15788036
16735762
20652466
16174137
16396713
17964900
18856174
21319425
21503460
19301463
21450779
16423103
20122508
18038531
21299417
20333596
17917946
19241143
16091027
16758049
16986577
20121462
17711812
19785564
16317563
17143005
16966996
19637008
18594256
17162639
21265350
15685966
18988007
16365607
20070067
21110121
16203960
16789675
21268381
19038479
19581618
17407796
19244570
20139148
19822274
21414024
16121874
16717518
16125026
19009141
21044036
19442325
18158440
19634381
21467894
19750277
16307627
19379454
19695010
16088854
15687312
21658779
17262839
15663534
16233998
15761453
16575088
16175823
20420549
17611213
19588055
20235421
18849894
19554856
20395733
21521954
17015201
20452874
20507597
16509435
15889783
19650517
17264695
18227851
20160527
16585114
16116357
17111282
16594277
16779408
19926740
15644645
19388445
19393415
18489198
20044232
19218301
17066967
16728480
18051975
18549063
17406111
15793019
21718982
20067130
21311926
16736818
20092514
21061928
20886197
16968615
15662149
20064134
21068107
21837847
16134443
17089287
19263959
20565328
19572447
17665623
18161640
20108146
15918260
18550568
19895690
17142584
17939007
18853659
21751732
18820520
15961289
15999355
20047740
17719746
17332210
20671001
21511370
15750514
17133202
17263180
17915182
16195571
16330721
17565524
17239077
18450878
16540279
17880475
18828929
16732004
18307497
15648127
18198964
19774909
18158392
19665624
20008442
19541099
15751435
16180953
19424920
15672850
20605062
18534948
19669831
19773571
18708892
16327040
18286981
17667396
20585420
16860566
21555939
18709672
16858460
18079239
20008040
20592542
18990020
19022037
20403556
15543759
21842015
16226371
15793025
17941245
18539977
22164936
16489897
20863329
16711185
15737277
16510023
16498196
21404142
17724241
18578883
17987756
16961553
20406508
19452487
15789389
18520663
18501031
19358029
17099197
15827431
16189060
18466388
15515991
20098163
15891317
21902122
21135080
15644674
21058958
16262094
16621563
17951072
15735561
20492062
20303030
17309806
18154492
16862020
20027897
21540011
19819115
17959006
18853887
15987058
15743602
19105558
18813611
19643790
16371392
17702101
20421033
20084871
17504585
18709041
17949624
18562861
18391766
16955453
19161016
17091116
15909782
19318963
19212225
21207772
15590224
17014467
17464573
20537586
16703525
16174232
18768518
21240105
20590900
19222976
18538296
17457117
21128576
17469376
21080006
19700966
20081723
16369431
18174092
17337872
16410620
17110874
18468015
16166871
19638603
16900280
16924643
15571882
17965642
18561635
20097643
16116773
18288500
18662261
15887356
17101624
19629150
18843076
15693726
19543010
20656603
16862029
21214907
16025151
15741435
18689530
19086245
17895495
17482792
16961000
17703122
20843424
18656276
17766670
19054482
16404823
17917948
20940249
16621142
18692813
16102160
16440403
20537501
18191769
21491343
19400397
17059030
15560900
18709564
16141782
20572537
18054818
17313089
16609897
20701195
15933354
15636409
19897801
20231238
21620476
19209570
19285177
21462635
19266475
16757711
15521295
17486466
18348367
17000609
18755780
15646515
17633502
18041355
19486503
20679969
17725614
18443803
16804697
17594251
16933822
17296688
18196291
19466370
17285010
18777145
20008824
17040152
21520516
17333656
16509387
19835009
16178336
19294603
21295637
21447572
18159718
18656044
17683300
17378464
16188034
16752233
15597002
18668176
15552805
20572627
19372340
15533479
18299731
18315998
19816334
17908528
17666170
20624580
16381366
17279239
17457295
21972662
15762898
19100667
18710128
19338653
16091574
15684845
18792598
21233263
21488749
15533343
21323081
18375780
16013908
21087463
17632445
17394114
17160874
17310355
15580441
17263717
19926988
17888108
17029628
19901672
21053516
20636154
20671454
19349935
20488605
21073561
16265960
16375808
21539654
17445099
17662809
20067356
18667127
19026897
19780018
17925585
20576292
18593834
16764502
21404732
21111557
15886732
17449437
17438635
19912096
19374682
16679879
15891691
15755396
20390637
17138846
19472678
18635372
20397542
19486789
18775402
20063215
16804364
21057139
15515442
20499710
16733004
18761366
16426798
18709593
20840709
16967262
20121954
19965545
16790451
21510132
16640630
15697046
20642413
15541620
16868266
16340114
16448485
22029758
17360151
15908825
19670357
21351221
16334457
16978687
20216987
19577033
17985766
17904917
20360787
17454510
15933681
20137029
15938407
18564996
21207737
19943235
17329299
16437510
21755786
17933059
20677522
16477410
17701393
17497544
19893369
18974690
18386949
21500147
17901596
19745260
19779970
19467434
21540618
17505392
20056309
21208702
21700066
18292485
19387911
19354150
19241788
18518731
17551350
16219112
20690513
18365349
18092495
17853754
17673060
18483456
19926562
17974094
17593767
19645706
20706825
19914086
16909724
20634280
19317164
19772119
18626060
19488838
18258807
20554626
16529145
17950879
20562564
19264839
21834286
16687196
21104565
16678003
20218274
16911786
19061746
20697007
19736818
18652942
18479785
21689040
17326877
18068280
16866222
17923730
16651054
17105634
15788807
15757883
21846255
16330792
21625545
18216637
20178432
18372678
15955757
15999919
19936449
17187540
19813430
19107723
18095208
18158492
20477855
17117333
19543101
16325407
19928709
19906525
17366255
18217905
15540710
18608156
17901270
18546568
16464768
21717792
20673307
20560683
17656741
15619528
21806649
16719017
15869553
21057411
16831512
19065867
20392644
19192241
18552086
19583066
20610465
21638874
16969312
17413771
21462668
20036193
21474201
15849218
17936459
16099138
19323611
17389414
21960192
18395397
17575750
19300076
16876004
19826952
18714747
21258663
21252889
19206034
17966773
21645040
18162970
20063198
16533798
19682828
18193593
17252078
16415757
20202145
21150582
19055248
20969538
15779699
18667875
16377830
18455538
20397053
16286324
19118293
16864133
20796072
16875198
21812227
18403715
16135654
19398823
18390461
20806579
17125050
16810040
16472356
16833053
20225102
19951215
17685909
16827046
16733656
19786421
20569711
17876846
15599171
18041361
16001821
17848303
20654822
15695832
19731473
19363883
16052926
18788230
17027302
18300058
15575636
19669043
19085796
19219512
21675150
19017603
15855856
15558396
16844795
19207800
20860782
20511267
16423124
20155327
15992202
17556927
19239511
16533676
18485946
19591578
15832243
17636790
18788955
16426618
18511764
19594988
15924900
18031482
16641657
15875101
18072989
20469612
18403993
17393814
17353555
19041225
19537416
19712545
18043339
17993276
19144895
20678890
21654374
18715965
20085991
21413846
17476142
19653153
17431690
16887012
17605457
15774332
20861835
17898814
21469986
21301284
21199142
17116010
16327362
16009057
20078199
18269549
21586993
19237100
18770101
19947026
17019551
15574622
20574878
19351302
18563008
16850706
20453183
15627921
17224822
15819837
17521101
15532173
18814555
20811178
20201665
15518257
20949328
19298094
17269854
19533894
21178600
19119575
16390528
16680633
22025436
16434755
18605272
19303947
20850919
17430279
17710961
20236095
20423383
19142593
18400435
19558936
18472537
16298284
20676573
16116778
17710834
17784901
18608613
20919970
17584341
16398007
16003098
20208049
16832675
20937922
19533586
15644672
17594546
20819304
18767470
17102240
19629848
19128346
21444830
19061448
19960128
15644831
18992671
18257828
19471140
20141467
20148863
17954864
18214777
18165889
16632069
15793986
20656107
17995968
17099365
19155288
17992703
20520262
20730389
19492659
17548400
20877755
17785688
20108142
16422049
21288722
17667084
16532164
21636935
19395934
16330821
20716804
20014712
16326212
20564626
16033486
20482425
20940568
19471072
16204445
20479545
21044354
18931273
16005633
19883486
16670213
17607906
21554711
15520054
16238541
15597007
15887875
21160353
16215360
19879092
20861105
17225762
16519201
17046808
19176406
15706690
19186492
21237552
20496777
21326961
20125045
17401771
21783012
16498926
17022918
16402952
15970886
18350338
21322498
21936339
15899727
17400071
17312410
18246448
16529186
18497664
21242390
21469492
21477376
19561555
17406167
17098356
18360201
17410533
18462280
21532081
18648014
17123951
19293284
19372344
17389540
17408064
17522972
17302084
16470251
19893845
21226684
18849744
16435158
15778631
16938143
21335930
19646175
18779735
16546768
17386913
17932174
16772071
16426799
20367806
19001660
19764524
16144242
19856591
19074929
19438113
18298835
19014410
15928222
21314891
17230396
16828669
20176412
16937841
15709320
17604069
17925041
15920209
16469620
17646502
16859869
19259870
20701201
19772210
20702445
21047036
21294769
15781508
17212816
20633038
20819267
18533591
18184424
20399353
18846794
18989542
17540139
16260823
21123407
17448401
17168255
16948420
21547859
16205552
20972949
15889867
21791063
15530172
16649833
16730320
16215795
20540390
18286973
21510126
18496368
19342527
20831004
16244534
21078463
19656019
17357240
17726903
20432991
18397719
15896412
16675364
19857414
20373726
19395649
21037548
16995478
17563049
15944109
16492638
21807684
21894126
19805795
19342618
17204732
15833479
20875301
21614728
15625220
17394596
18053289
15982192
20486476
16112526
19343845
15960554
18036125
18021557
21365402
21477974
18069316
17888990
21038496
20131588
16696539
17009342
17478643
17700902
19084892
21492337
18700089
17665207
18241871
20934571
21143961
19293223
16005834
18662657
20434950
16527476
16172441
17478652
19541547
20181412
21332106
16199400
20102810
17992346
21677490
19029007
19919300
18203565
20131149
18319148
16622583
19038449
18321620
17534743
16945469
19180530
16082798
21982519
18768005
17914080
16145024
17898929
21787063
15930200
18670259
16734501
21418581
19994653
18238790
20594340
18988579
21381274
21404797
18728507
16005784
19490296
17530136
16739202
20016312
15890224
21444186
21655804
21941812
21560897
20530396
17786522
15992675
21383111
20682499
21099063
17655537
16594280
19657867
20101059
18365169
19072191
20423409
18697655
21744732
20082898
16775757
16730089
16093369
17540322
21532086
19525718
17008829
20505508
15822628
17955355
17158830
17149042
19175248
18489673
15552539
16315391
18787331
19054458
18697975
21366022
19830610
17074947
15612844
16849941
19543572
17720289
19361012
21115435
16201984
19379114
21228092
17850937
16422435
21575224
21730987
18677075
20854523
19161087
21092359
17178302
19592989
21359106
19574016
18564422
15759219
18463374
15932487
16276956
20659400
16497428
20201667
17284981
17363872
17062525
16825839
18189089
16213232
17389535
15765635
18076926
20393347
20443308
19484846
20551886
16612771
19744061
16901701
21938999
20719472
18406408
18363491
19564281
19565108
21644295
21575530
17471047
19855272
20482950
16327104
16320550
17464656
19273779
17397490
15736905
18414179
19195189
19073412
19135577
16076895
16764157
17419883
20391502
19344586
20414114
19011504
21122730
19263485
17396717
21317133
17324193
20346534
15572996
16633386
19235496
19732512
15662792
17094064
19112086
18926447
20801450
17598932
21299758
20470951
19777681
18449574
18690149
18775401
17628387
18512658
21910318
18007252
19850481
18442318
20590513
15934549
16091028
19592188
21334541
18264188
20142405
15856427
15812616
17366090
17318982
16564170
18187916
18951399
17556918
21595376
19062704
19306370
21941720
17037475
20965077
16307703
19162948
19833478
21743091
21678804
18689533
20719499
16120891
20966373
21780091
19331307
16939948
19369045
20303156
16357657
17468786
19544719
20848259
19099570
21481732
18037096
16085466
21610619
21618552
16935459
17899388
19645165
17851721
17598626
19387270
21336671
15891522
16802287
15911501
17319202
20633727
21436666
21741117
15921985
18777821
19327081
19187877
21357208
20371033
20499748
16164396
17601109
15998511
20175797
17475635
17973698
19374034
15715532
19384194
17240221
15602164
16435925
21796266
18358083
16859870
20225938
21306701
20394030
16821462
21855839
18459591
19892094
19383069
19157761
16965313
20735468
18300277
18628742
19041212
18403204
19797754
21738072
15854176
20695259
21232067
19548177
19940819
15613848
18050748
15582783
18316932
16749935
15659925
18190370
19661252
16174144
18837415
18726939
20608240
20879014
17708479
19949221
21054632
15561155
15661265
15832639
20687035
17616567
16534078
18275533
16774690
20064961
17071367
19323711
18163855
18302302
20568322
15661463
16602402
19414234
21688903
17354504
18335258
21674892
16518737
16983270
17660736
20929109
21213185
18242130
18065075
21488763
15992203
20728326
17592105
16082910
21550217
21177708
18974510
19216749
21248209
18250240
15942318
18451024
20648582
18090265
16359735
20222373
15562345
18769996
19701695
18668178
17002482
18429368
15683018
17392258
17224350
17087183
18322029
16835552
18350993
20507926
16503046
17453363
18286982
17353987
16541307
19189579
19390341
21639615
20306935
15703894
20183387
17320996
16003459
16817671
18387718
16789983
15656851
20854355
20172559
20980769
18694471
15956007
21557104
16618486
21598892
21655786
17374802
16826589
20619599
19411358
20095209
19461569
19836194
19530300
20203634
17653393
19117717
20000249
15597815
20369687
21208829
17069572
15898701
21057228
17137166
16172844
21141265
18958984
16676296
17953297
17094359
21095321
17655996
20095179
17494426
17009802
16910946
16466482
20345521
17400145
19940596
19020265
19886872
17581772
15778070
17464112
16094750
21793115
20375969
17546307
15800127
18942566
16957458
15878490
20011821
19102436
20233982
15813397
17157092
16448434
16911267
20007819
17065788
20180482
16472886
20948245
17323334
15533478
21160300
16456568
17598458
19537640
18000242
18618203
20801580
15930237
21229820
18386449
18184597
17321361
19372127
17522346
18715526
18999223
17471686
17960683
18503807
18477122
15536222
18482122
20625672
21097769
16817002
17153572
16651296
19892383
17970860
21414978
17402601
19623510
18060203
19775309
21322904
17342454
18075965
15929107
19024591
19940587
20129262
18612531
20535621
21397877
17884602
17443539
18460906
19161085
17005464
17058753
15964002
20221817
16711291
18513354
16055775
16550847
19065054
21708000
15937816
16301276
17380843
19273866
16825229
16823890
17238947
21807681
18641110
15792746
16791668
18260370
17032196
19807240
18157958
16796448
21615572
16688665
20617664
17402953
18039730
17851379
15805359
21977773
19842586
18573954
19626443
21811160
21063639
20160547
16739214
18554164
19253149
19253704
20614429
21625661
17967631
21555502
19493177
21710011
17063614
16972603
18724786
21444841
16153564
20856193
18710375
20002507
21462098
20511193
21269379
16373216
16968433
20227674
21383349
16111880
20878861
16813258
16996457
18976246
21040025
19832996
19972656
16281967
17336025
21631943
17701828
18220679
18302657
16690991
17299658
17450422
16448484
20972842
15637949
17565284
19495942
19915902
16398905
18341244
16266959
17663957
21496289
19191251
20564166
18676960
21610242
16149978
17620912
16914106
15931045
20937737
17263096
17355488
20138399
17591514
21134155
19683090
19918690
18422262
15816320
21717817
15969765
19171291
16272071
19898766
19480793
18257885
22132540
20572093
19714765
18990973
21095840
20723937
19219358
21191698
19109855
18375626
19772017
21548943
19640521
21322300
21349135
19390753
19651933
16685143
20663934
16687147
15992186
18662256
20005369
16094061
19348193
18619766
17179531
21047442
21466965
19256051
19131540
19899669
18705720
18309941
19375525
20715304
17176366
22028288
19288649
15788034
16432345
20204938
16529223
18708220
19606236
17906596
21570528
15615215
16733116
18835682
21595608
20047543
16721708
16276857
16686100
18714791
15785288
15935671
19282319
16307629
16821385
17973810
21042946
21097760
18700267
20876396
15968215
17277650
16018507
15700480
20306844
20478650
21902107
20816107
21535274
16788840
18828973
21807707
19849760
21130202
17629242
21186320
18353387
16193603
16406133
20177024
20223789
17397375
19435112
20498101
17443556
20128984
15764941
17405360
16046892
18641591
21987954
18437935
20060719
21334026
16954006
17646058
20565496
21721495
17152024
16116922
17325272
17576245
19218310
21456490
18164466
16878852
19957348
19648694
21364129
20586623
15895550
18079569
16036232
17674531
19080877
20000304
18403569
15996975
19204859
18551601
21515894
17060278
21173716
18307596
21676052
18696266
17482192
21321420
18358344
18268002
19832783
19885069
16575842
16532718
17495576
19026199
16777687
18093121
16339613
20357704
19155811
16010963
17283956
18475104
19996808
20830942
16383053
16230055
18588395
15614663
18763364
20108789
19430507
21211926
19143586
16916061
20551868
16444126
21186164
20662290
19739424
19875227
19656213
18385007
16487425
19831158
17352299
19271362
17461803
18467051
17989566
17658420
17128125
19207173
21645388
21476419
16879943
15916380
16236700
18510762
16563919
16915060
19773503
18520670
17542231
18460201
20849520
20545492
17950508
18657425
17182195
21840898
19531463
18416395
20185054
15657324
20625573
19756491
21938970
20453621
15732615
21121831
19378396
21521429
15988418
21371292
20625297
18567926
19901854
16676675
15730610
21388240
20158320
16824155
16796432
21424942
17250941
20420145
20846194
19755882
17468142
18372379
19528137
20592706
18335696
16929473
20429487
15585514
16675475
20941968
16965885
17183621
21599531
17939237
19753927
15679279
20828071
21362582
20505424
17464122
21309317
16308068
18652666
20500967
15890071
21182438
20532649
19035060
19679422
21928599
20662286
20597748
18999164
19945320
18294580
19661195
15760804
19539413
19854841
15518365
19528134
17763706
21507049
16391318
16482751
16760680
19840578
16353511
19591106
21646564
17933613
19842863
15794530
21220994
21047037
17975457
20218973
17098160
16883119
18048876
18772211
18171634
19948040
16108414
21122014
19350050
20421019
20302995
19018902
16461447
20467020
16167449
19560749
17462038
19651709
18502155
15838419
19783766
21384609
16296965
20682967
17430742
20618187
17520840
19688367
18059392
19382508
16955579
17305269
17069466
16557120
20870181
17913498
20213068
21624536
20058098
18053497
16424717
17990283
17011217
19251549
16629547
21514641
17535130
15926762
16398589
17170778
17242389
15703338
18047451
17626961
17584822
17117700
17643574
16474252
21099699
16698507
15782876
18073635
16680209
16322862
18422207
17212684
17786088
20589966
20802274
16292070
16335067
21704974
16148335
19626254
20107815
15582636
16753085
17559670
17274147
15888858
15553059
16092319
20667285
17577028
19054953
17695581
16144555
16829215
20810405
21083683
17509737
16287894
19057236
18278700
17342853
21181283
17253331
19299969
20633061
18540506
15575815
17705734
16172843
19430509
21127509
15730045
18419892
15834256
21111957
21911632
19848030
15565596
21193083
17518143
19710340
18299116
17539281
21714418
20842895
20853050
16350498
16311134
21286839
16450660
17715650
20224504
17446790
17390967
18197510
19695843
15602309
17061594
19394603
17510904
16882001
21419255
21131115
20427867
16097220
17724354
16670259
21561026
20110341
16225271
18947093
16485366
16999587
21617335
19858354
16836215
20049682
16092303
18419364
16796497
17347828
18575174
16354240
17986880
18757103
21767163
15560732
15805437
19417646
15529222
15951523
15976877
18288117
19237901
18217541
20436094
18022039
21355831
19267028
15962722
21042194
16330624
22033731
17131719
19066981
16430355
19186632
20520126
18175246
21223401
20225728
18058833
16843239
17848041
16521254
16266960
18571140
17704676
18923216
20606611
17157094
17258801
16270812
17524008
17334302
18578442
20359397
19180581
20693520
17224036
17327715
18611253
17116056
15718581
15862499
18762530
17074822
21074332
19160608
21601772
17954872
16104490
19680298
16408459
20934922
15844289
19884473
16841273
21118292
18349491
19519232
20558463
20863343
19941684
18051971
21045576
15743694
17180653
20952143
20087548
19437904
18512819
16185588
20677692
15921840
17666972
16176735
19707840
20557389
20557391
19011486
21242451
19725798
21126302
18597695
19271220
16148491
17541554
16499309
20557383
16788387
16116768
20077962
21714895
18784477
15617954
21480490
15662184
17330996
17627743
16934378
21854247
20356794
18322412
19366837
19197777
18355797
17430740
17126784
17681763
21541806
19886974
17536983
19899258
18042573
19176956
17204810
17575757
19783333
19564267
21444842
20835762
18538033
20854670
20126962
18420693
16867885
15677614
18820519
20177051
19919731
18785349
20501510
20014744
17804467
19684373
15609803
15533098
20972385
16899002
18277637
21504260
21572855
21304091
21077929
20458763
18666885
20367734
19752055
19849931
19120581
16550099
17547266
18036122
16295518
19847381
17167523
17290640
18542104
17100219
18488439
19785093
15934573
18513247
15921474
17235456
17041167
18081185
17194372
16317358
20629766
16187477
16939142
21241160
16276131
16849931
21320230
17182640
16979535
16019865
20937199
16213235
15625429
16866824
19239542
16949942
17933083
15844801
16618023
16215519
19500706
15814289
16841812
18725037
21108014
19657243
17960669
18711259
15700607
19289216
21037472
19184756
21439533
21216420
17764556
18828166
15530753
20051787
16152877
15631258
20145234
15841528
19967217
19174059
15774063
18775827
19365164
17036151
20081638
17139036
18316940
20171037
18386594
20873066
16732342
16136358
16294628
17693266
18648958
18693848
21288120
18608081
19684493
17381876
17593384
16170422
21815794
18763352
17925077
18211951
21067114
15675661
21375199
20841683
19074201
16010186
20406531
18596678
16364107
21161656
20857639
16215361
20618777
15853292
17007650
19689767
17849824
18368318
18384420
20426308
19694858
17636723
19409867
21613028
18774048
20126819
16522662
19538801
21366738
15628169
18644668
19437874
20430653
18521034
19674171
16479681
21115986
17019550
16446871
15569363
19685032
19167629
17724240
16045650
21134185
17171723
17668598
17563999
16060201
21702353
19694388
16645903
19775771
18979856
18306356
18682476
21447231
20429124
19823968
19899401
19682775
19461229
15644700
16515698
18346988
19448584
15779513
19838852
19786681
18823431
17898250
19652231
16004094
15672431
16696542
20579116
21452535
17672058
17505026
19839947
18310160
18924017
18658115
20598470
21486483
16621881
20956023
19052945
17265658
18290898
17409924
21180300
15517297
16807570
16281697
20184637
16335292
18725845
17052342
21987201
19907425
17261117
21123230
16390518
18838135
21335248
18710678
20092700
15818133
15834260
20483635
21939002
18269305
19710615
21368542
21457825
16101709
17242858
17352705
19065866
16262969
18670199
15999958
15890040
17588851
19845200
19715080
18020845
16774177
17290079
16405386
20158545
17453071
19896029
18652018
17299466
16292013
16366867
20091618
16788086
17563046
21639897
21121508
20713796
20384975
19367335
15918864
16829831
19083561
19747200
18001641
19542968
19930016
18768345
18448714
16928578
20716901
16261128
17988048
15841884
15636591
18324582
17713374
17671802
17919211
19168948
18411892
17900393
17179462
15632810
16477958
16779287
20398578
20044846
16722300
18515743
18622567
17720692
15618764
18829202
20660364
19097516
19212247
20133291
18997554
15587531
17984299
15534341
18336817
16580262
20507555
21117303
17111052
16509063
19061760
20607432
17378818
18205683
16420781
19140357
18050782
20575232
16288159
21244668
20651478
16839819
19339323
17409671
21359255
18252933
15540670
16964898
19309488
16735200
18774872
17310339
16026904
21160141
16449886
20980129
17725114
18333722
21122779
21941932
17037342
18374823
19278117
21841282
17353843
16784523
15673119
18657041
16953999
18664907
21146116
21813621
15973840
16937891
21801517
19619206
19291271
20188506
19185793
19853399
21330895
20665487
19356517
17901599
15875276
20635820
16581637
17076969
20072088
15620909
17238948
16153709
15997955
16799354
19031302
21938966
22029121
15528284
21144018
20306109
17041293
16222396
21036689
18179667
20819049
20027097
17134633
20000054
16966043
20214442
17011088
17519376
20703606
16733953
17533491
16475465
15608767
19253128
21368513
15984703
21115350
21035012
17418963
21158890
19411439
19247229
16442912
18597187
17182427
19738472
20217961
19846270
19196596
17694888
16001612
16311402
15768653
15860878
21801928
17324196
16763515
16316442
17570053
17342851
21063420
19896320
19064387
16473292
22010498
17850043
19517617
21144983
17433614
19675401
16769244
21242317
20173056
20848376
18612031
16752111
17486787
18090868
20618313
16452557
19735590
15626893
15710725
17204509
17633968
16123012
20920800
16451720
21287921
16483724
17102447
19606196
18768410
18512375
21507489
19811169
19065965
16650657
19490773
17072714
20006414
15930430
20862625
15687721
20212413
19998905
16708752
17257963
20464718
17383522
21952066
17868762
17543431
16971125
20152215
15785293
16280090
19233587
15799485
16011811
17764780
16471153
18157450
19960751
17933617
16979096
18843058
20510699
16715902
19667782
18809125
20421049
19820535
16822090
17561599
15961624
21219504
20485722
20436060
19410517
18454986
19581526
19882957
15716246
22000178
15693988
19509634
17030826
17968199
15893959
15755262
21788540
19700779
19787380
18694714
15828696
19205735
17181681
19413583
20525109
20519004
21263079
17242783
17623502
21040084
19877816
18040889
20487496
19526684
17641759
21148593
17375276
19304727
19850435
18295216
16311500
19522907
20615918
19273874
18360246
20846884
18419042
20473187
17605056
21692729
18454614
18000508
19774913
21898454
20585272
16429686
20490571
20582496
19908670
19807234
15807910
18083668
16758516
19044192
20163700
21211494
17185399
19377391
17394939
17960388
18574366
17674201
19072186
18038297
16601610
20025749
20838165
16396140
18728512
15876882
19594606
15853783
21887975
15833474
18774436
21541772
15957720
20172454
21150797
17356989
21052568
17059981
21222328
15912809
18927100
16882002
17286721
17404677
18316256
16613127
21488561
19609142
20860257
21029491
18450247
21290924
17493307
21557829
17139466
17308454
17727133
19004044
16546508
19778422
19155861
17978946
18595383
18762529
20232030
19996464
16106335
18072525
17568246
16268752
17283846
19704293
16543782
18650534
18180491
19697196
21051175
18729028
15770881
17617333
20502178
17339823
18163263
16822470
17596063
18575943
16377011
20655633
17319568
19950735
19014132
17447603
16925344
16084187
17638798
18725355
19950458
17450708
16806220
17202527
17188937
19175236
18419626
17345982
17106344
19552323
15763610
18245211
17535613
16321733
17451834
18660718
16316872
16921480
16022019
18050530
20888535
20421570
15603664
16584052
16154072
17448416
21545616
16650032
16615744
15543757
22066294
21718869
16498160
20104453
16227665
16134095
21207825
17923974
18660767
15801489
19300155
21106084
21487383
18073677
15999410
17199055
20378184
16521712
20125069
19945102
16200514
16596859
18191295
18368376
15630864
19094437
18408263
20054079
17605444
19784620
21371646
20825836
17828852
20034134
19857910
19602971
19442971
17097202
16546015
20487059
20932433
19879518
16496662
21142837
19087845
17211876
20828509
20081687
17236322
18664927
18279125
15585706
20654882
16477905
20219745
20974071
18665065
19278185
20182963
17266420
15960018
19480076
15890639
18001148
19863980
16702820
16950060
22124875
20461605
19028821
16301902
19317857
20795309
19068556
18560796
19120979
20934952
15934173
16004677
15741357
18212186
20677500
17623260
21771371
19417044
18611311
17268940
20158550
15960246
20552857
17950504
17244291
19189481
17908529
20633970
21233138
18508408
19703639
17201722
18693633
21083894
19726398
15645999
16167658
19707164
17516009
20882803
16735012
20529149
15662490
19446942
16234631
16084447
16062141
19136396
15687784
20170308
17352780
18352971
17824940
15831885
21429250
17279205
18411890
17310308
18194578
20642034
19635343
18661159
20170324
20068311
19689441
21635795
19601420
18580429
21044992
17971562
20345512
16573774
18373383
19227019
18609505
15852584
16404082
18644511
18553244
17949400
19841483
18784547
19720493
16999371
15730508
19272762
15762901
17410724
19625827
19182851
20671209
18612091
16817493
19736262
17533915
17571783
18603173
16140457
15832071
16536726
16117721
17953235
17349769
16621564
20934213
16974215
21185992
20003975
21448054
17119662
16490550
17803420
21568698
19001611
16112249
20063089
18402705
18982364
21235731
19098944
15875229
18321272
21736468
17874543
18488242
15796639
19646190
19627685
16341187
19590863
17574303
17993638
16078182
21057395
15596630
18550437
21805952
18997358
18186451
21545640
21682911
21462756
21141295
16434220
16488823
20500646
21058891
17766273
21726445
21478774
17686123
19706673
20049378
18391248
20209830
18299546
18548409
20174947
21508627
21519425
15879562
18454613
15761368
20015124
16791111
21894840
18034982
17899995
19444413
21684731
19452811
16489958
20615273
20510841
16786824
16464205
20172265
19962697
21735950
15964672
18599172
20497268
16924560
21734133
16328186
17000481
15532176
15637956
16736352
20211406
20516708
17958720
18038518
18935701
17948844
15785178
16230302
16790039
19096487
16398864
17301645
16921324
16358088
20561840
19562979
19142461
16494151
18719499
19073518
16494290
18241531
17727744
19548416
18502534
16700856
19368756
21393574
21515103
19501426
16392103
15590803
17244012
19615624
19682405
18450884
19006590
16219711
20959723
16925180
17804944
20107351
21480494
19448358
16751153
19175249
17704880
20414945
17193794
19047665
15871865
15753483
19457559
19318286
15590227
17286192
19876941
18363490
19930356
16276220
20088220
18716551
19778923
17258926
15991756
21307118
16595533
17436863
21358385
20335136
18980460
18438917
21701448
18496376
16740464
20004396
16257874
22073589
17169232
16550888
18923986
20195109
19587253
18544655
15876255
18398082
21648220
19775327
15717518
16539622
18350510
17971372
17335534
16091895
18228643
21689425
17855485
17450591
21263077
18043526
17591343
19386058
17347114
19359085
19679701
21138129
21862812
16874440
18711703
19049750
15789291
17390924
15546431
17233303
16234910
21157240
18538973
19570067
16844417
19326551
17469381
21952573
19653439
18036930
15711292
18803577
17607616
16936614
19254872
17626550
21492718
20581917
19174828
17414277
16176471
15573072
15682725
20873431
18928964
19845807
15805811
17764038
21651654
18386455
18416279
20826878
19414431
17186422
19962475
16894800
15748678
18444866
16210096
16178344
20224459
15626870
17425749
20869656
18328963
18209771
17998119
19694521
17909433
18498574
16100704
16632078
20159458
20530342
17988769
17082170
19359016
15927521
17300544
21127090
16942866
17443196
17196716
18710456
16128646
19534368
17309015
19902608
17000231
20857125
20538961
16983965
18724524
21109125
16000106
17640382
21876016
20684413
18545069
21342509
17468940
19665939
16533227
17349490
16602433
16594944
21976585
15788083
19388410
16249625
18829658
18789048
16403149
20155664
17108547
20841550
18786017
20237217
19104171
16284522
21413849
19723862
19827966
21724791
17927114
18681106
19786448
16821202
21403050
21602629
20107291
19463672
19855037
21052634
19433927
16456208
17060263
17704874
18842127
20467339
20389315
16881337
16475891
17044342
17150257
19523057
18648202
16404802
21441795
18928465
17704678
16103670
15974381
17539210
21654482
16911048
18650054
17260575
15923793
21617788
19507471
20009496
21658713
17393648
19646191
17569295
15533085
20722880
19506274
20581323
16454153
20728998
20837282
20099476
18261697
19898100
19491735
17044631
20520995
18765325
19244562
20023491
17362188
19062470
15994170
17010012
20947721
15673481
17519040
16266649
16635222
15916501
20647800
15985648
19184557
21262793
20545236
17241252
20446410
19913187
19202247
15840071
17964856
17945364
15573675
20440621
19049231
21133058
21209139
16493981
15819836
15571901
16425680
15517161
16137578
19277845
21073566
19835240
18069400
20236923
19265789
20398133
16703873
15812092
17339613
20598825
21153461
20142131
19573775
18675635
16514136
20031841
21478378
18726814
16035562
19204419
18413518
21422954
15632754
20947577
18612088
15912377
18567130
20525170
16523371
19492178
17083765
19581533
16921859
19940416
17332215
19073359
21561507
20883230
16965886
15563964
15852657
19813105
16636096
16260819
16543038
18923133
16162404
20875258
18941964
18769845
19120746
15777874
21665340
18693400
19366839
15616390
17237557
17583897
16466350
16086729
17045948
16837805
20508678
15805812
16088435
20610980
18664076
19921997
15588366
16775183
17051292
15558872
20540001
20597731
16754363
18160115
21617510
17357794
20660851
15888855
18581690
18979957
18260772
19810665
16638946
17219528
17193946
17102494
16505131
16813669
17347659
21123234
21351125
15750050
17382044
21626343
20056722
19493141
17356350
20509570
17087708
19057497
21368550
17120409
19246247
15641951
20191711
16276660
19896664
21493174
19188529
19072013
19073955
18603377
17244299
17665819
17197293
21464063
20005501
17294027
15601654
21244659
18989163
15608940
16218236
19501549
17681123
16719039
18686413
16741840
17995565
19251829
15776073
18849513
17290649
20925291
16808124
16213645
16581641
16344410
17579308
19018920
16903590
19934623
15900979
18229781
17595921
18183410
17130980
15654901
19273399
16515253
20443279
21259126
21647911
15579352
15952969
16722289
18333555
21534900
18669711
17319567
16795980
15821676
16002028
17098679
20116145
21495194
21919297
18292422
19177431
15693971
16109462
18436568
16647644
20369638
17551452
18211531
16337565
18725035
20708828
18088159
17683654
15980726
20220598
21702204
15817367
21593246
19331007
17336865
21501729
18616438
18366951
15865623
20684399
18812370
20701828
17432335
19576544
16551318
17313614
20092226
16543906
21533288
16756849
16298287
20554219
15549016
21226559
21382306
19606792
15661485
20162878
20871804
20636192
21067080
20850709
19343292
16777612
16528610
19057484
16867122
20728325
15570546
17634055
16722919
21178788
15548410
17190121
17944588
20398294
15622338
15923147
18373613
18814391
19822057
21800655
17118638
20415291
19967659
17105743
21432787
20188318
21548348
19558943
18578681
16670133
19530124
18057260
17303018
17267389
17204565
17321932
20614422
20963439
21043556
19625552
20001544
19720912
17762817
20441098
16764562
17335520
19556095
20230178
19376487
15833469
16174598
18052559
20738028
19144283
16198192
16608946
21548351
21292444
19728502
19829388
16872789
17713368
18461495
20541443
18020847
21906397
18072659
17081941
20578508
16423118
17338952
18687815
16755817
19103405
21671766
17911092
19711657
19265735
15720709
19117497
18393965
15994143
15919571
21383358
18364172
21591329
16649640
15763717
16420844
15851389
19562850
18390030
15755411
17310058
19041857
15899314
17617015
19554988
17027623
19760893
17565451
20000268
21744523
20451772
18595993
15992205
19711266
20005783
17633581
15619178
19012820
17720351
19447321
20950073
17000474
17942270
20098721
17156424
16734272
17212065
18982781
18821088
16362937
21311260
16823953
20091227
18827642
18498221
19184061
20094123
17923470
18851730
18814778
17479324
18269542
16631176
17469362
17564561
19734512
16574536
19703060
16524992
18830138
20671567
18680925
17584625
21739899
21156893
20678874
16034853
20646387
19110800
19817592
19386879
19794159
20354133
15846480
21173281
18638713
20422903
17881092
18429371
20156667
17926279
16273780
21482347
19461329
21879649
15931019
16078597
18787443
15990428
17577082
17274807
15587603
15692898
16372238
17274499
19488602
17853369
16986584
20478508
21478756
18395145
19852714
15550365
17249472
17851337
18577733
19085296
15860054
21680668
19953730
18189306
19140191
19125754
20890138
20419745
21409790
15638445
21462059
18018812
19060825
15625660
19934838
18521969
17931538
19052704
17542172
15960059
19469607
18030197
19095823
21504546
16384766
15992195
21323047
21905488
19306632
16615735
18557572
16703440
18548418
19084897
17212893
19713787
16639199
16595567
19323712
21441308
20964950
20508688
20075540
20590026
17461512
21075915
17724946
16501268
20802350
19107768
18213954
16429683
15576258
17259029
16495324
16689756
21053708
19094244
20051159
17038300
15992183
16483064
18197453
19184551
18812618
17032087
21894868
17573297
18781251
17413669
18554852
21063799
19065621
16858741
16326783
20195554
16355065
20069824
18360141
17692767
17042803
21122753
20032757
19034836
20877359
19094155
16730491
16972913
15839235
15612340
20930916
15652439
20113535
16842073
19167592
15843180
17676216
20334770
16052199
19485866
19592836
15904886
19690816
18330626
17657857
17564360
18564600
16752053
20718640
15941027
21041537
20305461
18500273
17524736
16443085
18831674
15527232
20007003
21210080
19128315
20083953
21397870
17645065
18677877
19256322
17352706
19339430
19753950
17163394
16739316
18508392
18579144
18428192
16431256
21780093
21029220
19692674
15633316
17212575
20923049
17428424
18760559
16529138
16271652
17018170
19472853
18758277
20032166
19255305
16989295
15651440
21610620
18308023
16824987
20100152
18085339
15751565
20684124
20378626
16757281
20728705
15530750
16569407
19035076
18682011
16895278
19537535
19581624
16682941
16510373
21301237
16550074
16285420
17707080
18816280
18785347
17363884
17619125
19118468
17616329
19581237
16850778
21297150
19088620
20671442
21596217
19602290
20434292
15645631
19796594
21073826
17278934
17098155
21961358
15807755
16798756
18786712
15686158
19642475
17845383
16548747
20472840
16093224
19222655
16312256
20717125
17038840
21392965
21321414
21736099
15820382
20177285
20534167
18981745
18365567
20442341
16755521
17504597
16340693
16640136
17712643
19345893
15931043
16511579
17473538
16487892
19767272
17470919
21149758
17874227
17058060
21088636
16225336
18756161
21939117
19710248
18416812
16802680
21419261
16024412
17228432
17149527
20160554
16773179
18427626
21275120
17853178
20185441
17641348
17035435
17697762
19787466
15870091
17723981
19804994
21651363
17682411
21092885
18274880
15899229
18202203
16849746
17334159
20085908
19920832
20690339
19468037
21749554
17911330
17182418
17895683
16879008
21481994
16616267
18695814
17969663
20546373
17971391
15799988
16845814
20672736
17335522
17430450
17625785
19471050
21182382
15612220
17353752
20085075
19104227
21841061
18928822
19041211
20132370
17185207
19759979
16681285
21160340
16699343
17955303
19812096
20102555
18321269
19797185
21989747
16478806
21440811
18308212
16710574
17388760
15835472
16156331
16848676
20298326
18227679
15640630
17000345
20059676
18588415
18768243
16327841
20971828
17368297
15819466
19643437
19095341
19209566
16354844
18275373
18197437
16903589
18815509
18414339
19146550
16024212
20626490
18561848
16080128
19756506
18259995
16504619
20373630
16955864
16448864
21322500
17410008
19608038
15583501
19883881
17090805
15959746
18666912
19739484
15655239
20194838
17551596
21521957
16582517
16607898
20672949
16035696
18802808
16054572
16441983
20381401
15606985
17698979
17146138
20351917
16450230
18815991
15840077
17659765
16749369
20131587
17335524
21179667
17524004
16849306
15538582
18207353
15530751
18550777
17683304
18071076
21051257
21384565
18416794
19420035
21291059
15523942
18715349
17359565
17984217
20523219
19692857
19836601
16759758
19465865
20706700
19631005
17565765
16240145
16799755
17112015
20626830
17457121
19281702
20875176
19186279
18786851
20718252
15548440
16130925
19813370
17542719
20838319
20128251
16326211
17874086
20122627
21252200
16982230
16331362
15675061
17520538
17804971
20531080
15971736
17629999
21380993
19517579
16250527
15976046
16532379
20876048
21507527
20172126
20512350
17265662
16336481
17051891
19928362
18377550
17211000
19562656
16919759
16185526
15829479
16184680
17443877
18378725
17719364
19587619
15591608
19254194
18036012
19535791
19381818
17087612
20238129
17477005
19268237
15923414
16734648
20674430
19959166
19932933
17418924
16425948
15671354
16835517
19938250
17919355
18941323
16442438
15551638
20537639
19383199
20868386
21133302
16905961
17505242
16436586
18829201
16449397
21519226
15823381
21190464
17855231
18799469
15719603
18631968
20334576
16236662
18354747
15562948
16239869
19711731
21150531
17602317
17718732
18557284
17521767
18038848
19770368
21667548
15612421
17229777
19335811
18950333
19194144
18236723
15968228
19070326
21126291
19231711
17723982
21277166
20869545
19558193
17085610
19606659
18947080
21744630
17046794
17627408
17490922
20132006
18314889
21717947
18494406
21520572
21946877
19947025
21105305
18055503
18610714
20010984
16823674
19244631
17601256
17042817
19445567
16047810
17145490
16689110
18385589
16162775
19939813
18019268
19736652
20837612
16543740
21187738
15912391
17359611
20701999
18987086
18230417
15629558
20047354
18077219
16043979
19913182
17828007
17131301
19018908
21095560
17978610
17604557
21500510
18465174
16294697
18226759
15568423
17430312
20052891
18052893
20525465
20716478
17853949
22168641
20177688
17901823
19248373
18655709
16287816
18489665
17091170
19066477
17273633
15846721
18580221
16945784
16181263
18172797
20204421
18438158
21554034
18181438
19489940
21506464
20352648
16829359
18657995
18655425
19846383
20554475
17298264
18667113
19803561
17505371
16688052
20009750
15785217
17786863
16949077
20868642
18320066
18548420
17322095
16856093
19635302
17267087
19157185
21176305
17642349
15856386
21429702
20494453
19016632
21483251
18573431
20725708
16500449
16892657
21805931
17518160
15849619
18090138
18798875
17085275
21125069
16893727
15909778
20833285
19948566
16529030
16991107
18552116
18266663
20500702
19664202
17872818
20449983
16442476
17984645
16461246
16644855
15957700
17059028
20665341
15882512
15529102
16520571
21214691
19244148
15798925
15991108
20012076
21325012
18979706
19543974
21842628
21675642
20506669
18705782
15741496
17256712
21287145
17082827
16045659
16118105
19276225
19078874
20562254
16446515
18394860
19493137
17552406
17310344
17408159
16620181
19401499
18220602
20942883
17082871
17366949
20736665
20586348
16217119
21667703
18164455
20379915
16584106
19419347
17098002
17238008
21599845
19914637
17680156
19739307
18364252
16728288
19036613
18784227
17922304
19654100
17471035
20869659
16259627
18041324
15955762
17626256
17167709
17386309
18271332
18300737
19410406
16263613
19342149
18189178
21109576
17138508
20441064
20001494
18026777
21185850
17010827
16884568
20943293
20446521
20069957
19482221
19283974
20029006
19916821
20509805
18097166
16738976
17187538
21419684
18431285
16923195
18649963
20403173
17266386
15669434
16604910
18702777
15939515
20599101
17919875
20953977
18972327
20131443
17691711
21475089
16797268
19907389
16373178
19843964
17335639
15792063
17560755
20649437
21035300
18272735
18718991
18771828
20852523
19395177
19721927
17036591
15960691
20177046
16416155
16162387
16490728
18232550
17702666
20509784
18388169
16841084
17086418
16629356
18272613
21824231
17922360
16388426
18401054
21177696
19648600
19464561
19101804
16263484
17254667
16184694
21831023
21424296
15579351
19642759
20552281
17152044
18376679
16965558
17542789
17905052
19563729
17032465
17364846
21285740
17689372
20495648
19865028
21144201
19244564
18727992
18250484
20801967
19564327
