16719740
16719739
16716871
16715950
16755821
16751966
16749935
16734303
16729866
16723328
16719737
16714690
16206812
16779424
16761882
16761788
16752961
16820048
16802484
16796423
16796325
16887470
16884798
16884127
16879008
16864168
16850664
16843766
16843717
16948333
16945065
16944649
16942954
16937880
16936485
16936481
16931614
16925372
16925074
16916563
16911122
16905990
16900877
16898939
17056874
17051292
17047495
17035080
17032687
17016985
17012136
17002645
17002163
17000231
16990964
16987128
16981799
16973948
16969984
16969724
16964900
16964890
16637516
17142610
17142605
17142604
17141131
17136936
17136932
17133761
17125652
17120955
17120948
17120941
17118239
17108534
17103108
17102891
17102268
17100224
17097522
17091047
17089287
17087706
17086836
17080329
17079629
17079627
17079626
17079614
17079613
17079612
17077254
17077223
17067869
17066997
17066617
17063649
17063090
16617713
16602548
16598609
17252082
17245166
17240136
17238671
17238332
17236996
17214237
17212829
17211714
17210876
17199067
20698096
17194046
17193836
17187696
17174625
17174220
17173340
17161807
17161046
17153049
17149085
16579288
16579136
16572671
16567668
16076793
16076318
16047617
16030354
16027590
16024978
16023942
16021980
16014211
15982758
15962521
15947334
15947333
15930917
15927443
15926638
15915606
15906692
15892852
15881498
15871901
15819120
15818638
15816312
15814401
15788917
15786952
15774344
15765823
15763833
15756397
15754538
15746590
15742488
15730455
15723816
15715207
15707092
15704769
15693223
15692871
15691106
15669577
15620077
15618370
15597905
15587195
15587170
15576694
15568267
15555752
15553188
15551847
15544176
15540619
15535076
15524306
15523081
19331009
19326755
19326547
19278098
19052735
19042850
19025779
19020399
19006914
18998597
18975731
18951398
18947120
18939679
18837719
18831476
18826731
18822492
18810415
18809064
18806998
18694981
18794050
18790436
18789048
18779476
18713201
18700400
18690149
18688053
18688048
18688047
18686874
18680919
18675030
18654093
18650645
18636228
18632042
18626060
18625906
18622990
18523697
18501765
18452366
18428416
17489306
17488153
17486384
17482046
17481456
17474948
17468142
17460240
17456540
17452732
17444426
17439753
17433966
17427483
17425252
17421092
17417932
17416145
17414352
17412255
17411863
17400513
17397490
17397375
17395967
17393714
17387170
17382213
17382210
17378875
17370917
17364335
17337155
17336874
17334734
17334470
17333125
17330272
17329699
17325113
17324466
17318704
17315298
17311830
17305662
17301207
17290640
17287039
17279019
17276329
17275382
17269541
17263992
17260490
17259199
17259193
17259192
17256717
17256713
17256708
17256392
16643589
16634446
16622634
16609344
16564405
16550938
16544868
16539622
16530652
16524355
16521518
16515317
16509395
16509051
16501386
16499467
16499457
16489898
16489445
16470103
16456209
16456202
16453045
16450631
16428060
16419405
16405386
16401707
16401218
16394924
16389010
16387520
16382656
16369921
16369431
16362467
16344692
16335608
16314545
16300029
16277929
16268293
16265928
16256718
16254480
16251098
16249267
16234077
16234014
16229389
16227866
16219931
16219875
16218548
16218547
16199391
16195562
16192159
16190309
16187628
16186863
16173957
16165079
16144244
16144232
16134429
16128659
16116388
16101211
16084187
16045078
15999966
15987054
15929244
15926358
15913234
15851389
15849098
15838419
15822843
15805447
22055029
21987201
21910392
21902093
21877648
21848189
21813887
21717648
21670616
21667573
21663463
21654251
21650136
21641510
21608511
21606462
21603847
21404497
21322884
21120770
20800332
20650357
20578295
20360409
20093610
19920445
19916240
19785861
19725216
19700280
19660634
19634654
19607668
19583609
19573777
19573774
19573773
19573630
19544796
19530199
19528344
19466719
19454209
19454208
19454206
19454205
19454204
19454203
19454197
19454195
19454194
19451479
19390443
19360209
19356561
19343899
19326638
19306619
19288562
19280664
19262064
19252112
19217497
19216236
19209015
19208329
19195441
19191726
19190869
19189748
19186288
19178975
19172992
19162957
19130149
19115446
19066137
19061447
18091403
18081434
18077034
18072357
18066353
18062636
18052618
18051488
18048851
18047450
18046264
18042573
18041235
18021512
18021511
18037519
18036930
18034277
18030861
18030686
17556338
18007210
18005562
18005132
18001003
17998715
17992134
17990134
17986485
17985496
17980834
17975185
17970025
17966309
17959922
17950175
17947196
17941171
17939057
17932651
17928462
17925712
17925070
17913778
17911866
17911847
17907755
17907636
17903705
17901388
17899962
17899388
17893625
17879373
17847992
17845972
17828318
17804969
17803799
17766519
17766504
17765496
17763838
17727987
17725947
17718659
17717449
17716423
17708327
17704923
17701393
17699151
17693832
17689916
17670918
17664512
17656226
17635479
17621923
17607906
17600951
17596745
17596030
17593636
17593155
17592095
17591528
17577605
17569442
17557190
17555492
17554092
17552068
17551130
17550936
17541878
17541877
17541876
17541875
17541874
17541514
17540013
17539556
17537739
17524969
17524803
17524801
17524800
17524799
17521873
17519040
17518197
17516009
17515491
17510007
17507697
17504545
16468598
16456201
16450630
16418823
16374975
16350737
16344645
21717947
21712010
21678872
21676572
20979161
20961582
20959723
20946046
20942889
20860179
20858315
20851696
20830625
20811186
20806865
20802266
20723836
20716804
20702442
20661033
20653489
20626947
20618568
20618567
20617780
20614707
20598188
20592707
20592706
20586623
20540210
20517604
20508683
20505606
20502196
20487056
20463485
20460560
20448487
20427003
20427002
20422449
20386768
20386048
20369445
20364647
20363454
20363444
20360791
20357082
20347744
20344925
20336996
20302210
20229845
20220620
20211082
20209749
20207241
20169949
20166907
20154282
20142581
20142131
19155288
19150746
19140284
19128863
19118246
19116976
20597406
19104764
19095878
19095104
19086323
19085622
19077257
19070326
19070325
19068049
19061679
19055277
19051008
19050207
19032255
19029007
19024418
19023353
19005426
18989134
18985882
18971662
18954782
18952706
18947121
18945745
18942631
18942628
18936578
18930337
18924459
18847652
18834220
18822580
18812148
18809622
18785101
18778467
18777926
18772446
18762529
18761676
18752660
18727310
18712798
18705120
18704750
18700831
18700356
18695085
18688054
18688052
18686837
18666878
18642083
18617024
18602558
18599342
18580387
18579840
18570847
18570011
18565693
18564949
18564548
18562877
18554384
18546919
18538214
18535302
18524980
18524373
18522667
18520315
18519296
18513469
18512099
18507236
18504854
18501752
18494715
18478855
18460958
18435029
18427626
18411019
18410318
18398551
18397641
18397244
18381338
18372505
18360282
18351193
18332798
18327371
18319281
18316754
18306973
18306705
18301445
18298982
18294479
18292590
18291190
18284431
18283191
18283063
18283061
18277638
18277637
18271288
18270924
18269054
18251959
18251578
18251572
18240833
18237067
18236875
18229651
18226971
18222938
18222705
18220126
18212658
18208731
18206256
18204377
18200900
18200896
18200895
18200894
18200893
18196771
18193765
18193369
18183670
18181670
18176217
18175595
19655615
19370832
19288372
18086977
18083675
16707379
21882512
21818018
21772000
21769822
21764169
21764011
21739919
21602228
21548477
21539275
21534391
21510157
21496148
21494167
21473420
21465894
21465885
21450767
21456423
21452644
21431275
21420332
21418471
21415614
21404777
21404773
21392965
21378292
21376160
21370697
21367478
21355391
21309404
21309337
21306701
21303768
21286905
21282086
21266282
21150369
21160346
21146024
21141396
21136034
21114909
21114716
21093633
21090022
21081883
21078738
21067379
21053693
20622360
20620615
20604910
20570781
20569716
20566813
20543485
20523144
20512350
20511242
20508684
20504789
20482810
20472840
20460001
20441019
20438610
20429354
20427001
20414114
20413576
20406796
20404760
20381395
20369442
20363448
20363445
20346534
20334770
20224375
20224362
20215907
20201448
20200818
20194321
20184108
20179660
20178184
20176512
20172190
20142575
20138379
20135082
20103081
20126493
20114098
20104729
20104400
20095874
20087084
20084785
20083413
20074425
20073294
20071868
20068485
20067686
20065013
20057330
20056005
20055066
20045746
20042933
20032639
20031904
20028276
20027876
20014415
18277888
15831420
17933804
15995503
18367910
17138508
17469164
20842962
15930237
21665473
19756491
15994709
18696409
20718396
17892635
20644133
18277553
16381161
21178355
17988048
21298940
18059456
16964732
15896961
20351159
16128661
18754521
20067358
17645791
17697912
20814796
15692898
16598520
19103693
15534339
15546535
18245219
20144942
20368494
17211003
19397183
20636586
15595226
16314768
17409671
17237894
16600433
16438766
20647783
20061256
15933964
21823502
20236431
19081413
16517008
16515009
20192079
21378063
18487873
19000337
17057568
18337534
16174503
19633896
19786861
21216080
20687449
16601514
20673155
16562385
21182438
19560245
16922980
19551750
18026777
15668838
19389535
17684773
19856591
19319760
16648728
20880366
18842456
19537392
17475637
18358940
21176305
19477574
17262839
17486386
17464377
20142407
18520428
21599900
21314812
17542318
15642765
20636181
17972783
17662568
20461689
17310355
20123331
15853087
16897940
21297320
19651709
18611253
19183496
21145628
17204738
16575714
16195085
15822046
17478415
16967014
17476142
18443803
18953195
15550802
20006419
16723163
20069472
19832815
15980421
17372550
17252603
16398905
16335292
15549584
19500750
16936613
19412691
15637955
16768335
18353495
18540935
22030644
20121997
16168035
17153660
20662908
20861288
18472623
15988949
19386826
16711287
18601640
21045579
17954440
21740729
16679437
17397708
17640108
19261197
17336868
15606321
16323619
18803997
21205258
17674216
21464103
15970116
20584341
19247883
17017685
18203568
21592383
16135861
16723935
18694992
16550986
17587085
17349490
16648094
21368543
18403661
15644685
21492337
17451880
16708752
19960016
21605267
18370896
18072408
17594915
21243007
16503952
17984647
21814477
17467120
20706180
19433843
19507357
18504159
15819162
16539086
21742733
17263734
17004660
18653427
21857013
16150319
21135708
21093369
18299494
19150541
20443320
16051459
20479207
20829800
21060016
19285301
16610112
19954535
18585513
17694612
19592188
16492635
17324094
20097148
20674846
20439049
21511454
17264442
19351309
16006829
20235421
21314572
16517805
19441880
16631822
18416812
16796432
21591851
16354844
20531081
19800205
20730061
16427057
21127318
17578060
17627885
20329473
19166567
20515602
20940273
17066971
21049795
19653387
18783126
19075103
19451553
21209295
19088482
18072442
21837858
21430524
21421991
19648600
17728595
19225286
20499655
16913320
18325459
15997604
16604008
19614880
17533913
16134659
19088658
20178573
20939228
15590215
17883790
16162576
17019462
19212925
20155664
18298989
19901005
16871657
21492285
19538648
17685146
16146487
18211529
19786718
18687247
20445451
21110503
21311695
15979815
19910196
18567387
18807860
18567475
17948844
16320432
17899501
18353394
15582782
20453732
18272638
20874836
21051987
20610465
19349260
20572859
20672653
20469777
19062357
16914106
16938645
17970856
18936382
15575125
20552319
21309317
17929730
17985962
19243778
16049209
21226409
16981478
18382834
19326301
20649500
20853103
19770295
21388095
17079960
15881732
16784530
18347487
17899237
16594292
16879943
18515751
21323845
16025636
16178340
20064882
18401054
18698597
19114838
17129368
20170870
18426456
16723104
18537987
19839214
21248530
16719900
17336875
19944367
16061762
21736171
21613917
19090412
20738054
18154854
19024823
18097726
17684905
17284550
16959809
20512534
15671770
15825891
15853789
16032394
17159018
17175683
20176916
19287499
20571123
18094781
19039055
20337796
15847865
20946115
17498153
15841026
20843903
15965395
21863029
17351690
20151088
21693747
17285928
16192828
15667401
17605569
20355263
21879680
18297410
19270632
16116844
16677177
17384553
17452604
19760564
18328963
21268521
16530486
15726868
20458647
16358114
19116974
16544687
19194132
16809104
18229987
19594682
19365314
21214139
16111880
15766349
16512582
16311232
19437854
15569363
19623711
21168831
20642219
21404770
16429949
20024702
17441929
20048265
19892293
16032428
17234107
15707103
21520697
17983544
21474806
17446244
20163761
19085003
19638984
21926560
15645768
20228640
15893213
21453525
16507096
20390681
16125898
21345818
19160356
21879626
16079431
19783085
19725299
21336196
19253858
19531081
17286737
20011956
17487658
19738386
21661529
16216471
19423987
19009935
21322300
19880842
15914767
15641281
16409174
18363510
16456211
18358874
17388760
19488602
17962126
19447272
20682667
18797747
17326557
16400218
20841532
19387286
20110605
19345893
17397700
17702101
19175591
18284538
17137938
15848471
15755262
19255127
16756523
15683143
17034716
18774048
17941408
19438112
20703145
19374611
19996808
17272898
17283922
16957636
19472805
18631406
17106344
17565139
15582830
17986878
18622457
15860240
20165520
16145642
21874660
21084890
17509694
19605620
16603985
16429958
20000070
17102524
16048529
18223158
19329101
18445861
17310344
19887655
17441822
17666999
18454762
17263612
18312990
18770873
16440562
20698360
21214132
17703821
20823043
19837459
18784227
17102403
21462668
21675699
18422265
18631968
16918744
16279332
18665069
16240704
16766686
16984637
21097770
15761454
21290908
15986521
21130695
16186004
19537416
19501034
17969665
17306139
18183749
21738072
16123468
18768345
16563626
19221080
20644186
17484704
15551998
17592106
17903572
17383522
18613355
15516732
18085911
19173756
18212585
16866837
18392637
20670428
20182268
20573664
18522603
18678817
16260357
18181818
18561011
20537639
21488563
16882000
15575634
18468938
17973700
16172091
20409102
21500178
20883230
20384642
21382797
16229314
17767450
18075945
21791099
19398823
20052731
21071434
20807969
21287844
16271654
21029998
20152089
19771995
15666886
16621142
18479506
15587606
16273797
19250617
16495708
19458091
16487900
17284943
17906546
15799505
15966126
21460713
21062136
18236294
18650705
18718111
16340668
16313377
17608243
16436171
17095377
19165444
20346092
16159066
20131134
15902873
19254993
16516655
19858395
15904592
18005377
17592971
17522829
20679556
17697095
19060794
18423611
16596858
19635343
19508138
16813543
18829016
15869551
20080305
19216989
20707799
21896439
20837738
16054867
17583281
16430351
19670955
19335672
17371147
21239783
17302137
20391041
19460662
20578313
16111947
18789425
19182274
18927962
17619598
19408554
20810416
17682030
17683303
17439757
17466653
15932487
21051795
17486787
16085200
16627842
17954441
15729808
21426753
21404142
18630360
21042194
21531685
19648849
16894924
21520676
17184413
17327715
21368555
18682996
20812124
16405706
21954764
21811626
19449606
20037847
20535797
18391766
16470251
20523150
20420154
17668735
20236095
16565030
20795833
17081940
18459591
17298243
19591363
16424711
19110853
20001544
20155989
19275835
20582496
18808578
17356435
17955777
18998435
19299400
18445647
19266944
16876802
19189157
19843130
16965255
17703825
16055870
17331800
21785084
17133304
18985843
19339444
19243243
21320661
16616398
20967509
15853088
16979535
20687037
16514475
19962697
19469117
17910532
18462286
15779247
16687723
16045650
18666885
20953218
17401779
19390962
20011751
20373918
21362766
21070702
18237347
19725798
16832992
18778558
16100531
17197793
20381797
17142528
16476881
18551601
18698529
15553800
16355710
21526583
17970860
17701338
17156416
16627244
16150678
17059606
19851239
15987226
18797209
16182758
17918618
20080808
21375102
18186906
19687180
20563396
20940688
18942244
15684845
19242580
15772510
16009057
17445107
18052750
21368658
16931461
16381100
16200512
16756187
18198364
16876380
16795980
18289416
16582707
21555652
20179254
21977879
16862325
18536587
16398208
21377556
18338267
17089175
21823138
18228571
17054862
21210080
20490970
15646115
16609079
20169368
21145577
16143750
21329857
16500449
21711124
17402954
19568215
20921917
16908363
20513345
16808747
19237411
18030959
18054730
20367649
20184999
19644973
19182464
21205834
20140752
21351267
21500507
16955579
19922930
18512376
19200384
16562435
16769943
19227592
17409804
19191815
21573122
16290917
16426696
17494454
19538405
15869233
21156351
17874183
20480130
20177166
18240001
19032073
20587935
18093253
17533936
19797339
20684413
16357705
18397157
17177958
20077806
19033173
17611213
21093125
17263047
17381482
18274594
20001195
18486712
15981744
20029563
20362246
21145095
20078006
17368290
17330297
17510904
18843063
16585026
17378236
16623609
17604761
18807299
17468640
16519372
15889886
18163263
16026659
15714716
18807396
20569869
17234071
17326544
15912412
19504614
18653392
17062420
15998926
18497664
20002715
19468121
21339402
17947907
17482192
19655502
20363840
19240441
17679663
17375769
19898099
20091475
16793044
17982824
17479949
15923409
18073618
17330996
21767378
15793320
21780093
20216504
18349327
17711812
20586347
17344981
20851279
19745635
18283559
16684426
20033233
18030151
17411467
17969938
18842455
19485724
21770350
16739207
19446121
20726270
21404004
19910864
16476372
20722884
18023256
17140420
20838329
16427762
21325099
15864972
19461569
20435435
21143564
16178171
17341747
18313632
20967480
16635696
15806322
20194153
16326743
17427603
19073955
18784967
16126566
17165076
20350889
17496819
20006196
18549138
17347114
20373658
20214483
19189601
19278385
20456771
18705566
15913083
19041211
18257446
21605732
16330968
17872553
20159458
17961888
17565433
19679701
18330386
15513615
16796505
16857074
21269438
18766417
21309435
17356958
17659005
16466349
16263865
17654419
16819630
19104193
15613564
17503161
16056117
18551888
18638047
18833453
20940569
16433263
16502003
21862079
21385470
16703755
15737861
20846045
18373443
15540710
17102364
19726455
16426796
18521649
16440429
18489666
20564128
18332509
20553535
19382433
18833725
18387229
16292626
21813369
20950990
19567756
18366951
21410900
19032208
22203544
19943235
17489499
16259852
20846225
16195574
17252963
16015058
17384505
16267805
17661076
18421658
20597709
16249592
21044992
18711454
18981749
20419747
16398383
18256844
19195050
19843620
16865561
16710088
20531440
20211089
19524432
16202686
17087183
19186410
21646997
21338747
17124626
20809194
17922369
18501359
15637685
20054794
15701763
19340795
18538216
15774077
18656320
19597893
15748679
16437270
15550092
19514531
19167629
18179365
17151565
17114848
16950516
19823093
17950504
15674163
18840131
16260702
15689727
18190481
16435037
18803604
15624638
21771068
18201598
17999405
18297974
17679585
20194107
15800768
18773710
22029121
16165004
16168038
16509063
16235285
17475331
21977773
16794438
16036007
20177024
18477393
21534878
20373649
16605232
19686271
21879659
18041283
20443305
17802732
17708328
19737850
19944465
17712690
17660096
17824869
21099396
16441523
18947093
21282549
18052893
18156920
15869231
17989116
16318052
19507540
21705886
19338653
20228332
17521053
21801517
20091507
16535903
16847769
16395067
17910543
18479785
20403513
17895234
20946571
18414339
16624890
17029658
16077286
18246391
16323521
17207305
20495594
20715299
20856193
17167358
16119518
15712681
17685995
21532086
15841423
16277126
16904432
16250197
16889912
20696034
17069104
18246827
18928082
19084319
20171663
20531194
16858002
21294061
17486679
18505890
19622915
17118072
15877479
19906525
18575174
19345912
16711291
17296408
16376480
16629568
21383270
19150591
18633020
19536033
21125031
17548702
20881797
17167014
20029311
21457726
20738742
16477857
18566869
17942458
21457504
18841519
17075010
16245190
17565481
17583080
21193332
16859860
16583574
19811195
21414143
19207057
19054930
17954381
16052902
19158526
16905630
19938426
16767851
15758702
16418410
19634626
16982001
19521949
20473456
16350354
21736099
16263039
18584908
18349491
16551327
17726172
18634731
19595319
18711259
20302989
17135800
21644886
18829417
17116184
18206382
17522534
21619644
16293538
18814197
16440916
19088667
15577666
21610620
18268002
19603379
16595543
17554835
15789389
17079618
20636180
19357936
21526684
18772182
21660874
16646768
19096357
19054983
21325098
21675152
21774636
19577419
20390617
21696486
21877511
15758704
16884316
19072108
17008829
20435496
19326611
16387948
21397877
15580091
19159543
15880171
16193322
19777790
15555978
18027047
20222223
15900803
21193083
21524329
17366250
17883663
19234100
21029127
19896254
18767470
17202530
17497309
19066984
19835534
18684529
16790451
18426471
16823536
18188140
20957133
17596085
17933059
20559181
17375230
19077807
19346926
21226545
20004490
15966780
19357603
18071762
15942390
16006914
20037974
15762102
20378728
17264695
17559731
17413676
16307954
21977605
18802808
18436568
16594969
17128912
19235784
17544129
18818536
17182418
17803363
19886328
17643979
19064979
17098159
19642431
18688058
17146726
16715902
20022601
21193084
21635629
16827532
17386913
19183146
19617282
16537300
16860043
17014467
17957525
19139474
18171394
18171634
21367822
20231340
16627411
18772211
15527223
18686836
19772556
20124612
18095807
18298504
16968569
16217119
19251970
18950333
16162775
16111765
20054158
17269947
18562907
18361028
20797561
19287913
20077782
17259050
20118697
18979547
19171572
17696675
15920363
19752038
17018196
15887819
16721708
16681708
20801975
16150016
16141104
18547435
20854596
19892446
16620171
15630823
17583103
21272822
16086729
21624394
15612403
20444063
17218869
16010186
19448466
15966212
16640130
21338233
19022037
21057800
21805744
20117031
16959466
15642491
17727584
19076464
18378730
20639654
18655855
16126459
16287794
20346338
20966373
20098139
20070069
16972161
17925412
21299280
20303232
19422338
17957590
16999652
15992979
20092528
16799361
15644692
19543014
16720486
15869019
16148808
17015506
18161384
20455147
18213954
18978011
20663592
19268886
18355227
18373383
18556185
16038132
19278117
20626120
16261709
17326598
17610158
17546313
19891684
19694517
16631294
18796337
21198742
19152989
19660208
19832996
17996108
15867984
16295344
16862950
18418017
16627318
18274244
16799016
19538106
15656150
21191212
17360793
17175948
18493090
19067933
19010576
17162109
19603223
21425639
16036232
21140859
21666960
19426927
16501268
16669410
18244995
16161896
17375341
21429037
16817671
16530149
15856552
19772239
20630118
18953776
16646703
17101624
18546569
15635789
21122018
18774997
17505371
15754079
15683013
17849679
17431337
19199137
18974174
16493299
19782915
17107619
17195149
20215047
21988040
17234063
18496021
17382044
18070780
15682879
15816653
21074816
17884600
17073198
19697661
17319382
19788406
20179250
17318768
18186914
21667703
18468354
19670361
17494508
21693697
17375228
20051615
21129077
18584521
16246653
15893218
15904552
17153260
16115832
21401941
20827358
16222349
21906397
21768431
19968947
19761173
17575743
16954123
15546895
20229043
17804213
16554157
20433117
19850436
19465317
20561882
20873066
18405565
18036012
20189746
18002962
20511684
20801450
18350143
21651654
17523031
19843273
18643803
17598627
15749322
17676697
15820426
18535476
17505402
21991894
16675742
19900323
15568581
19901745
17478412
20526901
20932190
19593032
19773145
20031846
15639679
19259870
18022833
19339133
21639657
16308174
20378204
15907676
18241531
16491032
19650950
15700600
16423121
15616943
19374034
20453351
19719062
17897431
18198363
18834545
17852006
18677078
20077792
15829472
19629748
17873255
21043559
20368660
16790039
18415920
21115435
16368057
21702400
18372887
18501835
17193946
18661855
16438812
19461175
16003005
18844529
17056898
19272549
19174269
19293316
17709172
19823968
18442552
20189682
19884808
17342850
19038976
21476424
20494330
17855718
18317851
17274147
16986764
21236585
20154558
18672852
17213048
18341179
21692379
15561380
18450878
19568731
20547913
20560955
17413677
16530114
18202203
17336373
18690574
16352344
15844721
21780092
17257805
16343906
18314889
19018911
18556989
21034884
21218700
17513278
21429956
16043009
21742461
18824907
16125810
19664527
17205853
21059572
16392268
21417749
20819304
19106729
21957798
18201504
21085918
17506233
16531938
21736109
20401828
21376797
16294629
18080932
19728434
20727647
16739812
16468257
21330098
18269441
17144052
16681285
17991255
19126286
20492015
16231778
20500740
19116800
15639683
16324938
16243357
19010732
17507840
19190009
18477722
17120919
20305308
16788298
21116142
21498782
19321069
18200827
16244045
17872670
16775795
15590035
16831787
21684461
18026004
16534034
18785885
20406531
19018515
18538065
17598879
16175921
18625920
21135693
17312091
20446248
15650625
16258402
19225605
18578607
15813397
16719746
21439658
19632805
17764470
15699314
19266713
17468625
15856386
16109046
16468478
17149529
16023804
20615918
18302556
16406035
21069268
15536789
17308454
19717826
20520261
16713336
19237810
17889494
21132866
18573661
15718179
21301962
17351157
21536611
17251726
21136114
17300571
15662297
17446825
16970657
15899604
19167094
17151566
21657805
18585886
18195309
15747077
18716050
18320903
17416718
20604924
19751898
15544663
21842628
18419364
17091657
15837028
15728419
20841979
20615273
21067779
19136335
21145582
17365378
18048200
19697594
21447221
20709279
15839952
19594788
18216083
19753425
21894124
18615295
21702398
21073679
20485725
20654827
17683299
15747886
15940115
20972381
19502217
16331429
20155560
17562661
16319707
16258714
19329944
19227019
20735273
19592823
18160864
15763910
19858336
20558434
17080004
17472505
20884788
17944637
19647967
20579603
20706893
17008707
16710714
18019209
15707095
20439199
18473314
20550076
21268452
17017312
18090444
19138389
17012130
19136330
16010910
20838315
19330969
17944163
16322139
18051917
19779052
15730365
17475736
16983106
18561737
15921133
15794297
16284050
16840484
21447572
19027628
15667698
17170671
16334710
15624695
21765263
21793739
19589164
15625660
16958943
19958877
16175812
16594419
16447530
15827908
15775746
19182554
18578677
15515991
17907348
15794199
19216993
16802287
18789413
18400003
15667759
20329335
19220607
17914896
17664522
16798702
18788268
17786522
17122655
17673060
19922955
19771645
18714713
16566337
20526684
20543239
21211010
20007818
21619740
16398299
21397288
17390192
15612404
16113758
16687147
16838801
20799590
17725913
19019733
19382172
16607332
15854933
16550895
15526622
21682924
16036011
21138831
20099956
19625831
20975928
18429368
18304147
17577722
16754815
19390341
19809607
20453611
20550081
21150502
19709315
16521712
19682124
17174847
15965384
21943076
17543696
19046558
17102494
15548413
18403175
21218728
20426356
19504762
21166070
21086054
17952258
17090222
16970660
21862193
18437069
15836534
19849904
21264758
18299731
17917948
19092597
16137072
19768660
19738218
20879014
15631568
19068898
19739511
19080751
17020240
18615962
18051981
15602279
20029430
20102812
20937146
21435571
16135490
16184694
21095014
19780749
20143327
20516452
20515883
18314388
18309919
15645323
16964792
19366775
17869587
20564632
17346917
17080736
21473434
18067610
16162468
19917545
19060433
15804319
16876816
21888068
16904860
19411789
17016987
19765123
16422983
16487840
19033590
15773964
16548476
20078423
21131636
19031845
18822756
18196711
20961281
20931472
21685744
18445760
17929734
20150606
19764524
20144184
19094198
16076894
16099552
18757351
15882366
19058503
16520681
20804887
15887875
21443066
16285419
21211926
18416359
16498199
21072099
20471438
17335523
18429912
21957764
15926744
18301115
18335842
20662286
15672566
19136677
21365402
17525427
16190938
21586244
17998378
17133895
17912275
16436544
16055241
20601645
17635627
16117454
18772306
18633570
17489954
16602433
20196711
20077786
17269951
15933633
20483963
17415099
16629965
19005688
15847965
17059163
17656742
16434220
18727762
19958908
17118075
21164071
21066953
19401093
19139382
19003799
17967631
20497827
16203280
15648127
21121113
17620391
16355045
16136875
17686713
15742746
17163314
19749658
16555020
18389983
17259659
18763552
17433113
21301699
15643250
16925375
20628656
16510373
15683271
15788807
18980442
16411006
19457893
19066140
15918423
19382508
19397816
19961816
19773732
19504558
17331094
17985748
19938259
18803547
16527786
17043938
20473194
19091084
19816153
19683253
17464789
21622488
21183307
20046116
20503161
15561158
19039438
20458987
16638142
17265839
19084891
21486125
21365974
20875176
21266559
16492489
18853541
17067753
17982999
17667785
16735940
19416796
20123817
20531493
16944378
16186465
17727550
18342824
18771525
16868266
20102069
19381055
21470734
16050433
19060802
20211957
21299629
17435817
16250528
17610020
20442008
17562524
18553252
17000483
17552039
19697568
19768288
20583104
18157568
16642233
17482878
16755394
15622906
15912052
17355362
21460349
17516489
18428001
17227356
19146083
19901502
20860782
21726445
19587371
16920242
20122017
17561016
19799738
19745632
17412049
19624063
17452926
20050478
17633581
17042816
19091313
20387186
18710374
20541284
21117303
20513459
17515684
19259839
15646166
21665011
21441308
18595577
17283217
17414595
21093840
18637140
17073190
21726950
21511353
21570018
16541831
16827400
19645706
19331311
16728354
16571383
19940086
20923287
21444597
20812549
18399614
18784547
15742908
19380090
16941128
21679547
19146519
21267533
16331229
21272221
18649109
16585116
20924337
19201166
19060727
18609344
18399750
18336692
15770114
17556999
21916094
16532718
16235813
20579161
19188456
19207552
21178193
21037958
18451080
17078345
20030500
15672062
17901631
15852239
17146119
16324185
16295792
18095889
19691850
18237668
20738185
18414309
15763848
17139019
19213516
21658337
18997595
20495104
18076926
15564731
19940587
16896861
19300221
16365612
20816332
16268282
15921356
17467495
20403490
19500789
20157205
16396713
20173270
20974025
16092635
15967628
21243605
18612053
16033595
21503460
16240860
17436613
20802421
18363064
18164350
19150261
19390967
17327722
16264037
21429954
21555667
19192570
17425147
15615569
17108590
19462336
18041567
21220848
16238905
16234744
19485869
17302870
18297170
18596118
17613485
18723582
17097757
20737230
16491937
18430276
18684020
17193764
18812795
20191724
20222392
16231615
17932174
17324184
19361124
17515782
20374101
21411820
20305532
15921061
18958984
19842953
19593901
17962494
22053657
21481519
17394668
18197862
19968578
19515888
16927721
21411821
19157280
20158128
17914080
16208533
19389137
15801387
19515862
19170781
16513055
16926761
20509248
17633979
17007718
15744142
17581708
21404886
21248573
20617860
17656632
16501137
18361322
16350498
21642732
19371558
17197966
20658424
18382249
21265350
18300609
17688785
20959725
21199150
17040525
16342631
19519232
21057839
16972583
20050792
17122659
16489958
19907393
21186164
15996268
19723933
21152823
21916091
15806853
20807911
20213846
21091702
19920832
19442479
16601610
18398650
19102225
17258047
18762647
16050857
18572540
21084438
17492993
21229777
17987348
15710589
16082831
18385406
18411890
19787525
16006416
19112875
16941919
19824525
19066980
15672603
16331371
15644701
19811596
16313373
16909169
18094296
18614445
17489960
15588030
18056570
18751333
20535717
21446258
18387718
19739878
18767515
20601563
19438113
17099193
19108047
16739323
18096353
21552066
18579144
17270631
17578716
15566452
19885649
19581197
20186874
16895823
16689756
21715558
16082914
21749554
16218148
16528928
16282000
19411662
15520090
21138894
16757396
15992984
20728998
21989747
15548440
21111375
21896227
20593644
15911960
17620214
16145182
21129832
16377058
18642621
15889866
17675114
21496527
17472495
17696047
20362216
20035196
20132978
15722963
19570485
20978451
15511744
19204300
17933370
21473969
16830631
17848423
19537640
19104320
18801274
18216738
20488607
17212893
16132892
17564550
20077809
16459526
21044437
18420693
21074874
21189816
21764242
21093376
18350940
20039222
20738432
19642148
16415748
18704869
18993134
18078617
21211602
19952549
17500296
15548245
17139036
17517268
21097762
17154706
18850538
15529485
19403441
16232104
20590508
19482120
20677478
19289342
16570778
18441273
21122271
15835217
20165846
15759535
17011901
17952712
17350378
20101416
19579843
16463599
21277589
15860031
16774291
16344302
21488482
17720434
18785349
17548447
16609897
16719422
20525473
21486361
15749791
20423363
20626578
21188866
18460162
17265663
15842183
21341221
15893959
19492211
17283304
18007268
18285552
17874227
21135788
21029353
19605922
17160541
18573018
17704102
20082061
18664229
19536963
20042769
20594068
16416386
18020851
17995565
20729729
17133142
21127107
20509723
20663801
15528288
17680514
19144279
18235395
20795613
17438886
20017460
20305590
16732581
16749417
19947781
16870815
20520126
21636343
15537137
19181674
17804944
19630448
16601947
21172073
17289538
20940576
20158617
15757374
16153300
18251194
21211988
20499629
21427366
15947992
16635774
20486613
18318085
20188314
18278370
15723706
19363941
16078984
19691191
16685153
20131741
20108789
18690085
16998400
20377057
18431896
15793271
17357358
18355736
20176913
19366791
16250826
17945852
20547775
18422262
16534044
17915628
21137701
20738813
18379720
21498789
17044560
16900723
16045646
20690513
15711292
17272798
18826466
21102317
15889867
20825898
16788256
21722164
19069255
19418228
19425287
17130700
21526522
17610734
18827611
20215334
17036618
20228634
18255069
17351220
21225352
16690393
17094645
19239830
21126130
21717149
20873061
20173256
20085180
21158258
17098628
21411257
17365786
17439448
18266568
17021286
16304302
17902522
20655643
16332472
18408963
19052704
18182636
19582822
18022814
20613695
17015201
19246247
15533478
18390020
18816313
19933243
16498013
19250128
17390981
17194398
20849989
20368172
16756536
20127127
15639048
21485620
15651950
16448450
16477287
17067674
17355298
21325796
21448042
15799889
15939493
19857414
18158526
20509784
20057328
17274175
20371035
20392354
21417056
15787899
18753715
20077750
17099415
18457754
15883242
17039325
20044945
15956007
17084843
16707584
20858055
16285343
16430341
19112328
20216073
18005789
17139665
16410621
17504351
18595709
19472853
20630793
21712210
16024417
18214777
20526926
15759524
21471911
17726711
17469493
16937841
17693437
21540416
15612231
16635161
20026921
15720481
18793856
16245478
20436062
16899363
20925710
18043275
17310340
18021164
15724825
17588280
16764303
19755364
20940699
21741117
21491223
19552620
16808774
17873250
18261155
22049636
19912389
21402458
20809471
21439170
17418522
21795301
20352266
16219516
18757590
17219465
19118771
20338426
16443994
16128652
19523859
17906596
15859106
17548020
20222234
15811107
18429006
19551656
18560796
21361235
19092494
20826494
16242291
15974386
19740145
18290920
17254924
19517050
17984805
19011230
16961000
20172393
17653903
19010639
16047512
20577274
20414613
21088660
20574269
17949275
15893216
15958910
17919401
21655804
16191145
16718977
20439208
21081716
20932193
19858807
18655730
18808644
19268902
17426104
20729493
18833890
19785580
21228661
16238497
16199454
18358344
20173171
16496203
15984447
15848317
15948479
20500967
16683481
19112872
18595456
18924017
17895295
17058756
15635517
21126301
19781816
15921474
16195092
20603729
15762907
18801867
17405775
21211662
21846340
19709798
21092429
17589214
15561160
16030369
18546983
20306616
21243328
18090265
15629979
16939948
18974510
21410661
21401482
17453071
20938894
19318852
20042262
19117271
16583345
18198804
15604637
19893966
17667488
19331081
15819265
21146116
19455025
17664055
19345553
20153911
19931708
20799934
16429215
17073193
15860071
16856033
20726471
16497309
20948472
20029053
19842359
15759161
21197830
16378254
19170300
20345521
16760179
18823325
19836628
15520941
20552363
19931153
19660205
19219920
17511801
21099425
20690996
19107130
20487470
16136738
19049479
18657248
18036016
16039388
19148848
17087173
19828645
18186827
21218713
18005126
15570493
16802653
21788286
17408064
17598292
15796285
19712791
16024421
16298284
20024732
15997043
18989163
17311888
19217498
20088186
18538219
16245674
18271836
15784208
17525963
19389825
15867652
15984179
17227877
18828429
19141996
16218031
21800707
17414079
17221096
21911633
18984243
20064197
16158036
18289829
16174232
17260594
17854734
19495810
19271660
16759068
16024149
17456167
17893379
15644679
17012306
18486552
19242277
18630064
18086999
17036885
16276198
18808053
18186151
16960322
17850665
19233107
20552915
17624815
18552265
20614644
20091763
20630284
17950499
19892217
18578676
21199207
19843967
16849306
20025178
15618088
17402802
17591341
21585591
19254969
19746539
16053592
20549118
19210156
21351841
16937786
17486947
17917946
17199087
16521359
17917940
18390630
16639736
16440938
17996763
21501729
15851871
19351312
16763515
17537457
19853789
19534034
17974595
21478683
15980846
17495563
17294777
20629933
20536757
17895859
15517301
21343558
16719018
21214691
21481491
21188513
18597695
17950045
20810257
16401771
17917469
16933670
15680117
16215358
21111957
18219059
20881817
18586341
20624559
19819095
18612029
16136358
17112842
16060013
17038085
18454927
20097397
18334689
17717485
16632992
20030693
18351477
16490013
19747200
21513840
19820204
20594365
20185449
21214680
16966043
21944692
20002705
18563492
18399376
16568596
15781805
17911892
19195741
20036397
15519482
16339336
21128818
17003545
18452048
16643477
22007044
16193229
18832109
16700230
15802112
18520663
16562702
20236923
15741498
18166697
21288207
16598356
15772484
15579357
17074863
20422792
20181648
15799253
17618118
18953221
18277554
18189206
16808770
18314233
16716868
18261541
15660148
20044415
17874543
18614905
19884239
16306277
19287252
16623294
17220384
18705944
17331807
17561800
18275402
16131639
17092274
21488564
16879096
16649271
17907007
18614447
15796417
19072491
15798595
18803881
18296123
16777830
16001915
15859964
16594245
18235118
15614123
16520999
20675346
19748765
16122540
17385657
20202350
20482461
20466596
17717285
17989566
19795164
17470926
17171770
21862067
19430679
18703383
21287905
17762386
17715601
20712716
16176116
19401125
17340855
20446352
19485656
19637076
17294372
18461254
19330972
21266145
21631943
20181412
21530414
18070223
15714015
15673579
19713787
17900485
17700331
15709547
21426523
18457517
19549993
17493780
17165379
16174925
20147805
19157279
18250240
21078822
19807234
17462207
18184869
16326263
21251138
17001260
18481380
18366755
16573774
16423789
16215519
21730931
17633502
18403569
21592477
15712624
19036613
18332736
19025697
17659422
20480264
19103329
19118972
17844727
18053957
16584467
20453183
20197226
19683663
21805888
15869553
20371029
16595533
17179352
17081930
18413876
18989209
17099104
21717470
18716737
20514959
15960406
19797698
16796860
18999245
19635764
17882498
15859962
19424693
19635400
21316540
17486016
17449437
17261532
21051389
16184215
20644185
19127537
19345891
17238454
18018957
20008424
20530342
21263318
16343026
20431457
19825839
17019372
16211440
20113944
16320470
15919007
20147344
16858460
18215329
21540684
17960671
17465252
17165478
16421657
19826547
21674913
15869554
19203342
21894868
20098176
20704136
21572298
20034134
16809654
16424983
18003594
21492274
16923927
16119501
17477486
17285953
17192326
20420548
16454148
21398151
21291059
17679241
17296688
19892678
17418677
17024614
20467339
18847430
19684045
15679279
15642235
15980733
19895690
16262436
19086705
17020108
20541272
15778133
16131277
16503014
16340692
20410778
21510262
20187344
15618086
19293037
18020289
18666041
15889656
17085275
19202248
16995935
18327343
18418108
18340076
20227922
17640455
18853713
18587082
19821892
16242298
17942229
19878479
19170955
16764150
19408781
15576747
18307703
15884254
17704125
20092700
18341072
15871865
19092935
16916119
17363884
19770808
19630849
18074416
19140193
16516059
18474884
19248408
21528629
20827777
16430349
19120733
19055303
20718595
17075364
16225448
18329460
16401012
15993675
20374400
19466275
18238990
16945469
17701163
15956826
17045177
20532923
19269911
21135791
20039968
16104676
18606055
16094178
20128250
20920322
17718309
16878516
21548790
16280699
18386454
21133299
20548254
19041835
21490536
18694479
18182945
19073359
16850003
19449710
17951982
17238492
17565402
19849909
19578728
16202076
16085105
19007689
15672743
19129052
21879652
16583872
18549052
18521034
17260846
17464112
17265562
16523802
18478489
18499528
21667714
16883734
20196464
19619341
19633003
17714579
18164458
18036122
18728299
17008952
21329471
20947721
17881316
20736832
19804994
16248863
15540887
18601637
20830621
17081941
19563356
21653910
16870385
15983282
21596224
15965213
16022608
17727609
20361726
17913498
16239412
20299692
19400489
16381624
16970008
17556991
20181431
16476603
17027221
15687312
17069235
20345926
21862044
20857125
16040178
17158830
19006917
16289803
17210502
19913928
20380496
15644831
17320676
15780549
21991872
15576756
21661267
16260054
15936561
17476702
20068465
18360830
19112077
21524471
20360145
17700296
19373959
18226761
18676539
21464456
17667084
20443409
19323361
19752260
17941415
18760247
19588658
19001099
20836636
20033624
17654158
21631367
20672533
21826674
21146667
21214076
19519904
21266150
21139464
15844846
21041160
21809286
17691520
17164455
20586348
20436033
19926976
17477038
18047923
16493300
17183940
19901016
16731093
21599737
19145803
19548416
21353918
17620401
15646750
17072512
17224774
21971693
17652952
16823646
15966471
19319635
20712664
18482121
16841659
19905918
18075455
15738368
21615951
21301650
18689134
18090144
16093886
19913962
19030843
18924291
20019864
16997055
17922304
20546292
20220525
21462466
18003593
18590250
16221314
20861737
19016942
16923433
18440532
16783553
15590225
17060278
19046651
16381349
17513535
18995164
18923129
21093679
18310641
15909169
18610714
21586451
19041619
20176457
16481639
18924004
16081435
16463012
17692368
16675647
18462285
20113704
16933822
19744715
17421106
19062470
20824612
16806501
20356707
16443974
16008133
18795905
18049388
17458102
17380843
18308632
16302552
16734650
18588395
17562307
21879651
18003422
16485590
15914375
19937340
17407605
17017644
18053268
18440918
16594402
15750517
18774436
15912843
15960698
17385057
18496365
19689767
16036507
20384975
17467948
20088190
21149871
16628511
19370381
21642331
20654822
19883892
19476229
21186320
16500071
20854588
19396708
16511687
17409367
16365241
18454586
15547013
20831287
15992672
18079551
16481778
15704622
15940836
16473979
17766525
20196186
16719016
20045228
21122730
17020485
20590889
17268940
15868029
19824252
17136990
17383322
16273992
19458979
21162357
16424959
17672411
17382692
19564180
15992228
19281541
18990256
15937755
17922171
16002028
17343534
17206552
18065922
17697197
21807682
18694607
17533491
21352629
19889197
21314594
16094061
20738741
15689143
17186221
15685965
20177037
15626522
19809350
16456752
18097166
20049075
20435787
17175590
21084047
21719000
21526526
20346486
18047457
21061308
19788772
18774663
17168255
20361900
15557569
19307523
19216983
16780619
17597675
17594526
15832874
15570485
16415757
21353126
20841838
18063122
19320404
20688876
18193356
21145522
18789018
16491935
17988429
21460690
18515290
15572094
16502761
19465344
15810190
20823355
16670509
19321066
19282681
16094791
17986071
18946242
15725979
21242560
21226411
18503650
18503535
20443396
17650973
20216510
17564548
17108594
19017597
20055980
20178697
17684190
19694232
18705261
18718887
19213295
20633727
17574193
18689712
17348119
20826113
17141350
19797754
16834883
18347357
15531936
16469976
16514388
20056018
18366363
16332607
20552857
19782979
15747196
17105743
19231679
19487533
18435310
18823358
21382214
20010420
19292630
18382174
17557486
16926716
16959745
17474289
17509423
21250405
17885633
15924033
16691092
20307283
17558877
20045622
20131580
19596964
17720691
16525523
19052707
21301284
19023840
18466386
16004096
16837693
18973994
20646387
19648597
21127101
16675751
18042103
17197293
19165011
19591021
15794082
18563023
21595608
19120576
17612473
19487180
17082010
21269379
19538607
20381081
18269678
16843066
19484480
18479658
16958724
19248440
20803925
16050852
20131185
20728705
16273993
16800324
16948381
15840163
17189747
21874637
15543757
19380123
16688663
18173848
18158513
20853581
17592294
20148933
16781555
17530448
18951253
16457272
18752459
20364415
19913179
20828851
20636670
19861699
20405969
19403556
20698021
20423289
15602144
17353816
20948245
16910113
18775259
19267730
18725821
19395703
18347365
16948883
19486762
17596598
19995134
15723743
18241761
18035763
17233303
17959642
19394525
20934213
20870685
16449699
18051979
19437914
16075473
17873253
16858114
19890896
16493319
20541065
17703823
16724286
17912536
16102145
16698157
19135822
15957821
16219214
19179560
19156589
18757586
18757992
18164460
15692130
18632672
20081100
19004044
19920746
19848030
20010377
15897166
18271792
17387056
18157449
17544139
16215797
19895408
16340114
16625131
16835560
18707565
18209158
15761310
15625023
20537837
21323088
19018920
17157094
20881755
16814678
16783248
17368297
16352980
18037096
21323089
18205683
16879793
19323846
17522582
16546833
22029120
19637555
19941779
17102467
18723862
16632774
16690691
18269420
18999164
15677608
16292095
19665624
18519622
18498221
16897414
19366408
17475988
20656725
20860254
17478072
18197437
17345974
20033354
17883617
16627128
20194419
20557413
18717664
20163760
17462983
17620404
18717274
19483114
18724535
15965189
17428295
15937381
15537122
18525311
17075690
16567989
19194167
21748928
18283996
19847381
15538582
18271762
18467475
20163702
19056024
19933935
20887410
20299645
20922341
15583486
19620142
19749653
15700156
15630975
20626939
19238647
18822590
20489767
15770505
19838654
16492010
20137030
15912353
19691445
19580105
15714933
18201796
15984364
19945204
19908610
16740822
19954266
21473320
20005860
21272380
16637941
20034853
17557933
17391577
15841893
17591566
16606425
16835667
19261144
21264669
17521795
21063182
19925399
18181318
17518999
20207923
19900250
19910727
18021149
16239869
18326127
18477878
19083561
16184950
18584930
16883079
15737160
18205251
18786017
20626490
20223789
19189481
17591343
17331691
16863894
19065397
20450128
19704212
18630781
19043804
18709829
20514884
15553754
15910587
18294534
17347190
19715893
20369638
18058690
18020245
17455181
18955722
19414828
17912644
17719295
16394682
16762794
16252381
15992195
19485874
19467430
20425962
17824267
17668598
17594213
19861029
21476388
16116147
16892774
18046866
17160733
21841092
17634420
17847597
19194308
19094931
19527383
15654612
21219619
18059392
18974987
21314778
18027532
20473648
16033144
17458819
17595811
18979957
19926387
19762137
18374823
16903300
19251829
19765116
19901746
16704183
19188546
21059702
16632765
18194526
19409635
20401873
18715526
21190928
20377798
17853949
21695887
18800278
18403204
21323182
17195982
17664516
17939218
19568211
18993129
20053602
16094550
16643231
17491498
17305106
18088524
20605754
15523242
18190369
17035672
15791781
18578219
15659007
16181798
20837950
20451794
16149976
15997995
21805809
21515975
15807755
18171971
18551855
17349646
21368535
17334245
17102407
19112345
19497899
20535902
18298865
19995466
17883596
21381268
20818469
19634047
20100151
16818165
17851368
21146668
18997566
17044271
15735261
18315829
18515607
15590230
17714907
20683772
17174516
16034293
18080622
19881212
20152055
17955895
15815967
18157581
15724563
17710043
15639045
19687307
20465078
15991276
20501561
16586379
20605062
15532791
18222126
20595214
19225055
21692586
17181758
19095823
16628985
17057138
20183556
17067898
16170788
17069572
20882730
18447935
21334207
17978630
20234203
16112527
19036364
19437247
19945081
18669411
21273027
20646708
19892383
19358797
18295382
16892780
21629357
21073291
18025499
17244872
21771129
21593246
15829452
18632997
18302653
18278840
20704678
19653126
18443550
19443351
16477415
16991049
19444671
16520518
19069711
16266648
16483097
20002507
19064387
16174926
18997054
18393965
17518878
19286877
16484159
17364783
19448044
16846818
19775803
15816201
17041786
20889067
20801967
20673280
17198512
17923784
21148521
18344453
20235342
19822563
19428869
21228091
20457326
19014427
20218030
20042146
18036013
17667497
20427634
19735335
18709672
20705551
19509522
16688665
18075408
19007709
16092319
18585539
21831023
17532180
18240478
17367901
19238883
21211961
20440414
18846786
20191948
19232919
20801580
19921223
17205125
21177696
16283339
19307895
20976501
16370506
18751356
17577468
21160149
17098393
19627049
19539814
18395657
15625921
17509425
15833464
16255838
15911195
20067684
16931476
18032748
19928362
17537009
20544446
17019542
17441293
21733968
16464930
19165122
20676573
21457903
17109104
17299466
18328280
17615842
17844723
21422100
19943831
17822705
18794751
16603060
16879537
20434634
18086965
20587755
17926774
17322095
17327910
18394860
20201666
20718394
21905616
15891522
16706710
17722681
17000478
19812102
18506338
17704674
19678797
16311402
16267706
15875447
16532047
16463453
19893465
18448727
20965942
15717902
16883119
15891758
19004639
17355644
18808287
20978428
17680013
20863245
18069066
16876004
15839375
20032166
19020398
21429780
16411363
17086781
17373353
20159210
21704110
20552377
20449991
21223462
17656203
19245724
20405768
17191676
17512862
17327541
20404623
20354925
16352966
17427669
20584361
20167450
16651304
15561155
17052089
15608864
17437840
17846089
17040147
17938579
21294497
19644009
19185397
19090376
20213068
18681106
21500605
17089537
19064382
19740357
15631404
15943655
16315549
16898377
19447582
20963670
16363310
15709320
17943436
17487290
18996769
15619149
19397078
18670780
16690352
20949838
20862893
20720427
16517030
22013829
16946119
19011318
19761745
19568684
17036265
16137814
17049696
21123958
18216637
17079552
20822694
18019286
18552321
20469996
16052732
21610572
15560706
19398071
16281800
16715901
20938632
16321918
15835369
17956373
19104293
15526306
16469149
17594294
19056014
21450048
18047461
21744630
19420153
20632648
21678259
20131581
17058757
15529892
19283644
15877689
21238893
18188910
19199183
15866006
19926199
16151493
19584343
20049503
18275399
16954004
19874100
16857200
20042561
21510151
17042818
16390903
16002021
15792287
17170547
16703874
15976044
17486194
21322197
19068581
18580280
17372793
17263611
19203678
20080469
18292592
17937024
21395110
15828597
20305310
15964644
17413906
18797726
19416050
16922100
18355257
21167110
17508658
15789386
20629606
16962910
17082171
21482615
20806707
20466229
19256263
20738451
18794700
19546128
19207062
15866396
17607970
20218471
17889734
21647900
17762817
20966631
15923939
16416464
19566994
16053682
18433879
19254196
16466059
17120409
21435417
21767163
17650357
17318364
17618630
20147836
17592105
19887345
15847735
18426467
21696320
19036735
19239665
20222404
19042890
15582783
21870528
19966692
17710485
16606434
17492407
15655132
16604926
16779794
21284765
21807707
15743155
18085971
18392384
20433216
18595536
21783090
16673625
18983418
16366867
19576329
16498900
16499789
17679411
19016421
19621980
18705180
19567753
19624062
15822847
17540090
15708163
16401766
20939875
21245766
21555086
19327210
17356351
19235252
20797948
16700500
17083561
15629875
17164029
21605268
16097455
19931954
20187949
18853029
17286671
17722671
21897403
18038831
19252202
21187745
20082064
15957398
16533673
19930289
19695086
19529915
21239466
17327248
20092514
15912391
20463544
19962737
21798074
18552683
17290038
20425474
19295970
18819206
22030634
18411872
16939994
16897018
17158015
15659089
15984399
16945685
17461372
16650586
19917650
15564228
19568440
19917944
17594776
18999275
16686873
18448499
18427335
17133307
18757768
17413487
21610578
18211659
19695929
17595922
20568551
21419559
21083366
18364475
16434919
18816746
19349457
18026054
20204420
21196804
17345761
19919257
16618023
17532231
15811201
15864918
19831146
15603703
17439386
16955638
19248449
16489962
17035877
16237987
15576514
18240837
15803325
19562850
20050791
20194401
19161748
17474614
21323007
19187882
20210265
18248699
17727050
16640275
21156883
18052858
18837749
19055998
20828515
21440870
19353975
20010234
17536995
21534927
16464275
15967838
20633669
16263619
19734512
17293365
18612720
18651967
16933576
17556401
16441850
17060250
17666979
17468793
19139483
15632795
21776242
15590341
17452603
18335830
18321460
16046569
16574869
17564542
21321824
18568263
15586302
17419578
17128362
17879557
17828400
17123951
16541431
17285894
17576311
20469620
15653942
21439533
18612106
21488415
20964469
19671645
21134297
17544248
20533572
17512100
21955399
18416279
20803408
21324847
21401480
15745401
17714536
19675529
18926715
16174814
20579640
20428727
17680330
15586075
21186954
17997260
20674528
19959299
19133494
21936435
16163438
19827205
16048531
19266123
18304246
19735339
19523033
15589710
17966250
17122526
16050883
17642124
16252737
16311622
19065965
19232691
19513956
17649750
20102784
21503439
17114062
16777826
19143579
17298264
18567402
21651362
18163137
17718732
15831548
19798831
15636733
19388370
16827456
21129159
16547434
15577290
16407601
21184987
18788230
21791352
17426223
15796943
19929118
15580055
19711048
16033623
19031483
19719547
20442152
20188453
18369306
16158203
20539999
17990283
17444070
20394460
15832639
17167366
16143440
21420665
16294765
16473745
18214265
17515311
20980772
19855038
18989681
17051886
20809853
16100413
16076792
16956927
21258318
17261117
21717621
18376525
16076895
21539700
20843883
20337205
20331392
21478085
15912808
15907666
19331058
20038194
17007699
18839550
21271385
21361237
15978179
16846868
19482279
19685683
19105558
18945716
17069573
17658420
20208472
21560954
17304075
21462059
16529594
17474361
15687899
17689650
20451295
20972581
18822998
18765706
18050529
19247542
17518141
19399545
20578470
19327315
16875723
16039735
21432603
20850709
21069600
16750098
19624267
19136356
19514540
16890852
21699428
20690914
16265767
18511764
20395948
17001131
15635918
18404061
20386308
20711678
20227793
20656288
18945708
18565717
15946278
17108883
17447603
21462877
21507098
17896048
16897270
19801932
17647218
20170830
19353407
16557069
20875208
21099065
21375908
17575440
21905476
19293173
16520915
20347565
18760147
18578222
20420145
17611110
17472515
20529149
20921475
16793492
21219504
19227722
15793024
19114689
17364675
18655863
16497428
20337567
17605457
17201943
16523736
19475826
20888944
17611983
18357845
19489376
20031887
16403225
18316453
16441693
19255264
17728585
16082295
16009286
17145224
20889635
18603221
18571140
17361789
17531435
16550847
18095805
19938397
19326807
19926562
21879650
17564686
16583664
15894461
21111558
20194838
15744187
16838090
20051787
19149053
20235757
19372024
16206915
20443310
18557553
20711941
19263906
20936737
17682122
20346033
17306911
19338115
17213999
19894359
16210466
21107514
18471339
21130440
20860250
17213376
19757865
20658125
21503506
19746850
16029977
19347728
19343863
17579308
16033486
19751935
19248648
19335095
16116922
16424714
17908544
19707050
16376146
16480561
16493324
17440377
17206877
16877178
15601267
17392349
21605371
18700267
18997565
17936642
18787902
18290981
17508231
20134038
18604472
19777096
15600048
20124890
17215638
16888861
16108943
17560921
19554798
18685318
16371392
16432647
21617508
16680222
18788960
18696266
17687656
18339337
18592944
17921937
18186907
16699800
15966887
16594423
21125933
17427368
15801489
16036728
17564561
20375814
20580525
16332602
21273106
21322460
16423164
19836205
21305312
16952402
18426465
16416037
19950317
20503838
17910032
17595276
16953020
20122505
15530163
20103023
16239819
18556804
19246136
15704062
21437745
18428101
16900452
18317854
15895765
19147238
17099134
21242317
16638028
18780855
19695010
16153049
18083689
19735562
21218457
19953763
19375525
20801997
17641972
16018507
17377997
20927695
20401678
21977770
16192811
21476853
19909636
17144921
19910601
20505424
17394226
21781183
19061731
15921986
19781099
17400033
18580046
18715165
15986309
17088700
16376598
19538799
19874096
15761453
20715648
19290573
16501401
19788774
20736156
18096228
16024480
19293284
17705836
20642034
17566500
21105621
20614742
16530121
21164394
20621751
17229777
16703873
20508675
16106768
20112144
19550170
20163700
15983280
17917470
16827202
20841513
19912967
17300919
21144191
21105305
18414123
15717240
18556478
18157732
15584942
21610597
15934353
18982308
19495535
17971472
17060287
16318967
20929944
21513050
16505428
21242800
17884713
17651503
19018751
16829361
17037446
15887941
20081735
19174529
19732243
21774667
18186824
19838851
21444251
16111064
17244186
20530526
16915216
19652919
20186567
21537554
18363464
18808538
17929738
17681611
18197741
18060967
16997633
15852799
16133644
17063404
21075324
20929617
19183318
18513247
16273994
19125891
20851294
16021555
16213285
20102555
19731887
16515107
19736652
19715404
20565016
15721509
17224350
16448964
21498553
19357516
17319187
18057033
21323006
20078457
19836601
17202516
15652689
20100052
19159977
20579137
20529039
21165716
19250723
18588800
18773498
20063908
19851232
18487967
20889509
17356093
18026998
19017600
17501881
20299633
19374691
20384510
15631293
15842460
20129262
19112873
16327735
17298256
20889628
16321733
19286341
19304691
21606107
18038848
19283634
16179855
15894994
15989830
21513049
17653917
17064413
20000030
18675188
16246224
17573738
19853819
16500011
19475812
16495493
16981157
16024146
21273025
19906503
21084831
18839731
19407916
19930370
19999948
16034758
19793720
20562572
19250362
20177051
16377830
19371452
18854847
18073638
17334545
21739733
19941657
21063639
18536588
18342201
17603972
21893651
18800285
15588356
20204938
18650054
19250023
18081166
19837825
21486160
20423418
20500338
19033337
16325139
16120502
16175728
16174561
19161087
21086835
21462756
16468082
19032711
16765863
20542238
18443830
18318098
16318900
15829460
17985056
15935671
17220391
15599695
20962307
17927012
18983065
19886105
16867885
20833985
17438994
15684781
15718939
16635222
20946009
16102160
18164450
21744575
17596063
16132002
18574156
18792656
20738389
16295284
21879671
20628305
20369687
15718571
16799183
16084800
16050887
21082874
17958989
19893369
18333722
19671620
17135647
18394871
21846255
16533128
19253130
16689413
20456547
20872773
20538823
19666161
19515394
16669477
18772654
20305569
18295615
16459289
18216062
21140758
17400862
20558463
19111270
16786829
19090367
16464329
15566599
16680633
19948040
20151578
19961261
19042888
18198964
21078225
20410056
15716246
17412171
21158903
18476853
21960374
19665625
16821695
16756521
16494284
16181155
21985048
18354066
20559406
20887402
15765642
16238510
17560961
17097988
19634588
21343171
17710837
20443072
18820520
18197510
18847170
19021490
16651897
21780096
19363751
17464538
18187111
19824282
16000105
16421185
18041968
20219315
19160902
19643945
20857671
20648257
16007301
16318034
16249625
16873593
21501645
18610591
19254203
18681200
18931903
15842680
16450449
16696818
19399312
19910394
18959302
17433615
20413053
19650923
20447220
15611432
17019837
19793191
18807300
20925288
21469582
17092775
18197916
21413534
18075142
20144440
18429449
18072659
16675765
20333924
21476315
15587605
15632464
18540958
16794094
20946497
19614555
19860301
17491503
18838489
21059173
21413676
15849528
20654974
17207035
19941684
15670225
15909012
17397367
18584997
20734699
16622817
15543405
15984286
18337434
18030960
21480832
20126819
19956979
17382189
17931309
15989442
16675775
16520677
20235896
21527768
16364573
15850331
21518751
15791370
20801960
20180870
20630922
16374187
15803042
20973851
17027072
17661258
16452704
18198256
15580109
17934984
21500147
17828836
15566437
16866176
17966188
20157947
21353130
16205862
17577555
19152929
16051110
15947296
16226371
17854730
17536221
17185923
16967856
15572014
18206580
18433656
17565929
18548418
20139217
17366226
19061281
19368507
17201042
16991132
20151345
21500520
17257297
17549970
18264608
19681537
15636657
19845736
18360139
19020436
18848753
19417646
16515856
20157139
15789360
18981190
18972100
18171450
18517102
21625663
17432992
19480076
20669596
17991978
19015294
18649709
20927738
18653515
17972241
16751635
18072978
17057603
17116056
18771076
21078007
19549673
19004139
19117232
18095208
21123409
17828003
17007257
16926668
18812888
17419783
17152024
16643350
19162948
16830256
20064198
22164907
17723989
17334271
17256712
17565147
15700607
18545132
20103833
18405017
18786214
15857724
16401532
17690655
21358385
17288652
20546564
20331544
16637454
16174941
15917980
17171573
21148654
16248257
18227463
19482139
17139034
20630197
19236287
17957980
21807274
19715093
20582500
18563017
15801049
17074822
18348414
19643951
19884410
20633749
20607688
17634501
20564932
17459542
18690905
16295286
20210527
19668123
21420136
17612846
20379914
21778910
17699295
18842459
17883628
17305958
18996980
21184628
15890300
17936543
17911576
18229993
19132574
20385565
20331382
15865824
17311239
18542842
21661613
17671240
19142227
18634745
17405747
16724882
17338740
21397876
18724915
18808300
16476091
16951883
17169231
21414978
20175794
17933617
16933633
20512079
20099220
17149400
16607898
17400141
19124977
17058753
19227688
16134630
20393174
17079619
16268467
16036549
18518868
15549002
18808574
19029123
21323047
15628649
17389414
17424791
16145237
20163484
19692967
17824870
21134555
21224329
20940073
19009790
22049807
19660624
15839183
19393482
16374136
21714925
17998835
19634807
18176083
17171723
20168017
19343866
17394596
17380834
20528667
20799296
17581479
18678960
19880830
16258117
17604522
20193885
19057566
19396641
20308172
17309528
19574016
21534403
21148268
19588055
19114784
19934461
18311398
17472529
19227633
17384356
21756522
20552832
19670002
17619911
18752096
15623167
17170635
16103805
19412569
17601213
20501510
19850549
16499674
18774001
20479136
15679025
16276471
20638814
19386880
19454871
17004998
16641651
18336265
21063799
15908631
21469493
18158387
21831277
20954167
15930933
17067404
19882490
15609214
19064226
16649849
20411410
16688495
21071584
16355065
17502441
21406700
21987988
16983851
16544011
17309015
20147807
16600959
19756766
18561857
18018351
15968801
15529709
17621972
19937614
18604668
21781627
15715757
15908676
16450233
17591413
20393971
19505976
15578156
20974905
20609507
20695330
16501133
20391676
18387228
16620253
15650863
17516905
19633917
21501726
17923890
17119662
18355797
19785821
20969538
21045814
17170632
18641112
21971093
17931539
17034678
19520393
18981967
19949764
19775309
20561840
17969090
18454614
17269609
16549574
20450020
16477819
21309472
19750387
21749555
18296844
16410101
20442341
15960030
17005073
18926979
16584466
20946566
15588358
18997554
19349018
19507536
17959478
15835338
19033166
19445336
19339314
20729231
18245063
21242390
20660633
18773795
17872750
19249189
17584350
18999288
16150010
15577647
21090217
20351324
16219606
15566443
21789291
16422049
19729322
17379353
16548283
17242047
18158437
20338980
17925617
17570877
17560165
20226917
19858950
18328961
19237924
16326206
15619528
15651440
20890147
21140321
16704384
18839742
20080462
20626479
20077787
16987113
17846090
16488809
20667055
18815497
17082009
16804636
17533927
21135789
20965459
19660166
17055804
19703048
18302595
18833625
18434977
20234993
18647977
16881995
20563404
20304260
15789938
17620533
17636820
16573671
17037233
18460066
17373239
17361585
17542045
15655973
18649818
18620598
17614882
20000031
20182162
16015517
21292214
18160245
17149088
20541077
21057395
17671080
15987405
19883327
18274509
18719507
19400397
17394615
19779768
19160881
20969617
16004736
21479566
21361119
20594340
17886424
17243271
16632217
15826532
20003275
16977900
18396225
19715494
20121961
19546446
