16709554
16710762
16715691
16753727
16752193
16752021
16740901
16737170
16735260
16729433
16724882
16719752
15839046
16788389
16786757
16781616
16777687
16776858
16776308
16775908
16775904
16775757
16775473
16775183
16772038
16768736
16765285
16764719
16764229
16764157
16764154
16762060
16837520
16829776
16825667
16824300
16824298
16823638
16815573
16814220
16813511
16813510
16813267
16808088
16808082
16802312
16802308
16802306
16800395
16800216
16797811
16796760
16796475
16792000
16791717
16791532
16790309
16789335
16789331
16689110
16895827
16895497
16895278
16893835
16893807
16891693
16891277
16885919
16884615
16883670
16882829
16881950
16881945
16881942
16881919
16877890
16877622
16876921
16875796
16875723
16875006
16874440
16871436
16869335
16869179
16866052
16864233
16862744
16859565
16858000
16849389
16843634
16843575
16839819
16676754
16963194
16960457
16956337
16953859
16950060
16948961
16946118
16945783
16942418
16938096
16930787
16929873
16928410
16924161
16923645
16918151
16912720
16911755
16911544
16907968
16905630
16903401
16902171
16902075
16669213
16649302
17057593
17055341
17051892
17050384
17050229
17050086
17049696
17049694
17046966
17046410
17044152
17043950
17041021
17034625
17032511
17030295
17019820
17019462
17017751
17016528
17016236
17011088
17010034
17006026
17003536
17000613
17000609
17000585
17000583
16999768
16999766
16997027
16996669
16987128
16971286
16970660
16970647
16970578
16970534
16967784
16967635
16965312
16965250
16963195
16643242
16620181
17145255
17140539
17140420
17138178
17137277
17136936
17135845
17135087
17133685
17133682
17131901
17131641
17131640
17131635
17131607
17130947
17129864
17128362
17126967
17126458
17120276
17116515
17116059
17115956
17112781
17111758
17111727
17110823
17109582
17103033
17102321
17102303
17102289
17091445
17091182
17091170
17090805
17090790
17087825
17087633
17087612
17081936
17081925
17081188
17080394
17075679
17075365
17071371
17063134
17060897
17060306
17060278
17060179
17060109
17059499
17058751
17057937
17243519
17243515
17242857
17241187
17240496
17240221
17237894
17235217
17234263
17233665
17230288
17229029
17227396
17225834
17225831
17224939
17219878
17217972
17216974
17212859
17211120
17211000
17210997
17208164
17206552
17204565
17204509
17203128
17200243
17199541
17199451
17197061
17197060
17197059
17194680
17194678
17182525
17182474
17181676
17178765
17178737
17176303
17175683
17170668
17165365
17162310
17161900
17161318
17157136
17156416
17153660
17152664
17152658
17152044
17150072
17148101
16566316
16084475
16060584
16046042
16045592
16044994
16043553
16036248
16035634
16035412
16021802
16021258
16020626
16020009
16010214
16010188
16010186
15973272
15960849
15953668
15951456
15949777
15949208
15942318
15940138
15937394
15936246
15931440
15917054
15917008
15916312
15916038
15914132
15909782
15903165
15901024
15893212
15887949
15884254
15884222
15877686
15871536
15868031
15857962
15854068
15835217
15834361
15829446
15824697
15813628
15812619
15787034
15781598
15780234
15763120
15750482
15749945
15748072
15748071
15748070
15748069
15748057
15743047
15741716
15726873
15716205
15714693
15713790
15712765
15710278
15707807
15707568
15707263
15701539
15695193
15694955
15692662
15680117
15678634
15675061
15672013
15669435
15669434
15660489
15656150
15653249
15648127
15637512
15636409
15636038
15634639
15625921
15624530
15623128
15620126
15599658
15580093
15580091
15574521
15566015
15565943
15562738
15561158
15553895
15553059
15552454
15537462
15533538
15527232
20177045
20159563
20158138
20120519
19437906
19402986
19392639
19338185
19266354
19259870
19252202
19177891
19115500
19050996
19043339
19043338
19024314
19012555
19008976
18999235
18998896
18998822
18990007
18988391
18985810
18982993
18982970
18982839
18956502
18951864
18946947
18931903
18931273
18928029
18926963
18849508
18848753
18847112
18840567
18839735
18837721
18836393
18833890
18830812
18821003
18812620
18810366
18797219
18802162
18791551
18787490
18772837
18768012
18726939
18726814
18721082
18717767
18715376
18709900
18698396
18695694
18692978
18684433
18684408
18681197
18677078
18674978
18672147
18671301
18670259
18668612
18666886
18666885
18662249
18658115
18656079
18653515
18653445
18638672
18632026
18630213
18628763
18625945
18610811
18608170
18578345
18575344
18543562
18471339
18467532
18444044
18437600
18437597
18437596
18435321
18435315
18406837
18401226
18399383
18394764
18389433
18386179
18380610
18377105
18350422
18350213
18346551
18344784
18332357
18330654
18330396
18328961
18324667
18321835
18314839
18314837
18281876
17499569
17495570
17494817
17493716
17492063
17490867
17487254
17484934
17480138
17478412
17477088
17476900
17474573
17473964
17471052
17470886
17462984
17462983
17462035
17456463
17454513
17454510
17450710
17450121
17448621
17448408
17447684
17447344
17444462
17442108
17439387
17439377
17439374
17438392
17428187
17426223
17425775
17413771
17411467
17405686
17405675
17402931
17400145
17398068
17397374
17396259
17395605
17394668
17388770
17388764
17388763
17388760
17387063
17387062
17385672
17383776
17382044
17381826
17379058
17367892
17366952
17366949
17365350
17364726
17364243
17363885
17363210
17360084
17356442
17355405
17355381
17355377
17355306
17355298
17354220
17352984
17352772
17352103
17347860
17347512
17345975
17344264
17344263
17344199
17341747
17340848
17340204
17339036
17337801
17336823
17335535
17335534
17335533
17335524
17335518
17333868
17333798
17332215
17329659
17329060
17328662
17327893
19772148
17324659
17324101
17324098
17324097
17324096
17324094
17323600
17323213
17321944
17319254
17316936
17316935
17316933
17313516
17312040
17309386
17308454
17306911
17303491
17303486
17302016
17300913
17299031
17297331
17294777
17294706
17288862
17288012
17287841
17286858
17277650
17274222
17274206
17272832
17272800
17267389
17265839
17261528
17260560
17260215
17258482
17257396
17256012
17255060
17255059
17255057
17255056
17253146
17252070
16641654
16634121
16628179
16626950
16610604
16601526
16585141
16572746
16572013
16563077
16557510
16550846
16545514
16544858
16544687
16544671
16540806
16538848
16537303
16537298
16533534
16532164
16531515
16529269
16523818
16512025
16510284
16505750
16485588
16482764
16477862
16465090
16464275
16454445
16450677
16448964
16446272
16446269
16441777
16428972
16426426
16421657
16415633
16410620
16410435
16410433
16403031
16398097
16395947
16390833
16389022
19759979
16376736
16359084
16358084
16355559
16341187
16338753
16334710
16332396
16324939
16318034
16302938
16287894
16285334
16282079
16281697
16267145
16252621
16250163
16249123
16234744
16230302
16228632
16217779
16215801
16215795
16215794
16215792
16197319
19813296
16193428
16184215
16183574
16177460
16173302
16171054
16165004
16136829
16120503
16119642
16114647
16098149
16097198
16044988
16035630
15996466
15796417
21805951
21786855
21748989
21657805
21645607
21637973
21635284
21623646
21619740
21605381
21524927
21523993
21387580
21324847
21322451
21303457
21211662
21162380
21138133
21129322
21121592
21060057
21038734
21038496
20875880
20830638
20830623
20669833
20517188
20481079
20480972
20426301
20397528
20397526
20397523
20391842
20355312
20084820
20056190
20001296
19938250
19915902
19809901
19720337
19715494
19713396
19709393
19706673
19701783
19689636
19674433
19670967
19663755
19659893
19657252
19650511
19650070
19648850
19634588
19627653
19620142
19614879
19609306
19603321
19597214
19596420
19591308
19578728
19576661
19573210
19559991
19555541
19541542
19533435
19531630
19529055
19525766
19517669
19517050
19449268
19477779
19477755
19477716
19476028
19474223
19472112
19461593
19456247
19456086
19451667
19447845
19444809
19443830
19443170
19440898
19440180
19437914
19434217
19428869
19424920
19420413
19419326
19414828
19414477
19411790
19402810
19395709
19395264
19390760
19387911
19383069
19380123
19358029
19353986
19350436
19349457
19348818
19341996
21456108
19327210
19323716
19323715
19323709
19320404
19306619
19306604
19298311
19293284
19283256
19283246
19280495
19272585
19268414
19266283
19265789
19262570
19260606
19259865
19259858
19253118
21125989
19243864
19237476
19233061
19232603
19229066
19226195
19202248
19199154
19199137
19187053
19166567
19161085
19147646
19124631
19123871
20570801
19112342
19105561
19105557
19105555
19105552
19091692
19077777
19076670
19058079
19058078
19058076
19058074
19058073
19054958
18091280
18086764
18086763
18083170
18083167
19503703
18076885
18073328
18073248
18072450
18072374
18069003
18068939
18066718
18066631
18064839
18062762
18062753
18062467
18060500
18059464
18057473
18056599
18054872
18054818
18053623
18053268
18052858
18051972
18051920
18051917
18050025
18047451
18047449
18047447
18047446
21499490
18043950
18042486
18042132
18041073
18039627
18039447
18038527
18038186
18037270
18032162
18030915
18030538
18029393
18029160
18022833
18022814
18022812
18019286
18018667
18000723
17999005
17996764
17996763
17996758
17996755
17990387
17990333
17990156
17988429
17988186
17987756
17987371
17985957
17985948
17985679
17985231
17982948
17981088
17980873
17978274
17975718
17975462
17973717
17971372
17894953
19263564
17968640
17966836
17965814
17963528
17957586
17956373
17954380
17952264
17950402
17949401
17945320
17945013
17944612
17944163
17931143
17931139
17931132
17941553
17941513
17940783
17936642
17935844
17935257
17935241
17934968
17934943
17932359
17931376
17927126
17926280
17924559
17923890
17923289
17923180
17922923
17918304
17918080
17916588
17914340
17912275
17908544
17908233
17907756
17907008
17906288
17905234
17903257
17902522
19088620
17901838
17901270
17901093
17900436
17897118
17897115
17895234
17893930
17891117
17890205
17889494
17887992
17886426
17883715
17883460
17883459
17883319
17882852
17880661
17879829
17878134
17876250
17876174
17872786
17869587
17869398
17867393
17854730
17854729
17853168
17852259
17852003
17849823
17656386
17826709
17826581
17826312
17826034
17822642
17804347
17802985
17786521
17786036
17785010
17765556
17763706
17763110
17762817
17760529
17729128
17727690
17727404
17726411
17725114
17724422
17724244
17723988
17721821
17720691
17718649
17718641
17714995
17714237
17712692
17712691
17712690
17571997
17707718
17706756
17703823
17702666
17701518
17700952
17700950
17700104
17699322
17697094
17696629
17696047
17691479
17691435
17690964
17686748
17686713
17686712
17686603
17685912
17684861
17684860
17683299
17681268
17676181
17675724
17673964
17668641
17665072
17664443
17664093
17662152
17661763
17661566
17659911
17658960
17658564
17655539
17653878
17651770
17650331
17645721
17642393
17641967
17630942
17628193
17627742
17626389
17624218
17615601
17613157
17611238
17608638
17608244
17607818
17607817
17605624
17605458
17604967
17604522
17604069
17602716
17602333
19175250
17600599
17600598
17599966
17598293
17598292
17593988
17592988
17592978
17592975
17592974
17591348
17591343
17584433
17584428
17584211
17579337
17578716
17578583
17576625
17574303
17573296
17568871
17568244
17567302
17566891
17564290
17563273
17559917
17559670
17557205
17556220
17555573
17548911
17548909
17548702
17547752
17547099
17543431
17541752
17541326
17540553
17540191
17540139
17539281
17536419
17535430
17524291
17524008
17521258
17519048
17518880
17516117
17515320
17515025
17515021
17512645
17512100
17509423
17509101
17506899
17506893
17505403
17505202
17504593
16438493
16434907
16379462
16369411
16354885
16334086
16307637
16307636
16296911
16286952
21714895
21692584
21678365
21675479
21671766
21660785
21658215
21657804
20974418
20974416
20971339
20969538
20967654
20966733
20965495
20950728
20949798
20946564
20937185
20936571
20935272
20935237
20935008
20932498
20931270
20926460
20922514
20919503
20882866
20877775
20877772
20869197
20862893
20862889
20858692
20857792
20854039
20851225
20849006
20846019
20843425
20841758
20837609
20837607
20835762
20834033
20828333
20822644
20815742
20814276
20814265
20806671
20800765
20800415
20799590
20799551
20795424
20739012
20727547
20720611
20719233
20713746
20704143
20704094
20675953
20697468
20697241
20697233
20695933
20695194
20695144
20695138
20695035
20686422
20640269
20678874
20677426
20675333
20669876
20667683
20655164
20649500
20644275
20643327
20642238
20642215
20640779
20639709
20628817
20626486
20620455
20616734
20614644
20608806
20586946
20602692
20600516
20592552
20590007
20587935
20586348
20586347
20579792
20578508
20577913
20572627
20572620
20566394
20563404
20559399
20558434
20556491
20552211
20541884
20539329
20539139
20533711
20530464
20526926
20526910
20526867
20525777
20520263
20520261
20519726
20519725
20502180
20516708
20513345
20512746
20509061
20509060
20503906
20500967
20500737
20500037
20487321
20486619
20485943
20481075
20471628
20465744
20455379
20453351
20453176
20442347
20441488
20437206
20434080
20432880
20429124
20417261
20407841
20401466
20397570
20397569
20390663
20388935
20383578
20380613
20367732
20356790
20355346
20354419
20354133
20347839
20347347
20338814
20337205
20332686
20299692
20235361
20234267
20227674
20227643
20227642
20224964
20221338
20218450
20217961
20211856
20211644
20206284
20204896
20199484
20194613
20187543
20185449
20182970
20182915
20180665
20177166
20176351
20173588
20171307
20168188
20167633
20159531
20158548
20158137
20156934
20155605
20153902
20149035
20146042
20146000
20144023
20142390
20141461
20140420
20139572
20131134
20127962
20123174
20122474
19156471
19152992
19152989
19152157
19150944
19148837
19146553
19146069
19144088
19143586
19142781
19140366
19140357
19140351
19139928
19139446
19137990
19136642
19136330
19135824
19133288
19129052
19127422
19125754
19124215
19123265
19121052
19118927
19117827
19117644
19117232
20860978
19112345
19110903
19108529
19107540
19105688
19105559
19105558
19105556
19105554
19103915
19103329
19102641
19100667
19099570
19092468
19089217
19088517
19085540
19079301
19076664
19076547
19074929
19072456
19072012
19059545
19062478
19062470
19061552
19058069
19056617
19054953
19054951
19051953
19050995
19047490
19046871
19040699
19039885
19039679
19038900
19038523
19038449
19036485
19032074
19032071
19032015
19029142
19027618
19027434
19025022
19022072
19021488
19021486
19020403
19019618
19019233
19018908
19018550
19012556
19012060
19010578
19006595
19005928
19003799
19001322
19000604
18996075
18990040
18988403
18988007
18982989
18981962
18980453
18976341
18976191
18952393
18951399
18947062
18940294
18935780
18928036
18926036
18923333
18856076
18850372
18849750
18849519
18849364
18847386
18845070
18843531
18842127
18832107
18830841
18830718
18817024
18816746
18816373
18816322
18816313
18816202
18810616
18808578
18805865
18804936
18803842
18803577
18798759
18798229
18794751
18793869
18788991
18788984
18788958
18788268
18781513
18787907
18786450
18785885
18779762
18774997
18774663
18774454
18725834
18725832
18725831
18725829
18725824
18725823
18772211
18771647
18771643
18771539
18768243
18751758
18728297
18727765
18727752
18723258
18723247
18720573
18714421
18712489
18710376
18708889
18706955
18706784
18706379
18702619
18698243
18697373
18686906
18684498
18672560
18667094
18666923
18664301
18663481
18662256
18657041
18656072
18655402
18648204
18648014
18644404
18644204
18639959
18639374
18632036
18632034
18631406
18631312
18627800
18626537
18626034
18626030
18625826
18625166
18624019
18620650
18619631
18612030
18610814
18609472
18609344
18609341
18608081
18607833
18607822
18602202
18599172
18595871
18592393
18587619
18584273
18582145
18579144
18577325
18574393
18573661
18571173
18569368
18569235
18568872
18568263
18567651
18564996
18564956
18564695
18564523
18564082
18563863
18561732
18559020
18557250
18556864
18556168
18551849
18551570
18550437
18482557
18547435
18547400
18543527
18542104
18540791
18540547
18536884
18535476
18533377
18528816
18517171
18517102
18515751
18513390
18509872
18509210
18507600
18505664
18505556
18504332
18501019
18498567
18498345
18495415
18494959
18494956
18494693
18494639
18490687
18490670
18490663
18489683
18485738
18485550
18485225
18484381
18477494
18477487
18477178
18477124
18474882
18473696
18472623
18472118
18467262
18467068
18466848
18466386
18463922
18462854
18462505
18461360
18457065
18455960
18455642
18455404
18454821
18454614
18451080
18450821
18447811
18447759
18446110
18445925
18445850
18445762
18444866
18444043
18443550
18442414
18440918
18440532
18440273
18437598
18437182
18437059
18435319
18435310
18429700
18426465
18422944
18422207
18418795
18417745
18417731
18414260
18414207
18411387
18409322
18406561
18405170
18402417
18402349
18400459
18399361
18398664
18395309
18394766
18392393
18391673
18390128
18389403
18387019
18094792
18382249
18379664
18379230
18378805
18376330
18375110
18373745
18372820
21309200
18372074
18371501
18370979
18370586
18364100
18362820
18359579
18359181
18358874
18355246
18353908
18353728
18348414
18347485
18346001
18345997
18342824
18342823
18341171
18338774
18336443
18335258
18328963
18328074
18327107
18326386
18322030
18322027
18322026
18321620
18321582
18319148
18316453
18316437
18316055
18309585
18302971
18301115
18299942
18297410
18296694
18295936
18295382
18290410
18290408
18286982
18279125
18278651
18278621
18278370
18275605
18275539
18275400
18275399
18272638
18269428
18269105
18268140
18267215
18266812
18265436
18261219
18257885
18254967
18254457
18251910
18247156
18243449
18241139
18240991
18240985
18240702
18240478
18238991
18237662
18236294
18234035
18231717
18229770
18228571
18222479
18221519
18219267
18215263
18214265
18213474
18206840
18206281
18206194
18205767
18205528
18204991
18199205
18197590
18196714
18195311
18194790
18194762
18194396
18191494
18190599
18188744
18187246
18184424
18182306
18182305
18181438
18181318
18180167
18179989
18179535
18179363
18178132
18176703
18176134
18175246
18173895
18173735
18173589
18172145
18171634
18171490
18166312
18164193
19546088
19435180
19281068
18162451
18162389
18160374
18160115
18159973
18158495
18157581
18157487
18154624
18097726
18097144
16700689
16700684
16274348
21858241
21798074
21787434
21785313
21729112
21602704
21596513
21523751
21590572
21590564
21585696
21563896
21560952
21547801
21547754
21537554
21534498
21503428
21521893
21521429
21501731
21501645
21495608
21484020
21476166
21473420
21473328
21464205
21450767
21459176
21455810
21444251
21440969
21434453
21414473
21413594
21409666
21409418
21407045
21397885
21394569
21388015
21380949
21376797
21365191
21361119
21353150
21338399
21330818
21323845
21323844
21323087
21322904
21302181
21301677
21301262
21293985
21287311
21285473
21285194
21277835
21276312
21273206
21272822
21257618
21252564
21246300
21243223
21232156
21229930
21229212
21228042
21224258
21218739
21218728
21218713
21212420
21207123
21199150
21196417
21192768
21189516
21187265
21186139
21184561
21180335
21170816
21170787
21158903
21157351
21157187
21155123
21149871
21147458
21145404
21141297
21130440
21129618
21129355
21126130
21124264
21122620
21117305
21114803
21114205
21104506
21094437
21092885
21091702
21087536
21074874
21062578
21056316
21055494
21051326
21051100
21044150
21039036
21038733
21038530
20622795
20618498
20618313
20614378
20610465
20606241
20605268
20597453
20592548
20591803
20590506
20589153
20584364
20583950
20579640
20579160
20579022
20578560
20576829
20562620
20561851
20561076
20557534
20556497
20552306
20550690
20546464
20546373
20536885
20536630
20536278
20536277
20535717
20529322
20527623
20523230
20520262
20516754
20507899
20502341
20500871
20500740
20500251
20499784
20499780
20499748
20497543
20496023
20495864
20492057
20488607
20487485
20486818
20484092
20479545
20473214
20467339
20467304
20465974
20464884
20459911
20459742
20452166
20450324
20450019
20448105
20439204
20435665
20434630
20433546
20433130
20432883
20429122
20422965
20414128
20411410
20407384
20406550
20406549
20406425
20399093
20398358
20393503
20390509
20390508
20386504
20383903
20378210
20377347
20376994
20369642
20367716
20367583
20364532
20354243
20353371
20350322
20348980
20338966
20337847
20334491
20306771
20306150
20303575
20302649
20299369
20235896
20233982
20233676
20232697
20231679
20227793
20225779
20207990
20224488
20217481
20214255
20212301
20207323
20206424
20203634
20202780
20199766
20194608
20189539
20189136
20188453
20187719
20186874
20181318
20178873
20178573
20172645
20170999
20170800
20168097
20164627
20163707
20163702
20152089
20152088
20152055
20150849
20149163
20147489
20146803
20146552
20142607
20142234
20132679
20132621
20129229
20128251
20126961
20123674
20123175
20123172
20122028
20121717
20121462
20117563
20116122
20113921
20113917
20112458
20106468
20105700
20104963
20103447
20102434
20099439
20097997
20095297
20094829
20092117
20091227
20090570
20090299
20089491
20089490
20089488
20088397
20088220
20088190
20087554
20085431
20085180
20085175
20078423
20077317
20075330
20073571
20070814
20070013
20069739
20069518
20069472
20069357
20067666
20067358
20067356
20067349
20065279
20065272
20064134
20061988
20055721
20055337
20054457
20049258
20048680
20045279
20044232
20044165
20043523
20042561
21988870
21576064
20040076
20039530
20038717
20033911
20031171
20030500
20024741
20017225
20013875
20011732
20010151
20010148
20009280
20005860
20005607
20005317
20005178
20003922
20003461
20003446
20003350
20003039
20003037
20002590
20001494
20000254
20000251
20000249
20000133
20000064
20000031
20000030
20000028
20000016
20000014
19999040
19998254
19996471
19996467
19996023
19995134
19994742
19994549
19968876
19967659
19965568
19963309
19962716
19960481
19960396
19959840
19956159
19955880
19954137
19952757
19951215
19950317
19950037
19948782
19947126
19947048
19947046
19946120
19945074
19944876
19943866
19943831
19943577
21503177
19943235
19942032
19941731
19940587
19939723
19932640
19930654
19930505
19930477
19929646
19929642
19927894
19926979
19926199
19924526
19921545
19913443
19910102
19903757
19901841
19901182
19900939
19899289
19899286
19899020
19897697
19897540
19897193
19896320
19894155
19892349
19892217
19891814
19891618
19888640
19883965
19883453
19880954
19880086
19879451
19878479
19877816
19876757
19866534
19864445
19863980
19863823
19860304
19859851
19858959
19858952
19856827
19853936
19853399
19842004
19842002
19851121
19849904
19845810
19843621
19843406
19843130
19842075
19841004
19839947
19838899
19838884
19838868
19837527
19837351
19836276
19835534
19829388
19828906
19827326
19824290
19824282
19824260
19820852
19820287
19820281
19820278
19819097
19817268
19813368
19813165
19812590
19807237
19801364
19801064
19797185
19791519
19788776
19788428
19788369
19786919
19786446
19785884
19785759
19785570
19785564
19783768
19783081
19782445
19750348
19777105
19777096
19776255
19775919
19775762
19773144
19772703
19771934
19771528
19770368
19770174
19768660
19768525
19768236
19766073
19762736
19762197
19760984
19760164
19760154
19756162
19755193
19755191
19754941
19753508
19753504
19752671
19751991
19748202
19746252
19746251
19744817
19743910
19740189
19737040
19736790
19735571
19734976
19734974
19731127
19731070
19727041
19726398
19722422
19719465
19719369
19712791
19712215
19711731
19711135
19709844
19708805
19706072
19705315
19702489
19700889
19700297
19699603
19695974
19694880
19694843
19688658
19687528
19685099
19684629
19682663
19680310
19675268
19674860
19674744
19674176
19674171
19670963
19669069
19668093
19663712
19661793
19661792
19661092
19660137
19657928
19653387
19652679
19651465
19646192
19646176
19645807
19645620
19645031
19642899
19641933
19640179
19640169
19637252
19636497
19631794
19630554
19630538
19630448
19629856
19629536
19629343
19628414
19628236
19627242
19627054
19624068
19624066
19622214
19622213
19622207
19617303
19617277
19609190
19609179
19608376
19606193
19606049
19602641
19595416
19594788
19592436
19592114
19591624
19590471
19590021
19589884
19589767
19589766
19588804
19588669
19588658
19585920
19584803
19582523
19581664
19580195
19580194
19576926
19566617
19563630
19559990
19556552
19554470
19553059
19552351
19509429
19549088
19541893
19537416
19537413
19537389
19534387
19534367
19523189
19522949
19517200
19500375
19493147
19489940
19489805
19487940
19486796
19486230
19484840
19482221
19479575
19477647
19476267
19473526
19473498
19465748
19465344
19465318
19465046
19464561
19453920
19453917
19450260
19448927
19447364
19445434
19443876
19442477
19441600
19438135
19436690
19433839
19432612
19431006
19429734
19428214
19427812
19423171
19419972
19418280
19416043
19416042
19415504
19415392
19400938
19399982
19394558
19389825
19387125
19383173
19380509
19380090
19378396
19375521
19368992
19368507
19367335
19366472
19364999
19353250
19352570
19349430
19339408
19335500
19331257
19331252
19323836
19302695
19302543
19298681
19298099
19288967
19288690
19287269
19282824
19280444
19278385
19273397
19272747
19269150
19264570
19261362
19261186
19256742
19254200
19252111
19251192
19250850
19250791
19250723
19250522
19248661
19248648
19247276
19245156
19243778
19239665
19233106
19229772
19226872
19225320
19222661
19221081
19219492
19218472
19202482
19201260
19197698
19197092
19187167
19186469
19185397
19184390
19183318
19183094
19180370
19176797
19175823
19175044
19172206
19171667
19171059
19170041
19169903
19169316
19168317
19167857
19167856
19167585
22104708
22068179
22066299
22066294
22066291
22066281
22053657
22053499
21998151
21987987
21980897
21972662
21957827
21957826
21957797
21943076
21924717
21922121
21917255
21912023
21898454
21897404
21893726
21890770
21886068
21886043
21882751
21878210
21860147
21857859
21857856
21854234
21842708
21835040
21834720
21819365
21818013
21809787
21809606
21801399
21791270
21788548
21778910
21778899
21778176
21777396
21774099
21771129
21767254
21767163
21740654
21749554
21748861
21747644
21744188
21739899
21738035
21729955
21708524
21707338
21706994
21706451
21705278
21702376
21682969
21682968
21680669
21677532
21677525
21674523
21671524
21671488
21669590
21657807
21655727
21649843
21649674
21646993
21641653
21634217
21624867
21619738
21617267
21614879
21612667
21600053
21599990
21599900
21599737
21599562
21595967
21592416
21586988
21585582
21572858
21568969
21563899
21557105
21554729
21554711
21551399
21548919
21547859
21547570
21542916
21542914
21542913
21539746
21539654
21524661
21524316
21524315
21516961
21515541
21514785
21511761
21505585
21504962
21503863
21502238
21500608
21496754
21496748
21495609
21489268
21489016
21487345
21487344
21486160
21484961
21484041
21481491
21480960
21478378
21478277
21478085
21474927
21473965
21473953
21473052
21466580
21462726
21462722
21458353
21457504
21450679
21450676
21446785
21444594
21436708
21434510
21429949
21428239
21424942
21416787
21414599
21413577
21403143
21397124
21381554
21375573
21375199
21369633
21366669
21362164
21352225
21349135
21349049
21348562
21348546
21343599
21338233
21336671
21334928
21332777
21330485
21326961
21325099
21323182
21323088
21319468
21314891
21311711
21301983
21296117
21294218
21292755
21281293
21275986
21275120
21273573
21272821
21272374
21270639
21266290
21261553
21255542
21254290
21252815
21251307
21248756
21243007
21242158
21240720
21239101
21226684
21226559
21219659
21219516
21218704
21214379
21213185
21213044
21211093
21211051
21208474
21205260
21204979
21199142
21199136
21194484
21188326
21187281
21186090
21185992
21185850
21178600
21178152
21154081
21147658
21170786
21169868
21169163
21159197
21149288
21148268
21143874
21143568
21141408
21139454
21135791
21134177
21134140
21130516
21129344
21129343
21129010
21126301
21122463
21122041
21120008
21117303
21114531
21112685
21111375
21110882
21109549
21108960
21099699
21093304
21092183
21091700
21091226
21091087
21044437
21087224
21085886
21078736
21074115
21069605
21069603
21067012
21062592
21062580
21062579
21059573
21059091
21058808
21057742
21054592
21051175
21050318
21050316
21050315
21050193
21047442
21046383
21044992
21044259
21044137
21040004
21039848
21039031
21035012
21032972
20981638
20979574
20974906
20974414
20973810
20973201
20972850
20960702
20954167
20881159
20881157
20881156
20881155
20881153
20937146
20935569
20935019
20934915
20931747
20924893
20922772
20921888
20921038
20921037
20920435
20920052
20920048
20887671
20885331
20885124
20883230
20881917
20881755
20881681
20878670
20876548
20876396
20845199
20845194
20861835
20859818
20854334
20853103
20849686
20848058
20846369
20838362
20831465
20828851
20825667
20822733
20818837
20813336
20810408
20808193
20803913
20803632
20801758
20800772
20800334
20796072
20735763
20729253
20722815
20722797
20720510
20716552
20711950
20710110
20709581
20708563
20706178
20706099
20705412
20697469
20697268
20697235
20697077
20696360
20692182
20688876
20688260
20685686
20684345
20683417
20640344
20675362
20675361
20667046
20660602
20652233
20651598
20642092
20636192
20635642
20633970
20630803
20630363
20630124
20626483
20602112
20601563
20590678
20584119
20571105
20570079
20565328
20511179
20507844
20501431
20489767
20433216
20416080
20393104
20387368
20380748
20380747
20371751
20369722
20350926
20331888
20331325
20302625
20237885
20204909
20174972
20123945
20121577
20105307
20025770
20010039
19961504
19887345
19674454
19640282
19640170
19625827
19589164
19563640
19539420
19522312
19519232
19485248
19481879
19481846
19479167
19470855
19457266
19447363
19445616
19444672
19387128
19374313
19335811
19335673
19291551
19281671
19264569
19253864
19245692
19216759
19200384
19189559
19175041
19173143
19161049
19120898
19119575
19094198
19077020
19059553
19012078
18980690
18954237
18846216
18834538
18802808
18779735
18711259
18680571
18675766
18670472
18669728
18626118
18446745
18560219
18504244
18494958
18484786
18433476
18379895
18372380
18342821
18333923
18330329
18325122
18194528
18194523
18164791
17950964
17854731
17683580
17683300
17654190
17607539
17565670
17559479
17537258
17394733
17394596
17357838
17270044
17212065
17126457
17101037
17042021
16953423
16923195
16866808
16709243
16706810
16700786
16700635
16700373
16700371
16698626
16697092
16687385
16681479
16680222
16680174
16679961
16677155
16676724
16676014
16672011
16651301
16648415
16648090
16647673
16646728
16642748
16642249
16641660
16641083
16641082
16641081
16641080
16641072
16636706
16633386
16632078
16629965
16627545
16627313
16625801
16623043
16614455
16603283
16603282
16602442
16595532
16594422
16582973
16581077
16572406
16569978
16569623
16569412
16569407
16563769
16557506
16554157
16553760
16553753
16550986
16549319
16544676
16537856
16537301
16537288
16534660
16533676
16533388
16531834
16524992
16518558
16515373
16511936
16509963
16507503
16502965
16501269
16499235
16496812
16493205
16492209
16492004
16490155
16490013
16477857
16476635
16476633
16476454
16475891
16467285
16466574
16463241
16461869
16448864
16448484
16444341
16443089
16438754
16435037
16432644
16430349
16426425
16414420
16409216
16409174
16403597
16403596
16403595
16398604
16398589
16394854
16390518
16389057
19274903
16380197
16377047
16375788
16372888
16372430
16357787
16353659
16350482
16340636
16336556
16335292
16334509
16334495
16332607
16332553
16332402
16331371
16330134
16326743
16325139
16320982
16310721
16310137
16309553
16308098
16307624
16307621
16305601
16304623
16299431
16291294
16290977
16287767
16287523
16283864
16281157
16275111
16274463
16274462
16274377
16270112
16264072
16263664
16261273
16259493
16258930
16256046
16254657
16254537
16251785
16251488
16248861
16246470
16240704
16239938
16235485
16225970
16225448
16225444
16224670
16222396
16216378
16198724
16195821
16191140
16185923
16181570
16181263
16181047
16179857
16171261
16164503
16164387
16157185
16150458
16150010
16145719
16139985
16137802
16135724
16125898
16124847
16124449
16122084
16115710
16113711
16112540
16107491
16098155
16097375
16096252
16094133
16081334
16079431
16061445
16059568
16055241
16054554
16053415
16051110
16050883
16050236
16048467
16048462
16040323
16040322
16039957
16039809
16036273
16036254
16033639
16024149
16022616
16022564
16015514
16012543
16009746
16009290
16003482
16003062
15997964
15996975
15995096
15992332
15992245
15989412
15977132
15974021
15973270
15973267
15971555
15963165
15960707
15955295
15951959
15949068
15942512
15937037
15932487
15932385
15931019
15931015
15928222
15911931
15910579
15906884
15902009
15899512
15895549
15884244
15884208
15884206
15884205
15884204
15882367
15882043
15880977
15878429
15876881
15871865
15867678
15866396
15864767
15860071
15858624
15853088
15850858
15843121
15842079
15842027
15840071
15836524
15832639
15830302
15829838
15827590
15814289
15810749
15810747
15807801
15806853
15804333
15800770
15800255
15799675
15792501
15788807
15788065
15780330
15780324
15769767
15763710
15759074
15759069
15745441
15743658
15737136
15736899
15731987
15730508
15723706
15719498
15717896
15709563
15689099
15687140
15685970
15680527
15673483
15673481
15673348
15671189
15671187
15669662
15667384
15665265
15654187
15652676
15650625
15647079
15643747
15638303
15636496
15635352
15631969
15631964
15629558
15626274
15625526
15625004
15624553
15624349
15619178
15616420
15605132
15601463
15595226
15590215
15587494
15586075
15585426
15583762
15580800
15580415
15574193
15574111
15572502
15566027
15565075
15557419
15555066
15553425
15552859
15545950
15538320
15531988
15525864
15517947
20480775
16430336
17394738
19481983
17652952
18828166
18524057
16401532
17678514
20629766
19369483
16425730
18570188
16018107
17146310
20155789
19198129
20675017
16759046
16096142
15717898
20690376
15801370
15620127
17017644
18684784
20088016
19018920
19525763
16756051
17462089
15881710
20362383
21745141
17546784
21247444
18989134
21649699
17476553
21398387
17372787
17236856
16359598
20009825
15719417
17391600
15754079
18518885
20358731
20123337
19735394
17697095
19326807
16945198
15751565
16381372
21298951
18030155
15639679
20738435
19643676
17202084
20603909
21569490
17261861
17073192
20073146
17262860
18780696
19041225
16153052
17472522
19650244
16672681
16963660
18251445
19014143
21073122
17616454
15609477
17356959
21413846
21902093
19033590
18064867
21287816
19422632
19664527
16580370
19459239
16291438
17416716
15987329
20540387
15572501
21470734
18672820
15791783
17278922
20807445
17118197
19293416
15689648
18276125
20515880
18252078
16640275
18069369
20387594
18264897
19754009
18584908
16148573
18282342
17897152
20452713
18157450
18283429
17802732
19331081
21692247
18373108
17120130
16633970
21932720
16608617
20175420
19372024
15746779
20660528
18390479
16008133
15513613
19049552
17036618
17884490
19465865
19087006
19753441
16507286
18375674
17601832
16405703
21458212
17256708
16339697
19758738
21595906
20847022
19933287
17885379
20570321
20216504
19628353
16912103
20224504
16635161
18021402
16761662
20090339
17705217
18322029
19096357
21190928
17630076
20586892
19379889
18600601
15533479
19892678
16134620
21032961
15523081
19539124
20630284
15591914
20726268
16714366
18018955
18588662
20834202
19300071
15801523
19080877
18578765
21888198
17665067
20597745
19420153
17596745
19282149
17019551
21037548
15590224
16501534
21751732
17343661
19305314
18565717
15937400
15812994
20827451
15584489
15927652
21844108
18086988
15603602
18607014
18623381
21539690
18029036
20381155
19023951
18625920
16335544
17326022
15591608
20219077
15587605
19533437
19172364
20066693
19671642
16164513
21741566
20393224
15976565
18092916
16530604
17251710
21523500
17340180
18265802
20552281
21608344
17715650
19667772
20669892
17612846
20529510
20950967
19921079
20336354
18503807
19331295
19668037
19961038
20309895
18043220
15966628
18520798
20437869
19416045
20001881
18776749
15573834
17056916
16634278
17368692
17455515
17896638
15754194
21079908
20806585
16137578
17874488
16295992
19596287
15690835
17348964
18239445
16822995
19745393
15756880
16512032
21837913
16326253
15831546
16796079
16189982
20137030
18164350
15710799
16105850
18427444
20639645
15884501
18216667
17289461
19619377
18612088
17222666
20381291
19147647
16204142
21481971
16245674
17888990
17939624
19401105
16492635
17310741
17334253
15997715
21073291
21278001
19180577
20662284
19281128
19660840
17087679
17355644
16148244
18769845
20184233
15566443
18301445
19749653
19124216
16162490
18055756
18689581
17849432
21703897
17588484
16304250
21088524
20540834
19681535
20526983
15575037
18174196
20429725
19058149
19487945
20157139
19455926
16448341
21304096
19209015
18074416
16731876
18089870
15909236
15566606
15546535
16151563
16505701
18648202
19243624
16051661
17539560
17704670
21149758
17181083
18514585
19905918
17447604
15584654
18948771
17546531
19606659
20386374
18459591
20825433
19450992
21572298
19392974
21568698
16236952
17371147
17492563
17884600
20510949
20835677
21862044
21776828
17992483
17285234
20492435
17064961
17921937
21272371
15559886
19383011
16411006
17468688
16446871
16259838
20804224
17591411
20016421
17850384
16922980
18399387
15802284
19835228
16804496
18807244
17339613
17387304
20510707
21292049
16048867
16506641
19958408
18082842
21724787
17440290
21823409
19465607
15540299
17907650
17690523
15756486
21298891
19051982
18176137
21715009
19609142
17263056
16151865
15774063
18097110
16942866
16020414
15788917
19471140
18639796
16387520
19583007
19995466
17681079
20807119
18777062
17931572
18835124
20215334
19731886
20957133
21753452
15791784
16006829
17579302
19326315
15667698
16964771
18459277
20358517
15758702
18257966
17575757
15665661
16217587
18038294
16882563
17130381
21555652
18278840
18295102
21276552
16129540
18611255
17126078
18093505
18990207
17244872
21498553
21252831
19694152
19939305
17032489
18547413
15535537
19049750
21356019
19214278
15643921
19947025
21397129
19289346
21213170
15892507
15735491
20458647
17285928
16805192
19132806
18154492
19143904
18999223
15923994
18479225
19247488
20846004
16926687
21527135
19516915
20827891
20883612
20595536
21425710
19419546
18772446
16242295
17664515
17382210
18695085
20876553
16845814
20726270
20174973
16787477
18649721
16670190
16036007
21353941
21207772
16720486
18194357
21336010
16629279
21576638
18490685
21378689
19061731
19400489
19963352
20559160
21553968
15886732
17888097
16318105
18488801
15651440
21592383
17260712
20560218
16219176
21337054
21535274
15913786
18828265
20614401
19935520
17674201
18524550
16779140
18520670
17224856
18347275
19577834
20955477
21457624
17583379
16766683
20351917
16685156
20938632
21155756
18956505
17135854
21210611
17135842
17071417
21305918
21298505
16893727
17182477
19776537
18814424
20014709
18399368
19208283
20403641
17091358
18001641
21067272
17280672
16043532
18812618
19005123
17853949
21330383
21314594
17646603
17968197
19828537
21764242
17042804
18397446
17458356
19592857
16643231
18638238
17682410
21284765
19318963
19851141
18418028
20672736
17975393
16865350
19104228
18350143
17092274
18813003
20403196
20130828
20131587
20128760
20407961
17975185
20053602
16787474
22147374
20704096
17284474
20439208
19229401
20502142
21275976
18177356
17459630
15652689
20304976
19515394
18538965
15993676
17305265
20677061
16513352
18158292
19957822
16794548
18186374
20357701
17001836
19177814
17425818
17873730
15542538
17598894
18570672
16835557
19818037
16141775
18753714
15794700
18615295
18506338
16451425
16595018
18802985
18662241
16440030
19685441
18269551
18198360
17622882
21784764
19945204
16162468
17308556
16420822
20652645
20384510
20235400
17585613
15690830
17667008
15994588
16107598
19022037
19895444
16119672
18598386
18557433
16689117
21136113
17050482
16594277
15567684
17924888
18577922
19100145
18756599
15566623
20429125
19706829
21857239
18292422
20930916
20196495
20189545
19375525
21056164
21322157
15915070
15631568
19239830
20482461
15840077
21555667
16765863
15984731
19808471
15750504
19421085
17147069
20729493
19253201
20852566
17311240
19437091
16340472
19018885
15714788
18682473
16428559
15638043
16381161
18839734
20236299
17766796
15787223
16916420
17584426
16425812
15656240
16517778
19890818
16128424
16301934
16884120
17228210
18684585
17708186
20546383
18928190
20113935
16335610
21703808
16399090
17987827
18819066
17700902
18798712
17822705
20800800
15515452
20961374
19101457
19105562
16502964
19664202
21338747
20078245
17020395
21513445
20346338
20738813
16061762
16965244
17261662
17542147
18171306
19212736
21718988
15845689
19342149
20175678
18492452
18365169
15656427
17996820
19962580
16703188
17070742
17223479
21813026
17033527
18377550
17570967
19462279
18614445
18693848
17276289
18397144
18723367
16199455
20826510
17013049
16228106
16364937
15832644
20029563
21189756
16415748
18388844
18161384
17141112
16850684
17233386
16764377
16164384
18043526
18684103
20399949
15550362
21555086
21446923
19748205
16010902
21500607
18261411
18570223
19681006
19960385
16344202
17319981
16921859
16130343
18988729
21361927
19061685
21228095
19958254
17825095
17709172
21555477
18999280
18766417
16728866
15659007
18573777
19128650
19585177
18240940
21383301
16998406
17187348
19383062
17985967
20880051
15645894
19225605
15717526
21696481
15555479
18217874
20148940
17467992
17803363
16889326
17233863
18314388
17710043
20837282
19840129
20410056
17175948
21605262
17405224
17353757
16135494
17040546
17389412
18489511
15895176
17505864
19364890
15674831
15968915
18209158
17122713
19116974
19827966
19005119
21037270
17690808
16798702
20220626
19182554
21343558
15920691
19497746
17921467
15543896
15934553
18271769
15534620
18839550
18981966
19271597
16448970
20063516
21730228
16633237
20830815
20226557
16446270
20642732
16301755
19581618
18955608
16688660
19763006
17359569
21344721
19418788
17336819
18360205
17478649
19534258
20581323
20738770
18197862
20822033
17471829
15855856
19343845
19707978
15647238
15829460
20966373
20599101
18338335
17389717
17351321
17032196
19845736
16134763
18551881
20623464
17919163
17337153
15939515
16404682
20547725
17583897
16687380
20964950
16161861
15840894
16925372
20674430
17370790
19191941
16259231
18972089
16395066
15589081
15711101
21131265
17003253
17317078
19226886
18703306
18322760
16405982
16053402
17518999
15860878
20512350
17415619
19770735
18435606
17537307
19251730
22129219
20500646
19926387
18590466
19072186
19219920
20030843
16839313
19485881
19329723
16450449
18291394
16555020
16856286
15590232
18668488
16674784
17541069
20109772
19167554
21142678
21488564
18196490
19212285
18302651
18622885
16084800
19021620
17963880
21084438
20514884
18237065
18820516
21879649
17474799
17323873
19737850
19052511
18293220
21540684
20604924
15991588
17094300
19806254
18683450
20181412
18727763
17703386
20875171
19095334
15588267
17101620
16442464
19663714
15520762
16163954
18034179
18827762
16594219
21639747
15958910
15839372
19317857
18827610
18052813
19948370
19966692
20448233
16430350
16565277
19817598
15603245
18963542
18401643
19884234
20926545
21669951
15722806
15862642
15641635
15849485
20706191
20841445
20644186
20797561
17319909
20482950
19042888
17550092
18619086
21208412
15517741
21162357
16001915
17650719
20425741
16403202
15857487
21167022
16264037
17668598
17564539
17061966
17591344
18426460
20718390
17594634
16267805
17302870
21784286
15604527
17595405
15515442
20661211
17106000
20430775
16327346
20521572
17485752
19309488
20097643
17470926
18946242
17931468
19546722
20663934
19508267
20024697
19452487
15526568
16604297
17004212
17919216
20564813
16119501
16337320
16978958
17331096
17427172
19737266
19013404
17289538
18619799
18232242
19250362
19832783
17885384
18489686
18780888
19805795
17266420
16433804
17055634
16372717
18577733
16019865
18450615
18613355
20129271
20073551
19485724
17982824
18355420
21209139
19947050
16769784
15688774
18578802
15656851
18449834
20214707
20125065
17334609
19911690
16401771
18700390
16502384
18190683
19366389
20066814
18507850
20922542
21617570
17565096
16808695
17691711
16022884
16927579
20204383
16425947
19188546
17691489
20705753
16450520
20000266
18677868
19376793
21165374
17544614
21587148
16521899
19345298
19250026
21291509
18182537
16841376
16774291
21444841
18164458
16495708
17072714
20486613
19826328
16864026
16318109
18195312
15899227
15521384
16865349
18779461
21533963
21488482
21411823
21164109
19995156
16648724
21826042
19345891
20822694
16182675
21789953
21440811
16922114
20176512
18243896
17095396
16863005
17019343
17577082
19378859
17654385
18621942
20214789
21139464
18662950
19374691
19963303
17693675
17187542
17518010
18437071
15962401
19921222
16648722
21727886
19761666
20445451
16855039
15667026
21545663
17489937
16566336
15637956
18266164
16784064
19115998
18021504
16000099
19123072
19435014
20883636
17634420
19017602
20940576
18761850
18390258
20557397
15805358
17158184
16616267
20659400
17464122
17462084
20193880
19889411
18297167
19329101
16101091
19674428
18277797
19235784
17505368
19010576
17338952
16327362
20102784
17014467
18770988
15883892
18026055
21693697
19842359
20336328
19941237
18431889
19018911
16162578
19709795
16529590
17234063
19088487
16278102
19538358
16192811
15575125
16603778
18988562
20627817
16441817
19808372
20696808
21526559
17464813
18378825
18613247
15804320
15528587
19732169
18954428
18192128
21595812
21440817
19473211
21684388
18205680
18638031
19224955
19020398
17079612
19012722
18832510
16960491
17326377
17211204
17697951
18387228
17310766
18656320
18690610
18501835
19715097
16687196
19601420
17601217
20186567
18682996
18261701
19012788
16918782
16741840
18021137
19144053
20050471
15830766
19006630
17633945
17872907
19768468
19799738
17985600
17328473
20426382
20438399
15806322
17156424
15561456
19642482
21714444
16721137
17381482
19836601
17563322
17077796
16144244
15694977
20042146
18327398
17042024
21557378
20506090
18941323
20078403
19761912
15819525
21726687
21478756
19161815
20650593
17849911
21830643
17169234
16279964
17722223
21650136
17095424
16954006
21145491
17091750
21524471
21051386
18664961
21457596
17316099
19162948
15768653
18956282
22041949
19576793
15587000
15819838
16430855
19997077
20816339
19041212
17875270
17474629
16986355
15908676
15947992
16341904
17852982
18194578
19583860
18295540
21446258
19055300
16336544
17966743
17040146
20420145
21952067
17500502
16512746
16513850
18171955
21444597
19269405
19659690
18201030
18238838
20453183
17476854
20015757
18694242
19201059
20001630
21097765
17964976
15911960
16483094
16443154
18950076
17279193
20450246
20177859
18554852
20671209
21041191
19370811
19246136
16380577
18227830
16605284
16288876
15579349
18215610
16532787
16091027
20359693
16011496
18066618
16553120
20383478
18410659
15867741
19160878
19023840
21656340
18236875
21411079
20040087
18501836
20634622
18982930
17630383
16830838
15661265
19171995
19188132
16422053
19588055
16108205
20013760
17450422
19441659
22106614
19711633
17443553
18443803
16299885
19018906
17601109
20806665
21524329
18290880
18160859
19575719
16568810
19942108
15639043
17928606
20160388
18838135
16522511
16911267
16959677
17498153
15718174
20562603
17205001
18716551
16628985
21781212
17088119
21843128
15948049
18337617
20140355
19526324
16405386
19115710
15826479
21995093
16050363
16965885
21708970
16174925
17302137
20802340
20483635
17132845
21437745
18562872
18594164
16019260
19546273
21576609
16766684
16292130
21870528
17563109
16493302
17324308
16826044
19000959
17767930
20443412
16135878
18784496
20605266
16968433
16538669
17666144
16670376
15986315
16194183
15819835
15555717
17803578
20849520
16502761
21085918
18721167
15766334
18446731
20058534
19247883
17631350
16457272
21877578
21519399
18555159
16925002
19446122
16864131
17535945
17551558
21855907
15892511
16322139
17448416
16728288
18260904
15541123
19135822
15550361
21426353
19226858
21503462
21248644
18318974
18467479
19237901
19761574
17020243
15819975
19952335
20124020
18535316
19283974
18189045
17535343
20871511
18042020
16441392
16967393
18319491
15930237
17123927
15909783
19899196
19323711
18804085
17683594
17656741
17443115
19193548
19170781
20512448
17030492
20189748
16508486
15657665
16449838
19451084
21263347
16117265
20800542
19817529
20530305
21131605
18164467
18687627
21626999
15518001
17067753
18427778
16509435
20228275
18974707
18236309
17095439
17621580
18668359
20602714
18281877
19019520
21482615
19487507
20949838
18513620
17171770
18349574
20662272
17510850
16423118
15699874
16458250
17564864
16594252
20713533
19801942
16605094
15911187
17009794
16333526
17268208
21748928
21595608
16738468
19747254
17655538
16570749
16163418
17941566
20684035
17328816
21259067
15824657
17628839
17006113
19017866
15756360
17581479
19838654
20470294
19134488
16356212
15834256
17537199
17171741
17996173
17389726
20074300
15850920
17595276
20438420
20698409
18385402
18603173
21067855
19706351
17193941
20696954
20437114
18298560
19944369
21635795
18427242
16260707
16867083
18260576
16206547
20541069
20136167
19377720
16310323
19961977
19065965
19184061
17156447
20647236
19995289
18273482
21090217
17047236
17275693
15819839
16035995
17664534
19397389
16123011
20923049
19410421
17138955
18649808
16184292
15566207
17031733
17683689
18978325
17171563
19663573
16698510
17393648
18942562
19283644
15807796
19219412
21097976
16910804
18999275
21527303
17518886
16293508
20369643
19492760
16270813
20850919
16186450
19397156
21438709
19952037
18000477
19921999
19773732
19534219
17431698
16817296
21089733
19022482
21181630
17479318
15656847
16048529
16635939
17347503
19341545
21783011
21314868
20532477
19154905
21688486
15554540
15868673
18453903
19854441
18794703
17383590
20483963
19681779
19402366
15533366
15635918
17457775
15984453
16901882
20376695
19046827
16462392
16805186
16459340
19411188
21879669
16172344
17395968
19346274
20061847
20424822
16847298
18554911
21642927
16564170
21481519
21300192
16817331
19932475
17063096
19216411
16756766
16524967
15607150
19785093
15964644
19686553
21156305
16988287
16246515
20082954
20838266
16099138
17916873
21846402
19751379
19793865
19736818
17087492
16547782
16849750
18614912
16858004
17416711
15993677
19419271
18787331
17944588
16277126
18073251
18265910
17563043
19215309
16359416
16921728
20044860
18684008
17944314
16175113
19615081
21905489
18688600
19877387
16093947
20966859
21229870
15963299
16722300
15851372
16730107
16504067
15713185
17459128
21490345
16594409
19212247
17065879
18563995
18323049
17518891
18762603
15869554
16450312
16078904
21367682
21696079
20059351
19256322
17375276
19892511
15839524
21642799
16295344
16723921
19377807
16336025
18762753
15619402
21146313
16254388
16369431
17911722
18294342
20978932
21720971
18226761
15889782
18054483
19225027
19644419
21218457
19778429
18650645
17931495
20517109
18021045
20046112
21667803
17243516
17537457
20081636
19416038
19932220
16185114
16238530
21570527
17852998
15780018
16206646
16174137
16627396
19398326
18629507
19042843
17704678
18787451
16542812
20016312
18065294
18520673
20541072
15916380
18668176
17985101
18316256
18295440
16948445
19186228
18465174
21208829
18359418
21787110
21647041
19091089
19723274
20499710
19650517
15915023
21701346
20172265
18050982
21411849
20845197
17463206
19052703
18000441
15876302
18360201
17709760
17251796
15586209
19652745
20629426
19967336
18211656
17028632
20660852
21683625
17656499
17267742
21478709
18022046
20214516
21807689
18520663
15935671
15650146
19187836
18251337
17702141
17875219
19661000
15748088
17059642
17521855
16336588
19962280
20878873
17298133
19886974
17118054
19467147
18779884
19529041
16334457
19571322
19160881
15517169
18156966
21083366
18809064
17626961
16263639
19753425
20430683
17872834
18246888
16035980
16442473
19668280
17496709
15701193
15530599
19925463
17682443
19327063
21826929
16010140
18075770
18003493
18276048
20030658
18817973
20938894
17486009
19784692
16512582
19953460
17473981
21045626
15701204
18520654
17333116
18080338
19795533
18032685
16050875
20585272
16636961
15782876
21299760
19502852
19251549
18761849
17013821
16926668
15688543
21486361
21678683
16384766
16398302
18284317
19853789
17149042
20500338
21520516
17584267
19847645
18512376
16710088
20672683
19140174
16986758
18175415
20829005
19357374
20517975
16493308
16280895
20838329
22128565
17062420
16789983
20138379
15597283
16292336
17214422
20352648
21196807
19720683
19858343
21134125
21309404
21284562
20408762
20194321
17296651
19951637
17478415
16409600
15575636
18084105
19251761
19875537
17721966
18724535
17366250
18077034
16781973
15797149
20940212
21469512
21777096
16180481
15757049
15835369
20582722
20569149
16849941
19901582
16149255
18853887
20946009
15842203
20500650
16475465
18544377
18996771
18655613
19799568
16203882
19648201
19492169
15900803
18977628
16460982
20673256
19061784
19775481
19648843
20386462
20129482
17620528
16462446
17533915
19769017
15856168
21214399
18928488
18459622
19889379
18488425
17570877
17456702
18438165
17148527
17049038
21702353
15641074
20334748
19061760
16041160
20647793
15724556
18206382
18541642
18308632
17356989
18557966
17576311
20367806
18792734
19651395
16430003
15525861
15756921
19227021
17394683
21471595
19486789
21932502
19529991
17645065
16686100
20647783
19777309
16706243
17643979
16218150
19959482
20879903
21063546
16317670
18588397
20708975
17885771
19658281
15595989
17505379
18603339
17542030
15842183
15551638
18815497
16327510
17577662
19461175
16565271
16143751
20531262
18368878
19901502
17425124
20476511
18777974
21486337
20089624
21605514
21987201
19837426
16788840
16615711
15715179
21838150
21311275
21456496
20584237
19258555
18570638
21457880
21465885
19085226
19848548
17411640
21244493
18252015
19592810
16511578
16371385
16252381
15718191
17945277
16326263
16582971
19204300
15546644
21525436
20955603
21510891
20012702
17524004
18452366
20690890
16794557
18801188
20399487
18525065
21353918
21388982
16286353
20095182
18663465
18266575
18271789
21682924
16236656
15709547
17160874
19012140
17929724
21469371
16604910
16686817
20677672
20443408
18541638
16927747
18773982
16648725
15817601
15684853
17462042
19901854
21070691
18393739
17131620
17107244
21287145
17727738
21596757
21718524
20031168
20057328
18280827
20182268
19253148
15766335
16965886
21261474
19490772
15952491
19239827
15566670
16076893
15860054
15828514
15807760
19524494
19120081
15799988
20395614
17394516
17640382
19447744
17698331
20562092
16006416
19492734
16456211
16872504
20121006
15726615
20364693
20564128
17362517
17496369
17079797
17693048
16967108
18574052
20416240
21719756
17006108
21574247
21702262
16858114
16103381
17163314
17076969
17157110
21237552
19263906
20131584
21635281
21456939
15790268
20731597
16689120
19637528
19891301
19740145
16358483
17973810
20334770
20679556
19461392
15891758
16027580
17944781
16369277
15724825
16628176
15968267
18080485
16136927
17057801
19760893
15862984
16301902
19251167
17205125
20667778
19793277
16644323
16292205
16174144
21329122
19671133
19689554
20586992
17705765
18951747
15788032
17139889
16555929
15590225
19876637
20541896
20837612
20466596
19538405
17011217
20852466
16217119
18332509
16175025
18330403
19675323
21272197
16259795
16691214
16929040
17125041
22106759
17544181
17684164
16019976
20053674
15613552
20124774
19026199
16115713
15890224
15946285
20211305
16625891
16215797
18627328
17441929
17325560
15865495
21039370
17675114
20431501
19474448
17160432
19859000
17202530
17412037
17919211
18336817
16594229
15550363
15720311
20119693
20552770
17103108
18026811
17973698
18418177
17979951
15612235
17087813
15736511
16598327
20090660
20843882
16174941
21166549
21343937
17929709
17108742
17331805
17704874
21029495
20370860
19670004
17711073
17368297
17027072
18251447
19628624
18283135
18558892
19482279
16238905
20682499
20970788
20852469
17383522
20654899
16920526
20231494
15838090
21631984
17601867
17240040
15917259
18370882
18542008
17384570
16759070
19210153
19733814
21121831
21214715
19349189
16027333
19066847
19853819
15804323
16999613
17592345
18595383
16076318
16543512
19661825
17608889
20443265
15804321
18995155
20813775
18021127
17490918
15820840
17491214
18273432
21744518
15877556
21382515
19720706
16925614
19107835
20667699
18644157
17387710
21480679
15890048
22041957
16704391
19893369
19115880
19411013
15687312
16304796
18973056
16826773
18343857
20215958
21368550
19957481
19170287
20890190
17805222
20718644
20420728
17897153
19626808
17992508
19333659
17898929
17418327
17258056
18038525
18570825
18218265
17853754
20654822
17060222
21776834
17907011
21543914
17929733
16310195
21457903
18684414
16765535
15622338
20397545
16715901
16452707
20441098
21126675
19814889
16957799
21398151
17929281
19487532
17394639
18705782
17970505
19629534
15951582
16024021
22053656
17286217
15658237
17216143
16490993
17413487
19131884
16678599
19188464
16825668
18774179
21176228
17579800
17951353
17325272
20683659
17999269
17066968
16639199
18393965
18980038
19425287
17290030
17107619
17205835
18457289
21305235
20535503
19934696
17020485
20799934
17765163
22030513
16735200
17366228
19473064
16896861
15735199
19706850
16196501
22031343
21625545
20426656
21922704
18809051
15536789
21576613
18234699
15756984
16551501
17570194
20822692
18656276
16271654
20593569
18974690
19268165
20458763
15803230
16855802
18314233
17344672
16447024
18198256
16957904
16434113
21329506
18370897
16594192
17881240
19845717
17689082
19133494
16914938
17092288
20420095
15962074
18226157
18041457
18241152
16324058
17047201
15818343
17470919
19097041
17851345
19070326
19452109
18243334
16339613
17036450
16826947
18454825
16978554
18094791
19883414
17804518
18978694
20123819
18305331
21481994
18547349
18814810
21404880
17419962
19024232
16420214
19960081
21317789
16685163
16526162
20511685
18487967
19218301
18086453
17583078
15552511
16045414
18580104
21631923
17908118
21609422
16878034
18418528
16834874
16575714
17678456
19082202
16583529
20841683
16769244
15851437
19017598
15793271
15917066
21171126
21395110
15728953
15580023
21181004
19580440
19175587
16779248
20687449
18364172
16830239
16330792
16645497
17149527
19131417
20349850
21717635
19719811
18562877
18602044
21069122
18187111
18648893
18525432
16923041
15555490
15637990
17904133
16294474
21488563
19917937
15785330
16825920
15960999
19960628
16463601
17122761
15612421
16821510
15943144
21266284
17477793
20503672
20702679
15694504
17907712
18588646
21265628
19229067
17514706
16037723
20428727
18179373
17661954
19479283
20042885
19457559
15891350
16757711
20535893
21569337
18278700
15852726
18075432
20386055
17907734
18258576
21488579
19784619
17623953
18808733
18476313
19932841
17142527
19575270
18416911
20545492
18924272
18158212
16274169
20565331
17557486
19899647
17719512
16623604
20974059
16887012
16736311
20584701
16789336
19454204
18001185
15881905
16730101
16707584
18785916
16041228
18158000
16894927
15711812
17050292
19968144
16391960
16253153
17411001
20873431
18488802
19552186
17359902
20394519
19793155
19716702
16986357
20346092
17430740
17826065
18848958
17694484
19891775
21078738
18454243
19299400
19684373
16554147
20530396
19006594
17923470
18090516
17900393
16759851
15573451
20067075
15993374
18278637
20670270
18089961
21548407
21173438
21205834
17873256
19156589
19034726
17019276
17915083
18385405
21036534
17085006
16544011
18820523
19572457
18556989
19702490
20560832
20170325
16351539
18402557
15887875
17985962
19845942
20064056
20503161
16966264
20654903
19397100
21733968
16972975
18481698
19823090
18475092
16583532
17108509
16299640
21787063
20860580
22108268
19242841
19772784
16128661
16029977
20871555
19908947
18171322
15548249
16549036
17396446
16374246
20655643
15948354
20354925
21174896
18942535
21029377
15606728
17058060
20729511
21144952
16827400
19948605
21812227
19546118
20590509
16937599
18298686
19694517
18558263
21610622
20615918
21243226
19359085
16594405
21342420
16162038
20572553
20403903
20862219
18216079
20929109
21520676
20453190
20081729
21639660
19402357
19435160
19251970
16126054
20702860
17416366
20576673
18976845
16306278
17565139
17142604
16048432
15565357
15960246
18674500
17651162
15899324
20576073
17370455
17270631
19171727
16594397
18612905
22111268
16102767
18815980
17082170
19212925
17086940
20471438
21670785
21500008
15947329
18981834
20148769
17220391
18365772
19653615
21199464
20306101
19395177
19304727
19131400
15776991
19819660
15974381
17352695
19023953
20695800
18801874
19910397
18574373
19060803
17577468
20672461
16253054
19305340
18055904
19719852
19632975
18694479
17124908
17359562
16455226
19767023
17040147
16641157
16979082
18402128
18382834
16489240
17363865
16858001
16995478
20814796
21376443
21380993
19112086
19752418
22009086
18817023
20510700
19060821
20170870
19767521
21649768
17128655
19327625
16846826
15908825
21624702
16516977
20825807
20170830
21376519
17622602
16218148
20530647
19522554
15702522
15682721
15968968
19839679
20207267
16541821
16217219
15567874
21841282
22066336
19237963
17696113
17352051
19349018
17150430
15592814
18583449
21654376
17897265
20556512
17447591
17851088
17396612
17327750
16629846
17243271
19577331
18072442
19881212
19597654
16047987
18032679
21147679
15750527
21038931
21144201
16756215
15690834
21499576
17233189
17179462
17562253
17217611
18779483
20423575
19734100
19350879
19537535
19437378
19520393
15670225
18724547
16024417
19901662
16883190
19399636
19854611
20191059
17146138
20962121
18335899
16818577
15555754
20582472
17643620
17573682
16013014
18597730
21158744
15617954
16613302
15889803
21140721
21863606
15638354
17116056
17520993
18335842
21233663
16791759
20665117
17668162
15839762
21336136
19689480
17582021
17067674
19683092
20574878
19537396
20572429
16564218
16553751
17107396
18714791
16756849
19139474
16302860
17944137
17298263
20084316
19373187
17244287
17592294
21521886
16501401
16517009
19959299
20703145
16551817
19274623
17560953
19761024
15997347
16894877
19445614
20349353
16753085
19156945
20631598
19092590
18043344
19043123
20495648
17849824
19211100
16681111
17584625
16500578
17991908
20416493
16610497
19837356
20107351
16956155
17565809
16398007
17851721
16774177
19714253
15743296
17263611
18408263
21661617
17045177
21417050
17443076
16326224
17341326
19385348
18042302
15833465
16160678
21714925
21044354
17545369
19471050
19074516
17718725
18043980
21044135
17641075
19698012
16269444
17061471
20667061
21537321
18683041
16514251
17414580
16816039
21484016
17326916
18344821
17521767
20859155
20494330
16004105
20422792
19123879
20455111
17057600
18283559
15633857
17118052
18416388
20478810
17556921
19944558
21673219
16306277
17510453
15998511
20038380
16791111
17953292
19473739
19917443
16567008
16093224
21265354
17494826
20363840
16087007
15562948
19400366
16849952
16818563
21030543
16330875
16416037
16948381
17349950
19062430
17453993
18524373
19306974
18797237
18512565
17533913
21072010
15543759
20122018
19237874
18028838
18058117
19376355
16281669
18784477
17346367
17679411
20438015
15871867
18387147
19010641
20456771
17640283
16965708
20027287
20738054
20055066
17695002
19629748
21320347
21473786
19216317
16287794
19825494
20654974
18812148
16788353
16520915
20595454
21298382
16344014
20207927
19684494
17630864
18790594
15522054
16018132
19800257
18310208
17045718
21395911
20806231
16225709
16257620
19150094
18429912
16035335
21879653
19669680
17447309
21247825
18569047
17260594
19962609
17713882
16613127
18956998
18377579
19300070
19719908
19461068
21172073
19940999
20005783
20502345
19623798
19361132
15970752
16481839
16004094
19437873
20922341
16843871
16243085
20087122
19016421
17539699
19172980
20307369
19480076
19276318
17364420
19168841
20667285
21121113
19619092
19852419
19124176
20217195
19701013
20573643
18690763
19070193
