16709368
16715912
16714851
16714653
16755942
16749587
16738991
16738988
16738986
16738976
16738287
16736311
16735200
16728385
16724618
16784473
16774177
16773425
16773256
16769550
16769339
16756749
16756731
16831514
16831512
16827769
16825072
16823656
16823653
16823650
16823646
16822641
16819563
16817084
16813966
16813669
16809915
16808197
16806205
16804364
16798497
16796448
16796432
16794782
16894430
16888600
16882429
16882411
16875079
16866638
16865626
16865621
16865618
16863695
16858533
16855802
16942702
16925375
16925257
16925241
16920439
16920431
16913309
16909881
16904970
16900339
17057568
17051978
17043938
17031743
17031742
17011267
17008952
17004190
17004188
17004182
16999613
16989709
16989705
16983954
16968180
16966043
17137141
17133494
17130096
17125500
17124626
17122761
17122613
17115229
17111283
17111282
17098651
17098356
17092288
17089286
17072714
17071299
17070341
17059156
17058722
17058721
17234071
17227921
17227312
17222961
17222666
17212895
17212894
17212893
17197840
17192219
17180555
17179352
17175948
17174511
17171563
17169641
17163095
17161105
17147994
16082308
16045118
16018272
15996361
15993374
15973518
15970375
15966212
15957821
15943406
15902189
15902166
15868598
15772468
15771035
15756921
15754429
15754100
15737861
15732331
15720988
15708159
15702522
15682799
15645323
15633422
15619531
15619528
15597853
15587899
15559350
15549631
15531969
15529197
15517169
19260639
19246247
19046086
18990377
18973896
18955918
18951854
18931547
18931546
18837896
18837657
18834730
18828265
18810650
18795680
18791862
18790147
18778806
18757381
18756599
18726653
18716551
18716534
18716530
18702787
18690630
18690610
18669348
18641506
18631915
18620503
18438277
18402738
18399829
18347881
18343977
17489320
17487537
17486915
17484652
17483999
17483997
17481492
17479329
17473956
17464538
17445641
17442874
17440782
17437840
17432992
17390274
17384514
17380366
17368290
17368282
17368256
17362188
17356933
17355763
17353987
17342556
17334130
17332956
17331805
17329946
17324772
17324636
17310766
17298631
17296378
17294319
17290696
17287944
17285390
17279306
17277665
17274171
17270631
17263612
17263611
17259839
17253042
17252970
17252603
16631341
16563144
16555640
16548320
16544059
16523371
16510172
16504893
16500339
16494539
16493532
16479344
16479203
16466002
16458628
16455020
16440710
16438070
16432658
16432345
16431328
16430855
16391960
16387415
16368497
16365242
16362470
16358969
16333530
16314994
16308983
16307939
16296379
16292205
16259892
16224652
16201984
16132321
16121873
16121868
16095803
16035246
15879812
21812683
21612437
21612432
21608344
21182037
21136570
20104001
19684045
19673622
19672933
19619061
19592155
19589709
19589270
19588158
19582822
19573817
19571699
19562237
19555383
19545096
19522265
19507540
19505418
19489797
19477443
19468037
19442968
19438889
19434700
19397431
19395973
19394603
19388991
19365314
19328742
19326611
19318000
19285666
19285305
19285301
19280805
19273949
19268902
19238059
19202531
19183327
19174943
19159977
19159873
19151298
19126286
20506787
20351815
19107497
19098659
19067087
19067063
18091657
18086988
18085339
18076926
18074490
18071806
18065294
18054221
18047958
18043344
18042378
18042020
18042019
18040747
18035536
18031648
18031646
18027047
18026818
18023176
18005789
18005781
18001454
17999622
17987539
17962126
17960349
17955794
17953242
17950045
17943379
17938945
17936430
17931255
17928621
17925737
17925734
17922857
17905107
17903780
17903779
17879676
17879568
17874543
17828142
17828140
17822460
17784884
17762623
17761082
17721806
17717442
17710054
17710049
17710044
17710043
17706708
17705080
17704923
17704876
17704874
17697218
17694232
17693295
17693266
17686662
17681106
17667497
17658014
17656203
17651562
17651561
17651560
17649849
17646998
17641928
17640844
17629999
17627239
17623260
17617335
17617333
17617150
17601902
17593456
17592294
17588190
17581470
17581460
17576893
17575764
17575757
17575756
17575750
17575749
17575666
17572323
17572179
17570769
17568491
17562270
17561162
17561131
17560921
17560248
17558067
17550713
17525838
17523332
17522925
17522922
17522916
17516356
17516316
17515265
17514398
17514396
17513249
17509345
17509048
17507792
17507163
17506869
17501883
17500169
16457405
16406946
21701921
21701137
21679547
20976839
20976486
20972581
20960019
20879872
20874232
20849304
20818991
20802434
20727836
20726306
20722982
20690513
20678884
20664097
20646387
20617931
20592609
20578084
20562603
20558978
20551792
20546145
20518685
20506883
20505508
20451756
20423288
20420131
20416240
20405680
20367115
20332687
20298668
20226917
20222397
20192817
20177688
20173601
20169961
20165846
20158116
19159730
19154504
19152929
19135910
19125654
19119807
19118468
19118463
19116737
20124777
20124774
19108494
19106884
19081019
19078882
19078876
19065641
19037931
19036735
19035895
19025474
19022482
19021620
19006792
19004659
18999981
18996769
18952262
18945708
18937591
18926453
18923870
18922689
18855055
18844274
18843442
18831870
18831674
18831671
18825460
18808287
18794419
18781364
18775030
18764787
18763014
18761196
18758854
18727715
18717278
18716536
18708306
18688567
18675963
18663532
18643721
18635479
18630768
18622567
18605357
18602058
18602044
18601768
18581961
18580201
18574642
18574411
18563691
18556989
18553064
18542990
18539544
18528621
18519131
18515511
18514585
18512101
18496659
18494203
18494063
18490561
18490558
18478297
18461517
18461389
18458245
18454986
18452051
18438119
18437486
18427444
18420176
18404137
18402733
18401644
18398650
18397157
18389318
18384423
18379794
18377901
18373444
18370610
18365290
18363510
18363006
18360991
18353394
18353387
18342173
18336886
18328484
18322744
18322741
18312990
18308276
18301949
18294873
18287979
18274426
18270772
18266596
18266575
18266573
18266572
18266570
18262139
18261412
18261411
18259803
18253800
18248706
18231842
18222605
18222377
18212689
18208739
18204846
18200965
18199205
18197941
18197453
18176853
18165591
19472693
19275860
18157568
18098082
18097306
21803663
21774882
21774667
21542775
21539978
21504314
21496804
21492337
21457084
21435146
21424876
21417749
21411380
21411079
21384646
21367389
21367366
21365556
21351841
21351840
21344800
21306698
21305257
21304383
21276536
21272844
21266218
21258318
21241193
21231884
21231882
21186282
21160305
21160149
21150416
21150411
21129546
21099192
21094792
21067730
21044926
20620313
20619751
20589446
20578083
20570321
20569538
20567847
20566023
20562607
20548268
20546874
20539807
20532531
20526628
20491594
20490767
20452623
20427862
20423289
20421049
20421021
20421019
20419324
20419317
20418299
20405679
20405303
20405235
20400134
20400133
20399491
20383755
20376497
20375811
20372899
20354878
20350745
20334556
20333404
20234158
20230942
20229764
20229212
20222392
20218938
20218895
20210665
20210527
20202389
20177943
20174947
20173475
20158115
20155789
20144021
20143459
20136397
20112556
20108148
20108146
20108142
20090339
20073551
20068319
20059394
20059351
20045622
20044767
20039822
20035353
20031168
20027655
20026834
20026830
20003785
19997934
19963245
19958147
19956197
19943552
19937340
19934912
19930873
19921222
19919257
19910835
19909074
19904700
19895233
19892383
19888953
19882317
19878783
19875006
19874304
19847570
19843783
19839782
19814924
19803665
19801936
19801934
19797014
19789928
19777182
19761132
19760371
19743532
19730234
19727980
19726302
19716267
19698054
19698038
19698037
19698022
19694532
19694530
19694528
19694521
19694519
19694517
19694232
19679530
19671275
19661961
19646130
19644973
19629602
19626808
19619068
19608838
19605964
19589578
19585071
19565050
19536988
19530901
19495556
19473064
19462800
19462279
19460281
19459753
19441880
19428093
19399208
19397426
19397389
19389014
19388569
19371905
19366541
19361916
19359090
19359085
19359084
19335329
19291336
19274912
19274906
19263162
19114579
19448484
21702401
16759755
16443392
18350262
20443279
17016938
16835517
18792656
19098508
16091191
19567009
19880954
18278637
19380123
17324625
21080835
19019733
19590439
18588650
16289739
18843058
17312091
18538219
20880816
19061026
19996471
19372337
16240704
20378676
18040272
15587130
20479713
20654827
15521853
19559315
17405392
17305036
17309550
20116893
20818925
15905004
20713422
21317959
16757403
21365235
16285343
18199301
21450173
20007819
20584278
19720810
15596630
20618313
17653393
21741720
18266663
20453825
20304976
16583190
20509723
21592027
17067753
16901792
15654901
15615172
21179667
17542989
18278613
18380313
16826442
21301277
21612640
17081188
20152574
21391772
17141112
17698344
18613991
21430524
17242911
16015522
19043339
16448450
21278644
21501729
20195927
21352270
18363064
17416698
18697657
19732243
19652427
15669150
16877039
18297974
16951292
17601838
21145150
20142276
19188132
21221001
16759963
17017584
20077147
16805764
20713425
16459526
15854116
18302759
19694550
17462044
16228106
20414559
18987069
18501031
21269668
17349439
17884600
15625004
16757089
18618195
17823476
17671802
21647082
19444671
19705986
17035553
17163120
21946873
20455842
18482121
20483635
16929624
16425903
17184372
16050226
18372975
18803742
17274556
20921037
19438083
20562786
15778816
21845553
17214919
21254288
20857671
17402802
17437616
20508427
18666907
19320387
19582520
21218574
20440564
17679641
15588367
18988391
20663592
20496315
22024309
17219519
21043321
21306019
21382252
16582046
20614742
16950738
16163981
17654518
17343245
19398374
18856174
17326524
16443975
17551423
19145803
21798470
20514949
18344783
20510843
18238838
20615297
17214831
19411585
16144229
16189521
20582802
20848072
18670411
20110929
16779281
17987416
15751329
17873567
18092916
18982964
20502167
16387900
16798145
17594405
16240065
21805931
16326263
15712674
21478774
17199541
19884301
16546006
16581259
18077034
20038247
19674431
17269947
17413776
21278551
18452594
18717450
17990156
15908666
15544666
18222953
17169966
19788773
17390192
17597523
18512304
20025162
18536546
17236856
15747196
19127899
18558248
18481622
16506932
20514960
20369442
21252660
21061873
20485694
20939228
19581222
17361502
16167453
18091280
19332285
16988283
19545399
19226477
19581664
19209566
15671707
15903277
15966471
16892682
21425070
21105621
17085275
17036695
19850437
21667703
17666306
18724112
18982990
16358088
16219048
19248326
19595570
15667384
18486552
15897933
19799738
19412965
19932548
15887429
16410430
17846091
21311270
17719362
19250451
17996788
17521252
17941553
21862067
19648705
15578235
17296669
18290751
18638714
17551491
21664135
18232293
19177521
16393480
17331094
20629933
18266885
16988303
18090138
19165122
18674473
19533437
19371417
19255336
19187882
16968373
16004836
17604522
21050203
19266944
20920084
16822995
20049075
18779483
17955886
16759065
16955055
17895631
20955603
16290972
19181452
18353750
17310663
18371167
19634496
17853172
16236868
15994709
19156392
20436336
20238129
19266283
19117271
16982298
19861695
17047644
18231111
16770842
16481778
18164458
21507489
19750277
15774441
21952326
16641072
21378693
18389265
17394519
17530136
17357240
17394939
17625078
18515034
18155536
17199198
17414393
16843066
17617090
15742601
19497912
16441392
17452019
15893207
15787231
18692813
21240082
20699733
19411788
17988048
20843650
17925064
21537554
16903616
15858624
21163501
20497827
18219243
16012933
20355264
19385424
17685911
21619740
16615004
20661053
15743155
17202516
18926163
15893053
15992984
20617280
18439163
16272215
15738843
19627385
17244289
18571140
20605268
20833704
16170429
15968228
18694242
16394685
21050340
21079908
18198783
17954440
18307703
19433997
21367369
21540250
17075010
16333641
21680668
19566021
21104452
15949171
20427938
15555721
20970062
15770881
18070256
17976287
16690352
18677782
19481272
19136329
19897696
17070437
21382079
19759075
20016412
17396614
19300281
19504677
21708368
16301276
21576612
18646408
19777727
16271654
18032748
19057428
21069692
20182915
20117674
19378859
15575037
16262436
18312751
15664089
20736669
21330804
18956511
21306423
18075440
16089203
17188221
17203992
15993260
17124615
19039051
20586347
21788540
19588053
17767450
19775327
20429974
21772000
17400253
19902573
17038298
20463485
19875841
18332510
15599203
16792759
17019462
17615073
17224573
18675030
19630849
19771573
21188869
20731978
20736156
17036618
19354054
16310139
20166455
18773704
18752660
17522791
20374981
21717792
18648946
18560296
15901418
16060581
16110047
20352500
17713367
17000609
20688190
16225970
17674601
15812293
15840071
21197771
20660533
16670133
20063392
16299093
19416602
20078007
19734393
18725834
20099252
18092378
18003493
19822480
18540541
18661459
17057593
17017409
19591512
15999858
20185608
17219508
19547799
15608767
18953221
16503843
19397222
20852466
16684426
20459997
19591659
17066970
20178535
17767754
20204989
18787448
19116820
16698621
19552272
18942486
18292592
16105190
18285435
16061930
19247874
16938645
19068904
19237822
17584267
18019286
17129201
17293365
19729568
17711974
21489164
17872874
20679511
17531905
21040012
16474364
20629768
17142610
18501047
19328676
18155398
20934834
15865624
15597141
16777830
18466388
18979957
15555978
16125016
16633711
15603503
19772170
20724882
17495563
20207658
16468478
18591571
20118704
15780549
20940688
19587108
15573828
19371848
15997996
20531081
17103000
17039997
21211031
21648267
18792855
17640105
21592383
20186874
20436243
17116149
17415578
16174908
17627408
21782541
16536814
17268039
22124875
20131582
20081695
20509306
16730290
16522503
15839524
19147323
18072450
18316237
16422378
17211702
19597893
15974386
15805142
17917469
15992201
17963493
20155327
15957874
18814424
20230171
17725119
19728246
16472481
17444399
19854611
21557104
17251726
16101091
17228437
19354156
19284262
21277071
15930065
18975584
17210996
20677392
20579582
21286839
17069957
18036120
16181185
16178342
15843427
16438761
17933368
17175398
21276958
19565988
16897379
19437392
21675090
17120941
15743047
16046887
16124449
19732512
21586166
18699762
18814735
16248257
17095424
19115883
15887819
19449746
15742746
15536388
20508675
21646564
19016254
19842785
20447006
16844204
21535275
19797698
20864347
19432986
17452603
15937381
18036011
19822274
17659005
15921840
16917188
16724286
15864162
18411387
21127091
17598932
15566606
19812793
21235040
19558371
16492010
17187545
20650332
20846225
17588894
21739734
17283922
21283025
18496887
21729322
19200465
20384975
19283546
16321533
17664443
20424256
17494279
18558183
18577148
18593072
20888949
20849686
15955293
20693732
15961876
18053910
18418569
19684373
16983900
20222635
19184127
19538648
18035535
15813397
19796753
20975324
15590803
16636706
19202467
20392354
15715120
21031129
18788662
19874100
18042946
17441397
19525484
20852473
19554891
16045107
18377464
19700966
15651955
20394268
16633970
19389535
15528583
19543092
17105741
16498200
18350941
17621785
16817296
20834034
19461219
20404229
18619631
18506339
20304260
21651366
19497746
17137254
17007257
18029393
16777510
16167717
19674176
19465607
19326547
16341680
20933365
17469354
18094296
18261701
17319567
20618526
19113017
15580415
19216339
19856109
16602663
17427368
18721358
20839582
19403574
16150775
16948999
18567926
19240187
16690560
17194883
20163295
17522582
16548474
17063358
15710725
17300001
21413534
16237200
15586075
16438813
15635139
17091750
16140129
17337153
17576633
20809194
17167523
16821510
16926729
20565016
20176463
15624793
16896861
20875537
20927738
21329506
18395982
21799379
20379962
19777359
21540860
20397004
16004736
18773780
18434868
18034967
15538582
18787907
16061888
16173895
19715087
18946242
21877509
16452564
15686336
16272425
16620945
19736262
17630383
16197495
18754234
19671916
21658779
17552039
18563014
17844723
17613139
17296408
19720056
20400899
16878852
16126601
19471852
18808636
15828514
17017753
19995289
16551027
18824135
16061762
19054954
19375235
17432333
16272918
15781177
16353063
18247013
19765742
18343276
19142066
17128362
17089929
19174269
17194314
19731892
18763352
21805949
15735434
21778801
16181263
16457728
17306729
21504548
16512271
16087823
18667357
20185413
19766373
16759386
17386230
19068152
18668359
15640293
16892697
15817021
16511363
20162914
18412079
15656851
21432787
19096735
19777309
19215004
15968445
19864039
20178436
17298284
19194251
18192156
16301454
19851138
20978730
18334052
15787075
18973710
15701152
17194412
19346160
20871511
19839947
17933152
21831023
18368376
18330396
21811626
17117531
19476900
21842830
19447316
17546575
20187099
15732620
17519302
19092351
21413488
21989747
16515253
17613462
16218150
16149978
17559731
16091575
21413577
16636322
19400339
16021729
19641843
21450679
21685744
20443320
20417824
17959922
15935032
19240102
17962172
18605344
17695084
18632842
20044860
18947967
16884135
19436778
16189947
20077773
19366389
20717172
21568118
19191937
20676583
20097932
19637357
20069824
18974510
19689636
17571608
15819466
18990046
20697077
21144024
19303168
16210023
15528291
21540618
16123012
19514373
18833625
20552306
15609257
19542059
18791404
19885649
19819206
15984507
16434935
15996751
16775904
18653426
20432770
20718597
17917948
15955295
16098155
16749658
19528407
21952064
20972385
17020108
20222223
16150458
18431317
19173724
20359145
21085909
21242235
17225627
19415965
15659032
18038831
20593678
20532131
15942343
20535621
15815890
21904104
16945865
17621777
15610381
17613686
20833825
17333637
16210944
19098108
17958697
15624405
17679265
16981799
18839742
20617780
15918872
18722692
17470919
17442108
16750297
17035435
20628830
21182379
21965779
19752082
18399387
21243605
18320954
17761062
19447306
21220657
19812096
21349200
20827237
16966264
21488416
18558934
15881629
20180439
20383078
18018351
20402176
17166062
16448491
17087399
17474614
16755521
18339641
21826968
20597336
16444925
21971887
15667026
17187617
15619488
18988001
17563443
18671895
16137072
17822705
17505351
15911950
17036884
18953194
18269420
19060821
19126176
16768082
17026762
19458595
20505412
17227358
20514909
17712233
18724523
21785306
19642431
21623282
15609073
21271750
17700306
20939945
16494664
16881753
19719464
19708098
19443240
16598327
20100361
16836761
21087406
21133215
16614844
16482393
17518881
16230764
18091287
19707164
20886631
15605298
15624279
21615198
21198233
20649500
18178411
18369306
19066119
19160882
18570011
19825839
15886743
18487796
16933670
18760147
17447309
16499309
18427230
18156955
18182785
19960890
15513615
16737502
21104506
16524868
17052342
18928132
21939002
17897420
21647900
18600601
17091363
15603695
21151417
16248863
20110107
17050229
17060182
18359728
15581720
18709580
15779248
19065621
18064812
20056186
18349434
19695878
17441366
19808151
16631294
19958410
19240203
15610339
16220148
20102984
15626870
16552219
18678720
17594828
20921917
15935238
18091199
20550081
15551613
19884355
19237645
19256051
18799771
15624749
20502180
17502809
19817598
20554219
20350886
18060216
20203629
19534034
18429710
15527614
15924034
19538566
16248861
20544300
18515439
16116780
19375271
20587744
20224058
18833890
19967207
19668280
16829776
17126457
20536517
16430333
17561016
20401356
17238454
18578795
21977821
20177024
21270415
18318001
18052521
16416037
21305423
16313370
16014582
20218471
19755364
21431103
19094244
16358548
19838851
16162586
18775381
18946891
17060897
15924039
20069825
21276535
19352570
18502534
19916821
19564278
19239590
20002590
16529363
21938999
18533033
20079645
16636025
18332355
15899324
16134095
15842460
16398166
18769105
17049696
18499460
17329277
19020703
17447603
17652683
17211007
16230055
18763552
20803281
16582973
21749555
21617788
20954828
16000098
16648090
21605382
20674651
18206522
16432830
20001335
21403043
16255838
17037475
16431006
21507076
20870475
17301645
17453552
18248699
18434156
17259659
15608297
19273779
18469617
17671240
18924017
18018819
16512032
19527506
17089287
17563322
21112932
19472853
16328673
19817163
16776858
17934965
19473526
16021258
19117499
18175192
16537301
20937544
21957552
16001692
16284216
20297901
21722980
19085974
16161861
20177051
19308830
16492794
18288117
19827205
18344784
18032199
18715245
17971554
16502815
20076899
17849466
21352624
17615718
19671642
18987502
15861361
17061471
20559055
17179844
16327572
15967010
19375613
21826042
15977538
20402254
17063096
20633038
20964049
16215659
15678740
19485860
19413628
21040182
20142407
16754571
21340639
16817493
20646290
19646790
17170639
16488348
18610809
16619769
21308857
15741477
16239239
16379113
15835369
18668482
17559614
18293731
17101624
21805951
16199464
20610314
17069230
18192128
21810723
17927056
16450237
15757233
19094222
20398294
15689727
18691272
21219087
17414352
20795835
17146311
18219252
18037283
18828168
16645497
22046017
17032196
19874523
17985965
19022037
18181352
16520518
21127093
20564626
18709564
16429683
17963657
17590118
18384589
18314838
16199400
15800346
20542236
19776551
20158127
17584422
19699445
18689575
15560900
17581772
17181758
17065788
17065540
17978377
17469698
16628180
16549070
16532787
20375351
17713866
16319561
19189064
16514807
20524498
19131019
15831199
21044136
19123735
19693019
18770101
17524004
21137705
16161297
15750526
19454195
19154307
16294628
17898245
17885718
19457969
18544727
19857216
16174503
16638946
18763650
21214301
20046114
19558770
16241917
19060803
15718575
16253789
18580222
16316440
18853887
16923100
19118972
16013014
18075770
15600231
20089491
16252468
16405207
20887609
21554061
16532244
18278648
20354133
20795829
16045048
17067321
17711937
19911729
17099134
16371122
19068687
21906046
16575842
18467149
17635299
16905489
19154295
20605754
16760680
15937755
15947537
18475222
20309780
16953999
16511687
17523273
20813494
16922114
19996228
17692494
17059720
16883734
16389158
18675032
18209669
20840827
16227942
21199305
16038132
20732787
20171775
19657308
16182988
19912394
21128576
18050243
21902899
15687722
20920800
17383321
18394512
21742733
15918469
19536010
21853701
15530197
21288120
20477768
18662214
20806707
18158489
20104400
18672575
20399353
18543527
16388192
15947913
19194329
20499769
17975253
19350695
20458007
20873066
19304691
17464656
16982297
20879815
19711048
18331480
19132791
17346386
17160541
17285234
15804642
20739577
21798499
20824785
16967893
15798043
20808199
18082666
17296230
15537470
18243897
18585508
17912822
21707004
20718235
18772654
19438672
18625918
21291064
20473457
15718626
19253701
19011877
17265703
21070702
15907666
16798173
21910387
16163954
15884249
20502175
17064202
19759979
18370896
17142595
18773798
20083311
17993295
20118035
16549347
21600062
17099117
17705836
19930887
16529223
17170661
19371991
18345997
20667944
17116841
20069739
20461676
18342201
17200243
20510951
21140884
21942149
16769462
17504276
18504063
15995503
16850437
15737858
20614707
15750050
16567008
21675891
16710762
21166549
17102407
19837825
21115471
16516655
17723930
21702113
15628049
21478085
20636676
16324070
17310344
17681256
17053853
19204514
21586247
20100845
18313675
15813763
20636584
17046794
18387019
20230176
22046739
16198219
15875750
17960429
18275539
19226881
19939223
20863329
15933560
18347906
16530120
15541066
21306623
19559223
19768640
16594229
19940558
19134514
20568976
15832233
15577388
18618958
19204646
18398799
15688543
18073710
20878743
20384666
21288311
15681992
18240881
19017370
17472515
16566345
18273436
21739359
16873812
17301609
17356959
15808129
20663830
20527994
18846974
17040144
16050400
20888647
19086282
15992184
17766611
17642451
18205683
18648958
19552339
16280000
18490877
17879550
16487814
16319757
16225557
17424902
15626812
20869319
20508678
19104899
21067379
18789626
19445070
21957803
20116308
16121494
21684415
20881681
15720481
19092597
20098128
17620214
16245477
17721821
15587530
20217979
18776751
18435319
19646191
17490787
16515692
20355263
16342350
20541077
16355710
20510409
15749591
21998983
20883639
21488749
18856128
17381482
18990040
18459622
19437856
18079569
21656340
17331807
18180634
15807057
15900181
19714999
17621446
17540180
16275522
20148409
20948271
20923281
16240882
16950187
18315829
19949887
20519188
18280584
15776774
18222479
19060279
16857200
16876802
21045783
18945252
19551275
19765326
20415291
16698335
17785736
17084337
20442612
20040124
16111440
15960558
21262611
17310739
18551885
16259838
19000337
17696047
15960692
17352699
15709311
18062753
17191599
19202851
18272092
19004139
16899843
15817353
19062704
19584763
19554856
17486386
18338335
21324024
21576959
19716090
16088854
20007003
19187422
16410621
16986764
19201059
21635284
16614642
17215415
21476412
17091597
16445662
17627885
19813048
17238492
15960461
16423111
21518295
18780855
21519300
16533682
18693633
19433835
15904887
20935009
17598261
19702025
16614882
17823560
17710834
21733968
17596085
20877775
18831477
21519723
21587272
20854404
18954930
18060326
16967734
16769908
19962624
15876883
21696286
21783011
18349435
21464061
20203459
17413676
16175728
19494681
20308019
21378301
18326285
18505800
21470734
17689462
20549243
17051892
17855042
19958471
19283563
17277009
16075256
21214379
15960406
18407728
16119628
17132391
20390486
19531081
16650657
18486854
18617599
16987445
21169964
15736894
16527476
18376525
21191819
15580111
17577552
21414009
18245219
16131639
21935800
18982989
19743713
19451460
17892052
19650950
18774048
15933914
21555674
17001937
17655636
19935109
17414613
16082798
21134185
16496661
19632876
17914295
21137455
18088886
21617505
16410856
15548410
18804249
21375101
18197449
17537084
18058117
15798410
16716875
19899196
18171450
19038746
18688054
17078324
18226763
20670428
21702400
17933617
17255612
17110877
21180834
20225938
19683253
18592944
20032757
18663033
19995296
21144403
16688666
19027089
15672566
19946120
17897431
18551881
21817968
18489686
19177891
16843064
18549063
16130925
17059980
17661544
15577498
18157581
16125029
19394523
18725002
19091725
20552764
16279895
16430350
18292979
20886768
19621532
16928410
18682014
16637416
21177708
16387109
20546364
15603685
16003459
17383776
20443326
20712666
18999280
18590466
21878695
16622459
19084786
18476647
15942512
15632810
20940568
20144399
19959482
18245214
15760804
16719900
17958720
18492377
15927296
18282346
19249539
15737277
18799642
16521901
19483575
16879943
17190942
17457099
20473187
21396615
16169392
21417131
21952573
15639683
19072490
18773593
21165716
18544377
17720192
20532593
18239378
20009771
21424075
20705551
20807445
18474885
21320889
20386034
20846245
16466404
21233663
18246862
15557421
21299991
18245211
19179871
21133868
20029311
16951297
19712009
17438994
16219931
18059195
17045718
20177047
19963303
18376330
17190756
21520678
17896218
18796337
19419442
17462039
19013884
17883286
17376688
17436613
21468485
19117504
17030826
20229487
18946949
18777062
18518868
18720108
18087876
18984506
19004365
20684182
20849006
16323521
21426616
19824241
20920322
16200520
17728569
17049860
20671454
20471628
17526445
21365402
21182434
17684111
21371787
15679025
16444408
21329271
20064067
18278617
21598893
17353916
16776847
20034853
15641946
18592986
16791661
16427833
21523983
16938458
19474415
20429234
20818469
18496976
20854510
16629579
21299760
20422795
18020106
16641654
21177745
18410785
20719499
16275365
19150265
18610923
18056324
18523695
20081731
21368540
20648856
21129700
17298264
16161321
15631418
19752055
19294323
16499116
20543325
19453920
21240787
18856125
15935732
17223770
21134804
18197068
18942134
20354924
19591366
18021781
18725030
16841813
15513613
19538807
20414114
16753084
20667350
18288500
19671650
21413898
21223409
21246379
15621478
16513583
18569892
15904747
19961816
16365615
16858741
20000253
19366499
18663540
19896325
18717235
17919912
20822644
18809617
19587027
18974987
17389412
17079960
18753685
15851383
17467117
15736601
17853182
17087174
19335672
17907276
19346565
16793487
17332210
18650705
16282334
15830271
16086411
21265595
20594460
19060794
20821832
16999714
18267176
15565596
20051186
21684391
18241152
20712459
17992104
21292051
18003681
20525464
17518160
19476891
20453359
21751723
18041416
21109549
19358096
19895595
19269375
19203378
19009790
15646122
18381020
16596859
17675724
15841064
17558877
15737287
16336373
21471874
19500346
16802263
16234575
15773236
19010943
20044945
21893577
19193915
19388445
16821481
17004998
20193874
19567626
16020414
18594256
19021126
17902035
19564001
19187167
15550953
19688367
19746539
19912124
19126337
18454614
16308171
17998411
17370455
22045942
16253153
19894359
17524962
20555239
20197792
19674003
18612053
20080469
21143303
18848753
18650034
16170061
21274648
21190025
17850563
16615744
16967393
17655514
16621563
20219269
18085911
21961386
19060805
16808082
21047035
16512054
21263459
16095789
16335552
20955374
18496365
19157813
16602548
18049141
16442912
15974137
16279964
21716217
15829396
20024741
16533674
21292712
21495468
17592993
21820837
17524406
20692658
20476523
18604981
18626054
20333597
16713763
17891081
16086729
21141297
19485656
20502179
20695259
20530172
18342821
19780853
17194403
18363496
20630793
17263056
18202721
15925500
20565872
21309388
16449393
17338202
19534213
19874496
18605061
19655502
17293611
20729031
15800153
19272762
16255103
20177046
18674762
15863800
21599529
21534905
21837858
19180636
15715124
20081639
21109101
16669589
18701234
17259047
18075637
17439590
17825730
16635161
16643265
18622885
20179464
17239060
18822541
18812762
20390485
20598613
17762386
17509694
18240478
16447241
17060268
20469767
16157339
20369438
18051978
17556220
18838491
15721509
20226938
20832921
16520500
18300838
19720766
21557168
20488428
19960932
19324509
20189136
15614493
16492644
19768660
20379726
21642732
16050883
20368658
19423987
19001099
17975185
17676967
19450260
18425603
16618059
18287181
16271652
15564228
19243524
20689196
17059490
17533928
21618840
16864168
21119100
18269302
19210599
21058891
21635629
20042423
18535476
16464994
16336367
18791425
16466351
19673014
20443406
19152945
17702150
15707263
17421111
21294218
17105634
19023522
16425819
20334019
16809064
20875540
17852003
17087708
19435160
18713769
18164451
15720995
21198293
20722243
16968437
15933272
17908761
18843076
20497731
18047173
19789455
21518096
20332284
21263318
17673769
20352647
20010044
15911960
20816103
16260139
20465144
20181318
17992303
18754982
19207506
17932992
18384358
16080128
20446521
19719062
16398162
20430944
16869182
21642931
19224908
21877510
20078006
16887888
18701158
16792517
21511370
19736860
20148462
18047923
20032166
19350838
20568026
21360697
18715969
20046177
15937816
19420153
21644028
16523603
20679970
18232612
17150257
17561284
20225779
18180181
21666976
18413876
15548440
21537324
21768807
18839663
20716804
16874578
17099191
20675292
16767012
17207214
16416080
18258574
16910193
16242292
19411529
16775519
20335895
16756519
19811215
16170482
19182457
19192914
19300066
21540684
17897117
21957800
17998835
19692201
19962697
21955906
17974094
16365241
17016942
20585272
18513379
18616052
19370286
21404447
18474877
19693662
20113524
17700384
19955454
17433966
18808596
21375199
17207002
20489639
20822694
19250812
17340180
21178193
17474812
19167928
20356981
20142743
19147238
18664806
17300413
19760564
15553425
17918618
15622675
17403759
18560085
20536755
16131555
19999948
16021741
17701338
20129271
15939493
16707222
17315489
20122027
18202988
21191437
16500011
21543914
17895234
19917175
17018196
17993929
15912603
18728512
16935191
17976128
19634603
20423418
16135721
17305104
15693988
20669596
19348827
17682030
19166664
17377917
19437247
16268876
21327528
20456789
20436060
20632461
15960030
16182120
15857740
15894234
17100157
21210080
17562524
18399392
21058808
16883975
16141741
16830247
19843406
20082054
20951090
15962074
17406015
16925539
18947095
18687488
17962011
20461348
19591115
21375102
18048628
17726903
18708279
15754280
15662490
16620241
19615889
19370691
15693929
17571402
17162639
17716737
21143359
18238936
15894461
21678259
18394871
21781183
15715757
20799486
19408882
19117798
21162170
17238391
16128659
16444399
21409418
19650541
16320982
20682914
17454286
19475826
19382989
20063908
19451553
20965943
18308281
16167658
15828572
20136167
15639044
19741432
16149703
19484615
19824281
18372074
17054862
17931376
21803273
17040526
21298941
17883645
16856695
17156447
18333923
16698508
20451816
21099676
21332777
20410448
18271767
17003763
15944496
16650031
16481924
20684195
16631716
21780884
17931915
15655973
20340047
21073561
19227582
17498426
19473627
17925134
19278117
21762837
19947050
20450246
18321905
16274940
15619174
18370586
19327962
19701782
21946881
17536978
15949254
19561501
20735294
16762060
18494288
20099431
19592365
20871498
20352545
19912121
18503534
16423164
16711494
21596210
17760801
19233689
18186907
21097765
15608112
18712239
18322026
20174908
16240974
17973964
17222413
20541074
16448485
18446067
19114604
20420095
15637955
15839375
17875566
21352617
19669831
17978615
17667488
19361251
21133213
17239726
17133010
20507287
19286279
16715017
16431256
19208054
16276175
19263354
16788523
21957827
18630251
17682411
20441064
16681554
15893185
20980380
17917822
17175872
16355916
16648727
19487788
19609542
18700870
16733953
18371208
16292623
20666848
18630360
16336555
16865053
17359607
17004660
15930200
18038517
16256291
21675152
19509598
19857982
18187408
18581690
18520798
19714751
16512270
20332406
20854588
20859155
15644672
19573777
19723730
19281098
19394791
16190938
19364777
16284050
19143235
20618187
19471140
17679224
15582349
17606178
18038817
20070794
18157487
20935011
20854577
17191258
16332181
18680886
17477486
18790594
17346847
15748679
19904618
19199137
15807759
17692767
19402860
16918080
17066965
15660147
19752053
15526870
18726796
16858002
19027618
19670219
16045554
17413782
18487873
15579350
18443803
20866016
16926968
15511325
17990703
18377155
20529469
20178873
18512658
18816703
15987058
15946285
21521429
15962433
18829201
17129206
20858692
16541932
16036273
19155861
17960652
17373396
20654285
19707083
20010012
16629255
16325139
19897801
20654286
16579145
15933633
20163762
21129180
19507620
19318675
15794728
17987458
19402810
15644699
20163229
19385331
16333006
18353908
17389717
17559917
17672411
16284983
18955426
20677684
21639966
18164924
18028388
19675116
19530475
20353542
16198571
21781080
19455926
17430746
16302543
15754187
20931513
19086245
17666296
19889472
15675174
19227021
20442008
16631822
16899363
15793986
19637528
16225029
19146557
20598984
18588395
15914767
21117549
19785304
20137845
16939565
17537307
15653242
16781890
21198742
20860580
20122018
18774454
21429250
17899993
16262841
17218558
18396610
16934140
18679758
17823734
18951399
15788981
16631670
18507891
17089809
20054034
20207924
21439599
20494500
17178074
20213846
18802717
18239445
18702778
18029543
17221082
21462439
16509963
16122540
17162118
15750529
16168789
21511786
18698548
20377347
20442353
17629994
16598609
20413409
16523736
15893166
18053001
18787437
15890289
15631258
21387976
18026054
17476142
17492411
21439174
17978610
16846818
21050955
16281205
16718841
20516452
19265365
19351793
16375025
16200695
18373768
19013702
20119693
16893143
17589550
19522722
21346444
17563050
21404289
17500283
17016939
16454003
17959344
17803415
16080648
17112429
18395481
21398153
15970778
16308503
19490772
21091700
18172381
18715968
21220848
17250466
17658008
17635055
17390924
19266806
20448272
20089310
17238998
18181438
20552832
20560832
18176135
16227562
20031902
19514540
19306974
21478705
19318833
17699147
19565687
22049812
19144279
20632191
17032465
21615347
18250266
20426656
19168841
21610114
20382367
18459477
20925713
19209172
20116122
17509101
16829828
17927012
20050480
15980295
17902455
18802985
19411320
16442991
20446622
21307691
15615304
20494503
18819045
20217293
19959842
20819831
21116191
18202203
18678557
17998378
17673114
19689480
18705736
17366226
21174891
21982517
21708970
19521648
19651575
18856094
16836215
19539106
19507471
16416235
20956023
16351538
16280946
21309317
19786676
16050856
19650945
18078589
15961911
21549465
21435000
18690085
20232030
15940504
20060139
15588360
16236952
17229270
16647644
20360543
15848471
18445760
21684679
15797358
15770114
18488774
19773701
20480209
15745282
19336668
17628193
16702820
21093304
19286334
16352954
17315408
20688471
18332383
21540011
16978554
19239830
19874099
17714907
18272608
15717518
21156883
19581180
17312410
16324161
15744142
17153260
15838981
19927960
15554540
19324927
17335639
19594340
21220392
17454287
21505224
19105562
20019348
17019276
19377720
19363379
15779516
16534765
17125956
19822307
17333656
19186284
16507096
19238883
19788771
19261144
21317659
20955563
22108268
20305308
15788082
16400368
17469362
21943344
19530026
21383360
18494406
19248426
16732789
15754527
19695514
17561955
20846004
21469369
16793330
18089871
21496748
17986880
19801225
18809647
19948605
19039438
19845193
20493795
16646758
17945277
18787440
15986521
15568654
17721966
16708509
18445762
19846383
21126675
16443958
19036364
16206380
20597087
19318852
18361702
16567989
19851232
17153563
18211638
21146658
20465132
19104321
19930016
20957393
16757388
19064962
18448500
19390053
20519008
19605799
20373072
15570546
16180548
16255329
16841376
19017600
18801512
21419259
17287229
18376493
19935593
21596892
16915743
18768086
17978946
17368975
18979547
16866837
19249411
22096876
21397876
17594213
17054207
16879384
18355797
18443550
17891048
17659911
16709492
17663416
17973806
19065431
16874119
15721968
17442027
18369582
18569368
21233138
17149038
20646901
17596063
16304302
20395948
20679778
18330386
17951939
20430562
20673926
17635307
20701230
18821287
20922802
17060267
20948472
17949448
16207267
16270112
21879653
16451425
21362719
18385405
19591020
20510700
18539517
19101777
16045653
18809150
19381055
21446292
17664502
16842061
20029970
19603223
20500510
20303230
16543512
18343252
17724354
17445329
19825474
15918239
18172020
15920357
21299599
18578798
18681200
17057050
18059401
18648891
18613786
20000031
15544893
17040635
17259050
21255498
16538290
20029712
19326723
19093407
15832874
19166979
17980798
20164474
15997955
15940892
17506899
17883735
15687721
21692724
18494430
17592168
18678199
19841004
18269541
17443196
21122018
16788387
19282245
16555714
21457596
21941720
17211003
19926988
18299730
21193332
19943978
17535613
21037474
16902289
20373726
19963309
22106464
17286737
15584687
21534900
18044379
16180556
17133893
21429989
15889590
17643712
17158034
19475812
19753504
19216242
19148817
20559406
16307637
17929281
19046088
20113917
18349768
19949884
17477232
18197862
21696678
17609331
16728354
18684367
17221079
19269915
20956707
21306421
19628390
18289187
19332199
15768915
20646238
19646190
16223081
20527597
15611803
18813611
18948800
17911576
19253201
17563331
20145234
19500886
19167670
21309382
16036251
15853091
16855955
19559195
21315638
21507805
20882832
19387911
19339133
20403896
15974332
16878038
19563502
20500964
20655660
16131645
18827760
15946901
17366090
21857859
19896185
16392451
16929715
17257985
15921983
18164146
16810040
19541014
21301673
20423587
16111064
18563006
16488823
18095075
20089624
17595365
17089490
20168097
16162490
16988951
20144028
21421991
16670743
15947742
17320008
18177522
19786681
18815504
17619435
17656412
19346274
16635696
21396509
17768282
19112929
19619368
19325488
19380086
16047417
17312040
18981834
19761482
19017773
18635374
17577002
19806370
16926738
17937371
17873570
20934681
17549829
19189579
19373050
17825956
17545348
16213232
16850023
16340692
18489665
17317292
15713168
19908647
17067404
17994270
17919163
19094408
20709647
17338086
19117827
20081692
20642037
19132806
17995565
19823968
18492452
19481045
20951557
17925140
16948990
16174895
20540612
17411671
16998856
17484794
18090698
19445614
20434642
19009141
16489909
15877560
16006859
18949763
16627218
18728507
16610112
18085602
17922788
20184108
20660873
17202153
17272730
16350482
20543369
20019511
17950964
17118116
18279125
19877387
19819773
16873047
19243624
18815843
15851871
18488866
19201514
16489518
18505669
16816586
20129215
16885251
19187418
15828567
21299762
19859851
19050330
15751631
15721972
17430711
19390250
15830302
17095418
19957105
18780932
20922339
16530604
15984459
17605457
19080875
20842962
18363490
21844765
18723258
21126302
20920808
16583872
20080821
19684629
15611462
20804888
18020845
18332736
21070435
19591059
16318826
16276471
17461752
16517805
16164888
17766759
17683656
19485862
17488173
18019116
17542719
19446095
18955599
21235844
17686390
18338454
20177830
15624537
15634822
20715305
17452712
21238893
16970647
19633547
20890002
20606482
19234003
18700871
19819095
18820832
19393482
18477878
15698390
18649716
18594164
20638690
18806197
17653077
19266767
20085958
16688663
17188939
21527135
17918303
17251535
18923348
19228506
18832504
19854441
19422945
21702206
16608617
19573661
15619508
19027628
16388791
17103033
17293628
16945783
19183427
17955895
21793115
21285654
18222126
20114124
18835124
19744031
15869551
16308098
17260575
18698597
20446141
16206681
16712701
18093505
18380372
16116384
18714791
18685318
17907696
18277222
19142279
18472244
20857639
17266078
16998400
16157620
16918755
17249904
21819357
19669802
17202527
19780857
15684245
17695002
18321625
18768410
16550938
16677180
19546722
19946872
20179530
16354844
21185749
19306562
17111944
17452733
16450233
20146552
17509283
17052558
16252381
15718174
17102289
19016926
16503950
15657665
16954093
17896880
17416716
18405565
18849806
17000613
20489767
18195309
16728804
15644541
19253130
16353495
21751732
19266655
18440766
21337280
19448581
17942270
21336996
18096354
17050085
20830821
16904860
20476517
19282147
17101077
16340925
16401012
17674685
17945886
18662421
16393438
17149085
17762417
15747901
17165482
17464225
19745504
16499792
18546569
20129207
18809064
21350271
19268237
16124847
20621905
20122017
15532523
18988729
19323358
20595487
15642753
15555717
20396850
16855483
17020117
18466617
18694213
19541573
19419589
18519095
18754767
16607248
18484975
17011154
18660902
19909516
17459820
21784286
16749297
18657043
21691239
19632975
20618083
20086261
17633982
15732427
15960789
18325102
19526524
21941879
15907979
17714460
17066969
16898343
21089995
17075690
20394518
16199935
21051326
19287104
20679561
19273410
18257966
20177038
18051917
20639654
19342836
19204222
16277049
17453984
18201030
17636111
17908068
19042850
17630451
21870681
19499428
20552770
20221646
19150895
19457513
17207239
19172206
16180554
15810757
19536389
15548103
16351436
15847735
20690383
19806711
16585026
18590881
18038520
17876174
17182640
16543096
15713186
15653246
20549122
17444465
21029279
20123331
20140752
19151800
20151212
17924926
15805555
19327616
16756849
19201147
15629979
19327625
17926605
18223263
20520216
21155639
17978589
19706351
19152057
20085908
20536540
21435198
16990292
17563920
17317474
17826034
20068485
18798875
19689239
19781099
18216077
17239730
16272071
18078150
18781660
17345650
16139162
16082989
17206959
19566617
17973717
16990318
19789196
19323715
15941843
19317375
21306701
20797356
15576523
17356973
20661211
21449185
16091160
15643036
16114647
20547596
21591406
19853819
16981989
17656407
16567319
16381366
18992630
17933083
18260804
17319909
15770505
17212292
18358083
20716625
17956373
19090367
16963677
18308988
16829722
16036035
19774078
16500073
20827777
20649872
21071434
21062546
20480752
17718039
16161386
15802414
18051970
18394540
19999862
15990739
21761957
21524448
19665915
18390019
18007268
17608890
19629746
16150017
16730491
16459890
18217874
21121847
17363866
19843342
18198259
18758335
16008836
20142739
15580055
20228360
21126965
19772556
16160678
16027582
18642737
15891722
17727759
17711144
18678148
19684936
17340855
19961626
16426952
21226545
20712468
21136032
15735381
19033166
16626361
21144121
19811553
17137277
19566998
19714367
16225355
19575719
20385460
19694327
21383358
18981966
18469615
16830214
21368511
16360559
18308632
19634047
19666206
16339290
21242160
18418104
17877868
16222404
19596322
15527229
20092087
16188716
20011751
19112812
19704289
17173716
17289828
16922982
16604926
20950195
20966782
21141263
19754498
16317333
20675736
16640275
17108610
21439171
21273573
18211559
15772510
17598626
17416145
19651576
21724130
18547384
20045279
21542811
19295419
17852989
21590564
20359648
18196711
20363840
16790162
19285173
16430386
17671078
17349950
19073784
15625642
20722311
18721221
17645791
19777681
19399545
18414128
17087404
17145513
19464761
17197304
20159216
21635795
20409528
15548249
17518864
20507043
18003422
20218270
20395837
16871848
19589663
16000293
20841530
17658028
17977309
20088231
16688495
17850291
21366009
15842706
19585808
16999652
20615839
17653940
21494113
17907734
16340688
20237039
19383069
19723862
17683580
19144993
19472805
17920823
16881187
18032986
21218737
19849909
20849291
17256717
20490675
15786795
17310746
19289932
20860248
20715299
16473292
17394439
19294824
18789425
20464718
19892511
18711703
16206812
18535074
16179857
15882366
17672819
20713655
16824222
21976585
18941964
19754030
20878833
21298841
18492707
16843645
19117976
16137387
16121653
18766413
17694224
19295974
21217440
16101857
20682499
15798501
18974690
17542820
18334237
21614763
19588661
21368257
17238948
17826312
21047648
20387368
17342789
20095185
19125131
16484700
21469512
19394525
18948798
20659270
20447839
16953162
18928964
17473538
15644703
17430453
19320403
15940977
21618756
16259538
16484121
18630217
15877640
18937570
19504767
20046133
21478378
16442422
17380812
16350354
18380679
18624013
20656422
20602140
18429579
15644679
16078904
15574435
21160341
18374595
18562861
21323047
16229695
16174809
15577825
20100152
15951704
17003253
16562435
21705154
16297579
16434815
18709900
21457695
18380526
16481096
16717521
17091104
20085116
21368524
17194678
17934678
21417056
18512375
16082913
17116515
21440219
19432612
18817024
21785482
21631936
21913573
19653126
17054631
20088340
15558973
15568581
18997550
15832071
20473793
19771532
20072977
16290917
15937688
15625660
18785916
18667654
15580110
18405469
18956493
18437382
18581822
17391510
15761309
20810405
19775200
16915724
16572026
17348119
20515602
17727133
20657624
21786715
17068348
15588372
18400003
20804928
16294612
18647254
18054872
21376519
21085918
16808715
15991588
20047029
18164470
19809014
17067405
18005911
21042930
17118052
16617638
17579337
16082238
16465660
17129200
19084893
19797957
20860246
16553120
20236501
20080808
16982103
16866822
15928559
15857266
21248530
17969938
17335524
16502131
16287826
21189516
17436863
19898698
16258930
18498221
21492358
18198359
16341904
19500706
17298492
17266006
17098628
19157279
21552087
22121557
19711655
16489707
16971707
18059398
18556665
17532895
18340990
16875116
17727609
17171497
19827968
16807792
20963630
18194352
21714895
16940300
19917944
18798531
17909221
20700774
20446410
17850938
17959576
19363883
16266956
19562422
21292637
15996975
21164055
21324249
18445862
18075408
18321837
20937146
18835682
16459208
16907982
18370910
15989830
18208418
17394620
19117219
21154091
21131669
20057231
19648829
20150603
16509063
21332838
20868887
18573540
19657821
21622028
20168139
21748988
21480087
17691711
18435814
19685441
15867495
17236993
16219959
16292467
18374561
18573425
20527623
20705165
17595440
19784911
17542785
18690763
16779535
17006107
16212215
17430403
19297363
18084353
17221178
15731637
18973640
15916038
19716070
21696320
20469612
15883143
19124977
15756120
17505246
18630018
17645955
18570847
21343590
15739634
16622089
17855913
19272550
17376560
16889326
21952571
17560961
19824275
15799588
18664076
19725214
16640210
17594251
18097853
20515883
16997849
20391657
18578359
20587105
15824291
18692395
15688774
17099193
20488928
21636927
19135592
15720497
18487766
16798655
15645998
17725114
16307629
16856093
21441571
17284273
20359809
16060296
19813345
20011758
16818841
20044165
19926562
17853949
20439293
16336544
18790814
15589710
15752321
16364573
18792439
19271589
19906503
16386255
21928608
16864131
18454243
17329060
20625568
21696481
18709808
17149526
17495574
18036013
19691191
17825729
19200763
19644350
21282794
17060293
21815184
19389671
21837913
20015124
15550092
17888107
21513533
21084354
16425879
17170671
21265393
17290963
19188133
19293303
17250771
19495863
18392546
19295970
19400483
16262830
21053708
18214677
18725832
16847798
17983360
17016480
19715532
17695825
20810420
19157357
21651656
20696792
17424791
18955608
18005124
18431894
21135693
20610490
18220677
19694861
15704303
18820520
16968433
18664961
15660988
20508686
15923595
17444080
20364693
20381916
19446840
20357650
21045575
19278185
16609081
20671510
15537856
19436207
18043783
21749243
16483724
15713915
19728503
16403755
21314920
19404580
16910028
20204383
15899730
15941483
16613302
21121802
15591887
21073777
17618077
21073291
16985479
17203294
16118532
21119185
18561835
15668849
19603379
20023491
16469205
18784477
18397686
15600037
18181670
17352706
19237501
18164944
16273780
18957270
21410661
18947081
18982233
20935115
17978612
18490893
18236875
21748995
19514804
21729918
19154858
16607351
17033591
19028135
19912619
16241168
20973734
17084329
19609073
19041225
15576747
20516766
18710057
16968759
18603339
18830699
18042486
18287894
16473745
16972603
20013110
20215333
21480679
18512819
16285420
17163497
20122505
17661149
16116371
16280077
15766349
17479356
19162948
17207010
17161318
18580104
16052180
20383478
18028848
17604967
16516127
20057230
20305592
21218211
21813731
21365168
16938787
16488345
17036151
18573961
19808267
15974046
18551334
17803400
20051847
18825366
19256322
18241761
18184218
18031482
18477716
17394651
19066140
19764379
20842755
21569490
21777720
15971943
19835742
21527175
17505402
15630864
19592838
19694067
20352571
16045663
18923133
16672255
19502135
18404019
16498160
19923007
17597675
17881316
21260936
19833859
16217714
19545366
16968571
20042225
20194255
20084871
17112147
17849823
21448826
16401055
16374305
21155704
18094781
16267145
16027596
18468693
15803325
16789983
20595246
20605062
17461307
20492015
20835762
18751575
16224611
19667006
16770751
21700363
18684127
17713882
19245156
16027333
17272898
19672055
20492016
16131931
18090516
20505459
20051400
19805801
18026004
18595383
20882721
16083490
21739919
16829831
15893212
16938786
16945446
19338730
15669516
21090159
21763127
15561156
16614013
17137425
21555477
16844340
17335534
16648094
17261205
20606611
19565040
20490970
16717484
19455875
20855760
17091909
17613485
15602166
18985370
18090889
18393965
15650523
19426927
21108428
17966743
19919658
21447221
18567965
15600048
16011504
20580142
19750436
19752038
18342823
16711175
20386241
19026922
18582361
16023888
19368507
18192152
16848352
17901513
21665156
17646786
16945469
15934264
19241788
21708526
19798837
20553584
20392805
18809151
18461420
19669043
19388410
20159217
18951825
21485452
18981749
20393971
15697046
15530763
18312752
19709106
16454855
19476775
19175188
19153322
16630039
20618777
17426490
18355699
15866394
16045423
17701828
16920652
15989116
18057033
17846366
15540670
15818133
17093983
16995478
20812584
17963528
15802000
20171663
21484016
19830850
16622437
17591806
17249277
20233982
21899982
18823865
18552086
21744584
21456398
17472529
16287696
18507582
20673256
16555756
19775309
19860301
21150582
16181574
19629691
18525346
19628933
16719039
19695010
20230518
17889498
19459404
17518822
17985101
17086470
16344546
18648204
16014340
16340615
17441822
16815053
21599531
20173693
17128734
21316540
19463083
20822733
18414179
21612463
16895488
15726544
18979996
15580015
20709240
16392441
17494525
19763699
19456247
18650767
18837749
17898237
16308327
15517301
16629008
17397490
15813155
19621462
19506434
19770174
15618764
20041613
16243085
17943778
16475874
17551446
19263812
15837453
15615665
20077787
17494443
17459818
20065168
20716978
19376676
15811107
15943655
16034053
16411359
21749554
20581323
17060269
16931461
20579149
20334875
20336984
21241205
21301273
17440291
19623798
21517787
17013821
20091475
21063639
17342850
18423167
19139443
19950735
17596745
21475053
19323716
19116531
15814395
18386724
20434086
19397162
17935855
19120746
15536789
16780085
21882755
18953469
16344026
19127537
17324194
17300391
16918999
15706156
16190011
19138531
21840840
16260054
17906167
15545244
15723706
21208412
20482425
17573752
19263906
16285131
21182797
17494424
18241775
17135845
20533965
17297243
15771160
20463337
19674171
17000475
19694858
16894222
17929730
15557911
18828193
19454203
20438371
18318085
15698807
18662870
18449574
18093085
16913612
20132369
20216504
19860059
19602171
19773028
16604295
18572343
20153359
19650684
18721082
21210916
18839514
19185793
21480489
19366017
20398083
19593747
17427618
18032685
18166697
21466965
20299633
17108509
16009743
20081735
17908530
16965250
21807681
16843871
17526293
18496376
19061552
20970883
19203485
19014704
20140833
20665908
21330383
17468606
17935600
18642619
20369643
17505371
17873563
17972783
16299885
20887904
16968589
16754829
16982001
16567238
21317095
19580536
20888787
19634381
20065013
17907007
19319760
16114151
19828530
19463080
17581708
20007796
20803167
19762368
15602187
21140752
20599101
19861368
17883617
20071868
16767623
20143441
15725979
19127235
19953866
17400289
19926976
19536019
18362820
16214882
21439170
19388901
17377328
19236288
15819535
17122656
20230391
17700332
19858395
19826325
19382112
18722942
17026435
19656719
18093109
16374176
17880381
16359014
19109855
17850384
19234100
18984375
16802653
15918824
19891756
16234300
16594410
18818529
17010035
20478554
18679147
17607865
21727837
20380496
21440812
21103771
16784063
21513534
16117008
17524969
19208816
16297662
20083934
20447800
16757396
16871436
20618603
16224984
20586268
21182442
18775827
21972662
17504545
21301699
16002922
20303029
19772582
18853738
18466604
16422039
16499307
20495317
20605087
16192811
17763838
19797496
20098139
15891488
17985978
17901519
17209898
17502441
16996836
17371889
15853292
21388099
21409880
17897152
21041194
21146668
20381155
15820840
21813621
20421226
19175248
18584460
20010411
17339613
16762127
17092777
16687381
21524205
18455960
19700889
16464138
20125094
20103026
17086781
18672542
18638238
21565682
21727758
16098705
16945615
16514924
18468295
18311551
16882179
18362998
22026194
21465692
19584638
21078683
16789675
17674397
16131306
21189208
17684169
17336373
19500700
19920744
18427942
16078984
19341545
17619594
16192524
19653438
18182924
20189752
15637958
17939624
20220287
19880841
20085180
20006316
15559043
15653942
19024427
21403487
21281293
15654187
21972313
20514886
21786855
15693990
17567672
19430677
21042243
19161085
18057190
15875101
19190009
18683435
17234566
20072975
19356561
17727589
18836325
19429770
19842586
20943343
18545842
18308220
16986752
18006201
20026835
20128887
19767049
21626356
19128648
20354115
18629691
18388169
18062730
21478588
21756681
18592093
17118306
18026029
18772306
19205735
17984641
20470294
16616218
16562702
16250279
19000464
18096508
19042888
18379664
20044669
20625618
18716485
18972327
18191799
16093254
20695144
21471876
20373978
16634710
17535121
17169827
19029841
19265046
18244998
21299276
16401532
17933498
15914746
16684162
15926638
19005956
15789311
19545658
17902537
20081700
17915083
21947111
17160869
19143904
19535946
17916308
17057561
20654924
16224646
15813439
18487708
20609033
17138178
16528905
20177042
15532175
21703676
16612771
20541065
16821682
19085356
16637454
17584211
20383490
21323006
21219504
17972671
20306848
17430444
17250963
15704622
16735667
16398864
19202116
16262095
17443076
16967735
19965954
19928714
20044588
15628658
20476511
19786919
18337438
21199163
20660364
20191516
15802408
19363928
16869335
20629945
18838925
17044443
20550019
19634607
20799388
16304762
20565331
16466343
21474280
17518020
21084427
15575117
21807832
18958777
18570223
16510373
16793855
19376355
19814889
21605514
19331126
19738216
20039530
17198512
22011868
19476108
20030658
19024232
20061256
21972755
16088832
17017324
18459068
16315549
18631406
19437091
16413839
17941589
17335530
20510841
19954537
17078243
18830810
20964469
17058411
16022238
16157935
17128395
15791781
17714620
18426471
15995043
15992199
16920649
16850781
19207062
19680792
17206552
16483064
19805708
16782921
20019350
18771539
17983544
18266164
18451385
17238494
17710479
18970983
20052731
18608082
17126458
21741007
18552258
21185850
17681268
20966842
16097256
15629875
17984152
18436568
15737508
16128430
18614905
21382217
15840894
21145470
21514244
21263077
21888068
16444126
17715444
18384789
19669707
18229771
20188314
18289424
17243022
15529235
17623502
20678681
16734003
17116056
17443600
16513713
18842456
19131417
16623624
16036728
21658628
20693726
20702860
19939302
18022065
15947898
16566103
20731283
17845883
20560683
17558956
18762405
20336314
20950990
17763110
16078398
16579288
21640688
19016303
20464744
17473044
15526628
18249035
19152989
18464129
17000098
17890996
16255336
15931800
20185446
19752069
18856076
16863414
18073702
20047174
17337152
19230935
17997260
18757992
21368545
19263156
17695981
19014116
20070504
16248709
21333018
18413518
17691709
16550095
18186035
16351714
16184950
19786421
15796462
20801997
17601213
16186465
20860260
17996639
16259493
21919417
15904537
21361237
16638028
17087612
19776255
19697594
20679981
19995325
18354757
18406561
19939417
17153660
17636459
17901823
15798726
15915734
18505950
17193809
21176258
17064837
21174173
18352996
18020847
17906546
18656044
17286671
19698012
16148335
17167358
17514858
21088736
17490762
16034297
21392804
17074872
20578919
16263369
16607139
20005783
18792440
17573682
19365164
16704125
21420535
21349449
19093298
21641361
21073502
18843063
17019552
19783081
15882364
16594293
18941437
16126738
21936435
15815960
15994471
19590863
16478535
20182813
17070742
19726783
16779794
19788772
16832075
15646757
20398358
20698021
17766672
18953195
17941415
17937971
17664501
17629242
20592706
21783012
16263978
17880469
20170325
16078356
16153564
21655786
15677576
17939528
15536794
15887923
17709172
16425686
21640886
16078408
16316869
17076445
16884316
19233061
17233432
21252815
18687268
17697197
20868642
18258975
18431889
16717381
21683625
16492008
19832891
18457517
21102170
15768647
20373918
20386257
17135854
15763309
17133304
21192569
18985081
21323844
18793423
18203554
15576817
16468598
18032682
20153537
16300211
20654899
19025307
17875027
15907850
15692135
19648386
17686221
16162775
21160300
18519335
17522003
19813369
18520368
15675661
15619149
21667671
20625672
16476040
16190008
21823368
16132281
18509583
20590513
16149236
18054680
15662173
19359887
19176847
21301677
17334734
20332480
20469561
16572117
19492674
19748030
15788914
18252911
15752322
20450324
18066739
18636228
17169084
20650026
20724873
19642744
17334508
20088397
22128567
16803806
17318031
20306844
19072013
16165004
20529510
19426427
17678824
21376601
17360150
16466085
17064961
15801349
17269844
19085667
16942418
19131753
15534882
21840898
17901171
19210013
17685076
21321466
20961981
18658242
18039993
21240105
20345926
18803496
15615215
20031865
17413906
16323132
20220614
19339323
21314849
18074418
16143738
18023256
19272784
21246171
17899453
19229399
15640681
17497544
16360557
16466089
16315770
20943293
17578583
21078225
19191251
17984217
20975412
20937190
17294778
20335136
18282270
18281231
17471052
21139455
20030498
20399949
18451080
21709550
20381427
16681285
16690691
19365160
19032073
20800143
20660851
15994126
17881925
15623164
20810257
19812105
21125968
20651302
18694471
15714716
19351919
15808145
19795365
20633738
18336706
20146000
20697468
18607872
19244785
16489390
21106655
21372646
16411363
19364896
18229768
17618118
17307621
19664410
17896122
17387710
18215610
19647132
15747916
17523031
16358174
15665264
18072978
15575423
16247807
19254192
18194559
19833669
18252068
16818834
15546147
18378512
19507359
17564561
21188866
21569228
15887616
20923897
20978451
18579319
16120502
18358996
17526308
19042824
16076895
20609689
20890147
17939006
19499731
20511243
16278532
15865824
16808739
19048966
21486116
20113944
21196807
18157830
16739207
16459340
17602333
20439333
18786341
16002028
17094645
15990430
16316437
18989880
20112444
15710642
20682509
16706317
18385570
19320132
20002422
18830770
20531171
19084319
20308273
20485702
16504909
16035724
20157947
18814391
16788840
21483025
19041619
18055756
16280895
16378147
18603173
21894126
16116377
18538424
16864132
19050082
17350559
17240252
20183136
16793836
17966292
16416580
21658151
19605620
16870993
18066411
18061421
20843424
16134620
18712258
18460078
20170308
21809283
17027429
18048259
16753085
17851361
17394619
17940783
19002473
21545936
16618687
16439499
15962057
19467755
21158258
20930255
18839050
20497269
21725218
17188599
17927764
19009935
21057839
19397100
16184680
16572537
20148936
19433843
15586831
16563077
19171059
19620163
15763848
18972809
18351477
19594346
15999857
21480490
15569811
19225908
21108739
16651507
16978415
16441396
20630399
18273482
17268416
21339383
16775183
16261273
21261966
15970116
15769792
15834253
18977628
16818165
19936994
20011732
17708479
21445517
20578642
17966203
19133146
19650538
16630194
17594409
18820307
21240022
21645040
19489483
19753927
16265960
21915586
17675944
17708039
19236871
20838319
16259232
15696455
19673731
19565441
16806933
18588397
19255106
16991049
19739312
15652689
18752854
19596595
17699357
16794557
16629007
18180491
18411872
15789393
20170430
18186827
20078017
17542348
15530846
17474361
20510837
16395947
18956505
17944141
21377671
19775571
15853789
16425947
20675827
17907496
21591382
20437114
16476881
15890048
18617706
20098878
18649812
19447305
19022074
16450312
17891669
17452601
16723916
15937400
18072401
17760519
20091618
16035335
17918074
16351532
16135861
15892852
16200948
18481698
17717285
20836638
17190120
16048621
16507152
18504095
18807040
17544129
16438074
17418464
20049378
20050471
19748205
15597931
18689530
22066284
19812242
21378648
21613917
15857495
16398069
20830989
17053179
16015517
19035033
19945102
20170460
18371168
16145186
19447074
20832923
18832499
15992203
19562361
17175651
21709719
16445483
20535896
15674950
16114760
21094532
15641523
19260356
18551601
16324899
19287264
21385083
15560706
18577170
16567983
21558769
17044445
21494106
16244850
21273025
16406035
19597372
17322095
21355476
16616398
21248578
21459256
21164393
17453263
19174280
19005426
21475355
18710895
20521572
15871827
18356346
15957590
16470717
19782927
21272307
20141092
18833884
18350859
20125211
18367911
15819834
21809517
19523859
21211228
15712470
17972617
18049388
21093297
18439609
18678817
18974598
20630924
17547265
16518737
16255359
21218702
17991602
20813997
16342457
19675268
17917941
16282072
16425756
15793025
16640136
17171573
18377569
18221656
16942122
20334010
16310137
18038104
17378934
17354352
20117687
19266123
16203960
18619766
18316911
16192540
16629356
19014801
21393039
21533963
19816828
19702489
18635587
21317104
21646289
16597053
16276857
21411825
17761058
15844186
20640779
16335475
17088587
19653441
15597284
16683641
15992195
19144895
18385402
17035471
19752418
17546784
20092226
19854841
19469117
19300078
15592955
17488520
20431466
21138129
17190931
17899216
21300647
16625890
17372787
17444462
18372379
19957463
17579308
16493302
21411823
17394379
20107339
20008585
20033354
20606057
21654482
16859565
18510414
19074050
16398383
20157747
15779616
15918260
20690492
18360805
16723061
16884157
18799514
21299077
18578779
19879711
17929744
20033624
16466406
16505701
16341301
