16739214
16736400
16724882
16722853
16721641
16785580
16775914
16766590
16765852
16762800
16759320
16758504
16756529
16827445
16827399
16814217
16809575
16803917
16801140
16793488
16893848
16887392
16881763
16880053
16874119
16865618
16863896
16860566
16855118
16854239
16850774
16849980
16961701
16959927
16957904
16955073
16932138
16932134
16926739
16919791
16919741
16918653
16918080
16912103
16900272
16895823
17036421
17033569
17027429
17027221
17017842
17013821
17007158
17006963
16997425
16980637
16980515
16974137
16971277
16970988
16965244
16638256
16620181
17136599
17133150
17126971
17116034
17112842
17102708
17098846
17097988
17094645
17087612
17084301
17080518
17079584
17060828
16586156
17239070
17233687
17227877
17224774
17222413
17221079
17217474
17210879
17205853
17205276
17199451
17197164
17187120
17183353
17176245
17165224
17163458
17158034
17152453
17149516
16050628
16046887
16043345
16041925
15992457
15984178
15965791
15960059
15893053
15884265
15883467
15868390
15861915
15857961
15857727
15857431
15849619
15847235
15805361
15803333
15792019
15785067
15767197
15743602
15730503
15704062
15702938
15695350
15685261
15675662
15661602
15650340
15644831
15643036
15631015
15630840
15630824
15630059
15606036
15600023
15583501
15577665
15561662
15546822
15513801
20303453
19392639
19366932
19250128
19160356
19047477
18987080
18974987
18974186
18948771
18927141
18923133
18828720
18806649
18797217
18794506
18777976
18775402
18773498
18767404
18702001
18660737
18641083
18608170
18608064
18567347
18420526
18414130
18393080
18332360
17496351
17486358
17468940
17468687
17468681
17453553
17445126
17443115
17439384
17439374
17431061
17426936
17426045
17419778
17417722
17405469
17390974
17387304
17382189
17380387
17376345
17371513
17365203
17351825
17347503
17343319
17342789
17342556
17339980
17338417
17334270
17332176
19772152
17324975
17324293
17323806
17323611
17320785
17317363
17315515
17310565
17304080
17300413
17299306
17293235
17292025
17286738
17284297
17267797
17267724
17263734
16636096
16617637
16602433
16595354
16583478
16579326
16579145
16570543
16569134
16568462
16551387
16532235
16530604
16529363
16520520
16466085
16450643
16406574
16389007
16380306
16370922
16344014
16340694
16332469
16318826
16285343
16263639
16220148
16213285
16202000
16192192
16190007
16190003
16190002
16189982
16186451
16186004
16181012
16177581
16163682
16137786
16131944
16119164
16108315
16107007
15934382
15857266
22083571
21899821
21614728
21604821
21337969
21239977
19685037
19674433
19638023
19592271
19577702
19538607
19526380
19459404
19458091
19456247
19447321
19445645
19430677
19422632
19403202
19397598
19394030
19382495
19379454
19368569
19351795
19343321
19322107
19321901
19304808
19295422
19248449
19207357
19200695
19199154
19183948
19183098
19171331
19170955
19167670
19154858
19154472
19136358
19069286
18090193
18080338
18078617
18074242
18073645
18073253
18062753
18061814
18059398
18057805
18053289
18052895
18021512
18021510
17896245
18038530
18038520
18037283
18033960
18029541
18026777
18019287
18007135
18000675
17999424
17999211
17993638
17987081
17977111
17966819
17966292
17965045
17955696
17954865
17951231
17951226
17951072
17948954
17931132
17942958
17933417
17929601
17926454
17926453
17923289
17917481
17917411
17905052
17901631
17895295
17893380
17888065
17880414
17874920
17855010
17853754
17853172
17846046
17768281
17767631
17729170
17725614
17723989
17721844
17720192
17717545
17699295
17702885
17700331
17700296
17697676
17695729
17688007
17683953
17678684
17676181
17675247
17674531
17668293
17667018
17665763
17661198
17660635
17657658
17655996
17645957
17630383
17627726
17623824
17622811
17622288
17617501
17616839
17613586
17563439
17610158
17610020
17603326
17601841
17597350
17594828
17591414
17585002
17582015
17577296
17577034
17573990
17573976
17565481
17560952
17558956
17558927
17557486
17549605
17543150
17542099
17541317
17535601
17530449
17530448
17517114
17508707
16452523
16417412
16313207
21725416
21712507
21711531
21694729
21668384
20971339
20959709
20920105
20881800
20878851
20875177
20865306
20857189
20829237
20806564
20737320
20718394
20685077
20680284
20643729
20626830
20625672
20617716
20587758
20584087
20575614
20575470
20554342
20453176
20447494
20438199
20409127
20408032
20382715
20355264
20232127
20228360
20191719
20187431
22046739
20155327
20154515
20153537
20125042
19150199
19139382
19131396
19117848
19117310
19099574
19094437
19085667
19064862
19064601
19054002
19047665
19027449
18990207
18990043
18982964
18982308
18981351
18949580
18929987
18928193
18851887
18844250
18843564
18835521
18815527
18806027
18801188
18788835
18786971
18785396
18784967
18777974
18774180
18771637
18765325
18760131
18757768
18728300
18721358
18709684
18692395
18666923
18657673
18655709
18652797
18648958
18648947
18642738
18639936
18625755
18619084
18617746
18617379
18611092
18610809
18586692
18573540
18573483
18571298
18570223
18564887
18564422
18564082
18561635
18559692
18549436
18537481
18523492
18504159
18501434
18500129
18490878
18488866
18487421
18481922
18478497
18468922
18462505
18462285
18462280
18451024
18449127
18441253
18426783
18426720
18420747
18414311
18378844
18376081
18373579
18370570
18365855
18360178
18357437
18355230
18354747
18336687
18332361
18324939
18324557
18320896
18313501
18308409
18306916
19697531
18303431
18302657
18300737
18298234
18297167
18294534
18291056
18288117
18285292
18274884
18270808
18269433
18263562
18256563
18249035
18248406
18245063
18243897
18242337
18240985
18240611
18240610
18232454
18226150
18222131
18222126
18219209
18214334
18211518
18206525
18206144
18197510
18194975
18194790
18193482
18188161
18182633
18180790
18179667
18178698
18166257
18165839
18163447
18157958
21878601
21775384
21763216
21726440
21726319
21605397
21489721
21481171
21478458
21470276
21462098
21447943
21436394
21401480
21352997
21346708
21343558
21323049
21318438
21277835
21277071
21266877
21229223
21226847
21178205
21162160
21148160
21130695
21094716
21045101
20981577
20619920
20595715
20587048
20584626
20579839
20557378
20554279
20551222
20541811
20536517
20531197
20526684
20509302
20483054
20477765
20456149
20449664
20421570
20424500
20403641
20392805
20369640
20346534
20334016
20306771
20303665
20302989
20235082
20234126
20231193
20214846
20210865
20208067
20205936
20204704
20201665
20191516
20190663
20189152
20175183
20171453
20171448
20171084
20169260
20163700
20155792
20141259
20134282
20113535
20110516
20106933
20096489
20088892
20082054
20070635
20068423
20051070
20048553
20044415
20044178
21495601
20033300
20032989
20028777
20025749
20025452
20011956
20004298
20004297
19996228
19962629
19962628
19962626
19962623
19962621
19962618
19962614
19961261
19958520
19955045
19776474
19952244
19945817
19944558
19931217
19930874
19928709
19927511
19925463
19914959
19900257
19900131
19892712
19879462
19876941
19864873
19845840
19782791
19823140
19819603
19808471
19808153
19797134
19780514
19780435
19780433
19776537
19772784
19769017
19768651
19767376
19757865
19757187
19755364
19726455
19723738
19720912
19715893
19702202
19694856
19694849
19689600
19675510
19672161
19666673
19661099
19656371
19630996
19630447
19618293
19606236
19597372
19594682
19591584
19587250
19587109
19580241
19569462
19567712
19554195
19551750
19543809
19543807
19533886
19525720
19524899
19516915
19509634
19504737
19487788
19486534
19483114
19477972
19473377
19458523
19457010
19456999
19450773
19446893
19444814
19411529
19411320
19411188
19402851
19386056
19378630
19369459
19351942
19332635
19320988
19318470
19303947
19300217
19299400
19298307
19286854
19286334
19284169
19275089
19260571
19255583
19242277
19234994
19228233
19214595
19200391
19196462
19184200
19174280
21953274
21918400
21868479
21868477
21855907
21839411
21798499
21784387
21736977
21736236
21723143
21665011
21661302
21641366
21630628
21620028
21616171
21610242
21566106
21499887
21481260
21430089
21425244
21412145
21406478
21397870
21393267
21366920
21362582
21348798
21334026
21326002
21295943
21263348
21246400
21244668
21207770
21205046
21199163
21190738
21185989
21180856
21147679
21126374
21110703
21097941
21091048
21082872
21062951
21057839
21040241
21029998
20978857
20978258
20973999
20938307
20960594
20952823
20950164
20946009
20934571
20932658
20920079
20888647
20885306
20882721
20841317
20838266
20832154
20825054
20824347
20812497
20810177
20807445
20800768
20737795
20735496
20726842
20719740
20699721
20689358
20677076
20639604
20623685
20554364
20546095
20488915
20467275
20450122
20374206
20362248
20346111
19908925
19884616
19748369
19712783
19689494
19619297
19596322
19446122
19445614
19371444
19243624
19144159
19121552
19020265
19012066
18950921
18811926
18759755
18674984
18620477
18611253
18075488
17539697
17440669
17301724
17201923
17201920
17020395
16924216
16735848
16730728
16699459
16696746
16637944
16600982
16594433
16594242
16594192
16572485
16570644
16569623
16566616
16566612
16565619
16547786
16538390
16530486
16526061
16520449
16515107
16511613
16501747
16487840
16479041
16476040
16471110
16468082
16468080
16466593
16463599
16435037
16416401
16402885
16401024
16390903
16390503
16368288
16362252
16360700
16352344
16341623
16319704
16314606
16313210
16308017
16307701
16307629
16302863
16296671
16289739
16277714
16273451
16267805
16264176
16259049
16257625
16245190
16238727
16231035
16214882
16202076
16192524
16174598
16168544
16167717
16160192
16158758
16158036
16157230
16155311
16144550
16136358
16136344
16135721
16131283
16122389
16108777
16103035
16091096
16060431
16048663
16025786
16024147
16013524
15985447
15984180
15980295
15967039
15963172
15957682
15955146
15948091
15948080
15944109
15939860
15923945
15918343
15911916
15889304
15884478
15862618
15851821
15837666
15836551
15820840
15802112
15800127
15799673
15789509
15778563
15778555
15764871
15753905
15751329
15743286
15720726
15691082
15690896
15684910
15679507
15674163
15673349
15665639
15660535
15660296
15655132
15653979
15650867
15650146
15645747
15642491
15641871
15630110
15624405
15617954
15603671
15598725
15593059
15586137
15576393
15570144
15567678
15562948
15561667
15548249
15547056
15542872
15528288
17540180
17233692
17785736
17061071
19128346
19948297
20430562
21841092
21933478
18294222
21645388
17228437
20116791
18693980
18289187
15876302
21739885
16216378
19282506
19185429
21492799
18700357
17309018
17294778
20371033
15762898
15681211
16752988
15762406
18276125
20671510
18220602
18690085
16759851
19814924
17136290
20091475
19474415
18005373
15762901
19661793
17314725
18482291
20392133
21429780
20574180
18346597
16033486
20697132
15993978
17695561
20647791
20517725
21092429
21617261
18429539
18796048
20922772
16825839
19810665
18641112
17556325
20160547
15546895
18004627
19101777
19010185
18853541
20851294
16610662
19010578
21243328
18047252
17391082
18238990
17684905
15819838
18411858
21904101
18330002
16430339
20887671
17694281
18812147
17472520
18248947
16214514
18605344
17394012
18805619
16671980
20942726
20047063
21207737
18215329
15570333
18501836
18461538
19547799
15715073
19168306
17702101
17583592
19920097
20689937
19418708
18705736
20842755
17017685
17577004
18251345
18157449
16368586
21265635
20572537
20149724
17352780
18942565
21617585
19374611
18460169
15812763
16041965
19960161
16729851
17118304
19112875
19853399
21483251
20801960
20516766
17546919
16301934
20189061
17663957
16918835
20859155
20040563
19893966
17515018
17141123
20201365
21941879
18304125
19684493
20537592
18072989
16463244
16357705
16927733
19628353
18555560
21555086
20974071
19847722
19948461
17724354
16452896
21595359
21270415
18096587
18370885
18760559
18038534
19352570
16285061
16340686
17260560
18709840
21718869
17805107
19917175
16964896
19105911
18779884
15742908
19911108
20403173
20663004
17891116
19994755
18752459
21599896
20046133
19826329
16521189
18096354
19759075
15644657
19287914
15555490
16330905
20337847
20100361
17297528
17591404
16081757
17542391
17195982
20026689
17623499
16546063
17942317
21219659
18951344
19364890
15968228
18194791
15584489
18974237
18422823
21692584
15588367
17242783
19487042
19115883
21165716
20881755
21069692
20529039
19049750
18580717
20228634
17726711
20683234
17668786
21473324
16188034
19886974
19537388
20630793
21140345
21403051
15788294
18324329
19485656
19954266
17635953
16116768
19180372
15604644
15572501
21526523
20975399
21482838
18661159
21788541
20529780
16449995
19361059
18388844
18359879
20943293
17467948
20674768
19512875
15765635
17804591
19924580
19147238
19220619
16515154
17007324
19824279
19092532
15643770
15922499
17494453
18369299
20660904
18291720
19341996
17939528
18553252
20225409
16113758
21119153
20663751
21481259
20305010
21922704
21679419
17633908
20397808
21078736
21510865
16404732
21481116
19137480
19064226
20860246
18386686
15534341
16357710
19523594
19455932
19805792
20213432
17676420
21242160
22030660
19695514
18380679
15915843
18028383
15755411
21341221
19184780
17180745
16850023
16466404
18803845
20948471
17164055
21689864
18815983
16964812
19591026
19397096
19839531
17922171
21037548
16272425
18756161
16830214
19303168
15846195
19180636
16622437
17072507
15859962
20380501
15708162
17418071
17007704
20660602
19194118
16995478
19772239
15644644
16457055
19779970
19625557
19564517
17047376
20103029
20125211
18924544
16052180
18161229
20393753
17947892
16613400
15778151
16537300
18680571
19500750
16167409
18226157
21789980
19861368
18521034
17484934
21747417
19254201
19358125
16627244
20452166
16910129
16298088
17872608
16734650
18301231
19196860
21792943
20605850
18501748
19017599
15750551
18088886
16002197
21268518
19590467
18343624
21751760
17679625
20716625
20930915
18773762
18410819
21158998
20495317
16332465
15859376
17889494
18561561
19025503
15798871
15799490
19287264
19088243
15813396
16796483
17289461
20439293
22106614
19566991
19339133
16117095
18072408
21667812
21385423
16340615
21384609
19860301
19400483
17259659
18693996
17897115
16924643
17935844
17903572
18565816
18565855
20543369
17008829
17526470
15996361
17053853
18632672
21129008
18388841
20047174
21136114
21553968
17244999
16481897
21426214
20584237
18515743
16794094
21371787
19514531
16822715
17333656
19503964
18766413
20359693
20430210
15927105
21646997
16622657
19715800
15696887
16516665
20532530
20049682
15786611
15569900
19952652
16699326
18776749
20056186
15851871
15729063
21404768
16279895
16499745
16649402
21706994
19452487
18032986
19756453
19109572
18048200
17009255
21471595
18727823
19289002
18080929
18596630
19447535
20810257
19320132
19797698
16236837
21304091
18414327
18091298
18793099
17681117
21729918
20073551
16149984
20535942
18577133
20205952
16945198
18649644
17884713
21820539
19464755
20881159
15946286
20586892
18618894
16479208
19215330
17486471
16950060
21843847
21740203
18727573
15598067
19837459
18701764
18466604
16898409
20855168
17893415
19460091
19692929
17605287
18840742
20218276
19182464
21107514
19139668
18710620
15615172
19162420
21831277
15928365
16365615
16714993
18193593
16161297
19427812
18241139
19227022
17565284
15668268
16629846
16731093
19234646
18840803
15554800
16728290
16356205
15604634
20189545
16715030
20360287
16681285
20836797
20798728
21893577
17701338
17664502
20452874
20308351
16673631
20102684
15521930
21198803
16511688
15612421
15727355
19847684
21123231
21862750
16002850
18195310
16866806
21550543
18586756
18982880
19187418
16723061
19143692
18030686
18787331
17378297
19088517
15688921
15940531
21163726
15752924
19279478
17961885
20357751
17902035
17474812
19150541
19552133
17259199
18464129
18558884
17851382
16813545
20654822
21062591
19879166
17668831
17605569
17661544
17584211
16101202
16200252
16783582
17727404
17116767
16170525
19469361
20003967
18350755
20635252
20624564
21766435
18956511
15811201
17988769
21515541
16556183
15960030
15523081
17824562
21332373
19023955
19695776
20498144
19127130
17263097
18372975
19184240
19753889
18454613
16571383
21309200
20104515
17548447
20507679
15665164
15728223
18521875
18581021
17905084
18670198
16297578
17286721
16897940
16262902
21358385
21707338
19438425
19647967
16277929
16842059
20552929
20965691
16096151
16454978
15839375
21520580
16466119
15686158
17661954
15515292
19354156
17901456
18234036
17153572
16263648
18032318
16426618
15955295
18403998
18578802
16330606
17907011
18377572
18590466
19759436
21097756
20480972
19663271
15722806
17565431
16308171
15760496
18577733
16613286
15724831
17441397
17112374
16781890
16294656
20031860
17601738
15830000
15637949
20954509
18414308
21123751
16119640
16712851
20346702
19775434
19685532
19814889
17495375
17684861
17112987
19923302
17727406
17727772
19278185
21291329
17727749
17563600
19771528
17126194
17688564
17012136
20802274
16040323
18989556
20923447
16050400
20963676
21957801
17822779
19858355
15823888
17169962
18072450
20491193
16161707
16021741
17133010
18821031
16239869
18019766
21178788
16499462
19116700
20077798
21332774
21551929
17135845
16886911
18448933
16195820
21991894
18719161
18258697
17218867
17044560
19272512
16879087
17656632
15900170
20627817
19619278
15833468
20050471
15612404
17583321
20491200
15708184
19101209
15750527
19419442
20309740
18487762
15605758
19945102
16877190
16918755
20359145
18655683
19171291
16802428
19190009
17573296
19788555
15751565
16387467
21653910
18975844
16282082
16431186
16191140
17063096
20233916
17622203
16271117
19788775
17258047
19038479
16101709
19146205
21285085
16632478
16493308
18171323
16528139
16961098
19281128
16964900
16110129
20351387
20970788
17100721
17179871
17184312
19134494
17699299
18378730
17125041
21766898
19194128
19768638
17196902
18439244
16526149
15530163
19449606
19579398
17151566
19639904
21569395
18812614
16629575
15530599
17693675
17000473
18849894
20175361
18728445
20038717
19285173
21301667
17439995
16514924
21977786
17273485
18187408
19443240
20113704
15984447
20351861
20334647
21693723
20335648
18497510
16683993
21045576
19785293
16739186
19430509
17176942
21652134
21991720
19489757
17438705
19034727
16120502
19912120
16937871
21435000
16572406
16649271
17872907
21247825
18846974
18604724
21041324
16682919
16759741
17627885
21255500
20637343
21392789
15876244
19326301
19780692
16499116
20719752
19103329
17577085
22041949
20223626
16433263
18182885
19117232
21188869
20966733
16900722
19237901
15793551
18694913
21474201
16244045
20688252
17516351
21406428
16969749
21292444
17699357
17926660
21902899
21349135
15605916
17435817
16227866
21342389
15917259
21938970
17034677
19260581
19901672
21382867
17386358
21353941
16954092
17502639
15722841
19218376
18062804
19331311
17163003
21640886
15746132
19723271
20091668
17319398
17428540
17905104
18540889
18638031
20207927
17592973
16960933
15686333
21341931
15958910
19146089
19783081
18089871
20230169
20636115
20541279
15577498
16749539
18348350
16624777
17598355
21119382
17551558
15543759
19074690
15799295
19142581
17098356
15974047
15687394
19916219
16255737
19373959
16911142
21248530
18196853
16405711
18765177
15921356
19745209
17059494
15522491
17086800
16206375
17666293
20863343
20105700
20816555
20833285
21540603
15774391
18786082
15804642
21599994
18408963
16076279
18519625
17708479
16427761
15624749
20940212
21087948
16279332
16633276
17606818
19898099
16933819
21991889
17652646
20387296
17180653
15938407
18051996
19155613
21110503
18041361
16979088
16076595
21232162
21554063
21349492
21339199
18667875
18236092
17164639
18052893
16617918
17113281
20623554
19931963
19149063
19800537
17888181
18347762
17280672
17956529
19888021
15618087
19348827
21050708
18709831
17044437
18081997
17287374
18439049
21207189
20237761
16398889
21586220
19150094
16287768
18453350
15893218
17925077
16867083
20500704
20196711
15583505
17133193
17130381
15864162
19959842
15663705
18617709
16679426
19292630
15962057
15852073
18625892
18037096
15923941
20042814
18677078
20666037
19223800
21241160
17941513
17391601
19863766
19543682
15526489
16938787
17334166
18460083
18784227
16174908
17395968
17430450
17054207
19252202
18329460
16372888
20164627
18616633
18032197
18006884
15617358
20861835
17901093
20533570
17067321
15551847
21357804
20687035
16216471
16508483
16416037
21175928
19590468
18019285
19469117
21336134
18097144
20178188
16334086
16762060
21129950
16557153
17825729
17828004
19271597
18365775
16276390
20887477
16409337
16373520
20184999
19400397
17341248
20934952
19100667
15977944
17075365
19760913
20026995
19262570
20654974
16096881
16189060
21095276
21052634
18313632
19302473
21106084
16342631
20711941
16449865
17987827
20965942
20530403
16123260
19968876
20590512
16174809
20943343
15632894
21493298
19046086
15647308
19821345
19065434
16330476
19123871
20603729
17604069
19926976
19840129
19467397
21957803
15991179
15764941
18578677
15610339
21256063
20430552
15565596
18381830
18399750
21990386
18378805
16469620
17269495
16175716
19888786
17215597
16838562
19119575
19652745
15612220
15880155
20877950
16438074
17060278
21131115
18849787
21387661
20598831
17329725
19330972
16868335
16777833
19012195
19247081
18822541
16631460
16928714
16372656
19189064
15582349
16358548
18232614
19896029
20836940
16308681
16758049
15957398
17851332
19957453
21413898
20056785
15756360
21381554
16445221
20095179
17342039
18638395
15616915
20194838
19884808
15954015
17917945
15986315
21507193
18442579
17583897
17062903
15994340
20229456
17036591
19343870
16023432
19545096
19263156
18701526
19259870
16619472
19395896
21294769
17618077
16586027
19460281
18179373
21122014
21419521
16849931
20080469
15526822
20192817
16815053
18980104
20922200
21068107
21612432
20196310
16492009
19583666
17049797
17886195
19363883
16855079
15887805
17313915
18349651
17219513
19263196
20150849
16209375
18619717
18991012
17803837
18813601
19687374
21684468
18042214
19587253
19286279
17432564
18651967
19746251
21346388
20558434
18557569
18831477
20545805
16885251
19679422
21639079
17658008
16827400
19303328
17251535
17879549
21164414
18548409
16868473
18477723
20379908
17974301
19667772
20381916
16087819
20736156
15688920
21926511
16671364
20216987
21783230
20420003
17509383
21050203
21066953
20675981
17161807
20478650
19495810
16843575
16390518
20819304
20534276
17412049
17414595
15641281
15575190
21536953
16316685
17945422
18669711
21670615
19804482
19318678
16630997
18693411
15626870
15894085
20160527
18179675
17579311
20064224
18402733
18536884
16190838
21910387
15834705
16403243
17958697
21712681
15756486
19184444
15555717
21290960
16370481
19892383
18416925
20582500
21438709
19773145
18808593
18029956
18568455
19522378
15583907
19332575
20431793
16147819
20099755
20010014
21443835
15729796
18818529
21424965
17043050
19664410
15968876
16231615
17599490
18832768
15841895
20046656
18350262
17240221
17456000
16793487
19777681
20120851
20420542
20575232
20798620
21507257
20973045
20660528
16698508
18624013
16879172
16566103
16118102
16791759
19396641
17303267
16425901
20191948
20552915
15538641
21322501
17851385
18286911
15635918
16728301
21678804
17016987
20367649
19530633
21295064
19231928
20636672
15812732
15826432
16669565
18931399
20394886
17324096
16429949
16730440
15651955
20700873
19813360
18799004
15875749
19472678
17713374
21127090
19578801
20934543
17194054
21368531
17443921
17668735
18380318
18072461
20878862
18720108
19413560
17469353
15815962
17111941
19573401
18360805
15756397
15800664
15786795
21654240
19606235
16858894
17017312
20618187
20689196
19098617
20404284
17136752
20884788
19731887
15843180
20336354
21464264
16729519
17707499
21199142
16441396
18308212
19962586
15622906
17959006
16183748
16493299
16216095
18637748
20466596
19380360
19908610
19067161
17590212
16930901
16750499
17590302
16926309
18798714
19216236
17137141
20031877
19025590
20163420
15712674
17438929
16035724
15902166
20100854
16624481
19736189
17420402
17656499
21939002
20836418
21475053
20194608
21987954
17329299
16340273
18822492
16728480
19817514
19171821
15723706
21129400
16336588
19207559
16752414
15764350
20483875
20131119
18196694
18832499
16783842
20874513
20520262
16534554
17115134
15545242
18370891
17132384
15800811
19914032
15806853
18469618
16255338
15639038
18592066
17620400
19650244
16371122
16135165
17661810
16637581
20063616
17382032
19101219
15527232
18414334
21046417
18215447
15931440
19948782
17601213
16970526
19021302
15999913
17558877
15914055
16369277
19811553
17071367
17956915
17151163
16848677
18213506
18616200
16475385
19950317
15748071
21899982
21478709
16551381
17635055
19768806
17443093
21531963
19266806
16532718
19411358
17162639
19005119
20529510
15782878
16011503
15857226
19713396
16484159
16124420
17019450
20849686
19485873
17524008
19461219
18631968
20658353
16926989
21640688
20452169
21467894
18837721
19858395
20825823
19761482
15678693
19101116
20522453
16719900
19157279
17595001
15891691
18385570
20524070
18087876
17335639
19184551
17765163
15552501
19538106
20379915
16226428
20187545
20532531
16206396
21074961
17468928
16412975
20633061
20880922
18847506
21675258
20174996
21365235
18928079
17826065
20564415
18397719
15603246
20547725
21555652
20552854
18247270
18565788
19261173
16532047
18298632
19275841
15810750
19423472
17205029
20456340
20211439
16677155
19306789
16677387
16620197
17346367
20476659
15566217
19592810
18551857
15625921
20390663
16332190
20437280
15785914
18422262
19109855
16006495
18357955
17303491
17695557
20075127
16174137
16752582
20132576
16162637
20632841
18026064
16109292
17565139
16102943
18427242
19335482
19018126
15577704
19326651
19664414
16259187
19209469
16315549
17157094
20949867
18837749
16062141
18840131
19578326
21160346
16808705
21717794
16810718
19633003
20713796
16200001
15635558
16004706
19350436
17273022
21138129
18076926
15774063
20671000
18790477
18211638
18320453
19923526
19602606
16224411
16546768
21626612
15587715
15693990
18560145
18774179
20150604
21110882
18402680
20402541
18361541
19836188
16355834
15608590
16304765
21527303
16628094
16473745
21524006
15738368
16840362
20824760
17164933
15778641
15705243
16028831
20088220
18258807
17604553
15840163
17048184
17355298
21565652
19674176
19799738
20442154
21521838
20369445
20306091
21231882
19325480
17643574
21404798
19556934
19458596
19011877
20003350
22022741
17390981
16141775
16902075
19266655
18450682
16410433
15596703
16218158
18972809
15743694
18180903
18211334
20527720
17194351
19807230
17389540
18785916
18765706
19822057
18628742
19012713
17924495
16615004
19281444
18306650
17939624
18773712
16792000
21385531
21721162
16961103
22049812
16354844
20220286
21135080
16165080
18375780
18206382
18723257
17292764
20446410
17332210
18971493
18978601
18649830
21586166
15684853
20307364
16242295
18448047
21102244
15677596
19001918
18774630
19282824
21196804
19856124
19819761
18335898
17464569
19762549
15841671
21660785
18504095
17196847
21572298
18830519
16758527
16411359
20619599
21090217
18337199
17999008
20647248
16532164
20664048
20860573
19793326
19177891
19379889
16529145
20921451
17225335
16128137
15850870
17041799
21960333
16127571
19910895
16729886
18482116
21071505
16799183
15797751
19094876
19327953
19232483
15946460
17544140
17944701
20500281
15822717
17564864
20214707
16466499
17127306
21177399
17013870
16355916
20163234
15764752
15618105
18353394
21654602
20634622
18690131
18697655
18302302
16909192
18612739
17874862
19562656
16477287
16598326
21898454
18474881
17872552
15959746
16484714
18926453
16704395
19593901
22066291
15812103
15722965
20946396
18078150
18028848
16605284
17574187
17260846
18073618
17296230
16870972
18414266
15818264
17338833
16687723
21367478
16312084
21546787
17727690
17851353
21257230
19481983
21602039
18648892
18319186
18842455
16287826
17183058
16762063
15824726
17239059
22049636
19188132
20026651
21272764
16285120
21513050
21443779
20163760
21281024
19485856
18475107
17224822
17330297
18044985
18827610
18082842
17985983
18074490
20173267
16650032
18853659
16403225
16040178
17979951
19437914
16155776
16857118
17293365
17656741
18828167
15576873
19191134
16379512
16153333
20630399
19103915
18702778
17479048
19271362
21926561
19853819
19562422
18621955
17375232
19781420
15992240
17257977
21501645
18630213
16676675
19567757
18639660
17089287
18349434
19422989
21295485
19114579
18787441
18705115
16279158
18181295
22203544
20481096
18769315
17286858
21233884
16050894
20420154
16793836
21518976
18772301
19000401
19085268
15893208
21791063
18666885
17522346
19175286
18229653
19542381
21739886
21540416
17319372
16218241
17722681
21741791
18512998
17888804
15899606
20303600
17468793
20143102
16802680
17561284
17452712
17938143
15706006
18164458
20042146
19505976
18204844
17959577
19718838
18163855
17451834
15957590
19291187
18214232
17615634
18320455
20642183
15662054
16962407
17371421
17523273
20423415
16704400
17727387
17979619
21323007
20351948
15625045
20880816
16471297
17954440
18710377
16965885
18727575
19960932
21393574
16899938
16808742
20868929
18685372
22013829
21772000
17327310
18157447
18768086
16244203
19648843
20974025
17376021
17879568
17063134
18243896
18418569
21911633
17678514
16548700
19703383
16473734
20502848
19565445
16894924
17590118
19930280
18041339
16813541
16612826
16489909
17582874
15869019
17403832
20074907
15607249
21477376
20933146
20063516
21134297
16082308
21434551
19592414
15799305
16729475
19882317
15671770
21569490
20398156
21756522
20543325
21299570
20543208
19196486
15741409
21646564
19323711
20927752
18662628
17469426
21482347
16521359
15636652
18924459
16483724
16879380
16522405
18649109
17681468
18191007
19659717
21846340
19081413
18461232
15580819
15754507
19120581
19621493
20570801
17516356
17629906
20633081
17592217
19338401
17584341
19390341
17489320
17242524
17654385
20173619
15935238
16128363
15976046
16878074
21262506
16525904
16965558
15738372
20413409
20947721
17566622
20136958
20729729
20194321
19112628
17165482
20561840
16712701
21965779
21283004
15924027
19398071
16402232
16922986
18294382
19664735
19018641
16223113
17009569
17170646
15569894
16398874
19228637
18654837
17701633
18631406
16094739
19115998
16374187
19383062
20832921
20345206
15572014
18513280
16026696
20158551
18553244
16604912
21503489
21159391
20931917
17505201
18071763
16036728
19306562
17024916
19074562
19811169
17544680
17542045
16041228
17214274
15537585
18386110
19996463
18951660
18595993
17656406
18058833
15757520
19042843
20812556
16866801
16961102
21053693
17516887
18174780
18847639
16836763
17764430
17216935
16398072
16052926
17019462
17500502
21684404
20884163
19473064
20496315
17055694
20925708
17084769
16988083
16911052
20573333
15966887
15597247
15948356
18354843
17059611
20931414
18845413
20800415
17471052
20471782
15993374
16813966
20886768
15654612
15625220
16566531
19914022
16931461
20679161
18814778
16905933
17636714
15589088
17636820
17108631
19292230
18709041
19708928
18562877
16273441
17695981
16749222
18338454
20087969
20193885
20211957
20861288
19567690
20571224
20505612
20829259
19260240
17519992
16629965
19623843
16521642
18597971
17473543
18667867
19659843
16464206
16461447
15848471
16050857
19032074
19567753
16475891
17335522
16539991
16206646
16030507
20841642
18595303
21155704
20487419
16489576
16192189
19744955
17284981
19603223
17698684
16838676
17959642
17452926
20591803
20674430
19248426
16720486
17898929
21279253
16028852
19445700
17043938
18940027
19855272
16183359
16708576
19768288
17426562
19674761
16360567
18516462
18176125
15759073
19770735
16594399
16217779
16365613
21133215
16117983
18472623
18656858
17348786
21539028
19474448
20863176
21670785
15552378
21301650
16622263
20707670
18674406
16094039
17574303
21862745
15537067
18648202
19340411
19745260
19074757
18489065
20492053
15987399
21086054
18186994
15532175
20660533
15699080
19846585
15551663
19436231
19820671
16564405
21225585
16672676
16036232
17222666
18390144
18234324
17915066
21211483
19204614
21671526
15861918
15763120
19418242
21744523
18443830
20694764
16751464
20524827
15935421
19397800
18778557
17452733
20117673
16104457
19884410
17472499
19773697
21688486
17715650
20652466
18409256
15985053
18323555
16541831
18717274
16563624
18386949
21492285
16896860
17313909
16119642
20838362
21300647
19493177
16079431
18593261
18641928
16411877
19836731
17965396
15597284
21935800
18298470
16101852
19365314
20192712
20557381
19103405
21392764
16213787
18028892
15623251
18976237
17470919
17906167
17710043
18535494
21413846
17132416
18517167
16707289
20361726
20511244
18848958
19962624
16526148
17453266
15889813
16001915
19691850
21438866
16616267
15967452
18044195
16688666
18216600
18815843
18690127
19888953
17674601
19195441
18928735
19968144
16779202
15659993
19441880
18798712
15564361
18779735
20336981
18216074
17249857
18438676
21674430
21641763
15868560
17601180
15541620
15712292
21529729
19442585
16427926
19300066
17611110
16877150
19116800
16048432
19553067
18433476
17991532
19179789
18366380
21402458
19342527
16563626
18370882
20363709
16842475
15589704
17099193
21114911
18764851
18358874
18817023
18505669
21972755
17167350
19187836
18508392
19450039
18359728
21062592
18046139
16676288
17786863
20081127
17977500
17985679
15579477
20542403
16281435
18228643
17594301
19515888
20923897
19232603
19718743
16943308
16688058
17643607
16296680
15909787
17584267
16509174
19370377
21869658
17998411
16260819
18799468
17664500
18690630
19473315
15669516
19165757
19634261
17294020
16423441
17720692
17264112
17354135
15751625
17332119
19140357
15597292
16284977
15908274
16214698
17077796
18394529
17003585
19068042
19469125
21311266
20594804
21693356
16351518
15628658
18219695
19195741
16045109
21169795
16378255
19399982
21306423
21694507
18710703
15563054
15999894
21545640
20535717
20168152
17468688
21532643
17328816
16413554
19244564
18847652
20068311
17171770
18346551
16045660
18330396
18073643
21605267
21476419
19660639
19222636
20711069
21916106
16680206
15898701
21813621
15585426
16514777
17511360
21312083
19697698
16263978
16489480
17595440
17334470
16024213
16825669
16466406
18849364
20442152
21381274
16594422
16548283
16469976
19085226
19835287
16549028
20214516
17335528
15724487
17436074
15984437
19446302
16895711
20972712
19304691
16585498
18602791
17293611
20056005
17611213
17214223
20927493
17987457
16411537
19104249
16185370
16327104
17101620
20393431
21523983
17990424
15590232
18693913
18248673
20307195
17455101
17678824
15835274
19181175
18194526
17348381
21073773
18550482
20297871
19345891
17311642
18431289
20869652
20168268
16796448
21329619
16398069
18580384
17013869
19689222
20173256
17695581
19268287
15748090
17591344
19961630
15862727
16464871
18580222
20956000
15961911
15930430
18804507
15586209
16135878
17986071
18816202
16782923
21519043
18255069
18041500
19801064
17917526
21291064
19184557
21727100
17133761
18649812
18713473
21145491
21166761
19191941
18715407
16738981
19032209
18028021
20220287
20426633
19170287
17502812
19641843
15851372
18176703
19074130
15645768
18039730
17079797
19731446
20354928
16897414
17118239
17213005
17049038
17007699
21591375
19171091
19302892
16709352
17027628
20821958
17319382
15737497
19253148
17941190
20850709
16722300
16940917
17324636
20860776
21150420
17880314
17986020
19279436
21817972
20666939
15628643
16990091
18959285
15831541
21823138
19834802
20972581
20799570
19663528
19998445
19172302
16310435
17851379
17996057
20080821
19255305
20351159
16768073
17339613
21239908
19880918
19959840
20851273
17492993
20085908
16436911
20177040
19960890
21239101
19097516
15797149
20888947
16964556
19070470
15612181
16430334
19235784
21597369
16361395
18618273
16173835
18069516
19127229
16274169
16788117
20122607
20000010
17377328
19704292
21848199
18667872
16500578
18219486
18647254
21537238
16931414
17462084
21135620
19564320
16572041
17411580
16555929
21544033
19357374
16807571
18507575
16636009
19043804
17632445
19963148
16922987
21158903
17404704
17978589
15875590
18279275
20142578
20854510
19120855
18574411
17341881
21680668
17408858
19629534
20103004
19826095
19843967
18345369
19712215
18779459
16450619
17982569
15552388
17523576
21879669
20036397
20470294
19318458
19591021
19351309
20220598
20364693
17405775
19771645
17716737
16043009
17568328
16850152
17941789
16327529
19449614
16205241
17903162
15657324
15973840
21368513
15980726
20673155
17494949
21684395
15957698
19017897
17710561
21088660
17325834
20034853
21966769
20552764
21320942
17485577
17710491
19066170
19192897
15520054
15834260
17972138
18301112
19619092
20049378
19596420
18315504
15710281
15681216
18993131
19361775
18376525
17102477
17443362
15776123
15760811
19866498
17045129
18824833
17019543
18083238
18542104
19318986
19771934
16493307
17849678
15537137
20153902
17077756
15719011
20490455
19249998
21521893
20543162
16495708
21744574
19455882
19585177
21306701
20405303
18307461
17611823
20838131
17131640
17909431
16488347
17150050
18489673
17110087
20103067
20704086
21524329
16109113
21146094
21492273
18312617
21323492
17184413
16562808
16741701
19034569
18545069
18352918
21902093
15673205
16533678
15937828
17539560
20883639
16307634
20077799
21450086
17976436
21149871
17053179
16268876
16207267
19576661
17952147
15933461
20350694
16836283
16075907
18164249
19546274
20974059
21793460
19074306
20129262
19061685
20875168
18396504
21316908
16928282
19093418
21494694
18388682
21275976
19850435
20688190
15998606
20372996
19933886
15615215
20606593
17319567
21566294
17942364
15793982
18951120
16642691
19957463
15562740
18292592
16569412
17603271
18366363
17721821
16330592
20409062
21316909
17962011
15644655
21721495
21368684
16269900
18630217
18181818
15865495
17253070
18611317
18216077
19099570
17481983
19468965
15915059
19785362
17194987
19100146
16295605
17846091
19157357
18165376
18829260
17522534
16381100
15656857
17207002
21148593
18521045
16648090
16981989
16450875
18179989
19158526
16116782
19496036
21419248
20031865
17338202
17682030
18808694
19180581
19775309
15933866
20566813
18328638
19813081
17119896
17325298
20354243
21140320
18780905
17468606
15742907
20411481
21177426
20226943
21263347
21957552
20482950
19444671
18186911
15923595
18592213
16371681
17601174
19945194
16901253
20435206
15952968
17655537
21955399
16922982
19107130
18513244
20673255
17014636
19232691
20108049
17600951
15625658
17562442
18810621
16634321
17462089
17004019
21435571
16440106
20579232
22111268
17597675
19619203
18844274
20546976
18211557
20693209
18318561
17679641
18775348
16796432
17001131
18405351
18453795
20889852
19250451
19001101
19152945
15886547
15867700
21481736
17004400
16835667
16969015
17601465
18437938
20101416
17339313
21047037
17436462
21893718
20654793
21499109
16764229
19328930
15618093
18594490
18662261
17406189
16025260
17560066
20335899
17766519
18848415
17712259
16259859
20921889
15963168
21404999
16777510
16645854
15653252
19829388
20565016
16846695
19734512
21651661
20037500
21398238
15862981
16507619
16522503
16281967
17420649
17897420
19248373
20890147
18484601
16570730
20706295
18020289
21298951
21364379
18928964
18478819
15584185
20180380
17178766
20177950
16003597
19281098
19832815
18189334
21193088
20064882
20352506
18980927
19007709
15735561
18230417
17496828
21098628
16585436
17194883
16906628
18422053
18537987
17494426
15564996
16508472
19094155
19578728
19777096
18713201
20408341
15845958
21111388
18411951
16549036
17352704
19851239
16807169
20336328
21943344
17439753
20596900
16627842
19877387
15569130
20702057
18353506
20553584
16135494
19006500
19823093
17432333
15826785
17901462
18196711
20155642
16053682
16439321
20547077
16807792
17508502
15817021
16804364
21474368
18199725
16482751
17204769
18686413
20443351
21343503
16455226
19680588
21084047
18575882
16498199
21789953
17505371
16447522
17387062
19716702
16604801
16649321
19011232
18438201
20547645
20833937
19664190
18293811
19445010
18227742
17411559
19319000
17389541
17329464
19186229
19124977
17373353
17634001
17039996
20176412
15739636
21805890
20085963
20371636
16688663
16112306
21208702
17999005
17394738
18689581
17492988
16257618
21613917
16524352
18667654
21410507
20560683
18681346
19921223
22029120
16132892
19897942
16900284
18646359
20980772
19335526
17673060
18586576
21129007
18853708
16331429
15990963
15984179
20427521
17236856
19588666
18512305
19937919
16128661
17883657
16531954
16166868
19150197
20423917
20027018
19002154
19797495
16273817
18053777
19968947
18630064
20876045
16344546
17909428
21273220
18811613
20890143
21631923
18055687
16047961
17539455
18021780
17850523
17537775
15867741
16750799
21149556
18341724
20430775
21226684
16050958
16913612
18032682
21218304
17619911
15829396
21557102
18241782
21514839
18444395
19186674
16822099
16858046
20510409
17850296
18486784
17487254
19009891
18364488
16425949
21113847
20630922
16114760
18941323
16645497
19642434
21192569
18070788
20921249
21433013
21590575
19120718
19174943
22030665
19092597
16933821
21226385
18407002
19514802
21416901
20377771
18693199
17617908
19756511
16903529
17553402
21486483
19092029
16739755
17276792
19276768
18259897
16776611
17953295
16391960
16342920
18951399
19666880
19941657
18392370
17658006
17541752
19383199
17024960
16025893
19648705
20450999
17116952
19591020
18430337
15724835
18688048
20801997
21228438
19413074
16231164
20680355
18701234
18756487
19294827
17695155
21239466
17063105
19629778
16100640
18705786
21996470
16594881
20178873
20610495
21554711
19283644
16719746
16650120
17584426
15590242
19363940
18813463
20722797
18838722
20441394
19960751
18095900
21167771
19055248
17574437
21495431
16352980
16419213
16102147
18394540
18282342
15825590
18240837
16503005
19588661
16755817
19244770
20078245
21324249
21075319
19485862
17367303
18386178
20878670
16290977
16631670
16137369
19807006
16779287
20432216
19158236
16596859
15516535
16418823
16878034
20397529
17551855
16870815
20823355
18197456
19160882
19430679
18670259
20033786
19504812
19694845
18324667
20879639
19445685
16096146
17682743
20404623
20624148
20193935
19887996
15686094
19892511
16195096
18694607
16372717
19286581
17290038
20838269
18342823
19556552
19517668
15769792
21439174
19095860
21473320
19300039
20869678
21404289
19740690
18297984
18304246
16084187
20419982
18669728
20422792
19675268
16462918
19593591
19297115
17766905
17727586
18261701
21719627
19377174
16441395
17102447
18833725
17270326
17182222
19461220
18321460
15673481
16566565
19187170
21678753
19224878
20818469
15768915
17608084
15630872
20171037
17007330
17954873
19636707
20170596
16411347
17583402
21770326
17564279
16095435
18525346
19027618
15916837
18515439
21492337
21189821
18644177
17544863
17021286
21462469
18181438
15743299
20039790
16257526
17941410
15869551
18947118
19441657
16848967
21840898
16867122
17492990
16370189
16822641
16402447
21595360
19645537
15815210
19266475
21447231
20598493
15995043
19637528
16573015
15977530
18999245
19106279
18434900
17978387
15651950
17727133
20636182
17823734
21485928
18505664
17116841
20860260
16517418
19342530
17721699
18047451
18801481
19387911
19851137
18624019
21493329
19901502
16442479
18558019
16274372
17263656
20191724
15573464
16892780
20806560
21140884
16177583
19722298
21485897
20812603
19967217
17039985
20171775
16995560
20734699
18416378
17565727
19474372
20155789
20733312
21068614
17088170
21500514
19794159
15685966
17724240
19919189
20619056
20851696
17577533
16806933
17535359
16638478
19835228
19374646
17968196
18763364
16515856
21693715
19888969
19687468
19317314
20023498
19710660
21080105
21036689
15860472
17654419
17669281
20846085
19781838
16184941
17939225
21422383
17120409
17595408
19783768
20510945
20353733
16850929
18928465
16740822
21648220
16857074
16398383
18990020
19318852
16479655
16980794
19489507
19281289
16764198
18387225
18676136
17823567
19411662
20393965
19795533
18577148
19713787
16978958
17037319
18460954
20397525
18829246
18564436
16796505
16334774
16108880
20929651
16186863
16388872
15530759
19363928
17601834
16116147
18175246
15920374
19933891
18056599
16342457
19875841
19852699
19650511
21739359
20029311
20056904
17161809
21059417
16366867
18065075
20355312
16053435
16024412
19762367
19711082
17194314
21469488
16334975
19917944
19073656
17212859
21667573
17535540
17372788
15819975
22000872
21473328
21240787
16781616
19850598
21805931
21128694
18290408
20858108
19695929
18163137
18370997
18201598
19066137
18258576
16900723
17944163
20088981
18596020
18974510
19103613
20717125
16564170
18511768
21346463
21253839
17197788
19878340
17039997
19449603
18992630
21340369
17729373
18839050
18992671
18928960
16635160
20358493
20491165
17530134
16322679
15870615
18489197
19032208
17849824
21111952
20373658
18826611
19329944
17767930
20221338
16366372
16821349
16092304
21158904
17963973
20887504
21626269
16884157
16885556
17065659
20404625
17387415
21839909
17877872
22041954
21448042
21762839
19437392
15720496
16285172
15841423
15685816
15718939
15529222
16450230
17559722
18593491
21770881
17462142
15710799
16830254
16613404
16564198
20671209
17383299
17702140
18787958
15559340
18373049
20841664
17518888
21823527
19809431
21072074
19041254
15572574
19116550
19016942
18257966
15994143
19061731
21486888
19674171
19836205
17956605
16121494
20951399
15925500
17279016
16055241
17211209
19549673
16409216
18684127
18690905
16076793
20371034
19619068
18047461
19581787
19935593
19205735
15801523
21894784
17680755
19542198
20042769
18556185
16983850
17604978
17175872
15656472
17822426
20129482
20653352
15672743
18672820
20738826
19999254
20414822
19888959
15875229
18057499
18307701
15878490
16710764
17613462
16398864
17353491
15953669
20426656
15618088
15730045
17710485
17224856
18754739
20030432
16468543
20131442
17582316
18043980
17389535
21845553
21952568
17340547
16184292
21977725
21411402
20201147
16996787
17252078
21419309
19500720
16186450
18065030
17507840
19891846
21803278
21465885
21086713
20837293
21382797
15561556
16219931
21473169
17083559
17363865
21717720
20436032
16135590
18488588
16964732
21344800
15574435
19204854
18426460
17705734
20526926
15587457
18201796
18182537
15616237
16264081
17636805
19317164
19273874
17653878
18403993
17337347
20800334
21793115
18324313
16677976
18258975
20434634
18633020
16336620
20677969
18289182
16763515
17087492
19753390
19012724
18689217
16238838
15706156
18418108
16401179
19438080
21478662
20230178
16318105
21040258
21223401
17393816
17924926
18831870
19685441
21604862
17505402
21144637
19737125
20045228
19072491
19795324
18461235
15688924
20507049
18190369
18440792
18277788
18700088
20636154
16436569
19801323
21242157
17200172
15886743
21394569
16669410
17044346
16323254
17022856
20699733
18809051
17570053
18350471
19327070
18261060
16619769
21703808
21458353
16573731
20920084
15929107
18345997
16296911
18176179
20956023
17296688
16432350
20149164
19241788
19281669
20565496
20088177
17352796
18446731
21624687
21112849
21272221
21055494
16162469
18377145
20140752
19441659
20121006
19136329
17048754
16878532
22046673
15544693
20432770
20456771
21523263
21507110
15710278
19922005
17485968
21791093
21376443
17668835
16244849
19785567
19222652
18807434
19712844
17966743
16533128
19254200
18190370
15845146
18435303
15928222
20554500
20654824
15842680
19487615
15918453
21639657
17430373
15603620
20121338
16958714
18762603
18796491
21287798
21178537
21298906
21377679
16843633
19191854
21490541
18505603
19527558
16115710
21445554
15546147
19480115
20223789
18488748
17302870
19959745
20070812
20973740
18788960
19730982
17502628
19065866
16489518
21284562
16196452
18265802
20012702
16218153
18819212
20049258
20806707
15988669
17605458
18951854
18387229
17478643
17947907
17564542
18372375
18063043
19008976
19452811
15591608
19073955
18604668
18251444
20674108
19069739
21185850
19751991
15756154
16324960
17149428
17456285
18591304
18544726
17472510
21409790
19785885
16263572
18419892
20183136
21197791
20815880
17690523
15526488
17120948
15622815
19090367
17099138
21703676
16096596
20209007
18275402
20208049
17955732
19634603
17160236
15656151
17535343
19906503
20099220
16798702
19468259
15937816
16844204
20559179
18653515
15643028
17216143
18202987
21047195
15566162
20876086
17714620
18056562
20377498
18522667
21443066
19460607
18820832
18679141
18666911
21803273
17161046
21566469
18190479
16674782
15579357
19960922
18278637
18314837
17896048
21270639
16001692
16009743
21045100
16706550
19590863
15935671
17606591
15635133
17713366
18843605
15892500
16012448
16583872
19662923
18959104
16609079
15706278
18798531
20857125
16225709
21809909
20860433
21045640
17058722
16404863
20657624
18274360
20723836
19387912
16054544
19102433
19405016
16499789
19865571
17997828
18678557
15577710
20382906
20049075
15567217
17885971
19632805
16972913
18332745
17557623
19239593
15836532
16941820
20215047
16449886
16710088
21477440
20841690
17298243
18585539
21642331
16451425
20369442
16990883
18245801
17958720
16430347
19385269
16600012
16086729
19670219
17421107
18788364
16205851
19326547
17683299
20938625
17667289
16775907
20981687
15706813
20492057
18311407
21416898
20925564
16132885
20598282
20963439
15640659
15607150
19150591
17565809
16877656
16119488
19565892
17674216
20027876
20419564
17349439
19079727
18430563
17366226
19393415
17927102
17049151
21194484
20387368
21145470
20509500
19198129
15580110
21794116
17689250
18558892
17038298
21169163
17411894
17175676
17576311
20536624
19907389
19272153
19196586
15572938
15596920
17674397
15530763
19581624
16393479
17988822
20869197
16341295
21599841
20423289
17100157
21346037
17720453
18032198
20933365
18590250
16892667
19136419
19926199
18440918
19133750
17845972
21786574
16960322
19175822
20046112
17563290
16184215
19953763
16521899
20487054
16959931
17348282
15513390
16923183
18215499
16530108
18236309
17699151
21696481
18048816
21074749
16569713
17515261
17518886
21702427
19467851
20524383
18264835
20010373
20890137
18519116
19295420
17144398
16772628
19250523
20948472
18512819
17496444
18242941
16448378
19397183
20610983
18588787
15691247
16686075
19445343
20494284
15860051
16088854
16155356
20640330
17686390
15787068
16786925
17146119
15931018
19023840
17027623
19639850
16875276
19300155
20210934
16710428
19839216
18629621
17210876
19720683
21091400
20335136
18819045
17007650
15645771
15911195
19197092
16649826
19256209
19570647
16085927
17274147
20420475
18796016
18161640
18510965
16339336
17219504
16752962
16174814
18425075
16899363
16557120
19370563
16914938
17214891
18523564
15799988
18591571
17913777
17267087
18459068
16551583
16324951
20480130
20403904
18067659
15640361
16689059
22128565
17139206
19771825
19689634
16843066
19331058
18461370
21558512
17118052
20672399
21999063
20851272
20536278
21105763
21709550
18361543
15819535
16757396
18379261
21629016
17924269
18984378
17822890
16855483
20163754
16547787
15625528
16315890
18235162
17152044
15984498
15672431
21321466
19400366
21540688
20959735
19818037
18072357
16272977
16553751
16604910
20215615
16398905
16598356
17702483
20713857
16681300
16823009
19188879
17054172
19131019
20432118
20000014
17314586
15660041
19385331
19948634
16290129
17413794
18031431
15751247
20338377
16817494
20128760
15991589
17519024
20426300
19543101
21211085
16687380
21105305
16864168
20619199
16649075
19389535
20593675
16594245
16529030
16229785
17410748
19298681
15624409
16573020
20006414
20719843
17095499
16887012
16551020
15798043
20025770
21916368
18310624
18777062
16464275
17891470
15915068
16200515
18209667
16938355
19940416
18328145
17610440
17464377
20585748
20431466
16500449
19949764
15933465
16198213
19293223
17373239
19306021
17710961
16158150
17296378
19750383
17678828
16426614
19608320
19560304
18724786
20419748
19094244
20557261
17290030
17094360
16192507
19772556
16603778
19227593
17486947
18475222
15571882
15841067
16484700
18075432
17505380
17158834
19121927
18310215
20116158
16675776
21527171
17591514
19562237
20504233
15544667
20860248
18294035
18036470
17951939
15523242
19627048
17563443
19388991
19828279
17375545
18927261
20169949
16673673
16937774
18439361
17647218
20555261
19106884
17601846
20672461
19204130
17509280
15724947
21476322
17595811
20533145
19394105
20575323
19754014
20553541
16355065
21375892
18468856
16388063
20664547
20531264
21363906
18076814
21440817
18677782
19107014
17174847
20592521
19244697
16610065
16608671
16733114
19017597
16938672
15707095
18377579
16267637
16809915
21330327
21972756
19525764
17902526
16484871
16697609
18036016
17348557
21297150
19010600
19255100
17316426
22066277
15826425
15946117
18560099
21338747
15805555
17952595
21180335
17565036
20847346
21268379
17277650
17514730
18618855
20714143
18446745
18581017
17536994
17238946
16706243
19437874
16678180
20804890
15835629
16586379
17094359
16138821
16623314
18379664
21756579
19541101
17260490
21534376
16771260
16699350
17674111
17908528
16719132
21507078
18069369
20112445
16884841
18847430
21228706
17403563
18187591
21070639
20184637
19283562
17182525
19753643
20000306
20406531
17332956
18829772
18372820
19667782
19525085
19897540
20614376
17116453
21595812
15966159
16970808
21473969
18581613
16192823
19106729
17540090
16119570
18450665
21095321
16255336
18058681
19920832
20364781
17550684
17535178
16473096
18808470
16881503
18585886
21488808
19250365
21842250
17185923
21241193
16443958
15966626
21560957
17339306
17610604
18340506
17552406
19216993
17310337
21292720
16381372
17514708
20888544
21219087
18075945
18299116
17283217
21932720
20816107
16941919
21376485
20379914
17239730
18703383
16716868
17653003
19778923
18669672
18578203
18593834
18798711
20144367
16859866
20351163
18620650
19322971
15791873
16981970
17401779
17582019
18216407
19842953
15929362
18672575
16189521
20645898
18842968
18202431
15913679
21486337
21062549
19170303
16441983
19251829
17038755
18240940
18158489
17036695
18751998
17705836
15631568
16175784
19344442
21644107
20103070
17039986
16445251
17289828
17433183
21248445
17589550
19927932
17933152
17566553
20875537
20602700
16093890
20388313
16965422
16165075
17351490
21362711
16456641
19663573
17386392
19794321
16923932
19117527
18974677
16422996
17413370
21107270
17563446
15600037
19239664
20512742
19042850
20146982
21368525
16829361
17892990
21188876
19500346
18416359
19155098
17711934
15951646
16440403
16160657
18398650
16261779
21128576
19748765
17705096
17494525
19914484
20095098
18772654
19023522
19197777
18340988
17509284
19283233
20222232
17447591
16039388
20443419
19774354
21576596
20670319
18695611
16425856
17180555
19294472
20303134
18815004
19387125
19539815
20237219
16372911
20603391
18332402
21127093
21343590
17544683
21649699
18443550
16501583
19062603
17363856
18589343
16629356
19161087
16529288
21173365
17445096
17427172
18618958
20709240
15615569
20007654
18183758
21068178
19906442
18519296
16508814
16878006
20569869
15868443
19577418
20502177
18340975
19094381
15640293
16511380
21540424
20386231
20367724
21570528
17098679
16842793
20878743
16494290
19301486
18346405
16186465
18292481
17350310
19714253
19263718
19853452
16371385
16871436
20230391
21036522
17916302
17531905
18320392
15913471
16983900
17568491
19157674
17473811
21333847
19889472
17486826
18564587
17851361
20383078
16673639
18161452
18662870
21576715
18622339
20505606
18059195
17228785
16550986
20579116
20659203
17320266
18519466
19899647
19268327
20861105
17015506
21087301
21464063
17244287
19538801
15625642
16122538
16610485
17693906
20132006
17981088
20235896
21063639
21276338
19041212
18665411
19127163
17762817
19469068
17249394
16035634
21844435
19265365
19006956
19833331
21457180
15846012
17060217
16698340
20811334
20377024
16267184
21576613
18454774
19535934
18837644
15588356
17162119
19874170
17185207
17682207
20979599
19240613
18467149
15746587
17719295
17054752
18580104
21240022
20093994
19700054
15846592
17876186
17016939
20728326
15915735
17944005
15574458
18802162
16631294
18620101
17419578
16986764
20426382
17068029
15659007
18420323
17676697
20147807
20049092
16819630
16501133
16050433
19698140
18198804
18260198
16956143
20497827
16859870
21815471
21109101
21099068
18437600
19926387
20537127
19273474
19747270
18321582
16343083
18685390
21392965
16402155
15636733
16411028
19748861
19470719
16972162
17984805
20959728
16613291
16473065
21462466
15688545
16946119
16093224
18936325
21290924
18519594
18295540
19400938
19033167
17630007
19181674
17553019
17900477
18078273
20000151
20231238
16078524
15683018
21223409
19353413
20078439
21418365
21527135
20813332
15966461
18216062
21944796
17683594
18002880
17010034
20187099
19960081
19770295
16858114
18025448
20032766
20919958
19619376
21175121
18038527
21448826
16227770
16636322
16567696
15813628
15709443
19072490
16140129
17088587
19085179
21537192
20070716
19574762
20825895
20452623
16533416
21486437
17705852
17118496
17140420
18363454
18415920
17099253
19247559
19276220
16686888
16425680
20386055
16430003
19090387
16270739
17020113
21481113
19558193
22006146
17261117
18450821
17692767
17053928
21322500
17404896
21211076
16802682
15998164
20946861
18457633
16554394
20583566
17343118
21176131
18081373
20479545
19801316
16450510
21351267
20835283
19017605
20978730
15851384
16260998
16723947
19738216
21179667
19655667
16823022
18610591
16116384
19793245
19738215
20579137
18334517
17486915
18799159
20018543
16050386
18438277
18431317
16701114
16200514
18310208
21244671
21743091
18603173
21994319
16551315
17076859
18171955
19664084
21199299
21076165
18158520
17036089
16273794
17141572
19397034
16153372
15819648
21771068
16782678
19110845
18172739
18051963
21136034
19631005
20658541
17512151
17052558
19123265
20031901
18686910
16189328
20141095
15534306
17328662
20205012
21521566
20418163
17537280
15811491
20849006
16203647
20172126
20597453
18772837
15789481
16483092
16350482
19093905
16035267
17475988
18995164
21780095
18466848
16350498
18174867
20083916
18080170
17883715
21870731
21087463
20143441
20525473
19647207
16110047
18241871
18597409
21493350
20409128
20138379
17927991
16014582
19911728
19491563
21685762
21272371
19457009
19998475
15624551
16911174
16829776
20649500
19197178
20510842
20675827
21298946
17541315
17450708
18058184
15578149
17901828
16036272
18357954
17444407
21278666
17727543
19000959
19148340
18533013
22097444
17142528
19061525
20122018
19583645
17546833
21191212
21145577
20584701
17727593
19559512
21276980
17324094
15589438
20495474
19084895
15959733
19531463
17548401
19411582
20092117
20975520
21227633
16923433
16583952
21114909
15618764
20717172
19856246
20175280
18466182
20436094
16208656
18543799
18229630
16013908
19278889
19012496
18981789
21322856
19403495
21368509
20930916
18008106
16968426
15795336
16796079
19563323
17106000
17260215
18030568
17264354
18786217
20806865
18810662
19193590
19927863
17705765
16325407
16640952
17419577
15808121
18194624
17136927
18557314
21411822
17222294
20564063
21577161
18679636
20443294
16082989
19851135
18173043
19445616
18297170
18846401
20005248
19745348
20149956
16476221
15986935
17956371
21879664
20019614
18947095
15612233
21712255
19411585
17985600
15736899
17542147
16580492
17077768
20502178
18023611
17425280
20199959
17530539
17555611
19480168
17426490
20799544
21038969
21160141
17385970
18516679
21299290
16532478
18678149
19842004
15775827
18660723
19939223
19609271
16341301
20442748
16781607
19445342
21831325
15846672
20368494
18785885
21617570
17355377
19088550
17135059
17140716
21854529
15571900
17214007
18052813
21139020
18719849
19162408
16267966
16276568
15761285
21593012
19908947
16647673
18503346
17351195
18092572
17112174
19682134
19356323
17594378
18496374
18953751
19135081
21357781
17175722
19650541
21404797
19661792
20482410
20373978
17851299
17611238
21456486
17625004
20669833
17612808
20678886
19563502
21324024
20108789
18809120
18238748
18452048
16594230
16956148
21605323
17505351
19268886
20391855
17577028
16436084
18205964
19219512
17476163
18959302
19961816
20003922
16019260
19411575
17872834
19937780
17000481
20187964
18719058
20419324
18187590
17418924
19244570
19114605
16676677
20403062
19772968
20329473
18367911
19251970
16459208
16903407
16123546
16760774
19432872
19184207
17968220
19841923
15622338
21515748
17331691
19220607
19892349
18845477
19681006
20590900
18595416
17762845
17601833
20508687
17685913
19525051
18695624
20723173
21109576
21383270
19731892
19239527
20493590
20039822
19591362
17135854
19994653
21947653
17711380
21123235
19473110
15701204
15548245
21311275
19786422
20816339
17363210
17505368
20061069
16945065
18405345
18584521
21057397
16749658
20303575
21839879
15911726
15712680
21563900
16108943
17421106
18189045
17039753
16317670
15924897
17365370
18546066
21186954
16570780
15567874
18491685
20099476
17519376
20465144
17932992
20182813
17383655
19410517
20969538
16050873
18247179
21123234
16455417
16714366
19946185
17657419
15711229
19750836
19225272
18411581
17712891
16104676
20003975
17412032
19539455
16719130
15526870
17430453
21876016
18558181
16036012
19005091
19946872
18849478
16432345
16773549
17389416
20042244
18715975
16370506
21164402
17559731
15941843
16358531
20432203
15789311
16937599
20146947
20456789
15557421
19418275
16429686
21570648
17713367
17020240
19922024
16651507
19910196
18752527
17690086
19963309
21715558
21702398
20122505
17804348
19636171
16704611
20100052
19018650
19114780
19784692
17185925
17956496
19265753
20847193
16944994
15521337
19531035
21333018
17182445
15761310
16148497
21684391
18973710
15711955
21361119
18534948
15659925
20801921
19811139
20142743
15550363
19760582
15947361
21724786
20421019
15984561
20219160
21905564
21129618
21402963
18061691
19697810
17844860
20639232
20159119
17852241
17240867
16194644
21601281
17959478
18988072
15796462
19706163
19494055
18215610
16884567
15963863
19011173
16602402
16737032
17941408
18188104
18675032
16595344
20131741
18035261
17192116
20646387
18940709
17888917
20510700
18095075
18754523
20644207
21576012
17925134
19226872
17124874
20473206
17304075
18855228
16438097
16676671
17918080
20609647
19717826
20118075
19387871
17238998
19640011
19249755
19174801
21526684
20965103
17495550
19729568
20964485
18340076
18637176
18018812
19661195
18612865
21718855
15701539
17541523
18373314
17197784
16700692
18562863
17285234
18005428
19875660
17889207
16831791
19448484
18245212
15749591
20827777
19644008
17711812
16121868
20875486
15546554
21473763
19534811
21717792
19842863
16352773
19406507
20674334
17569375
17703386
20509492
16459967
21098154
18240628
17545348
20797561
20868793
18635237
17592972
16093947
15700599
19546729
19541573
17619323
16092782
15920939
16184942
15603703
15685405
18092373
16779441
20452620
18378825
16623666
19927960
20860610
16123468
19014117
18165898
16429960
19707840
17274807
20629933
17550091
16190011
17594634
16502760
17605624
19504558
19160878
19674863
18714421
17289465
20434096
17978360
17138485
15681882
20391657
16235071
21413594
21204979
16294146
18538219
18404137
20171827
20222486
16607060
17395605
17486787
16813512
18402738
21520796
16490728
17167523
17589371
20950967
17060292
20614742
17440377
17667006
18047642
16883734
19287499
21135788
20451295
19286888
18575420
21841704
20550590
20333918
21750125
21388007
16217214
18392637
17659765
21055846
20824785
19031845
16215797
15965213
17295004
18053910
17597523
19674452
20496856
15912816
21724926
17532895
20948488
18229771
20500033
18773215
21969479
16941911
17894252
15599658
17600996
18554650
18329157
17450422
20435654
16511612
16756521
16730602
21226545
18184594
20001544
16514330
18488425
18812619
16430341
17273114
