16708572
16708579
16717518
16716058
16700244
16741693
16730290
16729624
16728873
16728866
16720486
16786943
16779408
16779384
16771078
16764377
16827537
16827452
16800908
16799183
16799117
16796267
16795902
16686824
16894877
16894800
16889162
16884809
16884568
16884157
16881499
16874640
16872495
16872051
16870972
16863873
16860429
16849975
16848256
16844127
16840382
16683641
16683640
16960263
16959931
16951037
16950078
16944829
16937886
16937873
16929473
16929460
16923412
16922987
16920439
16918832
16918738
16915057
16913619
16912719
16912545
16911544
16910805
16670575
17040546
17035435
17033592
17020108
17017390
17016987
17014467
17011562
17000098
16998428
16988299
16987793
16986392
16977900
16968434
16965637
16955589
16640128
16638778
16638756
17147593
17141705
17141684
17139036
17137026
17132804
17129368
17123219
17118304
17116540
17095336
17090901
17088700
17080450
17079614
17079613
17076752
17071367
17066990
17066988
17064961
17064706
17059700
16596858
16583529
17239431
17238434
17238307
17235228
17228210
17227924
17224696
17219519
17218150
17215638
17213738
17211356
17201336
17201103
17200399
17192174
17190120
17183057
17181682
17178766
17177028
17175624
17163003
17152030
17152029
17152028
17152024
17137231
16579282
16567752
16562579
16092576
16088780
16084920
16083480
16078408
16060300
16054867
16054471
16021070
16004159
16004157
15960849
15921356
15918423
15908825
15886964
15864775
15815225
15794300
15778151
15766480
15754608
15750704
15736494
15736336
15724832
15720167
15719341
15714097
15709568
15709557
15709555
15709554
15705442
15681211
15675726
15674058
15655896
15645761
15645759
15636080
15632727
15631292
15631288
15628651
15626098
15620980
15620075
15609848
15605750
15598067
15595907
15580820
15572579
15570515
15565363
15558433
15553333
15532397
15526568
15518384
20147798
19496360
19390343
19373148
19361058
19255979
19186467
19048528
19044125
20443315
20443312
20443300
19038746
19033894
19004905
18999285
18999147
18999109
18999049
18998299
18997524
18989517
18972862
18956586
18949777
18941036
18856094
18850534
18829260
18828170
18827544
18807395
18794429
18777696
18773793
18772623
18762596
18757590
18753879
18712258
18694242
18693885
18693882
18693863
18689217
18686910
18677065
18658242
18655687
18653816
18638672
18633705
18622990
18609242
18581821
18569197
18382821
18381994
18377448
18367931
18365512
17496709
17495726
17495560
17495480
17494989
17491563
17490922
17481470
17475130
17472165
17470039
17469380
17469370
17469368
17464227
17458368
17456668
17453266
17451834
17444439
17443363
17436792
17433888
17432306
17432305
17431881
17431843
17428597
17427479
17425129
17416187
17416119
17413669
17408472
17400078
17397692
17397689
17388819
17375685
17366527
17366231
17366230
17366229
17366228
17366227
17366226
17365374
17355644
17355580
17355579
17353711
17352662
17351690
17345754
17335737
17335522
17327525
17326377
17319567
17313089
17310777
17306063
17304570
17301210
17301202
17299180
17296688
17294780
17283925
17278337
17276289
17274043
17266487
17261205
17073119
16625221
16605232
16599360
16580288
16579824
16532246
16529083
16527670
16523570
16514803
16513375
16504422
16479864
16466351
16454772
16449883
16426426
16422490
16422486
16422041
16422039
16421854
16418057
16411648
16404326
16393097
16370401
16366449
16364553
16357548
16336588
16329280
16323815
16319939
16296667
16291479
16287696
16282261
16280397
16272899
16271121
16267176
16244205
16217625
16214769
16198219
16171072
16169366
16169356
16163368
16161323
16158153
16141107
16128430
16120765
16117266
16109295
16106835
16106768
16106764
16106760
16097930
16028747
16027459
16013294
16013292
15999913
15994170
15974112
15947381
15928754
15919027
15904745
15887604
15835275
15835274
15830560
15819162
15794294
22073695
22034725
21931095
21931027
21900586
21678804
21645418
21521979
21409790
21383343
21246175
21224934
21218696
21130524
21057301
21047653
20852561
20848831
20675297
20632122
20624580
20491200
20411613
20380229
20336984
19930298
19929769
19908647
19830611
19742383
19714725
19703052
19687071
19684552
19651395
19660166
19485865
19592983
19592956
19592365
19590470
19575280
19572068
19551656
19551370
19544981
19525361
19521051
19520393
19519965
19512945
19505062
19502567
19500748
19486329
19481046
19475792
19474635
19468759
19461593
19451084
19448131
19437383
19436695
19422944
19420279
19410517
19395395
19363928
19329103
19317857
19287256
19285931
19268393
19268092
19260366
19252113
19248440
19222125
19216483
19207060
19207057
19204619
19162948
19150214
19129976
19101209
19097007
19092478
19073488
19068581
18088263
18074885
18074416
18072444
18066487
18065034
18063828
18057177
18057032
18056324
18055886
18053696
18053501
18049012
18048558
18048550
18044755
18044096
18041356
18041328
18037444
18032986
18032204
18032199
18032197
18030153
18020915
18020064
18005127
17998766
17996820
17990738
17990402
17990027
17985744
17985510
17972680
17972241
17971552
17971390
17968196
17957883
17957526
17956915
17955892
17955891
17953075
17947893
17947892
17947624
17947620
17947618
17945364
17942584
17939880
17935844
17935257
17935242
17932992
17929281
17923943
17911884
17911797
17908737
17906083
17901828
17898411
17898245
17880414
17872979
17867263
17851351
17849723
17849721
17804339
17727587
17726920
17723968
17709356
17695981
17693266
17692402
17691513
17685911
17682352
17681763
17676697
17675721
17674081
17668558
17667534
17666900
17661968
17661157
17655165
17655164
17655163
17649861
17644041
17636414
17636111
17630480
17626523
17622811
17621672
17619836
17608012
17601470
17583897
17578390
17578304
17570194
17567672
17564864
17557206
17551431
17542318
17536645
17536221
17533960
17531738
17521767
17519609
17518797
17518010
17517571
17515014
17514833
17514730
17505242
17502447
17499670
16475385
16450694
16447619
16438493
16411877
16306281
21714365
21713750
21693742
20974070
20942889
20938879
20931819
20882826
20871089
20863343
20405398
20859304
20850426
20848833
20848374
20841838
20827135
20822362
20804699
20799496
20738478
20736716
20724394
20720427
20702679
20683293
20677245
20649671
20623338
20618681
20618540
20615739
20603500
20598665
20590516
20590510
20590509
20590508
20590507
20586584
20586176
20573643
20573333
20561868
20559052
20549419
20549122
20543379
20543325
20537931
20535680
20525522
20501958
20497947
20490681
20489806
20486528
20482748
20462576
20443433
20443400
20429357
20418217
20414852
20414433
20410011
20408320
20403058
20391148
20337252
20302059
20233896
20222518
20220661
20216105
20194107
20189203
20187345
20182988
20181541
20159129
20158376
20157962
20145985
20128770
20122061
20118886
20118847
19161614
19147737
19138531
19132806
19130416
19128287
19125385
19120733
19119730
20351814
19114577
19105164
19100146
19100145
19094147
19093915
19086681
19081417
19075485
19074562
19062430
19051982
19041531
20443299
19031208
19029215
19021475
19018215
19018213
19008674
18999275
18999101
18988319
18985625
18977994
18971766
18953221
18942124
18840332
18837809
18834048
18809294
18806520
18800991
18776748
18768009
18766434
18763621
18762598
18760146
18759756
18758042
18752854
18705782
18705725
18705718
18702620
18698595
18657928
18654837
18635681
18635587
18633020
18577133
18615943
18614334
18613098
18607255
18604980
18596503
18579061
18578802
18573120
18564775
18561848
18557264
18556384
18555155
18551827
18549066
18548420
18545842
18540906
18512579
20887443
18511867
18510964
18509749
18503800
18503797
18489446
18488737
18487973
18483456
18482152
18478686
18476661
18476657
18467288
18461232
18460107
18456471
18452685
18449834
18445704
18443803
18435244
18435018
18434156
18433656
18429922
18423046
18420856
18402276
18383913
18381186
18378729
18373149
18371553
18365845
18351193
18350768
18350767
18344827
18344826
18338335
18335898
18332746
18327350
18325747
18316938
18316937
18316826
18312752
18300738
18300558
18298504
18293252
18273567
18273530
18270845
18269541
18265465
18261708
18258807
18245737
18239206
18232292
18211653
18208716
18208709
18200990
18200453
18198456
18197434
18196853
18195643
18195414
18187280
18185880
18183506
18183053
18179013
18172152
18166553
18162970
18157453
18156966
18155431
18096834
18092374
16779084
16703991
16276398
16264317
21769818
21766894
21763832
21604629
21586195
21575842
21566408
21560285
21543914
21539028
21499109
21486889
21475053
21462907
21429794
21420674
21419684
21417109
21413664
21404798
21404559
21404289
21401286
21368527
21368516
21368513
21368512
21368511
21397126
21362717
21361235
21343622
21335683
21330383
21307692
21306347
21246171
21245187
21244256
21229868
21190928
21157249
21146658
21141634
21140884
21137699
21131265
21126675
21092829
21088635
21074816
21035029
20613500
20603499
20590515
20590514
20590512
20582472
20554422
20546025
20540625
20539173
20538627
20512449
20510840
20492064
20487069
20486522
20482479
20472461
20443408
20443072
20435375
20429738
20413578
20409103
20405758
20384975
20373176
20370860
20360914
20308172
20299410
20221748
20202888
20192080
20190556
20186241
20171557
20152220
20144815
20144193
20142405
20104631
20097600
20092145
20089197
20080445
20077139
20068023
20067208
20066851
20064197
20064067
20057257
20059773
20050431
20044945
20044830
20043502
21389942
20025804
20024605
20022204
20015489
20010984
20004396
20002715
20000268
19999254
19995133
19994756
19960016
19959332
19957461
19953518
19952551
19944389
19944367
19942833
19935347
19933953
19933243
19926387
19925613
19923506
19923494
19919172
19914795
19914476
19908658
19908657
19900646
19896733
19894101
19889711
19886218
19884052
19879782
19864184
19852716
19851137
19840129
19833629
19826547
19824813
19824156
19821916
19819501
19796324
19788103
19788102
19787565
19778670
19770134
19767157
19764839
19762552
19746336
19745635
19745626
19744031
19743495
19736156
19735335
19734100
19733259
19729270
19726820
19725473
19719514
19716191
19715493
19710677
19706076
19698136
19683663
19695534
19694872
19685084
19680833
19667772
19667299
19647133
19655538
19655282
19651265
19649720
19648525
19648193
19646121
19621342
19619203
19614876
19609666
19609623
19609140
19606792
19594606
19593286
19589668
19572450
19570159
19558787
19557400
19552330
19548610
19543843
19541184
19541140
19537150
19534218
19522037
19497028
19491541
19490299
19480799
19457513
19431054
19426929
19407049
19390108
19390102
19390101
19390099
19390098
19390096
19384207
19376793
19368582
19364697
19363001
19339319
19331247
19331045
19327616
19320753
19320132
19319810
19317083
19301983
19301685
19301384
19301081
19300074
19289932
19287254
19285887
19276768
19240464
19239664
19239078
19232217
19217498
19212178
19204514
19193242
19186492
19181371
19179811
19174319
19169588
19166399
19162553
22060090
22046672
22046017
22039658
22024807
21994319
21987992
21983906
21982780
21977684
21947109
21915586
21893818
21878210
21871200
21862904
21853852
21850890
21848047
21848019
21817969
21806730
21803279
21795935
21789908
21780884
21780720
21765244
21749243
21743091
21743005
21724782
21715993
21710086
21709719
21689864
21684492
21670623
21668929
21667702
21655808
21632665
21632664
21616954
21614995
21606990
21577163
21564397
21527171
21497320
21475055
21474806
21459863
21441151
21435921
21418436
21413534
21368532
21368515
21397288
21373978
21334787
21330929
21323461
21314647
21314348
21282546
21272958
21262793
21245184
21241037
21219523
21209303
21196567
21192136
21176001
21146672
21146668
21139521
21130967
21129939
21129714
21129010
21091585
21091417
21090991
21083804
21074218
21070691
21053708
21044714
21042930
21035906
21029224
20955476
20946444
20927493
20925440
20921298
20920075
20919958
20876170
20869678
20841521
20840686
20818930
20810409
20809276
20738473
20723858
20715309
20714821
20712664
20704138
20694459
20622603
20663592
20659199
20650026
20646918
20631593
20625618
20590513
20574541
20507611
20393965
20091507
20078323
20045208
19626254
19271694
19192004
19175427
18669810
18648890
17636696
17443516
17402947
17157110
17099591
17054207
16704777
16689495
16671975
16670509
16649506
16645132
16640738
16608138
16608136
16566563
16553673
16533394
16530916
16525239
16521816
16508316
16501345
16494704
16492638
16490950
16489962
16488582
16472481
16470271
16470269
16464838
16460359
16456453
16449087
16439930
16430343
16390519
16387209
16378533
16344648
16328221
16312204
16303709
16296670
16295557
16272912
16272803
16250197
16250191
16249927
16244691
16238765
16225683
16215498
16204142
16198571
16181943
16181185
16164506
16157827
16137281
16124335
16112892
16108943
16107452
16102943
16101855
16096593
16095435
16080128
16076854
16076326
16052051
16043443
16034260
16033446
16030516
16027454
15984375
15947922
15915060
15899226
15898883
15875124
15874821
15867700
15858528
15857529
15857487
15846604
15826580
15821217
15819839
15804332
15802475
15801349
15800564
15798530
15790948
15782581
15765908
15721969
15720497
15720496
15707233
15705982
15705460
15704514
15703348
15683510
15681217
15681216
15673840
15668310
15660137
15642765
15635886
15593323
15583712
15583367
15580854
15580073
15578173
15576523
15576514
15574111
15573675
15573302
15572437
15569861
15567678
15566593
15561788
15557356
15553338
15539731
15528176
15526186
15519899
15514170
16109300
19632969
21404999
19706350
16124075
16613409
20737230
17300919
18822492
19111105
21966720
19592899
17135994
18990973
21848722
18480204
21879648
16752963
16628173
21482838
21197791
16430350
21730987
20861590
20141092
19167767
15759161
21941879
15754194
21476419
19563502
16542661
15918790
19911108
16456477
18176703
20091965
16777771
17556931
19669062
18517071
15853783
20921035
17025041
21086713
20882832
21644872
18725849
15546817
16292681
15627007
17850296
21534823
16809915
19672827
18039617
16584052
18617708
17134941
20183136
15966089
20403093
16022913
18514824
19669705
20159191
17446023
17978615
15887946
17435817
16076965
19187170
18173895
19349018
16036272
16764152
17116841
19567755
18175192
16626924
15756184
18179674
20047543
20191711
17899990
19667767
17182213
17608889
18336817
18787958
17522788
16143440
16430602
19218301
18803442
18641591
19492167
19508138
15886732
16410430
20738186
18457754
21732923
20187428
18030944
19212225
20552914
21097756
21913620
19185429
18299778
21264669
19023352
17945887
20716551
17568246
17130381
17919355
18293802
15999410
16099784
17679246
20093713
18644916
21178600
20109005
18561444
17763838
21191202
19507263
20877772
21214139
15699831
18625616
16901253
15601654
17390196
15630981
18208958
16779281
18049154
15764960
20529510
17474630
21074115
15853090
17551698
17558490
16697601
19487739
16441966
16203882
17711808
20212311
19048409
18830834
15734134
16043532
18926930
15973941
19558937
17950045
20709601
18708220
18924004
16131044
21052725
15817353
19339133
20628787
17352384
16304319
19249189
18353007
19481272
21272303
15994981
19124808
20080462
19785564
16255739
15741498
17949424
17058752
18849404
19029206
16487814
21156883
16848676
19291551
20663751
16355559
21367369
20123174
16267966
15719603
20201666
19361251
19625552
16676021
16162468
20843982
16550080
19307455
18505603
19443521
18786082
21457601
17727771
20196186
16995610
21193088
15994588
22068179
21062571
21199074
15515735
17901274
16761660
17760310
19917578
16779248
16165075
21658020
16738986
15963168
19476229
20636582
19438100
18782209
19066170
17477219
19207800
20589602
21545572
16885652
17334271
18606055
17420784
18080630
17532231
20660555
17953060
21314891
16517497
15762982
21214680
21078044
21301699
15718326
20023561
19514802
16469276
17444399
16268229
19032073
20364532
20178300
18240982
16752168
20634622
19011419
21590572
19017664
19817878
20863357
19104227
19220235
16939994
21591375
19172206
21145197
21533288
17044631
21651366
18274417
21577059
19395649
20369119
20487072
20036193
21841588
20686431
18290751
16092394
18241311
17394734
19477755
17951226
17095377
16151586
17437840
20509492
16471297
21073845
20870181
15921474
21826929
19150541
18979856
18084967
16815234
17430746
20655660
16166409
20653432
16515712
19933247
16445158
17007309
17849466
16267977
17302870
20539999
21528622
21122620
15543896
18660737
16623624
15716890
19783081
16431328
19851264
16856090
21445493
18279501
17937371
19901905
21753452
19042817
15860472
19094876
15893217
17034285
20163484
18179373
17578780
21129400
17657670
20130160
19036551
17699189
19492762
20019503
18072461
20185612
16449886
16043005
16955592
17299807
15877636
21351221
18265802
17727404
20187949
19307815
20175356
18421824
19216983
20591015
18502175
15567739
17439386
18467485
17594409
15900803
18415809
18666041
19445070
17329301
17293717
19012820
19280251
16645516
21350889
19091933
16256046
16886791
18452048
16123494
19058078
16167453
20046117
19027434
18603221
18038831
18275539
18681348
16676288
15829397
20939875
19508137
15924011
15688920
19009891
19509634
21807274
17249281
15918424
17089286
16033498
21478277
15527578
20541075
21053264
17998411
19422582
18535426
20589966
16735667
17850291
16035335
21629357
19322951
20003446
16792045
17135872
17417974
15757049
16698340
16429683
16025441
17915628
17437383
20223310
15789938
15551998
18410785
19659488
19237476
21154090
16168031
19485882
20881804
19022029
17101624
19054482
21464264
21276552
17129200
20438610
21038931
16332185
18977679
21118292
17498166
19036613
19709315
17319806
16845814
15651587
17097648
19894411
19841483
21218742
16136738
18341071
16381100
20554279
17626910
20431785
19830610
20097636
18551881
20028284
15823778
20502175
17468943
16082241
18387228
20980846
18814424
17888715
18376525
20831287
18725832
16134467
18849894
16215358
16299431
21069122
20861105
18702619
20049773
19893845
17446773
18157568
15541123
20633727
21700066
19402022
19514540
18667875
17286721
17600598
16240704
18674500
17711587
20522620
19818581
19478572
19182305
20452166
17710837
15862985
19968691
18649963
16105460
15890308
15517642
20163757
15638303
19855037
19401126
17348282
17452712
17727340
21268452
19084971
17902163
19266973
19384738
19248326
16398251
19119734
15641946
19042843
19297196
18974237
20220598
17040156
17704674
17345558
19186517
20386307
20665487
16596488
19682131
19054953
17079584
20654285
19441880
21693002
20570781
19346031
20603732
20590511
17432992
19645200
21972755
18440792
15867495
19055075
17676216
15586183
21131636
17615634
16986357
15735491
18519622
19536016
19464745
19415504
15732620
21322196
18165422
19035060
21692724
18469618
19278185
20335913
17174847
15550363
19704293
20685061
18453903
18042486
16749879
16838090
18617599
20019069
18311086
19390341
18423611
19328417
17059497
17950964
21480489
19067315
16881942
20520118
21037474
19484480
19351795
15891488
15530683
20081606
16791670
19811604
15998996
16882001
20579138
17542231
19463681
20516814
15834705
17410926
16170482
20962121
20708368
21708970
16899843
20718396
20940249
18422266
17390981
21727837
18517102
19902573
20063443
16045247
18638713
20854355
19112873
16899840
15763610
18064812
19808267
20233676
18270275
20449988
18327374
20206424
16313379
18050243
16401704
20889237
15959428
20023465
20626236
16696879
19719367
20348199
21637274
19523057
16046042
15552386
15807057
21853078
19712783
20364693
16834875
15956139
16409216
15807052
18403661
20063089
15640535
16336546
18156955
19538805
21307389
17311240
19570647
20357652
17486386
20498416
16009887
16150010
20947577
16821201
21586988
17400030
21857174
17436479
21432603
16876922
16169794
21173716
17273030
19433997
19180370
15944499
19665624
19648844
21497505
19197698
18388715
19785295
18550921
20465076
15992204
16823953
15909169
20873431
16987445
16405703
16506870
17767791
20515432
21180834
16266422
16933576
15546147
20536614
19809876
19303168
17935241
20800299
15962493
15671326
17764387
17879677
15758702
21149395
15870773
20414822
18298632
20869024
16323521
20684345
17694888
17309018
16199455
18497664
18567130
17484247
20063250
19542495
19398071
18193482
16849750
16132893
19456994
16402334
21041539
17095422
21789953
21199142
19104171
17561800
19945107
21407013
17462084
17219944
16704391
16704017
16100540
19161085
18261701
20946571
20442362
20592552
18182785
20839582
19847721
19270632
20798264
16381624
18585593
21094437
21514244
16059538
16012933
20970042
21469582
17444407
15613092
16905552
17464789
19666961
17540553
16222065
20702075
20013862
18157449
17098159
20526910
21038733
20654822
17575749
17524866
18386178
19667887
18418108
19153131
18775402
20216168
15612220
20006316
21264522
16538290
19146549
20920077
21661658
15943155
16546006
20550019
21710915
19937780
22022741
21045783
17693680
15877641
17032465
18762641
19504806
19538799
15852726
19918217
21476315
16451425
17286858
17475635
16464452
19325488
17672899
16098117
20716871
19838889
20884778
19623798
17968199
21282503
16291385
17227356
20557416
17184312
19095823
21228438
17966188
18227679
15600110
15604154
21971693
21242267
18930337
15890639
16802080
19786241
16791661
18213506
21071501
21295755
16451156
21186465
21444251
20068024
19054983
21162153
19962839
21276594
15674138
17533936
18543799
16954004
21717794
20976501
19050937
20307195
21404142
20660533
18684359
16390528
20434100
17197060
17003701
15653250
15534456
19057566
15707259
16374184
15602309
21213185
18948771
18848415
17387302
20031009
20699733
16855802
17605949
15571901
15746593
18639263
18092373
19860315
18198804
19536006
18038294
17681123
18619689
18764853
17146310
17638030
19814850
20092616
18226761
18533781
18394871
18463898
17444070
16039957
19857910
17654525
15582642
18238838
17721833
18727763
17066354
17512100
15674925
20443387
20559399
20507647
17039753
17668610
17009151
17881316
20574205
17884591
21853633
19120382
20640269
16531858
16316441
16294474
21696678
21251138
19017597
16035678
16569544
20505424
20939229
15935732
16911056
17607559
15666676
21558512
15697099
17378865
16602433
16052127
15871756
18520663
17020701
21674430
16206332
21102295
21194757
19592188
18575420
18709900
16009289
18438277
17645956
20537592
16215792
19141025
17137090
18981789
16086536
20032989
18335829
19234424
17061152
16735204
17633581
19053915
21220657
21045579
16119518
20871497
16370506
16301940
15534269
18708892
18720560
16563624
20825895
15686810
19104476
18214226
17407605
17410999
18386449
19679690
17944781
20116791
18403175
18298037
19366017
21050708
18507601
15836555
16287826
18521969
19912121
20605268
20486582
17047201
17636624
20889635
16772628
15612142
17167709
16465660
21052026
16931461
20346338
16197765
18007268
21273220
16258402
20377347
17958932
17903257
19448927
18083373
21039850
19771588
16247807
16259795
19102436
21266886
16706710
15779615
15525848
18180134
21369722
19818128
20889848
21500975
19785363
17012080
18278617
17354135
18764793
20432115
21418092
18822707
21079263
20056904
21112972
21834720
16733116
21533865
19461219
17154661
16979088
19204646
19583175
15661258
17619405
20122017
19016924
19552182
19065621
17603377
17431690
21055860
21042411
20940273
17006873
17144222
16541823
21544033
17352103
21574347
19227589
15831188
17382032
20654869
18804249
15689724
19283635
16329222
21385184
19954315
21471081
15895269
15981744
18555682
19068152
15530750
19449746
17594301
17022324
18505152
21314812
19858243
19495556
15927512
18372379
20225779
17419398
21164394
18311438
19161049
17411550
17655685
19930356
15823890
19219512
15736894
18211557
21500623
22030665
18243706
16330619
21774636
21869769
16524996
20137029
19639691
16677155
18448858
17136927
18175190
17635624
18809051
17142702
16084483
18394856
20803405
16822470
19084888
20569149
18494958
21378689
17055804
21523500
17577004
19012779
16175812
15624749
19476865
17882096
17604761
19948297
15639038
20528290
20063584
19967949
16495493
15917980
17950115
18983412
16440509
19672610
17070032
18842455
21214714
21770881
16522511
20622795
18787458
17324184
20142264
18315998
15793986
21473786
19962845
21193083
17202084
15684845
17851088
16875103
17595440
19536578
15550365
18392546
16686815
16082794
19959842
19378630
16281800
20534872
20159473
20454480
21334942
18554650
18216608
18519466
18601834
18652695
21464758
20540168
21353150
21336671
18543527
19933067
21254812
17536995
19438080
19370377
20308351
21576613
16327841
18248947
18092201
16082295
18752096
18830519
16911051
20872774
17620393
18644746
18551855
20554364
16569179
18360830
17474128
16436586
20706295
15799432
15954200
17207743
18452639
20586908
19411439
17855718
21999063
16344026
18173315
20306274
21402255
20348365
16000092
16324185
16004105
20546471
19824096
16684439
19387911
19763604
17890996
16409600
20513168
20122033
15566452
17203451
15942366
19616800
16459526
15819834
18831671
16529594
15847735
16938136
20372005
18301123
17006108
20414613
21414978
15984917
19472551
16523802
18411890
17560165
16945469
16520681
18345997
21537324
19300076
16209695
21036522
20654870
16278959
19798047
16629972
20113708
20978932
19643790
19357507
20107786
16084187
16913305
16774291
15919127
19009778
16436585
16101202
18665187
18194594
16425812
17063134
17972138
17559731
15589083
20670319
16612442
21058896
17266420
18804390
19068687
15802157
20406550
15715816
17287841
19541452
15630975
15682016
15551517
18666661
18982990
19504812
20037974
16094550
17259469
16255162
20647783
15715031
17610991
20514960
18069400
16427965
20212259
17343534
16425949
19573661
21653495
16494539
17175566
18819046
19282319
17122679
18019118
19033181
19669104
16684638
16252468
21961386
21507076
17724863
17537091
17170661
16305292
20177943
19339444
16572406
16289739
19229970
21432701
20706700
18941323
19759423
15608940
18768518
16768082
17145253
16174145
17936793
18425027
16259897
16310679
15681983
16498154
17389409
20399376
21700363
19864445
18769691
19256051
20828910
16986584
16444104
21809517
18306916
18846401
20843758
20642219
17518160
16010220
20384506
21426376
19054958
17960679
15723743
19748869
18538296
17522986
15970016
20722311
19123879
16826957
16128974
19531034
16175823
16844888
19055303
17115134
15552806
20153911
16722122
16045423
20678681
19623319
16777833
19755882
20150771
19172703
19012713
19549725
18937570
17376021
21945011
20015357
19723279
20688893
18799469
20677692
15723024
15787899
21240103
20974021
16092744
17594828
19537147
20224964
19100960
21424942
17332813
21299762
17891622
17971472
19766073
19343871
21140738
18787976
20473793
21481171
15826432
16715017
16970653
18622192
16460760
21776931
16215368
21612640
16482017
16283902
20603028
17077409
18830138
17054572
17214831
16798173
21182444
18360282
19216411
20595454
15603634
18625920
17679660
20305590
18354747
20110516
16296671
18998896
20232187
17472500
17624134
19228797
17651229
16635646
20207924
15740487
16460982
19588661
18777603
18998972
20441464
20434085
16529285
17058750
17948846
15542538
19411018
15973903
19898698
19437080
19822274
17918304
16777826
21353679
20863345
21787029
17683718
15966887
16473979
20716477
22010598
21667803
17007618
20973201
20125045
21532086
18227889
15976556
16026659
18588727
17020234
15548413
15640647
18758747
20452874
19397096
19647330
16477905
17958972
16699339
20010014
19325482
17507825
20053197
17591532
17698343
21824224
16928714
17888994
18700586
18041868
15851499
21248525
20069824
20215958
17495711
17263056
20064142
20497827
19919651
19399208
18710895
21756522
17260490
20189784
17902526
16796424
16024978
19017866
20672524
17167523
18610901
19481879
16195571
16567598
16949825
21299417
18751575
16117095
21638217
19167629
18649808
19749641
18300609
17470274
19274906
19882975
19564002
20932293
15937267
17194883
21429956
15937688
20429725
21162155
19877816
18780932
17419794
16821464
16918835
17903223
18420526
19019809
17219488
16405982
21535274
17685733
16879091
21185749
18423644
17143005
17568328
18327398
17885965
16530113
20967480
16850152
16923433
17156466
20367649
19851253
16416888
16893727
17410008
20356794
18361322
17269946
17535178
20662290
19158646
17258131
16528610
19043339
20622762
20558024
19405300
17872874
17828675
20049369
18612053
17295602
18497006
16866824
17405773
19231711
21801946
18096354
15942857
15612421
18815950
15730045
17852904
20422432
16300862
19300284
16027505
16450449
18713540
18096353
18295458
19446942
17484705
16000106
17284552
18186914
21888068
19328744
18828193
15800768
18328961
16879094
19084897
18649830
15923409
21944790
16151563
21439171
16421612
19707978
16863894
21031129
16295286
17319398
21748750
17464153
15625950
17345982
17227358
16050889
20572553
15805455
16827769
19001611
16980791
15853131
20184114
16354863
21591376
17628839
20395733
16571423
17917948
19857354
20082592
20660852
17291340
19199183
20437869
16875796
20706759
19281447
19058074
16813545
16721159
21813221
16854567
20011751
19639850
17874862
16631460
18389265
16602548
16972975
16225338
18690131
21531685
20921475
20142027
19372024
17546307
20824612
19476234
20683299
17008707
18931348
20099383
15627022
19703060
18494406
16613127
20096993
19131757
17016942
17353810
20684381
18427032
15850858
19552339
18854470
16471298
18051917
16134540
20484092
17539571
18667869
19080760
15864918
17338952
18554077
16049402
20529780
18560066
16539181
19995268
18053497
15785293
18375632
19458091
18213954
16295514
15667401
18612031
21352225
18278648
21195944
18095900
15643250
16374176
21806560
16259493
18562819
15892722
17487658
17651162
17191599
19007095
20440106
19135081
17224036
17015500
20795432
19354155
21952326
16318105
17985056
20359397
17870032
15750050
15572502
16441523
19489086
17333563
21146116
17850938
19056617
17927559
17273485
21482839
19593314
18023611
16046896
19958421
19762368
18856128
18304147
17175657
18050526
20421086
16231556
21044937
16594461
17239232
16980681
21887988
18556665
20200164
19716702
18843531
18494203
20108146
15763120
16826336
17258482
19564003
20720611
18322029
16389007
15685014
18930913
15911728
20863245
21790094
19405310
17556899
21208704
18451080
21273025
19883327
16679426
21446258
19256770
18086399
20357149
20573641
15726615
20446110
19339407
17034640
21164109
16813966
21189516
19858792
17128675
21282496
16621784
16235359
20453176
15787891
19905880
16749538
21120703
17324175
19038738
20368654
15611432
16055241
16263679
21074332
16013014
15689727
20942615
16879383
21492358
16175716
16670190
19213295
17996004
19363010
19327289
21815515
21675150
17413370
21140721
15561662
20229715
20124019
17327536
18771637
17485814
16688667
17209898
20500650
16738976
16704395
20880819
18429912
21164402
17923974
20444773
16858114
19822480
15644696
17170691
20924893
18780925
21605323
21727856
19775309
20718394
18257966
19941730
17378934
16533954
17421119
20598768
16330476
17955211
15962640
21080146
19708793
17565796
20690276
16970660
16688660
17397690
19836276
21414701
18060531
16162300
15669150
19692553
19663714
17063358
20132713
15939493
16321198
15800664
19776551
17056206
17569295
21868479
19707164
19438083
17727546
20854039
17171741
19958027
21740659
21246451
17605624
21325012
20422903
19597654
20097148
16946118
16000099
15957698
18241871
17767631
15751766
17762623
19005191
18171955
17632445
20516298
21240171
18690994
18579144
19067933
17723977
16570543
21724790
19331007
21341639
19840278
19640521
18843058
19487042
16342350
16805186
16892774
19857211
20463086
18293224
20120639
20801975
19276220
15566623
17085274
20363709
16831512
15555798
20360427
21673199
17600453
17251535
19845736
15713995
15750380
16234741
18656842
16175784
15636733
17192152
18662628
21408060
15833226
20086261
15940358
20654882
20852526
17400253
20404625
17938579
16002947
20168152
16925614
16799361
19768468
16822110
16964793
18625166
16697586
17901454
17158492
15552455
17339510
20123879
16854247
18620650
20180870
21087224
19483575
18273564
17850384
17613462
20953577
20349626
17163095
16957636
19196486
16841659
21554034
20189746
19753420
20225728
19694530
17461752
19969315
16288159
15930403
17418848
21727792
15905484
19833478
17060294
20075718
17199451
20500737
20354923
16209223
16497427
17524004
15640682
18725821
17426490
17194054
20398120
21483025
20569711
18556804
15906888
19072012
20087969
15618088
18414335
21486437
21119185
17618118
20361444
20099654
19107014
15891691
21494781
20441108
17403971
15994709
20422449
20351324
19196301
18682996
17712691
21264758
18443550
18725407
15793271
17714235
19107768
19244561
21803278
20529039
18594164
17239060
17845888
17524008
16595018
19365929
15739936
15754079
18927141
20521904
21168213
20070716
15617954
18365349
16364708
21062578
21591329
18781364
19386058
16499465
21433013
15552222
21383349
19921222
19021476
18086763
16213235
18843063
20626939
18664806
15745173
17122655
15712507
21336996
19450207
16332466
17020395
17695557
16533534
16996836
21198233
18005428
19011877
20799296
19142317
19912463
21099083
17883985
18190483
20337734
19225055
15804642
20576673
16911755
16673639
18574345
20113917
16708509
17375230
15933466
16429737
15690867
18051920
19286581
18428001
18780905
17543009
20088630
19638979
17329504
21699033
16192828
17625081
16161321
19117060
17536922
17898237
20843903
19947016
18384423
18395481
17668539
19418982
21898329
17227875
21843848
17279018
20636180
17312408
15754187
21057070
20629945
15960999
18753714
18765325
18433879
19338188
20392644
16033639
16445251
19736189
18388681
20007796
17425124
21110503
19374611
17053928
19614880
21330098
17439757
20528703
17654158
21046170
18206591
17428817
18709832
20370449
17912778
17441441
17315298
18683674
17149476
16199397
17577159
18618195
18833625
15853841
16641660
21507193
19700971
17268040
21537321
20595214
20235082
21311695
20640330
17608870
20833285
16865561
18402238
17238763
16476875
20432637
20124024
17381377
20391667
16259187
16331465
19293307
17705765
20150849
15987399
19481983
19942671
17375228
20472608
19559565
19179837
15952491
21591404
17074947
20418352
18628742
15861913
16779349
19513956
17497483
19418242
19641843
19448790
16858337
18063043
15580363
21680669
21815451
17368174
16984535
16642691
16912103
18286995
17518886
21294353
15726873
20971595
16181153
20586895
17958940
19942114
21353130
18073645
17546787
15977240
21548477
16972607
19417965
18614452
18633015
19833669
17085608
18751333
18297206
21248644
20595305
19431006
19650034
18389047
18171323
20302437
16011503
18302211
17020240
19912096
16949077
17584338
17135851
16631716
21069603
18394540
21515103
19772784
16897570
15560706
20031864
16430351
16533674
18649824
18402316
16913521
21382252
16955115
18075637
21300920
16684177
21808158
15713860
17963972
15924027
17852998
20850713
19963303
19635343
17051891
20699313
19856089
19833425
17933417
20841513
19192601
15576817
16636706
18042302
19414837
18585508
19133750
16036273
21144952
21263348
16932121
17552337
21323043
19066981
18535476
19880319
20405969
18822752
18217864
16134677
16441393
19151800
21674471
20693569
19689239
17164455
17655571
17365392
21145614
21577078
21521566
20449969
16920527
20172393
15893053
20481198
19543670
16859870
15846480
18063317
20925714
17085275
17597413
18292592
21194881
16537281
21341221
16056112
16217635
21143502
16427761
20494279
20236446
16978417
16544858
17679120
18457604
21179664
15603602
17267742
16267979
20865605
16898907
19017773
15920852
17032598
17524286
15973342
17724638
15871865
21817972
17161900
17509282
21158652
18205964
21426525
17902455
16330592
15698531
19849904
16493532
20698414
15788949
15856386
16731071
17003763
16525169
20389216
18813775
21531940
15818096
21209127
21229870
17931915
15541128
19582822
20823391
17630555
15557551
17040152
20642198
15688921
17901171
17015201
17522346
18021523
21682968
19725210
16212214
17139889
16471091
18392632
17402572
18206583
17718039
19583929
17710834
15566277
17460998
17036885
17557434
17240221
18851730
15753636
18209780
16736371
18710374
18194358
18804936
16339675
17108610
18313179
18290580
15616390
18177782
16047529
21231882
19124983
15927652
19674021
21290863
17296378
16139910
17508949
19273866
21537323
16712491
17002010
20712463
17178302
21233867
21906046
21470604
17539699
20579792
17544863
21388982
17360151
17324096
19133191
15579518
20354243
19421085
16756843
17668831
19906428
21679419
17931572
19545096
16213234
20100854
20649665
20810420
15947334
20564063
18302302
19592823
15697100
18806318
20580606
17404896
17908233
20166455
18386686
21976704
17880661
17389414
19105562
17360995
17142586
16684705
18715456
20333596
17354220
21205735
17553652
19445342
17341271
20393174
21419250
19041254
16627411
19009937
16083489
19066143
21320944
21118321
17076859
17274171
19941195
20617280
21882632
20514880
21276338
20855129
17283960
16790223
19028821
16174996
18924529
16438774
16910375
18953776
18811573
17146204
16706261
16830838
18840126
15659998
16263572
19936838
20500702
21499008
20685907
17021282
16461443
20097643
17933059
20140793
21418288
21194458
21667813
16459208
21739885
15808145
18567538
17457776
21898454
18053404
20401497
15900170
21807682
18630063
16163438
17707085
21734208
20053237
17200243
20647248
20237761
17411757
17185208
21352270
19052511
21272221
19301726
15844289
18261949
16170788
21910307
16239412
17922360
19112628
19264684
21309317
15776991
17337588
18309475
20739151
18297976
16364107
18275662
17969662
21620476
17299869
21486321
15793551
19169382
20305444
20081721
16679961
17321614
18053623
21119152
18042102
17168069
19644008
15523081
19386402
17300634
17368692
17591411
18472622
17653891
19657308
21029353
21051257
17584350
19036140
21088736
20350926
17042803
21401255
19741218
16809746
15810760
16827455
19099037
17489898
16999183
17721699
15909168
17966293
18985289
15617358
20039968
22096814
19192986
16511576
16909963
20064056
17983360
17284981
18684788
20225102
17996399
17507697
20123831
20546976
18399371
16207002
18072401
19857216
16816766
21473312
17071704
16883079
15678927
16018301
16939847
18990377
16879418
20877755
16912623
18203554
18796048
17953295
18648204
20137030
18752459
20798620
16390892
21785084
17116453
16911175
17157094
16328750
16082277
20002419
20164800
20303232
21601010
18560956
16503950
17584290
19329089
17092375
19437906
17942317
17925617
18796049
19575791
16164511
19192914
18222953
21419258
19813345
19552342
21456497
20390663
18367910
20031171
20509403
17272801
20499485
17387062
15572501
17334245
16334495
18843135
16181404
19201147
19237901
19115897
19958410
19823974
19182851
18514930
18541752
17411894
19565892
19592989
18409322
16471099
16534660
19224518
16251817
18031482
20334019
17360084
21883873
17309897
16003596
15804125
18051981
20309895
20822033
17373396
19232929
20885306
17326524
20972949
17518819
15974225
16005633
19289346
17214422
20661211
21241162
19402366
19801225
15678026
17293628
19414477
20046177
17629751
19700651
20713796
20693890
19593488
21897403
18431292
19795164
17883713
15742451
16082238
19074130
20584119
16926949
17207751
19884473
21654240
20103070
18666451
20235422
20592254
16945784
16864168
17900444
19061552
21176004
21071584
15742908
18034333
19453658
21675662
18225970
15618105
19395688
18497510
15898686
19437854
18521034
19998905
17951230
19085896
19860235
17067516
16477276
19646173
21329506
18450615
17559021
18963542
16776611
17890042
18385264
17717485
21612667
16116377
15724556
17551491
16620041
18488425
20487470
16301755
19294472
18088201
18611311
16617243
19305451
18803547
18538725
20351948
15628649
20579192
21576959
15707441
16320550
15990739
18165591
21248579
20171448
20379944
16471165
19842075
21169163
19560693
16440106
16881246
18093591
16009664
21941871
18998796
17058890
20162914
21223592
20129215
16206681
19687698
16688495
20604649
16427132
20883594
16276799
20816337
16815278
20464744
19752055
17623499
19487180
18705261
21924437
17704676
18431881
20826590
16286904
18250240
16029975
16200001
19626443
17934968
19482512
17699226
18179667
20532657
21595359
19657936
15618092
17310766
19943978
18684407
19595570
18654778
20941464
21412145
20511193
19947187
16102378
17421106
17059892
15855813
15984498
17165073
16153476
16921728
19933044
16538993
18981967
21801399
17435426
21388042
19118912
17892052
20423471
17546531
17263051
16441983
16422748
20351333
18725355
17185148
21397870
21394569
20618603
17210987
15945411
19962580
15881934
19887655
17642389
15601273
21192167
16521254
19108047
18454689
20729493
21448054
16917187
17120130
16627545
15814395
15675218
19446779
17804591
17635627
20538961
19228233
21167451
18573661
17467406
19788791
21654482
20155642
20694761
20854670
19388569
16810037
17095988
20859113
17675724
17389416
18664711
17393922
20552859
19886298
20144366
16989234
19497912
21351191
16629565
16879943
16453088
18829659
19286341
20386962
19605604
19886592
17141638
21363906
18990114
18372954
17149088
16962910
16781241
16003661
16720262
18767472
16681285
17192816
21353918
19344442
21521429
15918260
18086967
20149724
20372688
15800153
19788773
20002705
16500073
20920725
18846216
21178030
16234910
17214919
20552854
19847722
17494803
17803578
19277873
17013067
16102145
15940024
16443811
19541254
16459890
18355420
17025000
21299629
18162891
21510865
17635299
17591412
20391502
16639199
20236095
15584687
21211582
16566345
17210326
16688662
20593678
20473194
21598893
18586756
17099505
18687815
18770101
16440248
17258332
19543407
16623609
16505757
19723373
20356981
16712701
16570749
16463240
18445850
17613605
20128250
17103344
19437091
20413383
20363454
15956267
16938788
17541876
18972809
17220384
16098415
19939813
20488746
18201012
19720056
19696572
16318109
20059598
19593747
17622203
15664106
17669639
20394119
18800356
20104813
18826463
16496790
20336328
17257964
19863823
20083546
17286730
17703015
18078190
18090889
19794321
18195311
17363802
15658136
19041611
17078349
17291830
16036232
16161964
20868793
15704379
17848303
19927863
20421570
16583664
16713512
18518731
20152574
16794104
18402417
20552764
21771070
21722991
21838107
19492151
16387810
17901783
16015115
21464456
20478866
17404704
15992228
15955295
18619717
17184379
18556989
15887749
21242563
19293037
17095440
16010471
17319909
21456398
15971736
18318001
20302210
20660471
20092154
20097036
19823090
19364246
19271597
16353495
21831277
17604936
19092505
19259870
20976837
20073114
19186410
17385361
16422485
17610107
19659705
15709443
20235291
16117209
19775327
16480240
18029036
21798074
17083557
15749138
19375525
16459289
21783090
17321199
17643620
15810755
20173171
21061928
17486466
16084447
15631929
16200514
18840287
18649109
17311642
18535644
21483492
15884249
20443427
17324093
20723836
19092590
18095808
16050878
19443876
17912536
17918500
18700267
17969090
21495851
21042245
17567835
16162038
15999001
21724547
17693295
16624553
20935237
19375235
18450675
16872789
21051386
15590341
19165089
16849913
18612035
19130685
18320906
17933370
20437937
20798728
18280210
16650120
18422823
21777396
15705638
17347828
15846157
16035970
16810084
19682853
20221338
19116822
18688567
16175972
17876209
16190003
15596927
19069449
17803400
20153359
19930289
20354057
17522866
20130828
20495334
18718165
19736574
17449521
21094053
21198280
18622457
20731597
15894602
17944137
16704400
17664526
20175316
17598261
16802287
19228893
19084299
18564295
21199432
17915126
20576399
16213236
17204732
21740655
20465132
18073251
20042814
15708101
19626751
20335587
17081919
19134488
21489268
20220286
16445833
21158903
18381881
18387019
16849386
19009935
18431557
18290410
20219433
20735503
18959284
17201722
17944612
18043837
17371741
15713926
15581720
15789292
21411265
16585329
20567208
17682222
18690149
19072456
19145517
20500033
16751153
17306675
20851273
17548702
19263196
20443316
18198259
18558184
17611213
20815880
17978360
19799568
18077034
15564731
19933935
18985427
19351310
19842359
21388015
21098046
18561824
21839411
16005235
18951253
16551817
21220533
18683883
20532137
17067404
18391766
19023771
18086453
15612128
16625890
18554911
17970505
21382047
20443260
19372128
17575440
19242321
20069308
17390924
17071936
18377572
20220525
18657769
21082710
20077790
20512079
16614874
17924270
21039589
19920744
19608827
17660096
20146982
20553402
19261362
21124036
17938771
17895234
16235575
17133494
20415291
15973772
21809286
19956825
17452604
16863695
16384803
18433658
21333060
19917937
19958471
20727547
16690352
16806220
17478643
19830402
15573667
20431857
20152573
15726622
18664978
19830850
21569613
15755396
16969616
17160874
19363379
16752540
21158900
19415400
21483387
19026477
17451088
19188133
17024612
20211406
19140357
21359269
18984375
17474361
21519723
15758704
16110129
16391309
20452912
20598493
16971829
19060825
19892217
18625090
15801695
18164456
19536019
20098163
16419448
16291294
18847506
18588397
19227019
20722797
16280000
21158853
17679605
21362711
17623824
20201115
20430654
18720676
20808108
21317959
15701193
16630997
21269352
15868390
21275285
20841981
20924186
19497899
16158203
18492551
15644694
20581001
18558884
21518751
20949753
19136306
17898250
16869180
16488345
20033300
15565596
16757514
16949288
15851437
17086639
21787063
15965213
21305312
17000388
17704102
16870996
18544186
16873049
20739152
16573731
20972712
20541884
18386950
16757281
21723025
19112812
21052731
16613801
16634278
19719062
16965306
19184240
17724358
16492209
20065310
16388192
21261998
15842207
20675362
19825894
16915716
21296322
18073666
21511883
16292013
18460066
18226676
21050443
17187546
19926344
18236767
16872786
21612503
16830239
20932505
17438635
19345891
19222655
21679585
16698510
19926976
19304812
20873068
15559886
17154109
18271792
21449510
20963671
21434551
16255838
15718187
19640169
18700088
18337439
20558434
19664877
18197428
20099773
19899597
19420036
16734003
16575677
18612381
20123824
16441335
20140833
15771652
20000220
17123951
16869182
15692292
16809119
18698189
15812103
20597731
16203647
15833465
15552888
20408762
19367243
21888221
21692379
21558335
21271189
19409867
18461523
16015511
17150325
16605228
21707838
19950458
16489379
20579122
16362709
21561546
18998761
15641664
20620266
16304759
19633825
16476372
17618032
19064979
16981970
20860248
19875537
20306112
17313614
19369143
18649585
17336875
18605349
19446302
17453462
21717720
18171971
20349421
15639043
17194871
15862929
15955293
17280672
17510109
19252456
18694213
20722840
21040012
21980630
21138894
15724782
16893807
20037151
20464718
22032021
19272541
18584492
16686100
17069582
19371444
19186632
16967112
18232612
18715396
16338597
20595693
18460077
21316906
17349439
21709027
20424256
19685441
15984453
21218737
20203634
17484413
21500514
17911861
15754280
19124857
17176303
15609804
20646238
19014409
19747270
17571606
21384650
15832644
16969984
16990091
17383322
21044481
17039997
16227866
21062592
17081720
17298255
20875252
16594245
17324636
16538516
19675401
19670018
18825852
20159563
20697962
20539153
18832107
18028848
19774354
19077011
18588597
21089995
16137215
16516977
15601407
19749658
20487490
18982233
19633917
20712800
19546272
16344203
21124264
17904917
21440305
15853292
17702522
16365241
19632844
15813396
16344202
16398589
19403235
18989556
16652063
20092136
15973272
21034876
18201316
20010420
20552855
19326315
17233692
17360093
15682529
19491686
20716657
19021484
18380318
19506434
16492644
16285120
19222636
20132979
19285173
17040143
19591059
17087176
18241531
16678003
21528081
19420152
16391984
19856592
18361145
19476891
17180745
17015873
18508820
18844250
18995164
19485424
16824155
16325407
19086705
21049567
15669928
17242600
20349850
16485590
18487796
17520993
16265962
16773425
19161809
21338233
16893835
16603782
16973953
18087682
18764854
15966629
20042885
21346463
18853662
19078876
16145952
18486552
17966300
16447533
18931547
17557215
17671802
17768008
20142581
20974025
19374646
15606728
15902758
17950508
17146311
18342821
20189911
19925271
20965610
16296965
17102321
19469361
19136330
18626060
20879816
20466229
19186284
20185972
15644675
15830766
16913320
18613247
15787229
21943344
18608068
18403574
17574501
20948471
16518795
16430339
21073291
17542789
21381954
16799755
18637856
15566598
19254872
20526684
16260687
19136677
17165478
21427419
20654827
19535946
18622980
17099117
17359902
19021620
17192116
18594232
19852419
17991366
19289216
15803325
20572428
15587605
18331694
18626034
19882317
16302440
20979973
19025086
16436569
20685190
18951673
15992472
20410778
16735200
18347365
19728382
20618526
19290712
16129011
16509940
21334768
20173588
16544559
18026055
21398151
16309594
16396922
17118659
19700054
19659407
17109104
20929041
15750527
17276800
16568592
16194498
18978231
15822366
20838333
18274901
16499459
15967625
21088838
17215607
21841092
15737160
19861699
16710088
19159080
18502155
18728143
17187696
18648891
18160890
17029679
19036675
15791782
19012724
20393503
18349733
17579311
16937599
20433404
16331364
20712666
18981351
17824267
21874753
21783012
16646986
18071763
17441822
16050363
19695776
20536115
16160587
17996753
19700582
17586056
18762992
21208551
20350694
18202721
21311260
20929435
16927646
20712108
17987759
16424983
17181758
17100721
17469479
21250405
18959104
19572761
21407115
18566204
19585061
17414733
17476553
17481456
17618630
16102625
17851337
18163140
18412311
19571322
15994607
16713013
18808596
21443835
18216633
20858338
19253149
17298612
16199400
19526524
16304765
21519226
15757883
16382647
16847682
19430679
16618324
20419747
17035876
20091991
20624564
19323712
20390615
17619323
17313516
16545514
20859114
20401971
16145186
21854234
21459480
18463881
17766796
16466404
19907237
18229768
17225762
20100052
19202467
21477440
18231111
16236656
19879514
16449676
20074194
20387594
15952968
17193946
18198363
15682971
19633883
18331480
15798726
20678083
20233916
18698236
16570778
20074438
21477274
17953334
16421619
17446790
20339604
16164654
20352647
17430403
19273399
15913722
16714461
16047512
17036462
20486445
18982364
19397146
19448358
17498153
18830226
19917175
17962172
17273492
17899512
21615347
17482192
15685816
21124232
16414426
16566100
18386071
20054837
21063228
18996769
18801188
20875179
19688993
21545358
16553506
17385970
20441398
18206382
16942954
21886036
15602144
20970788
15666263
19712787
16513873
19001841
15871467
21413849
20191466
19515198
18580507
17990283
15966780
20696498
21434510
17606178
21710011
15800346
17562727
15970778
15603703
20630014
16891192
17901176
16370233
19042824
17110823
21149871
18087985
17011154
15871791
19370630
17505402
20841984
20579022
20403641
21084354
19619092
19996948
19276225
15717997
18457065
16442452
17518885
19307895
21263279
15625798
21714895
16871094
18725833
21809292
18551857
16260943
21501727
16280973
18344453
20158128
20483635
19920747
16220613
19060791
17455049
20935272
17884600
21135606
18853349
18343859
20420549
19744889
16051661
17157557
19994758
16292723
20602138
20811744
19889557
17447086
21143087
21292051
18095907
19734191
16622161
17717308
17049696
16522452
19741445
17354156
15729991
15792339
16814220
16983267
17010181
15682263
17670998
15590035
21263318
16521333
20800768
17913461
20689933
19962500
20842336
18407728
17973717
20551886
19895595
19269708
21217609
18946578
20199943
18214777
21611924
20615612
17626147
20524498
18322264
20388863
19655502
17210503
15778816
17060293
21078683
17400071
20409062
20503678
19837242
17446829
16013424
15780145
19719536
16276856
16634398
22090330
21345818
20040017
16889318
21692435
19074516
19366441
18171394
17711812
20559828
18590091
19537628
18222126
17139206
20233982
20862893
19204615
19819191
16547786
17924373
16423103
18954274
21158255
16473734
16373094
18459277
20889273
17374473
20887842
20607688
19021302
16923037
16636220
20500740
15571900
20223626
16372707
19667032
20189951
19875660
15682724
15632346
20552775
19290573
16814678
16051110
17334171
19046086
17554100
16632478
18595587
15657688
19221986
17872750
17126967
17342853
18924544
21862193
19626260
15840075
15770881
19232893
18757381
18416925
15641523
16492843
18673569
20142285
17577085
19000401
19666880
16183003
17470691
20386462
16372663
16911267
17999094
17015191
15723727
15948354
17565284
19207066
19289002
17108599
15597006
18421809
18560068
18946390
16832675
18844274
21605269
20347565
21414063
15788083
16548700
18618192
16641654
15761346
21214907
16382656
20836797
19386368
16098152
19142593
15602163
19935179
20602280
19667782
19297250
17062536
17515311
15835213
17556401
20870419
21406478
15622338
18379239
16262841
15776944
15828598
15601463
19266114
21446599
17144921
19858355
17239073
20069940
17439374
20188453
16584013
17328146
20633669
21326961
20505507
21272382
21227936
17067898
16288876
18573540
17767720
16250919
19105559
15921808
18974677
16020574
15915068
21143303
20810417
16256049
20167091
20211953
17417769
17509048
21383360
15968968
18519335
15999088
16134627
16688504
16846674
18670780
19744955
18635237
21105897
17448662
17695938
18032682
20236522
18365567
20438384
15776799
18638367
17163227
19922930
17493274
17689250
17996057
21459865
18936266
18687733
21789766
21531670
18302657
16323719
21957552
20177040
17111757
18188761
18835521
16287523
15716246
21742485
16598911
17148527
15555479
17512475
17134740
22005243
15633832
18581690
20851294
21323049
19024424
16373908
20706893
17656402
17240117
18522667
16334509
20625025
16703832
20175183
19266806
16841273
20848187
16195567
15877479
20095179
19333972
15826434
15533538
18317283
18513469
20333597
20437133
19244732
17668162
16359735
18469734
20362381
16924560
16571840
18498567
18649244
19478578
19489376
21712255
19674863
18228643
17150257
17017690
18259718
16964898
15731976
15653242
16551315
17935243
15911159
18372809
18723367
18774879
20185059
19358029
19088658
18924291
16340019
15589705
17639837
21440523
17874488
15550362
18328683
18438162
19812102
19852714
15561154
16620253
17185154
20132365
16430605
18436568
18382715
18776749
18410867
19793947
16358483
16425946
19883474
18251345
19133182
21702285
20012253
15604637
16218153
20567847
16078182
18187010
20000016
16284216
17371423
17136920
16810624
18443010
15619737
21617510
16449246
20950726
15709563
16264037
17181015
15919007
16403225
17446134
19332985
15593059
17925588
16100661
15857442
16262436
16135721
21266281
17853182
16495324
15839295
20719350
19756766
20670270
19096850
21957801
19092351
15752893
19145803
18023615
17142584
18503807
21601281
17505366
16491032
17479810
18997595
19267028
17297331
16496660
19959482
19366411
21798499
16215465
20477768
18254830
19234003
19785567
18562862
16205352
19253201
21067375
19401131
16799355
16178171
18816322
17658419
20433117
20687291
15881710
20351023
18321272
15625922
19291187
17727987
16215797
17991532
19197815
19584762
19052156
18853846
18942535
17564548
16092572
18824621
21134950
19996228
18700254
16294835
19471852
16567989
17602015
20150732
15923941
15990963
15754527
17993295
15663015
17302084
17450710
20298512
18724884
16123466
20566604
15841026
17505379
19438135
16162576
20168188
20731283
18028832
21099396
18266164
20546168
15962874
19950034
20875203
18761842
20148462
21063420
20725782
17167364
18606325
17823100
18551890
17696047
20656491
17443245
16624316
16121873
18036120
17021867
17430450
19448484
19348685
19215004
17520351
15798410
21669517
15674780
17194678
17285381
19464761
18832109
20440564
16988605
19893465
21483003
19084757
18637748
15852699
18054680
22058392
17300133
20633749
20079610
17601834
16202888
19411013
17082957
16539991
19029156
18520646
21651656
18846150
15774391
19772214
16316434
16690426
17560957
17254823
16607139
19745504
15559043
17442619
20705165
17044548
17654518
16253113
21602318
20204989
17139200
15970024
19650923
18612092
17671005
19287104
21576064
16524029
16394212
18994651
19772228
19284635
18482123
15632809
20826377
16983954
17721821
19058073
21576606
17914295
15597498
21048474
18586341
21090894
16111948
19633896
20736670
19124176
20134316
15812092
17140424
17132383
17492122
17007714
20087084
18240702
19159873
17122589
16398297
19752639
15605747
15691247
15573242
20638311
20557260
17493446
18488748
16047637
20171084
19768640
15857858
19001913
17363850
20050478
15678925
20875512
16553911
17431697
15908676
16245560
20337725
18230417
19055663
19499428
18786059
20444770
16986670
16075256
18403204
21068548
16719017
20427299
18557964
15827908
16635774
16035471
19573774
19160631
17522465
17687192
20614401
16217714
18656079
19140201
16648094
21333177
18075945
18595582
17508658
19706198
17357358
19243522
19420035
18998435
20630000
19101921
16711075
15920383
17196716
15871370
20981687
20181412
19860297
17279204
18062762
19005119
20981480
21140065
16105527
15645188
18426375
15589081
20119873
18362820
20942883
20542366
17294020
15957821
18323049
16129380
19422147
15700881
16032533
16368908
20624559
16324544
21332373
21469493
17913777
21333588
21440219
15773824
21732724
21252660
21040255
17453993
20854588
16022610
16205851
20546287
18240178
16821679
18021512
19573210
21051104
18000441
19014424
15720488
18560678
16628511
20709554
16048867
17718730
16268041
19247488
16442027
16762109
15687784
19450992
19737124
21526523
20890190
17846440
20511179
17931538
17705841
20508683
17828852
17197840
21368548
20306109
17924269
16594402
16245756
19010641
20654974
16086507
17718649
21123230
17551818
16517765
20174944
17169232
18304896
16960276
17565481
16230764
17185082
16013459
19012066
20925710
17400084
19119689
16388948
19397163
15663012
19077257
18803997
18838964
21494694
18767515
15684245
21362720
16800395
16892691
20159217
21298904
21214976
18248693
17891116
20857671
17681395
16633386
15539975
15543765
20420475
21527510
16311134
19160356
20705349
18205682
18842157
16841376
20836635
18682516
21605381
16635052
20659202
15656847
18084368
22002644
16267145
20570292
18461254
17956371
21919417
19528102
18029393
17907645
18847430
17592168
21619766
18235160
19181500
19371417
18822580
20072029
17447099
20220687
18459594
16217214
16849783
19004171
15606985
17276329
15971877
20623165
20073551
19022169
21888007
16850929
19667785
18181072
16222646
17088920
18649080
21131175
16199460
19073412
16594405
16020072
17289460
20857125
20887840
19489708
19342149
17308311
22011868
16266421
16242298
16601514
20969617
17267318
17919401
18400435
15591914
17701393
17611783
20039822
16777830
16822641
20419564
19534219
16873146
16468080
17531434
16794782
21382072
20426361
19412673
19362753
17928462
15994143
18039440
21449483
19841548
17848423
20932275
19455882
18495050
18825440
17258926
19960932
16258342
19194251
21068178
17914293
21614670
17372789
17721844
20044315
19737850
20968142
19256742
16494533
15853163
16200526
17199087
15823892
15925079
19342527
16302551
20920048
17387304
17270062
20410499
19837426
18806331
18219059
18849510
20031841
19778422
16528905
16416080
16023823
17660496
18413518
15743299
16047994
21470031
21208412
20236431
16212719
20502167
16189521
17187330
16526150
16162578
18724535
18027047
19187882
18777217
18271332
19239542
20706180
17050086
21801928
15911960
17308470
18798711
17089929
19945204
20102895
16337561
15628658
17664093
18382047
16596859
21952383
17915168
18406408
17999293
16335335
17542391
20538823
19153394
17521258
16557117
18710377
17643713
19478723
16038528
15916312
18816369
18332357
18808464
17682743
20135072
18199848
16509953
21542914
16398905
15998511
21159904
19947782
20134038
17868477
17479048
18538973
21825919
17518122
16926729
21304349
19254198
21350426
19694519
16392103
21943294
18647212
16249425
19473315
19705650
20636182
19825474
21807689
21079529
15867652
20520995
19793155
18622118
21714444
19786421
18981749
18610923
19946185
20861620
15923949
18005415
20118035
17091170
18333923
16948379
20804947
16263854
18039065
20809422
15540672
21526526
20213799
17429061
18544377
16452704
16088857
19302473
17485755
19962846
16045419
17011190
19454208
18326139
16819630
17172785
18849465
16834823
17158034
16214476
17190121
20179660
17604069
17760651
21320157
18342201
20553366
17664508
19467851
21305235
20192715
17577662
20207663
19476884
18832289
18806649
20797356
19659963
17944701
19056630
20627524
21560950
20833985
16434113
16389010
17479699
16565010
21470607
17900477
21940747
16449838
20849278
15717905
17412032
19688998
18073254
17509266
20551738
15953668
20008830
17918613
19464561
18593228
17624645
19033871
18308220
16425897
15936427
16226428
16036406
15946117
16825072
20560218
17879354
20305308
18430153
19891756
20057230
15822847
21371646
16604926
18426783
21951494
20805071
18703922
20633970
19836601
17697454
18378825
20048265
19382508
17620404
17982569
20047174
19130684
15949176
16182126
20378210
15823204
18697966
16521003
19891374
21191577
19032209
17017312
18705180
15704770
20063424
17320008
20557417
16520566
21534093
16179813
22013829
20568322
16594277
16570555
18539880
19093352
19292905
19809607
19174700
20196464
20722312
16800117
21886031
17269610
18096508
19656225
20841690
19445339
20538421
16539321
19331295
16874642
16893361
21411257
18498924
21116191
17427483
18442579
20470294
20351159
18535074
19646190
20555354
16939948
20809853
15776072
17672906
18794475
20006644
17015810
16838663
17874269
19300080
17825495
16191139
17971601
20873061
16174812
21359504
19899401
21404157
19237924
17583078
15574622
20495103
18315829
18777026
20823348
20407961
15813589
17036883
15546535
19906211
17584358
17443093
18693140
18826650
21688609
19947125
19120718
15845146
21919292
18674673
18728297
21481259
21464061
15911195
18081434
17346386
21035900
15730455
21191212
21126816
19014116
16941820
15717596
21324126
21420214
17999300
18787438
17061659
18450884
19187169
21041178
16498200
16567242
16137239
15574727
17162109
17713374
21459864
16784048
21251169
16508814
21394491
15656150
19489944
18494393
19560760
15612239
19448466
21220576
16377823
21111375
19703037
18452367
17874543
17088119
18060203
20719472
18359879
17394596
16563077
21125069
19645537
18307497
17828004
18786014
15772507
16322414
19592952
21298950
18446067
16521899
17578060
19958420
17135067
21677490
19384206
17211120
19400339
19812105
17633838
16174895
20091227
18355257
17122526
19559290
19995466
17919216
21317594
18646587
17719361
15742987
16388973
18364061
18709593
18228652
16282334
18274245
21337280
16829724
19663712
19384935
15933310
19300218
20579121
21226847
20552612
16871848
18299497
20929625
17222961
21157240
19940588
18194624
15609018
17933498
16270812
16737082
17803415
17318594
16871099
19341594
20800143
19562361
21129077
18549134
18999065
20144367
19227691
19201260
17409024
17951939
21768431
20368657
15933650
17123275
19806370
19318852
20878830
20636676
18556643
18496976
20487054
15576258
21755786
16882563
20039790
16765535
17966313
16076793
16252372
20693520
19594975
16765870
16514807
20607432
16618863
17883630
20368223
19634644
16336544
18076697
15652689
21140348
16248863
19114689
17343952
18192127
16567821
19254201
18980460
19223841
21610455
19115710
18702787
18335901
17999269
17681079
15819265
17178765
19318459
21131165
16178829
20178185
21134140
16517337
19879166
18686669
19064601
20801758
15798925
16207267
15992199
16799364
20372890
17564686
15707103
19291271
19194456
20152089
16524992
17570677
18751356
18952262
18356768
18616052
18216074
17070163
15524127
18043526
18616858
19029313
17521101
15951453
16518951
20424500
16649402
17542794
17325121
17681830
17883628
21424075
17987819
19830851
16197495
18808693
18689575
16719132
16642748
20678203
15833474
16864638
16529595
19118972
18676119
17010034
20032673
15983285
17984152
15823888
15601409
18788662
17223479
15688924
19323714
19117717
17425775
21724791
19883888
15687721
15611486
20106897
18614905
20636470
15609748
21299570
20443279
15948047
21162170
19485656
17353493
17548908
18207643
20018989
15640630
19150944
21682172
19940558
17263612
20592521
17945422
18459592
20876087
19459862
17657178
18956224
19926978
17111282
16567238
21299276
17443600
18853711
20469729
16470155
16249625
15654612
19186281
17233912
18073248
20077792
16043003
20635820
19903737
17626507
19000959
21539143
17695561
20022131
20795835
19496363
21540603
19363751
15800825
20172452
21211010
