16711076
16711075
16711085
16708669
16754363
16752193
16749369
16740901
16739441
16737503
16729886
16728804
16722122
16721664
16613291
16782299
16781607
16780008
16777796
16776847
16774021
16771281
16759936
16757794
16830844
16825668
16823674
16807169
16802312
16802308
16792759
16789983
16892666
16886791
16886552
16885190
16878006
16876922
16876921
16876728
16872507
16872504
16871436
16870993
16867302
16858114
16856695
16847769
16847682
16844888
16843778
16841273
16673639
16956742
16951004
16950370
16950060
16949289
16948624
16948621
16944381
16937787
16937143
16933637
16926761
16926561
16924994
16921803
16911048
16910946
16903305
16902289
16900723
16900722
16648083
17055804
17054735
17043948
17043775
17041786
17040509
17038085
17036885
17036695
17020243
17017409
17016990
17008942
17007618
17007249
17004660
17001055
16999178
16996457
16981989
16978923
16973462
16970657
16969249
16968437
16966913
16965306
16638946
16634398
16625891
16625890
17144114
17142595
17139208
17139019
17138524
17135227
17131620
17130980
17128362
17118075
17118045
17107567
17103033
17102407
17102403
17099191
17098679
17096051
17095131
17090744
17087707
17084766
17083278
17081941
17077716
17076800
17070742
17065869
17064819
17064413
17061471
17243516
17236993
17235260
17234071
17233147
17221041
17220761
17212668
17210997
17210544
17207751
17204810
17196716
17192816
17192523
17189117
17184099
17180745
17179110
17171723
17165205
17153572
17152332
17149042
17149038
17149020
16572673
19655471
16565290
16084447
16082798
16050958
16048856
16034036
16023453
16023433
15992472
15987336
15965550
15947334
15942318
15921005
15918427
15918426
15911959
15909782
15884310
15835455
15826425
15805934
15798925
15794419
15775827
15772212
15768652
15766349
15754564
15745213
15739923
15729991
15700367
15693417
15688921
15683056
15682584
15673363
15641187
15624537
15597006
15597001
15586121
15577704
15559043
15552455
15548410
15546554
15536815
20162878
20148059
19489191
19469361
19405300
19350695
19209392
19171821
19154304
19148824
19044102
19021476
19002308
18990895
18983391
18983065
18976234
18971645
18947049
18928079
18820510
18839514
18829016
18821003
18814810
18812806
18804085
18797224
18790102
18789191
18777804
18753879
18751998
18751648
18751647
18751593
18724915
18724601
18717919
18715396
18698396
18694111
18691802
18680886
18678961
18678960
18678073
18675032
18661855
18639796
18610928
18435303
18429368
18426456
18386693
18384011
18380372
18350755
18348105
18336958
18335901
18320392
18316940
17498867
17495549
17493274
17492990
17487706
17480142
17479324
17472517
17472514
17462207
17460307
17453263
17446773
17443455
17441366
17440377
17436613
17436479
17429508
17420784
17418848
17418656
17416718
17416711
17415099
17414595
17413920
17411894
17411580
17411559
17410926
17401770
17396614
17395605
17394639
17394636
17393898
17389541
17389540
17389416
17387060
17387058
17387056
17385735
17385732
17383522
17377921
17368692
17363884
17353830
17351843
17349646
17335518
17333656
17333651
17331800
17331693
17331095
17328824
17326877
17324184
17322008
17319254
17314390
17310746
17305959
17305958
17302096
17289465
17276791
17276321
17269610
17269609
17269608
17269436
17268141
17268140
17268138
17266765
17266078
17264700
17264032
17251535
16648730
16633237
16629089
16627325
16613127
16605232
16601610
16601510
16600959
16600005
16594245
16546006
16542439
16541831
16532787
16526334
16517765
16510743
16506212
16503014
16491937
16456752
16455226
16450237
16422267
16418410
16404082
16398383
16383057
16378255
16344203
16329706
16316877
16304796
16301454
16277929
16263369
16245674
16244045
16239412
16235813
16235071
16220650
16218057
16206380
16199454
16182988
16173401
16164897
16150678
16134540
16133615
16128424
16119518
16114810
16082794
16082793
15994588
15887923
15887805
15851499
15781171
22082557
22030660
21646732
21605267
21530703
21488416
21303457
21285468
21182440
20860246
20830623
20800421
20654870
20654869
20438371
20426361
20409138
20403904
20373978
20373918
20117673
20098168
20098163
20063584
20050480
20026721
19999940
19898099
19820535
19704289
19692553
19682775
19681537
19681535
19681533
19664414
19648850
19648847
19637528
19623470
19590467
19585884
19573630
19565988
19554857
19552323
19546128
19526413
19525914
19525766
19525763
19517669
19495535
19481043
19467430
19449603
19444042
19436778
19418751
19414230
19402860
19382539
19359125
19357425
19356517
19344882
19343550
19342618
19341996
19331036
19331034
21456315
19330684
19265074
19247226
19241788
19241779
19234003
19212250
19212166
19192549
19188546
19186632
19184780
19182274
19167554
19161172
19156472
19143692
19135081
19093905
19085179
19084099
19083686
19069462
19066350
18091594
18090519
18090144
18083268
18082534
18075632
18074477
18073705
18073544
18072357
18068280
18065037
18063275
18058184
18054730
18054483
18053268
18052893
17931319
18050025
18047450
18045368
18043980
17957420
18032679
18030960
18025499
18023176
18019309
18000441
18000269
17998857
17989566
17978115
17955745
17954872
17950499
17950116
17949448
17944612
17944137
17942317
17941589
17941555
17941519
17941410
17895690
17895683
17937371
17936148
17935855
17935048
17935047
17929744
17928621
17925412
17925041
17914293
17911892
17910532
17907698
17906596
17903791
17902385
19088620
17899998
17897420
17885977
17885965
17881101
17880661
17851360
17850938
17849911
17847993
17844907
17824869
17824549
17802985
17786743
17786736
17785653
17766668
17764038
17728565
17719690
17713192
17712259
17711073
17710491
17706426
17702150
17701633
17701398
17701163
17694890
17689462
17689460
17688563
17688481
17688480
17687084
17686123
17683299
17681268
17676236
17674601
17672058
17671054
17667931
17666224
17665819
17660859
17660635
17659911
17656608
17655543
17653393
17649750
17644700
17640283
17635261
17633968
17626147
17625659
17623232
17615634
17611238
17611213
17609249
17608890
17608050
17605444
17604557
17602317
17597262
17595921
17594213
17593450
17592972
17591344
17591343
17584433
17584339
17579302
17575762
17574193
17574192
17574191
17574188
17574187
17569465
17564686
17563332
17560165
17559614
17558018
17557934
17557190
17554230
17545348
17540574
17540322
17538757
17530539
17526329
17524799
17518164
17512880
17509048
17507825
17505379
17500502
17499628
16980828
16452896
16374192
16320470
16311622
16296417
21718625
21710780
21708368
21702427
21696286
21673199
20966733
20965103
20949753
20946497
20946495
20943343
20942726
20881713
20937922
20890150
20887526
20869319
20860319
20859155
20840358
20838319
20817494
20816567
20737230
20795613
20736858
20720084
20712421
20704096
20701201
20685907
20683302
20683299
20682953
20678083
20673280
20643993
20642169
20642034
20640516
20638813
20634397
20631577
20629933
20628134
20614376
20609044
20602700
20581652
20581321
20563939
20562572
20538256
20537592
20521572
20521007
20519004
20510948
20509060
20500737
20497827
20495648
20494330
20487062
20465744
20463446
20462102
20451816
20444774
20438034
20432774
20411859
20395734
20387297
20382366
20378842
20371485
20370788
20356794
20333924
20230178
20221350
20221349
20219315
20196650
20183344
20180338
20177166
20174934
20173588
20168010
20142131
20140420
20123825
19161645
19159909
19154306
19152929
19147323
19142781
19136306
19133146
19124216
19123735
19088236
19118927
19115882
19109572
19105562
19104951
19104476
19104262
19104193
19098108
19095823
19094222
19091333
19057437
19054959
19050627
19049356
19046088
19037192
19034569
19032209
19018885
19017590
19017373
19013743
19010576
19001841
18997566
18997565
18986740
18982880
18975476
18954641
18941918
18928082
18850371
18849806
18849404
18837645
18828297
18826650
18822670
18820520
18820519
18820517
18820516
18808644
18808470
18807099
18805754
18804235
18803577
18797241
18793869
18777972
18777511
18769105
18766413
18761294
18754818
18724523
18721223
18711454
18702806
18657043
18647198
18558909
18626387
18625919
18624013
18615962
18613991
18611255
18607255
18595423
18593826
18591306
18591305
18590978
18588787
18584496
18569419
18566869
18566524
18565788
18564969
18564949
18559018
18558392
18558263
18558248
18558184
18558170
18556804
18555252
18552410
18552086
18548409
18545132
18538065
18535459
18523565
18523564
18519625
18519466
18516838
18513174
18496395
18493127
18492733
18492452
18488242
18485225
18474847
18466617
18466388
18454827
18449046
18427942
18423716
18411816
18406037
18404061
18401643
18391340
18385406
18385007
18384789
18381535
18380609
18375839
18374595
18371967
18360202
18360201
18358116
18346988
18334052
18328638
18325102
18316237
18310377
18308276
18300838
18294873
18294342
18293802
18292979
18291328
18290938
18289189
18283069
18276048
18274417
18272608
18261060
18257045
18254557
18248404
18245578
18245214
18238839
18234678
18232614
18232612
18232610
18211559
18210983
18202687
18202686
18197068
18194559
18190481
18187590
18184982
18095044
18180471
18175246
18172404
18164114
18160859
18158392
18157583
18095075
16711074
16681197
16280895
16276341
16270409
21900133
21820540
21788746
21785313
21609167
21605262
21602630
21598148
21569172
21555746
21540695
21540689
21540688
21540684
21519425
21507106
21507098
21505224
21501725
21500700
21481519
21471911
21471595
21446292
21444178
21440812
21440811
21425361
21419559
21416871
21404447
21375908
21367384
21366104
21366009
21361834
21348217
21330211
21322196
21301699
21298951
21298946
21298898
21294463
21278666
21268521
21263279
21255708
21223409
21216888
21207772
21175928
21149751
21145628
21140065
21139464
21137705
21119382
21117379
21105636
21092885
21091702
21088736
21072007
21068644
21068639
21053718
21045626
21045576
21044036
20980846
20956663
20616764
20602140
20597709
20595211
20592521
20592520
20579159
20566604
20562620
20562253
20550081
20547775
20543652
20535677
20532649
20487059
20444061
20442748
20438604
20435206
20431457
20423428
20423415
20421086
20417476
20416493
20406498
20404777
20387186
20386997
20383078
20375830
20372005
20357149
20352500
20354878
21702285
20346566
20306091
20305532
20304547
20302995
20234305
20223078
20189705
20186032
20179464
20178433
20168152
20152574
20148769
20144184
20142133
20109772
20107339
20106468
20105274
20103070
20103067
20103000
20075127
20075126
20053207
20100845
19907393
19907370
20092647
20092117
20089491
20089421
20084872
20067358
20067356
20066871
20063908
20061069
20059676
20057330
20047543
20045746
20045228
20042814
22049637
20037974
20032721
20030658
20027287
20026475
20019511
20019509
20019505
20019504
20014540
20010420
20008398
20007493
20005771
20005618
20005501
20004924
19999661
19998445
19969134
19962586
19959482
19958416
19955971
19954535
19952624
19950039
19948461
19948370
19948040
19947324
19941580
19940596
19935344
19927503
19923969
19922930
19920744
19920743
19914470
19912389
19901746
19901140
19895441
19891018
19889945
19889408
19884808
19883486
19865571
19860059
19858822
19858807
19856690
19856643
19856124
19852799
19850598
19849909
19847645
19846585
19843621
19841400
19838889
19831146
19826026
19824241
19824096
19786249
19820537
19819660
19819206
19819050
19818581
19817652
19816246
19813345
19812585
19811215
19811192
19811169
19811155
19811139
19810672
19810665
19807239
19801374
21465692
19786417
19782328
19781838
19779768
19740170
19773571
19773568
19773567
19773562
19773503
19772239
19765884
19754030
19753807
19753572
19736262
19732169
19731892
19731887
19731886
19728503
19725278
19724254
19714953
19707050
19697675
19690106
19689979
19689554
19681528
19674860
19671645
19670653
19670214
19660840
19660617
19660208
19657880
19656149
19652590
19644419
19642430
19642148
19635159
19634612
19633883
19629602
19615536
19608123
19606659
19596287
19594602
19594346
19587253
19583007
19581027
19581026
19580536
19577418
20929041
19562422
19559195
19558770
19555954
19552823
19550196
19547957
19539124
19538555
19537412
19530210
19491841
19477574
19474643
19470953
19468089
19467753
19447074
19445726
19435113
19424693
19419355
19412569
19408781
19397163
19383168
19380210
19366499
19366411
19359079
19342524
19342523
19323714
19307080
19300225
19294472
19281440
19276220
19266767
19263122
19261138
19260581
19258094
19255100
19243525
19242483
19239665
19237730
19237698
19225055
19221080
19215330
19214681
19214278
19214275
19212248
19207800
19205064
19191941
19190969
19189061
19175823
19169903
19169382
22041948
21966720
21963925
21952067
21944620
21944342
21924437
21922704
21897404
21877634
21869769
21869668
21869666
21861979
21857329
21841589
21840545
21837876
21815471
21799379
21788548
21736078
21735952
21717678
21710011
21701346
21679585
21659815
21670615
21661529
21655408
21635182
21625663
21624702
21617505
21599845
21586988
21575224
21568969
21554063
21548505
21540700
21524448
21507110
21492345
21491786
21487345
21487344
20540001
20539999
21467806
21437754
21436666
21436664
21435277
21429954
21425360
21422100
21411839
21398151
21394017
21382078
21367682
21359893
21359254
21338966
21317959
21292210
21288120
21277070
21276535
21273627
21267565
21256063
21255714
21247672
21242245
21237552
21223414
21220994
21206293
21205599
21191202
21191196
21188513
21156305
21156297
21156291
21136114
21134196
21134177
21131854
21129180
21123504
21099396
21099392
21093125
21091700
21087474
21084575
21040025
21039087
21030729
20978428
20975928
20964817
20958203
20955481
20950774
20881817
20881679
20872774
20872773
20871555
20868386
20865872
20854708
20854596
20854523
20851681
20848187
20836940
20833455
20829115
20827068
20824785
20818469
20800198
20738435
20736674
20736669
20736665
20681485
20681376
20678231
20677915
20671460
20667173
20664379
20659202
20651478
20651476
20638814
20636590
20630284
20603909
20590483
20581734
20570292
20440663
20356662
20346338
20144218
20065276
20010014
19895678
19771410
19501549
19372344
19335673
19258838
19245692
19239663
19220619
19175822
19172352
19154307
19095860
19092935
19087052
18976845
18805749
18650639
18388558
18271675
18218082
18071813
17880473
17605056
17379228
17126968
17109578
17084769
17045948
17002786
16706773
16704400
16704382
16696539
16684751
16681708
16675475
16636361
16631670
16629920
16624777
16624451
16624450
16619925
16581257
16567598
16562800
16527150
16522226
16517030
16506233
16502964
16500251
16499531
16495493
16476641
16436585
16422732
16418987
16403214
16398868
16398385
16395067
19088594
16377365
16374169
16369156
16365241
16357657
16340147
16330118
16306294
16306293
16300862
16295024
16293508
16263679
16258714
16254657
16254006
16244534
16240145
16237354
16229400
16225970
16220769
16199445
16192533
16184292
16183359
16172296
16164888
16153300
16140457
16129540
16129350
16125081
16123471
16123468
16115832
16096447
16093987
16078182
16050891
16050861
16024412
16023444
16019329
16006859
16000099
16000098
15980092
15937816
15921753
15899512
15897446
15894994
15890639
15890286
15888836
15876302
15865623
15862499
15861197
15859962
15836534
15833479
15819834
15817021
15803230
15793025
15793024
15793023
15793022
15793019
15762982
15737136
15728071
15717902
15682263
15681983
15668600
15636653
15635139
15618092
15609804
15599146
15590037
15586075
15583486
15566584
15564786
15548413
15544701
15534158
15531988
15528578
15520086
15513390
20680124
18584997
21403050
20712664
20713424
17025041
20004297
21045570
20019512
20541279
16982297
18221656
18354333
17803363
17486705
19522554
19817111
16594428
17565880
18041413
18923333
19300221
19165583
16359416
18461538
19209569
18622192
19055408
17579305
15677807
18382047
21419309
16033450
20371054
18304147
21074816
17059971
16717521
18849513
17164685
16524992
16027335
20511104
15739633
18825835
17339984
17823560
16102943
20136648
20532135
21805787
17074863
19659843
18719507
21476860
19432612
16021729
16224670
19451460
19800851
18784227
21940547
17922923
18395481
17234107
15812994
19142581
17161127
21651654
18503016
21685721
19820574
19805462
19299758
21714189
18446931
15729159
17363863
19366541
18073389
16142843
21362582
15733808
19147989
19125786
19377027
18293247
20414114
21519705
20066693
15557551
20034853
21952066
16326789
18240626
17206877
16922987
19270201
19780368
21199299
20297576
15693577
19143956
17061659
17999008
15768915
17200243
16202105
21045946
19620220
18677715
15831541
19249998
18262139
15912052
16425819
16616171
18201012
15976565
16549070
20975399
15602309
20738736
16844340
16296927
17695561
19445339
15864663
16942587
18687070
19120379
21474201
20398294
21658825
19952152
21155703
16311488
15581255
19104228
17673094
18650645
16247807
15871890
19839947
16757460
18021523
18927261
18069494
20927752
20837282
16422715
21492279
21036526
19002473
16195571
21373178
17042020
17544541
18244995
19271039
20451936
21899216
18305331
21320943
17972138
15770881
19360982
16141107
21500623
15764361
20643327
21397102
17551558
16911418
21458695
16359677
19969388
19422945
16442027
17050482
18938264
21248644
18389874
21122761
15944109
21777869
21610242
21513049
20972377
21599562
17375769
19835535
19542968
19840278
15992203
18362008
17959922
20077139
17972617
17196105
17416275
18279447
19766136
20464744
15616146
19593314
17667785
21599844
19112875
19092474
15666142
19735607
19044253
18551857
21410378
20306771
17519264
19266806
18418528
19496363
20813332
21305352
21684468
19306147
19689600
20711891
19930570
16249588
16371823
18373108
16836763
16005834
16872795
21083894
16149703
16670190
19588055
19728502
20393365
17640382
15520090
16088009
16009743
20083953
20381407
17324692
17343952
16566100
20929651
20235291
18984243
17971552
21780884
18252082
17141638
16398864
15974386
16334082
20976501
20000306
20639825
17224696
19366441
15812732
19258560
20357751
19999433
17999094
19419342
15746480
15761285
20230391
18842460
19486789
16531352
19775567
15719904
19721927
18727765
20463448
21858241
19073784
15961348
16968364
20436336
18842158
20890136
18976341
17393648
15796943
17418327
20189682
17298147
19901662
15684026
20696498
19076663
18384423
19953730
19648525
18779186
19642436
16886312
17710658
21051326
15892511
17515318
19067161
21718869
21618552
19750566
19187554
17194987
17879032
15777363
19892890
20577274
21426753
16961553
17489898
19246247
22017017
16436171
21099675
20873431
20712666
18339391
16881590
17700952
18434802
18172020
15606709
20826377
21450679
17233258
20179530
15946823
18785936
18726695
17233146
20684195
18638329
17699151
19567712
20953977
19568211
18425860
21290960
15984498
17241635
19877977
19125858
18188104
18423762
16020414
19564278
16362709
17472499
17175676
17804347
16159066
16455726
17359565
16061907
17263053
18443260
16919748
19055075
16049120
20716071
16005415
21842830
21493407
18620101
18774879
16734038
21263348
16358531
18979547
19390962
20676776
18794721
17115482
21707004
16148497
16333772
15734138
16466557
19876637
19189481
17077787
21503177
16406471
16320550
18365772
21762839
21942003
17701262
17447099
15568585
18240655
21798074
15724881
21088131
17252070
19422338
15822628
18335903
20719499
16426952
17976298
20377498
17260846
18421658
21933478
20009094
19092649
21076261
15947330
16502131
15737861
22029123
19319001
21893738
17635952
17980834
20072975
18034333
17203541
17335528
20919503
16527476
18837415
18466383
21063420
18578795
17300614
18332384
16087824
20479545
17600867
17008829
20509500
15842442
17576633
20406872
19638060
19134232
16169392
16471166
18373768
17240917
20508683
21457903
17355306
17001131
21322195
15992696
18193593
17286217
19239542
16838676
16484700
17532180
17100721
16714851
16177290
18923348
15934547
16766784
15801246
19013121
17102341
19306789
21741720
17870647
16333558
21512347
18543799
20852469
18653445
16035246
16759426
20167832
17061726
19862494
16858741
19242482
18717767
19635277
15587831
16970808
17494279
15923985
16284050
16996767
15608940
17627408
19648596
17427369
19130360
16370922
20182268
17553402
18208604
18307497
17669639
19066360
17592993
20105589
16686812
18041567
17009342
17938143
16267977
19467147
20875880
21269668
19073412
18632672
16813267
16474223
19341041
21841282
18710375
19637076
17724291
18667984
20682929
17959478
18657759
16415748
18097893
18197449
16612771
19033833
19402568
18606581
16494533
19120741
21074647
20548254
16722300
20181412
20132006
19024782
16512270
17588493
20661053
21600378
19038479
19543572
15546535
17644041
20123762
16268411
18154191
21558112
20629279
17900444
20306940
19897801
21180319
20081097
18842459
19476229
20144942
19120581
15825120
17803576
16476633
20074907
17907007
16530115
19046552
15700601
17339313
18196490
19372503
15833464
17577160
16960933
16873350
18688058
20559828
17457775
17619594
16444104
19853740
16429960
19655499
17414277
20386374
18694471
19707083
15718187
15644657
18810616
21145522
18373443
16438813
20186567
16641660
18261005
19606049
20605007
16846826
19422147
19513835
20346702
17678779
17088648
20212293
16248259
17133136
20536517
21545984
18855169
19962737
15771661
16124685
16431830
16231615
20582802
20061227
21651363
17366227
17407993
21482839
18788984
15580111
19956197
19546455
18284826
17452603
16304319
18845478
20879497
17535178
16739316
18800356
20618498
19142365
16529030
18658198
18561738
16987792
15970024
20527623
18684788
20337796
21456497
19801316
19678460
20117971
17291830
20885315
16189755
16370189
21305312
19209469
16513055
18074870
19960809
19361059
18388681
17129206
15633832
19123265
17911509
17193946
20005248
16013424
21298891
19495863
16697609
16289065
19121052
19580195
15601409
17150325
15917002
18038830
20379944
20022007
16843064
21841631
18781660
19891301
19840086
18664778
20206284
19545661
20351861
19111270
16385863
16688659
21299280
20858338
20719008
19010639
15817367
18834055
21732723
17714237
15695832
19378577
20134285
16466891
17407657
18981351
17516884
17462142
17495563
17688377
20091379
21471578
21133215
21618688
18512375
17533928
19275021
21117303
21585696
16212666
21344800
15625642
18982395
15715179
15990043
21184987
21145614
15723731
21654602
18510832
15997045
19543120
16170429
21729111
18162401
18988562
17368665
16035696
20830821
19085974
18162794
17977796
17317434
16763515
18347927
17365159
21879654
18482116
17760310
15998926
19227589
17490787
20194643
18551855
17596255
17060286
17623357
21860933
16290977
17559670
21537238
17851299
18043950
17607146
17129368
16884841
20083916
16140699
16494259
18374431
19653126
19353556
20850426
16894224
21362042
19017897
16618059
17170668
17142610
17022918
16553193
18340988
17540553
19112269
18367910
15745369
17117247
17466042
16441817
19543010
17985679
17061152
15624349
16336488
16762794
21554068
18505619
18601834
20385460
21120767
21472715
17335639
20576673
19669071
15735593
19842865
16244849
18660716
19461229
19737266
19317898
18349574
16921859
15993674
19515476
16498160
19072013
16635774
20697132
19536016
20146042
19418708
21692258
15929166
17926262
16962406
16708629
15552490
17167364
19432915
18826068
18787451
18310641
16263978
18084368
17885771
16963194
21333018
15528288
18021149
16297467
16261791
20597404
18314403
20414852
16981981
16088115
15843121
16287894
16700232
20722243
20579161
16426935
16619958
19022037
16999371
19233353
18578811
17892574
17190120
21441795
15768587
16604801
18760675
17321932
17933619
21738250
15998598
17989116
17822750
19444408
20179254
16625128
16230302
21410372
17260712
16035423
20834035
19117798
20419747
17242314
16396922
19154565
17436831
19968578
20666848
20167591
19183094
18496887
18185124
18580429
20625573
16551667
18610901
21515103
18562861
19223810
17976292
15953668
21057303
21066978
21448033
20630889
16829829
19220165
19674021
20309740
16422714
16464205
16643231
16780297
17054207
16596081
19345609
20444568
18036895
19327289
16258402
19349935
21642931
22164909
18038524
17327188
15573242
19767376
16784413
16153476
19021727
18320988
16595018
19517285
18364612
16491461
15651652
16304762
18229653
20825836
19392974
18577133
18479225
16650120
21118867
18279067
20367725
20880759
16773549
19060805
18005124
18644323
21585226
17200399
20205481
18388840
19630448
16263039
17075365
20646901
21154092
17572801
21342892
19826096
19271597
18242323
17298244
19939723
18458620
17321854
21176305
18036764
20603752
16909963
15929362
20227903
17165327
17178074
17509423
19502171
17198174
19101921
17035565
21271750
19914955
19055272
16412445
18824135
18019787
17761183
15552859
18832504
15634822
16376480
16186054
16567983
21244656
15690591
17022324
17934591
18202431
19622270
21887954
19061173
16732581
19352161
15748678
21044131
16684090
21111952
20538475
15823886
19573401
16437270
18329000
18924004
17102156
17199198
17483997
17395673
21242575
21134140
21228438
20453359
15818355
21090520
16546053
21266923
15884741
16908802
17108590
18773498
19935593
18484689
21332773
21126965
19752684
16161861
20227639
20687038
19734976
18994651
20719816
20593024
18609242
18063543
19075085
16131044
16980794
16632765
17617186
16056115
15991756
20428969
18686910
18159973
20457985
15612400
16219214
17115284
20057327
21706994
16099200
15913408
17313909
16893334
16965250
16294629
17972468
17991930
18727450
19571324
16033623
20031865
15867115
18191768
16216471
19019621
18315829
19119575
16541307
16609079
16784063
19476108
20044415
19647598
17147081
20423289
16945199
17067241
21591851
19776255
17727182
18023172
21404499
16402232
17353753
15724556
19446459
18790477
21323844
16680061
19912095
19291551
18033960
20874711
15890289
17408858
16719752
19852714
21213170
17941190
18364061
19278889
19797495
18335696
17468630
22129251
20367746
15677614
17632126
17660096
21692379
18521875
21819365
17935600
17006963
18078733
20065277
20172695
19761589
17824264
16191850
15539718
21209568
20369142
19634644
20501510
18081997
18955845
16356875
20642413
16859865
17951213
18425027
17953919
17394518
15928299
21269379
19858354
19725299
16298835
17494525
20154475
17278934
19293303
18687627
15710281
21672366
21255001
18787440
19063808
15674950
16382647
16019771
19154504
16408459
16092777
19421081
16212849
18222219
17412115
16126602
17908745
16449995
17935651
16238497
18804727
19233502
19878036
15853779
16253153
21811572
19720706
17062591
18835124
17139909
18990007
15551517
21982519
17986338
17238948
19678919
16238502
20008603
17873570
16328904
16223081
16799447
22032561
17845887
20873068
17550936
15591887
16972975
15687449
18567475
20925564
17630006
21780094
20452623
21422361
16875119
16475048
18502534
17655636
16878218
20169013
17518245
17161511
15646524
18657673
18254967
18996980
16648727
16775519
20103004
18540121
21693742
18633015
15530751
15602187
19147646
18649824
18788960
21682969
15797227
17375032
18041866
15612908
18586576
16986670
17804213
17704669
20397542
17479031
17572276
16567238
18031485
17953295
21404462
19447319
17636790
18485946
17228210
18642621
18512304
17957917
20224058
20092154
16951883
16795980
19481846
17725614
21176131
19996586
17319909
18049155
22066294
17693295
17019350
20704136
18725829
21404289
17763050
17987819
16794094
16215367
21866728
21219504
17049151
21301677
17678456
15690834
16773859
20815752
16850912
18482125
15708163
20439204
20924893
16893307
21809283
17909221
17591223
21715993
19610525
20450324
16197596
18663540
17976123
16053594
18387301
16553752
21860960
19011230
18446181
19014427
17626116
18555143
21658151
16260943
15622523
19864039
16426486
16411359
17474799
20657978
21689845
19695776
17441441
16974179
19797948
16384766
15824291
18465717
20858885
21109915
15560292
20123174
15981744
20036193
15699874
16869520
20842755
18561849
16544011
17762845
20601549
15819351
21409670
16269444
18386686
18974688
21553576
20738028
17844857
17609227
16026188
20127602
19795164
19443876
20171822
21136226
20382446
21429958
16061444
16706319
16636733
19619376
16472356
21694729
15785288
15637958
20051186
20335587
19893846
16050889
17094819
18815991
21343276
17267742
21577078
20495334
20054837
21459866
19663713
18286928
16262436
19734397
18608413
15910431
20464737
17982569
16688971
20085991
17570053
16353827
19621462
17346917
17294780
19940558
21426523
20825536
16889949
20843882
18430563
16633386
19958408
16752972
18398082
15560706
16264037
20838131
17884602
15802112
16755521
17353810
19394524
20557534
16832675
17724535
21482347
19000601
19363010
17071367
19186228
20633738
21292444
21074874
16735258
15918824
20560853
16526145
21817993
19517167
17645955
17996108
16945783
18629732
17394939
17284476
16195085
19075164
17257297
16629563
17578061
17302097
16447328
18375780
17364798
19411101
16735260
20049773
16292626
19182305
21036284
16848881
20690383
20502170
19251192
19247738
19760582
16313531
19565108
19756766
19699822
17381482
19185429
16485087
20449970
15754601
20880367
21486361
19584762
18528781
21252831
20580525
16376522
15712507
17559659
15692898
21110882
21813731
21863651
20621221
18550089
16553054
18483456
19269375
18723729
17130381
17510030
16316434
19085356
16770137
19639691
19041614
18726656
17371741
17654190
18829202
15927105
17256392
20598493
17694484
18515442
19879473
20510843
16814628
17724680
16190838
18069516
17968220
18772181
19160608
15597837
15992192
17202153
20230176
16623143
17936430
15869551
21541017
21879665
17485266
19076661
17035471
15709630
17197840
20196464
19473064
16477410
18682013
20442347
18352962
18375778
19087465
16350498
17668598
20816104
18591571
17275970
19788773
17109114
17195982
21534383
20590889
22066277
17582992
17902035
18540958
20368223
19255979
19567690
17563043
20215047
17393971
17026438
20345835
18678557
16334509
16484171
17522346
21242528
19998632
19420279
18358083
21323089
21199207
17664522
21219619
19185793
21268518
18240174
17103042
15761346
17604173
20965461
16371681
19634576
19740690
17714051
17889736
20735245
19318673
19179322
20193890
17040159
18038518
18715968
16430602
16276660
19967309
16897696
19665624
16574634
17685995
19939813
18793099
18307654
15812616
20402172
19388374
15899224
21057397
18176135
17217474
20618526
17279450
15853873
21272822
18945708
21857323
17024547
15866396
17896122
17019550
17546833
16023822
21955907
17019372
20204383
20822386
17263180
19085268
18534951
19350322
19173143
16833049
15532175
16155348
15563663
18950440
17576247
20211957
15653940
16732343
15628643
19346212
17095440
15940125
19915903
16174503
20555239
15786386
17490764
16376137
16153563
16794782
16438070
19073656
17371147
22029120
16416762
16915542
16827205
17190276
16212517
21301650
17412717
21264451
17233432
19149276
19141403
17988593
17847665
17785024
15725981
17916366
17147069
16045247
19156374
21336136
20443279
19785580
17330993
16358548
20360456
18774454
21403487
15583513
16704395
16966667
16310436
17919401
19119689
21283938
16492638
17026435
16955119
16489909
19438888
20841317
19414098
19142085
21277589
20667700
20704678
21608508
20488928
19166979
19287914
15962722
18294606
19410517
21748995
21170659
21905489
15596630
18277788
21143363
17486947
16008133
18442552
15662490
18607872
19515272
16776955
20675017
16764196
17116348
20592548
17129330
16124075
20733276
16670133
19435399
19368569
17522534
20486818
18061797
19874170
15942390
21566469
17603828
16516059
19465583
17067405
16238541
16911049
16314768
20869656
20132370
16898377
16310575
21108173
15730610
15897772
15891691
17427438
18653427
19823963
20091763
16708509
19474647
20711916
16683877
17066836
20406531
18362523
20402540
16430732
20436032
15533366
16118102
18292481
15788914
20843903
21208474
17869968
19552620
16875101
19863980
19307390
21371292
17467202
20875181
21278644
20390615
20870972
18548407
20211394
18562907
18454710
16331167
18849366
18154854
20838315
15925500
15518359
22124875
20408320
15980726
16264176
19042888
17418071
17053853
15705638
16150875
16732442
20227648
20948245
21430578
17541693
15890300
16757089
20123879
16217973
16908470
16430855
15700596
15788947
17491503
19264748
16257526
20869545
16806933
17886262
18251578
18403998
17855822
15893162
18466661
20940576
16116831
20132369
15605276
21545572
21067256
17364846
20954055
20489639
21367822
19272585
15778151
20819235
19050028
15812619
19281088
16609344
19539815
22030933
18038520
18946244
19582523
16752963
18097898
15914055
17421111
21224329
16579216
20387368
20875178
20670746
15552384
18649347
17131534
21540424
16114761
17253131
17662156
21922724
20044162
16496790
18388647
21362182
21460710
18277222
16987128
18370359
16229053
15684204
19180006
21322300
18402238
17383236
21610619
17424902
20157747
19762549
17356030
19423391
16770842
21611924
21816931
19643945
19640011
20308172
19805708
21684417
21700363
19593488
19140193
16741693
17985960
15552511
20375983
16492644
17490867
18557284
20852523
16792717
16555929
21209146
17906208
17153660
18501044
21457625
15923409
16278531
16454003
15540618
18555154
16801205
19220618
20159458
20849006
21439174
16161386
18953729
20850002
21378063
15628651
16012417
20465765
19225694
16116844
18335670
18518868
17917470
16756215
19095834
21609422
17472505
15812748
17851298
20964266
19945081
17436863
17140539
17710479
21991720
17464225
18357437
18800591
21890093
15701152
21155406
17328482
19201141
20442338
16602517
20710129
18807299
21133058
19056614
17573738
17300493
18484321
17181679
17711355
20550222
20950967
20550841
16269900
21293882
18545069
17640455
20930255
19642899
21323231
19459239
19383062
17091170
16457272
18394766
21857174
20824553
18057032
17502441
15891317
19422280
16686267
20546564
16205432
15574111
16863414
20048248
19640282
16887012
16245559
15802414
18922582
19697196
17658961
19398326
18814197
18579928
18981549
19696568
21507257
18061994
19659407
18021136
18705786
17186422
20860787
16271652
21378648
18279295
15724825
15710589
21294020
15787774
17382210
17726903
16198219
21709719
20919464
18758363
17561162
20125094
20532923
17904500
20471628
20144283
15852699
21070646
22098841
19228893
17473956
15647238
18999031
17540530
18664509
16618023
16543096
20434292
16236952
21321420
16139467
17634001
20102784
17151163
17711808
18649109
19292020
18075408
18941032
15942857
18018571
20878743
20353527
16398208
16509387
17167187
15746595
16989348
17560248
17199451
18058681
16295340
15597287
15834528
17388760
21675472
19648201
20369445
21915586
20738432
16862198
18316489
16828521
21610114
18468354
15718581
20358731
16676338
19277873
19054958
19260614
17007885
21191167
20040563
20863521
16296671
21554729
16323256
17569378
18761749
17230545
16955591
17531905
17612473
17405747
18364488
18580221
17359623
20442152
20173271
19151859
17575666
19820231
16547434
16396413
18495052
15542872
18787976
15848819
19567495
17449437
17403759
20955185
19553634
15837028
19896314
20654793
19131884
18519819
17883657
18051917
16149976
19836153
16028434
17724863
19373050
18247013
17175415
19140196
16515427
19100145
18355797
18027000
15947381
15566207
18241775
19029919
16062141
20453701
16749539
15875446
15948356
20712668
17306139
18463881
17175590
20843886
20303575
15911950
15932068
20235342
20451661
16751153
16025786
17053928
17685161
17584350
20182162
17488153
19739307
21317095
19947285
21170787
19024183
16842475
15800508
15730073
17911989
17317085
19808192
18068279
21252650
21546643
17194679
18768012
18197883
19104290
20419952
18315993
17606544
17761619
20559052
17381826
21675090
15589079
21195887
20625568
20438281
18758747
15689089
21481491
17828655
20175797
18232293
15871404
19033252
19062459
17722793
21684404
21117508
17692368
20711737
19757870
21709027
16459526
20231189
19853399
18923216
17326019
19408494
18678148
19731473
17267389
21167451
19120979
16515373
18062441
17178737
19700651
18701158
20687449
16424717
18300325
18539544
16351538
17683580
19722298
21902121
16600012
18835969
17073073
17628193
18712258
19648384
19389825
18301445
17068427
19349260
16006830
17287373
16144244
21029281
17562731
19542059
15955762
16413434
17806034
18828265
17613160
20525962
22030934
18314839
16150016
16164526
19610499
16249136
20118704
19293173
15746779
20459834
19469048
17151829
17334253
16968426
17152914
19780854
19065965
16148510
19131749
17559705
17539882
17257963
20825856
17088170
18816280
21954764
18179373
21407045
19156057
16685018
20199484
17515311
15707103
15694977
20306274
21418288
21469515
15815890
18508231
18039550
16027333
17537084
19326551
20841517
19255336
18501747
18725845
17046986
17335520
16481639
16620164
16025260
17622203
15526628
20455147
18560956
18978231
19107680
15771650
18227884
16120501
20176616
19344442
17075690
21424389
16627318
17142247
20813893
17889971
20659196
19693662
16595533
20507049
21165735
16336025
21418436
20921483
15911931
20955477
20952243
18094781
17447591
16130359
16858449
16101850
15635918
18030151
17692249
17914896
17699226
20390659
20495488
17182445
18416398
21419259
15689645
20838108
18542990
17957525
18426375
17083749
17301509
19592899
18556639
17110302
19860067
18647212
15700600
19875227
17767754
20360209
19029313
17047201
18522701
16037165
16327418
16080388
19293224
20303134
20194321
18838454
18810233
18588662
17477038
21178217
15748072
19608827
20686765
17608243
16893143
21244659
19898097
16014262
18313675
19761745
21311968
21598809
18839663
20088320
16015511
16455161
20094093
17183890
18617920
18225675
20435665
16823953
20303232
17000480
18037602
17684860
19419546
18248673
18416779
15717239
17055694
15818096
19939223
16124844
21266150
18387481
16260342
19578326
17957502
20605850
17185208
17274693
16023455
15629730
18377572
16106155
21194458
17211769
16756051
16382795
20512742
20722840
20068024
21520796
16965558
16094791
21477493
17675724
18200827
20064134
19858792
15934173
17352780
21062136
16433735
15662054
17891047
18595942
21831325
18382834
17042399
20951557
16052732
16969245
17621777
17219878
19251831
20591015
19468121
15983308
20687974
20180665
15893215
19062110
20870690
16437328
19734402
20011821
15789379
20000028
17876174
18546568
17620394
18377105
19235657
16094549
20579121
21644295
20541075
17983928
20217195
20670270
16673625
21463550
16447854
20825533
16717514
17286730
20712108
19112022
15974137
20827062
19785362
21528081
20434096
19761482
19596322
17522003
18534284
15668838
15548103
21143564
21459256
20660633
20172452
16700856
18387226
20392667
21292055
15619174
20084316
16782251
20069918
18093591
21353918
15533081
18271833
19271362
16323719
18274298
21349374
20164474
18220126
16332465
21480832
19244631
18667958
17022891
17099415
17308862
19687107
19098659
17966836
21067114
21132553
16850152
19279478
18036917
19719376
15714100
18176852
19735339
21544033
16575842
19403235
15730455
15640289
20421033
19388383
19734191
18677877
15946437
19253130
16827611
19080189
21807274
19669680
16594219
22043493
18019971
18307701
17131640
20582500
16106686
18032318
15714933
17945886
18469606
16711333
16610662
15742908
16531938
17167366
20157139
19112277
18763657
19996467
21951510
20679161
16630413
18090889
17031728
19247884
20720611
20657153
21309388
19657251
19594344
17605624
16123260
18945360
19295227
16691214
18005378
21320942
17569318
20159456
16719899
20332309
18195392
19734646
20103026
18301231
16434113
20308222
18311396
17727770
15533478
20180498
19770748
17591410
20356429
16686075
17899388
17971627
17137019
21675699
18198966
21098180
19273874
18034182
18482118
17518381
20233017
19581624
21481994
19197815
18316939
19491750
19193242
16047810
20042562
20340063
19930285
21111926
15968215
21269352
18845347
20654839
18031573
16197765
16196501
19066144
18796050
19010185
16620354
21942149
15553361
21253839
22049632
19073377
15714097
21351125
18363482
17331094
16569544
17945160
15718939
21265584
17694612
17059490
17515857
21108960
19452737
19535214
16971286
18551601
20159210
17852241
19183330
19464761
15612232
18054818
18766354
20502180
18949641
17433113
15999663
21749772
17378356
20410499
21205046
16720263
19423875
19845717
15671188
19442968
16167658
19564323
15589911
21653910
16143738
17852017
20630363
21042862
17978360
19370522
16757514
15907668
16259852
17241187
18385225
21121815
20399487
17442030
16219516
20424802
20801967
15626072
16783248
19533586
20929435
15904754
20113944
18454774
20217481
17124626
17726411
16361596
19248650
15536023
18569887
18318922
21750284
18447759
20578470
17447603
19206034
16909724
16978415
17332956
21474368
15523255
18826976
21150420
19601451
17929724
16021559
20142264
16238905
21325796
16311134
20119630
20080462
18207353
18041547
16672255
17598894
20222404
17897829
16215360
16865631
16111948
18334517
17461803
16882002
16764152
16295512
21661500
15896412
18061421
17785644
19576803
20868642
17583897
19004438
17276540
21095840
18414266
16339613
18179534
21112932
20543239
21054592
19589164
16594280
21059417
17508236
21176251
19608320
20057158
15861361
21933275
20626482
18237067
20536490
15918790
18057844
16160678
20679039
20692658
15843180
21717635
17021282
16398601
21385470
18421809
21158998
19308831
15973941
20854039
18059195
18787437
21186282
15912070
18051996
19489757
21936431
17853182
19100960
18192152
19955243
20377024
17110646
18563006
16451411
18301949
17319557
15688543
19529915
15552888
18380826
21783011
16006844
17593305
20030500
16781241
19559512
20828509
20609251
16502830
16292070
21282690
16483096
20306848
19577702
18022045
18472265
21718624
19374282
19132344
21110399
20043216
18019114
20728325
19524441
21038530
16083376
16475465
18837659
20573664
16946286
18724118
15896961
16340947
18518885
21718834
17847975
20682499
17662665
21292049
20398083
16076327
20921487
19892293
20889628
16001612
18444044
20221862
18341180
17519024
18998598
16859236
19096487
20829114
19004171
20441017
17035553
17199055
20452166
21413594
19525720
19222655
16685051
20586173
15860878
19474593
18494430
18662950
18032317
20151348
20801715
18783001
19716704
17444118
16566531
19420403
18048503
20229076
21343171
17131641
17304074
15816201
20371032
16238867
21718855
16077285
20056186
19783766
17621617
20690370
15834342
20929412
19822057
15729844
17682411
18843531
21231884
19105821
21237363
16212719
20584701
20727191
18462289
18171322
19926387
21564392
21321466
18459155
18584521
19023522
20923843
21739733
20367694
16310435
20812584
16162038
18636228
19579576
19501034
18562819
16161321
19112264
19266971
18240924
19437383
21708000
19767023
20177051
16823638
17085615
20121006
18519600
19962839
17727593
19943225
19940420
18622339
17991908
18386178
20070068
19248408
20970788
17881194
17052089
18392384
19386368
18449574
17305265
18080336
20229715
17847597
15754507
21639747
21407013
19182168
16155776
20931892
15799889
18440532
17137147
16464924
20402319
19618796
16777826
20454567
16915743
16534404
18993129
21035029
21592063
20547077
20070812
18466182
16623624
16180548
18798229
17378463
17944588
17851332
19323716
20091991
21215489
18387016
20922802
15818638
19712215
17669406
17559973
18091287
19712787
21464065
15713185
20550019
20426298
16722861
18506339
17922454
19689699
17534469
20942615
19691850
17346340
17012495
16628312
15712465
19003797
18757103
19594734
15667759
16550888
17449504
20064269
21858789
15794530
21315638
16697601
16396679
18617708
19521293
17286737
19772968
19947781
16594433
21519775
16250532
15856168
15909169
16568232
16199397
18681977
18269551
20491209
18293092
15749321
19745409
21585138
16791668
20507557
20186132
18021557
21337054
21309317
19680792
19784620
19051976
18559164
19822587
19287107
17893930
16415627
16565628
18821031
19682124
20667061
21442345
17521459
16004096
19237874
20487528
16703832
16323132
18841343
18075770
19216242
18564996
19899286
20654811
19395700
18974174
19691463
18457604
15727112
16651304
21456486
17646058
18375632
15871373
17918304
22027164
18585535
20003533
17503752
17109707
19771393
16311135
19653141
19546639
16783796
16466574
21501645
18261501
21371983
17902393
15540669
17726711
18667868
18018955
16764559
16960752
16980791
17170639
17324772
15964865
21429956
17521767
17394620
16884810
17550750
15615665
17095988
17193809
20482950
18423347
19751379
16028831
19546088
21606107
17605627
15703347
19508138
16536397
16122361
20303665
17066969
16447784
16218548
21818013
16206332
16816766
19536033
20334010
18160245
15937267
15908825
21298276
16570780
21617648
18226272
16359739
19827205
17944154
17977500
21542811
17592217
18332668
17111431
16704847
17033207
19595319
20883639
16107598
19890896
15859936
18036478
15985441
19413560
21332373
17019552
20302614
21192167
19097575
15623271
15990430
18773330
18780855
19130311
20662343
19482259
19947049
19817274
19500750
18488866
19653547
16190008
19819761
16334819
21045098
20078006
17924242
16107491
19913179
19759075
21557168
15549004
20185608
15571137
18768026
15904887
20407398
17067674
17016942
17926605
20940249
17955077
16098155
17233257
21492718
16860853
18505152
15561157
19901567
21254487
18662214
16191140
16340622
20500349
21252200
16205862
17338086
16253944
18000128
18029393
15829025
18669711
18394512
19538046
16336490
19887653
17284297
17352703
18003593
15996975
19741381
21473210
19060804
18055904
17978148
19944465
17430825
20815908
21500605
16312084
20942883
21514244
21888221
16881753
17446825
16525169
17517205
17533547
15962433
21062578
21146342
19728198
15732888
18703444
15927512
15820382
20028284
19304691
19074929
15850266
16119682
16000293
17356436
17665071
18202934
19526887
16032428
18414336
16816602
17679587
16481253
15758702
18314860
19750836
16523736
21784282
21769757
21971693
16425679
16223629
19277845
18479506
19968691
17303267
17475988
17511801
17236856
18664978
16897374
16250197
18298996
20303591
20536757
21519300
21805949
19350879
15778075
19018902
18515809
21343433
16515257
16963677
21478782
18751356
18405012
18196853
18528821
20405969
17901596
19899289
16777510
21155699
17069582
20516765
16704378
17206232
17229532
15616404
16273794
17292764
19098962
15748123
18545842
16707070
16483724
20889847
20232127
20081134
21108661
19943235
19397136
17219504
17077768
19722422
18634356
20386462
18190683
19419589
21826042
17095298
17257978
18501031
20438384
16829776
19694221
16098411
16843633
17108506
20039840
16822715
18378512
21187738
20223789
20211305
21268419
21692729
17580773
20519008
18493712
16713512
15875447
19803665
17506231
16344014
19754687
16184072
17524866
19571728
15580415
16493299
16518795
18492717
19116974
16987416
20505999
18359181
20712206
17105634
18979996
16703745
17444460
15580854
16351527
16287826
19335095
20690390
19231704
15941078
20508952
19701782
21182797
19944376
18028832
18284834
15988666
17079612
15526664
15671191
17520850
19537147
16160925
21034876
19031483
16918999
17130700
20205952
17331259
18649699
16288876
18415920
15557353
15975955
17078349
20579149
18200965
19272541
22029758
20830625
20922921
20458055
17986073
17040546
15660321
20179441
15575126
17931538
21586258
17363323
18356768
18654093
21664016
21351267
18927100
15575117
20423575
18401223
15683956
16450520
21352624
18655687
18690630
18778558
15526736
15514186
19057466
19096735
17352695
19526443
16777612
20631590
16700350
18194594
18842968
17681830
20123824
15686810
17615601
19364246
17465286
15617215
18394856
19004659
16258096
18190580
17826070
20556491
17434236
16841084
18360149
20353733
15860472
20170328
15574193
20689929
19405456
15540299
17523273
20719567
18581017
18971403
18533313
20228641
16101709
19022170
17326598
20927739
19572102
21168370
15823889
20723771
21658255
15603664
18433656
21448042
19395934
21080835
21544044
16225029
21444937
19836731
18536884
16148486
19787380
20860978
16237350
17187538
21456108
20925613
18728507
17682207
18164466
17001116
15935238
21879998
19241917
20331325
15931310
16617720
21510126
19207055
18335686
18092916
15601273
21660534
18434977
20473643
19493137
17823476
20392642
15690896
15861611
20029006
21330327
18160893
19261944
19231678
15856169
20852566
15686081
18586341
20729493
15889640
18294351
16138821
17803400
16858002
20552920
18808693
19403464
19731420
20849304
20353929
20160554
17378291
16048857
16460387
16285199
17803413
19130685
19207736
19028922
17592973
17939880
15597294
16717518
16076793
16006697
17309364
20039996
21865222
19901502
17274807
17577296
18613459
21067891
15603635
17183933
19300039
15587130
21279253
17428817
20070598
17903257
17084301
20345206
21844435
18190369
17227921
21560897
18713160
16174895
16808751
17418464
20654872
21972662
16374668
18841254
19507311
19953460
20974071
15729427
18557670
17849931
19487945
18070780
21050443
16775473
17934678
18724537
20682964
21790099
21229223
16521901
19306021
19648096
17397975
17425775
21316564
21457410
18182541
18853738
16036507
17560916
21736977
15696568
17356351
19694337
17080000
19053915
16432391
17580769
21268452
20194107
16189947
20671567
19623042
17079619
16455417
16779953
20724192
20972850
20929944
19249104
20373929
18487973
16900287
20800766
19038900
21533867
17936549
20368662
19195038
18159718
18278648
16420660
17035876
16875797
18947114
17540320
20198835
17372550
17760651
21786526
19504737
18359728
21712255
20940587
20694761
18487762
16529186
19388370
19558936
18830718
21047036
15553057
16287559
18607014
17355377
15532812
17037475
18563031
19955904
19855271
17958056
18612660
19957348
18238742
18330192
16603985
17693906
20807911
21872497
20388936
17522193
17034640
16186004
15590242
16985398
21119075
20069767
17112941
21639897
16563315
18206522
15642724
20689937
17364675
19272644
19054983
16220649
16968373
20923512
20920105
16557124
19541214
21555667
20509723
15815966
15721968
16402739
15820427
21042245
20006414
16711579
22067735
16103035
18688600
16996453
20186647
17139664
17551420
20376608
16401766
20626379
16047987
15603685
21401687
18830138
20601614
16988287
18086977
19721026
21404876
18815525
20064882
19454871
19896664
17611110
18667874
22049812
16945780
21164408
16091027
20041613
20713425
17535294
19816163
16270668
21736109
19240441
21673859
19318852
20373479
15920650
17054446
17496351
18819212
21744574
21565652
21406671
17459542
20046133
16594242
17078883
20371053
16061888
20440410
17600453
18039993
17071570
18549436
16419462
19001003
17343021
18844196
19009141
21672116
20059394
17650719
20939875
19273780
21359258
19697661
18339336
17851378
19155098
19840275
18704869
18164450
17259922
18395660
15918864
21127091
15994709
16638028
17303385
15798453
19014116
17123674
17440640
16275213
19932933
20642215
17472529
21044926
20819267
21646997
17845502
21278032
17669690
15871867
17559021
21047725
18073583
17565431
19266973
20007819
21393300
17499569
20064142
18539879
17907008
17412236
20563396
18264897
19894010
16388063
19764360
20404623
15722850
21667548
15582349
19694532
17605457
18694714
18584389
20298379
16629356
19060792
19602606
15560900
17518880
15918260
20520216
19171727
20025770
19714512
19664842
19024427
15887949
18781251
15518257
19011172
16088832
21808960
17060268
15727546
20595536
17205276
19481046
18297974
18808574
16689756
17971308
16777830
21749554
18806318
20090227
15714021
15789885
16259701
18509583
16142573
17179352
21297458
18830770
15660148
18951385
19762137
15562740
21052634
19157357
16456477
18039381
16231035
20049258
21069692
17786522
15641951
18757768
19773701
16182094
16353320
17683303
18724884
18354823
15641401
18825572
20222232
18538216
20431439
15656472
16045118
18958777
21044135
19602539
17596745
19825895
20098176
19674454
17559722
19127899
17491357
21626482
15898686
20829335
16077286
18179535
21416409
19508132
17056771
18700984
19836920
17356989
15831548
16461246
17194412
17416698
21766914
21676052
20560832
18412885
18612031
15537189
16209223
16499252
16892667
21701448
17142527
18359112
16050306
19324509
20067075
20024697
16959931
21655407
17054172
19808471
15698531
18059345
16995611
15668310
18468922
19261173
21233263
20230576
20355346
21558769
18639936
18556692
19819095
19853936
19169826
16035725
20809422
17978607
21764242
19006625
19687698
15709218
19431249
17432333
16718578
17193942
21323007
18723862
18164944
19875269
17234063
20351555
17301210
19010605
18520315
20843961
18032682
20513695
18605349
18655644
18355699
19490773
18343252
20185424
18780932
18278840
17958932
16305601
17973719
18563863
16426618
20309780
16779156
17087673
17723968
17985783
16529850
20044690
20698194
19454399
20375814
16050628
20840378
20302625
17365203
19171057
16052902
16128641
19119095
18693980
17666296
21132294
21294497
19127130
16393233
16900408
16926729
16565792
16493319
18817500
17497483
16300211
18839050
20971519
19237645
20235896
16181263
16253259
19896325
20401505
15699999
21893736
17900393
18311086
15835012
16240619
20554423
20436027
20131442
20122026
18522372
19753425
18235403
19448890
21373820
17452733
17063585
16381351
21387661
19689494
19266944
21285471
18378349
20350914
15853233
18094342
17702522
20031823
18329223
19039213
18554384
16223107
20550639
15991591
15715696
18649812
19012820
16917424
18319403
19485874
21476412
17963879
20845197
16816293
21148579
19592414
18390051
17087825
19734778
16087007
19169580
16109515
19880954
18183053
18595536
17008952
19538799
18722655
15673481
17957346
17254903
16918080
19030690
18979706
19744192
15763910
20456340
17661076
19220382
20453732
19963303
16819564
17380843
21669517
17149165
19431006
20618603
19744061
21435571
20711651
20879910
20371033
17083559
18837644
16405707
17723977
15574622
20684403
21387580
19290975
16319707
15646115
21473695
18817023
20045279
16813541
17140758
17553107
19104294
16965637
20855809
17194883
18279275
16252084
19016924
21888068
21658779
20663830
15875590
21910368
17918080
16546345
18360221
18179503
16866176
17244012
20657023
17624038
19200287
17920823
19478723
17069923
15660548
18277553
17067753
21311444
20180439
17424791
15788949
18157581
15536973
17726718
20124774
18304896
19650950
18191769
18434900
18792734
18654778
20658300
17621785
18053623
18405469
17307794
19150094
21830643
21750593
17467406
19020703
16328750
19743532
17068440
17001437
18088524
18541641
16480050
21667674
20921888
17340848
19146550
15739128
18688055
15886931
19842359
18227742
20619768
15675547
20143327
21082710
18769996
17444429
21169163
17565524
18827093
19380090
17166982
21359690
20232252
20667779
16430759
18955722
17658006
19430819
19932475
16109113
20050487
19583782
16569998
18194352
21376433
21086054
18853711
17136927
20236299
17223770
19575791
18373314
19056024
19448790
16495203
16923040
19444721
19650945
20337847
20605062
15721966
21787029
16565271
20101942
20690376
16294628
16469469
21521624
19373635
15513798
17329504
18959614
17575750
16274348
20713796
16446335
19492613
16404802
20675736
20202278
17565796
16003459
19592331
16913240
20889635
20423389
17655996
19567755
16200512
16890882
15945363
15881934
16162387
19070193
16167446
16495708
16390532
18187246
16205345
18022833
17901519
20358517
17270044
16867965
15571900
17418194
20708368
15567874
17267318
18461254
19024067
21855907
21109126
20678681
19249637
17574303
15633311
17397700
16771956
20119710
19541256
16430401
17526315
17405577
19863765
20667055
19550423
18720633
15819835
18792440
16049209
20191466
19426945
19659706
20868793
17511206
16477286
20920808
19930654
19553067
20214255
21639657
20533572
19697671
18069917
19084880
18702787
17641318
15818034
18338267
20016412
21716110
17548400
16477958
18281352
18072978
21142837
15869559
16632078
16832075
20803281
16770368
15931020
19254194
17169084
20594804
17509383
16273994
20200164
19813557
16887022
17048360
17134641
20863343
19119734
18952262
17518020
21502347
19194128
21800731
17955355
19352570
21252349
18727575
21306701
19065431
21426214
15777478
16030507
20818925
18083464
19418242
21878695
20834034
21371787
17471995
15953979
17512471
19661809
20494279
19111783
20972385
21811626
19522714
17984404
21767163
19773144
17095377
17260490
17491563
15960009
20477765
18563001
15934573
18186031
20131587
21791093
16000092
17846091
20860610
18438119
21645418
15546817
18980712
19333984
20525097
17936793
16996514
17058890
15850429
17907734
15537586
15665634
17162877
16584454
17486915
18997599
20422304
15551675
18008106
20546287
21587184
20489604
18954877
15864364
16518951
17214237
19577761
20713746
21305537
17016939
19492178
21460344
19698012
20660904
21462852
18849364
17020238
17452431
17279528
17619598
15644694
20562607
20825823
16520527
20447197
19857910
16450233
17727581
18788230
15642851
15636409
17678833
16988299
17495574
20499655
18928465
19711731
19327616
19270470
17803415
20698414
18050243
17432564
17125956
21318441
20592066
19358074
21242160
21062383
16029979
18939680
18849363
21805888
19150682
17279193
15634637
17899993
20434252
17371742
21807292
18803845
17658438
19024232
21124264
20606653
20662293
17240868
16798255
19594975
17595715
17213048
15686073
18560955
20029311
16450936
17310337
19700966
18501748
16029982
16860522
18774131
20574269
21388007
16075473
20389216
16772628
20302385
16450619
19692159
21051886
18401676
15645747
18378730
20563730
19435112
19558734
21319591
17378464
16859869
16125029
21424311
20177950
21155756
20047740
21199305
17589980
15654469
19526684
18075432
19703042
20383077
16388772
18725832
21231953
15717336
18514825
19690787
16570730
18760411
18947093
19824525
15788080
19537534
17880351
16597578
18515607
19817618
17111052
15687312
18339668
16869179
15662149
17581485
21095690
18395928
20497606
16263537
16419672
19650511
20443305
17198753
20656603
19393482
16181404
20220685
19333972
21661279
20470951
21596757
19204212
18333558
16491996
19889379
18632507
21248530
17240561
19435014
21368514
17628462
19127537
18517166
17298263
18354103
16566612
18614452
16555756
17489937
17320017
18652666
21668384
16898048
21144403
17512645
19258829
20966841
18622219
21941879
18384672
17211568
17091363
19928709
18616858
20081606
16571840
18174196
19236287
17160215
20010151
17413676
17891622
20436033
20634622
15544662
19960922
17171573
16900070
20438399
15662176
18361954
15789291
19525769
20421057
18779483
19254201
20709554
21749006
19912120
16325139
19728246
16982254
15741716
20601727
15896696
16113758
21848019
17133206
15619508
16476643
21320941
20698096
17889734
19444671
16822718
16292130
18762505
20078199
19050210
15744445
21624536
18350774
20966789
18641112
20890138
19112004
18196718
15889874
15558075
20085116
19108529
18307461
18617824
15718626
17161900
21061928
20834202
17591411
15769972
21130030
18381881
21170576
21299570
17071299
17636573
19191854
16160067
17343118
17883715
16724286
16788256
18552683
18926447
21392965
16227662
16483424
19135822
16892774
19246134
19326301
18186494
21785153
18005351
16951297
18076555
17594294
16082909
17825730
22073695
16018132
21576613
20684182
18027524
21897403
19189748
16629279
16376145
19151986
18308023
18711418
18264190
16799364
16430346
18697337
21240082
19638640
18838702
17142601
20077804
20220614
21188331
19585177
16379510
18464129
15984731
19806816
16612299
21599994
16638122
18718991
20155605
17347295
21888454
20976815
15924033
17298284
21300228
18203568
19524859
19695929
16024417
15784059
16165075
16373136
21036522
19827966
16905990
19458596
17411550
20803925
20932658
21168872
20081700
20957594
20967869
15822623
16313377
17192219
17926770
17354156
21159898
17804467
21689040
18854847
18685318
16604799
21494781
16749222
20639791
19638741
15949068
15794667
17446790
21141263
18632026
20429487
21570018
16842344
20305845
20623521
16441966
17924373
17352299
15978874
17075823
18563026
21366932
21429447
18690905
18304060
20593569
17205001
18157487
20469767
16492843
19173724
16613417
18438200
17427603
20426815
19104249
19917937
20405303
21693002
16014211
15875749
21989747
19062423
17426936
16830247
18208731
17153563
18546983
18450887
17012080
20879903
17727772
20087122
18613851
18198783
18725002
16223168
18298504
18025908
16441395
20861590
16249590
20503838
17910139
19744291
19066984
19801942
18517171
21576545
16499239
18446745
20372996
20675827
19271662
15584687
15559340
16905933
16224646
16324541
21528162
21488764
21117327
19018905
19938397
15668597
19537535
20649437
19514804
19738146
19778705
20359145
16808584
20636672
19005190
16398009
16046914
15772510
19860041
16259344
17218647
20921095
17353843
20091507
17522582
19406044
16728866
21610702
20478866
21505573
20832743
20003275
16909729
16585026
16296376
15609748
18083675
19961588
21172073
16033498
17591453
20306740
16884462
18390504
16733004
15685004
20840686
21488561
16126316
16416155
16582973
17550092
16212217
19263906
16291300
19159977
18448047
19566867
19551607
16604910
18668612
21074218
18853532
18304125
20513688
18063444
16923032
20722812
18821088
20532593
15646867
19732512
20923482
20838269
19327772
16719039
18927141
21879661
19697698
20690996
16242331
15832583
21351840
20557261
20227642
15725203
21675167
17041073
16141741
18585538
20562092
16515154
21199150
15657688
15887788
20337831
16530117
21418365
16091028
16334457
16573720
20850177
16634121
16902078
17060217
20442362
20144180
19572763
18184116
21192569
21714925
15758593
17308629
16278971
21126301
19969315
17592168
16980515
17145737
20448515
17097757
15829458
16285343
21898454
15636652
20633749
16484714
18084105
16448970
15846523
22049813
21695383
16849917
19842002
19114844
17568285
21658020
16631716
19101804
17889000
16234300
18234035
21674523
20480752
20560955
17785685
15706817
15888394
21341443
19400938
18392632
15915739
21189717
16953020
20942889
16198213
18180634
19509634
17581460
20107414
19397146
20538961
18535426
17468681
18959302
21941812
15809792
18980460
19772228
17167350
20552281
18590091
20204938
20795588
18052895
19125385
17907011
17167376
17377997
20437280
17458356
18349006
19668921
19081417
21516595
19700779
21424965
19201059
16021555
18931273
20649673
19106884
21464758
21756619
20961414
21536216
18789413
20655625
15942477
15887875
17929730
20686399
19115893
19629536
15947809
15910010
16903616
18266573
19566638
17085608
19348818
17357358
19592208
20235774
15625798
20362216
17170646
17676216
21287773
18071204
18673569
15546482
18597695
20067668
16493293
18184218
19736656
16648728
18082671
16291385
18704267
17102919
21218737
19674761
20096834
18802985
17619326
16937599
20619599
18654957
17766273
17893382
16049710
18656044
17678824
20673970
17007704
15848471
21353679
21952383
17968039
18061006
18831674
16809400
20397478
19363444
19838654
15835472
19227019
20382901
16047994
17963969
21391861
16538848
17518010
19584211
16378254
21382072
19326807
19672190
20695330
19243317
18415031
17392944
18484440
15938105
16643477
20952030
17352705
18761196
20802274
17825495
19058076
20536115
17718727
18397719
20031877
20620810
15659089
16684638
16679876
15511424
21527303
18335259
18801481
19700969
17433614
21073122
17513535
21353863
16805186
16965249
17475736
20586992
16106331
17605949
18756170
19434948
20181648
21366022
16962407
15967558
15839183
16676288
18250240
16925002
19664735
17927056
21033236
19972656
15871929
19242654
21189516
21108770
19720810
17274175
19918185
16720262
19175591
16567821
21099699
19317857
20585083
16330966
20373658
21690602
20552770
21500008
19777204
15798595
16211436
15807759
21507612
18520312
16478839
19009120
18838492
20060970
16456208
17870011
17941552
19006595
20802323
19881212
18396367
16372601
17196902
21462758
16272971
15813397
20508678
16926365
15920939
20810938
20578075
17070032
21348209
15860071
20023563
17727690
19295974
16799361
19673731
21473786
18512376
16652282
16035678
19405421
20486343
15997715
17985517
18181670
17315489
20427634
19823968
20843883
20349778
17910315
19072012
20091628
16872121
17020719
20414128
17286723
21119185
18478275
17682443
21495197
16234575
21422099
16175728
21485750
16829831
21280285
19849904
20922979
20077788
18637856
18463016
19663241
17329301
16059836
16860987
19815915
17630864
18711031
17621356
16219623
17039988
19075103
20403490
20409433
16489707
18554164
15764960
21824959
16923480
20657305
16426796
19863766
16384746
19120748
17242441
21053708
17405392
17435426
19061679
18815950
20713872
20183899
21276530
20686925
15772919
22021547
19490136
18580081
17160375
20123331
15890071
15644676
20423912
19708928
21488706
19734383
15651447
15533143
17594409
21566455
19546724
21218571
15856386
17720453
17243022
17252970
19305226
20122028
17397465
19654579
19065971
17872750
