16709539
16711228
16710138
16718949
16718540
16717487
16717484
16717005
16709883
16750088
16749298
16740565
16732782
16724481
16723914
16722861
16722258
15691209
16785478
16781961
16777501
16775795
16772764
16771217
16771202
16764970
16762109
16756518
16700335
16836220
16835413
16828215
16824170
16817974
16817076
16809674
16809400
16808694
16801343
16798173
16798068
16691214
16690393
16688665
16687957
16686244
16893360
16893143
16885678
16881919
16881482
16878744
16877043
16875104
16875101
16873812
16868240
16863005
16862202
16848332
16847298
16841825
16840484
16684759
16961098
16948725
16945878
16943713
16941919
16934295
16932230
16932138
16927747
16927575
16926968
16926823
16926691
16925048
16922252
16917454
16917187
16915959
16910429
16910129
16908229
16901534
16900964
16899002
16896113
16673222
16670130
17046470
17042454
17041232
17039499
17038068
17036695
17028043
17027623
17020188
17018197
17015790
17013869
17012306
17007709
17006026
17000710
16999766
16999150
16985391
16985389
16983798
16983267
16982346
16980636
16967650
16967647
16967400
16966670
16966667
16640130
16639960
16625891
16619472
17146119
17146067
17145737
17142601
17142584
17139941
17138498
17137019
17130981
17128734
17126687
17120133
17118075
17116915
17113882
17110302
17107396
17107289
17106344
17105743
17102447
17102422
17102420
17102333
17102254
17100867
17099105
17098098
17097658
17095326
17094685
17092453
17086470
17084773
17077995
17077786
17076445
17076107
17071695
17069817
17069104
17064706
17063631
17062536
17061966
17061775
17061759
17061726
17061432
17059297
17035881
16602561
16594420
17252093
17252076
17250948
17249837
17240636
17237653
17236908
17236480
17234063
17225841
17216964
17214110
17211022
17207148
17200877
17200609
19102103
17194985
17194688
17193764
17192448
17192115
17183936
17181015
17174632
17172116
17168086
17168069
17167706
17165478
17165076
17162109
17159018
17156424
17152892
17152327
17078138
16570029
16083474
16082881
16080388
16076791
16060053
16047961
16035475
16034337
16023455
16012153
16011227
16011009
16008033
16001760
15997968
15985506
15980804
15979193
15974332
15970784
15965386
15952611
15936466
15934576
15921133
15920357
15916121
15913125
15902036
15895546
15894705
15890308
15886188
15881710
15880967
15875286
15872180
15862640
15850153
15849650
15847965
15836532
15835223
15835222
15834253
15820285
15816228
15803088
15796462
15796461
15796460
15791476
15789481
15788294
15779700
15779699
15777033
15762893
15757070
15756985
15755463
15750529
15750521
15750514
15746817
15746593
15745282
15744748
15739924
15737216
15729908
15729776
15728419
15724787
15724785
15723727
15715277
15715179
15707097
15706817
15700594
15700480
15696835
15692292
15687765
15686337
15686336
15686324
15668268
15658233
15649189
15648370
15645949
15645783
15643028
15641666
15641584
15641281
15632754
15628558
15628169
15624293
15622417
15620075
15619737
15611486
15597006
15584687
15582641
15579358
15579350
15579349
15578818
15575174
15575137
15574458
15569966
15552825
15552539
15548130
15545673
15542003
15541622
15537856
15537599
15537586
15537065
15536794
15536789
15536117
15535536
15532326
15527539
15526053
15524036
20329473
20222482
20212173
20196495
20175352
20168151
19491848
19489376
19489369
19489368
19488094
19472490
19449606
19441256
19430410
19402320
19380389
19367296
19367231
19367226
19285188
19266968
19260370
19247081
19237931
19237796
19186446
19110845
19090375
19088138
19052704
19048355
19042512
19028336
19024223
19021479
19009875
19009874
19009464
19007712
19007711
19007704
19007703
19001917
19001101
19001099
18997226
18996745
18982223
18981789
18981749
18980560
18973710
18957404
18953777
18948025
18940987
18936325
18928465
18924272
18853500
18845478
18839663
18835724
18828254
18816703
18405569
18812370
18797726
18795501
18793099
18792734
18790295
18785459
18780461
18779476
18777840
18777682
18773793
18773765
18763552
18761678
18760675
18754114
18724601
18711905
18711157
18709580
18705121
18702408
18702083
18700664
18698189
18688055
18687875
18686900
18684426
18684414
18681248
18680809
18672732
18667127
18664823
18664745
18664739
18661855
18661632
18657686
18647977
18642623
18641503
18641501
18634638
18630809
18622457
18618204
18615917
18610714
18605644
18605277
18566078
18488798
18435303
18427398
18425027
18402316
18401229
18392532
18389874
18376525
18372252
18367914
18360174
18332510
18332509
18319132
18319124
18319122
17498602
17491445
17488984
17487709
17486705
17486466
17486386
17481983
17478663
17478656
17477316
17477232
17474799
17471686
17467583
17466653
17464230
17464225
17463146
17462044
17462042
17462037
17458380
17455574
17449994
17449521
17447603
17447591
17447590
17447538
17446825
17444101
17438396
17436867
17433617
17431881
17429914
17429061
17426104
17425253
17425245
17419790
17419780
17415926
17415228
17412219
17411927
17411546
17409050
17409049
17409046
17406018
17405777
17405775
17397447
17396530
17395960
17395358
17394439
17387122
17385333
17379606
17370897
17370220
17368692
17366193
17366090
17360793
17357258
17353970
17353757
17353752
17353747
17352051
17351854
17351224
17350726
17349945
17344196
17343661
17336875
17333494
17329299
17327537
17323506
17322095
17315557
17313535
17310668
17309159
17303307
17302654
17298454
17295055
17283851
17279026
17279018
17277009
17275970
17274271
17273951
17267531
17264071
17263750
17259922
17256018
17252965
17252848
17252078
16635926
16629846
16629089
16623603
16622583
16622161
16618471
16616695
16570730
16569134
16553766
16544927
16542166
16532879
16529279
16524354
16524350
16515427
16510743
16509953
16509063
16505460
16503310
16494290
16490543
16475570
16456204
16454076
16450629
16450628
16448471
16445662
16443958
16442431
16433106
16425856
16425752
16424958
16422267
16416580
16415753
16404200
16403763
16403755
16403750
16401766
16401704
16401701
16388256
16374246
16366450
16366446
16356314
16344649
16337289
16335558
16324070
16322414
16320964
16317992
16315651
16315569
16311493
16310614
16309594
16304878
16304793
16278532
16277126
16270669
16261811
16261709
16244053
16240861
16240860
16238773
16236662
16234074
16232009
16231609
16229447
16227871
16226143
16220819
16219931
16218155
16217219
16216663
16205432
16198219
16193689
16178378
16177589
16171122
16167615
16142542
16134279
16128976
16118357
16117719
16117093
16116149
16109296
16109292
16106330
16101202
16101200
16095022
16083088
16061930
16061929
16060019
15989916
15988947
15966461
15966460
15966455
15957359
15947361
15934574
15928299
15928290
15927512
15920852
15871898
15856687
15841423
15822168
15801370
15794297
15786681
22080516
22045942
22028356
21938965
21936459
21877622
21822074
21786855
21736100
21730247
21717635
21692379
21661489
21661281
21661279
21648220
21634265
21610572
21606107
21592027
21591556
21449284
21447846
21387661
21383346
21368642
21305432
21220645
21199432
21189504
21132912
21081716
21046704
20942293
20821958
20816107
20806598
20701196
20648876
20642231
20631590
20631531
20552868
20552775
20550082
20543249
20517608
20432558
20427807
20409528
20402034
20391943
19935341
19893442
19813574
19785861
19731572
19715100
19715080
19714268
19709845
19705640
19689642
19664848
19660639
19660637
19660636
19660626
19660624
19652745
19647679
19625557
19621068
19593213
19590818
19584351
19584122
19582520
19573777
19572058
19571638
19564640
21122753
19549993
19547799
19542812
19526887
19525767
19525758
19525287
19506274
19503964
19497943
19491557
19479548
19475790
19455861
19449603
19427579
19426932
19423279
19420410
19381110
19366791
19365292
19364777
19361778
19344882
19342531
19340795
19333838
19329089
19329055
19328568
19318997
19306857
19305451
19305322
19282130
19269375
19266855
19266776
19258342
19243519
19239827
19238269
19229401
19228634
19211922
19203821
19192582
19192571
19189803
19188936
19186517
19182274
19176956
19172977
19167212
19165685
19147593
19146080
19145773
19130383
19127421
19124340
19119734
19112264
19097470
19093986
19092482
19092481
19082657
19069287
19069286
19068968
19060831
18091444
18091287
18090156
18089871
18085581
18084821
18082005
18082004
18077751
18076919
18074725
18073365
18073358
18072697
18072474
18072450
18072408
18065246
18061405
18061312
18059401
18057190
18056291
18055889
18055503
18051986
18026812
18026806
18026803
18049341
18046954
18045894
18044413
18042656
18041230
18021509
18021506
18035763
18033634
18032679
18031573
18031485
18030971
18030958
18030912
18025487
18024998
18024339
18023032
18022492
18021780
18021625
18020106
18019787
18007270
18007003
18006419
18005477
18004188
18003953
17999294
17994508
17993929
17990135
17988822
17986070
17985968
17985824
17983479
17982211
17976424
17975395
17972679
17971601
17969534
17966313
17966312
17958909
17953169
17945852
17942588
17938393
17937446
17934058
17933368
17932966
17931538
17929724
17929709
17929225
17928606
17924495
17924171
17923718
17917746
17915168
17915064
17914543
17912904
17911722
17907654
17903718
17901215
17895655
17888785
17886525
17879820
17877840
17874820
17873730
17873665
17872938
17868193
17848456
17846047
17826210
17823464
17803179
17785647
17784691
17768281
17767675
17766611
17728586
17728585
17727550
17727405
17727239
17727185
17727181
17726922
17726718
17720692
17717750
17716737
17714536
17714460
17714051
17713882
17708328
17706369
17706205
17699191
17697332
17694484
17701262
17697912
17695580
17695138
17694489
17539699
17689250
17685827
17684190
17678514
17668610
17666999
17666991
17666425
17665829
17665072
17665071
17662510
17661967
17659724
17653891
17653401
17649866
17649761
17646603
17645153
17644871
17640196
17639097
17635479
17633982
17628968
17628839
17626694
17624815
17621963
17619836
17596115
17616490
17615842
17614882
17610181
17608287
17606167
17602317
17598932
17593633
17591607
17589550
17588841
17585613
17585611
17584629
17584625
17584426
17583469
17583380
17583379
17581204
17581189
17580773
17577028
17576625
17573519
17570096
17568030
17566538
17566471
17565781
17565408
17565087
17564691
17563027
17562737
17562524
17561211
17556401
17555669
17555656
17549775
17549282
17548018
17547217
17539455
17537082
17535947
17531568
17524186
17522193
17520850
17519608
17518813
17516106
17515784
17515783
17515774
17514856
17514844
17511343
17510832
17510030
17506233
17504276
16985405
16970012
16470096
16450764
16450627
16422430
16405703
16388236
16378582
16354844
16344699
16336544
16334819
16334086
16326780
16326779
16314003
16313374
16312084
16304492
16295605
16287789
16285169
16284983
16284216
21721495
21720971
21710710
21692378
21692267
21688578
21678698
21672922
21670785
21659317
21658825
20959506
20946212
20936576
20935270
20935011
20931481
20929889
20921354
20889073
20889067
20883883
20883880
20883612
20882832
20882650
20882649
20877755
20873073
20863343
20861422
20860285
20860284
20860177
20846818
20838161
20838134
20833985
20826598
20795874
20736716
20729104
20726381
20699163
20699162
20690266
20675351
20672736
20672566
20671510
20670746
20666157
20661063
20653701
20650538
20647573
20644001
20642215
20633940
20632648
20622801
20609729
20609047
20606210
20598493
20595302
20593678
20593676
20589190
20588127
20587105
20586268
20573413
20572095
20559183
20559165
20559160
20558632
20555354
20546467
20537423
20532725
20520015
20518226
20509593
20509210
20505483
20503679
20500702
20497731
20496518
20485212
20483677
20482915
20481198
20481096
20480209
20469956
20467431
20466546
20465047
20453359
20447701
20446378
20446139
20441038
20419953
20419952
20417824
20409525
20396850
20393350
20386055
20386047
20375703
20369454
20369142
20364650
20360220
20359403
20351544
20335923
20335919
20228630
20222245
20222229
20222223
20220287
20214700
20213944
20195785
20194891
20193936
20193935
20189068
20188320
20170830
20164072
20163229
20157963
20155638
20151589
20150605
20145234
20142168
20139106
20136031
20132575
19154905
19154324
19148978
19136403
19135863
19124670
19120382
19120081
20356429
19104315
19092471
19088645
19085896
19080933
19077861
19075103
19070727
19069255
18698236
18162568
19067933
19064026
19062451
19059682
19055272
19055253
19054192
19032020
19050937
19050330
19040424
19038522
19035060
19033166
19024286
19023106
19022185
19017392
19010605
19009891
19007705
19007346
19005104
19004139
18996713
18981790
18979996
18979692
18975844
18973640
18971493
18964105
18952748
18949163
18948424
18945716
18936382
18926463
18856029
18849894
18849519
18848721
18842973
18842970
18841519
18837203
18834078
18834023
18833388
18823865
18815600
18807434
18799469
18799468
18792659
18790814
18790441
18788960
18786851
18785104
18783910
18783458
18783455
18768677
18767476
18762528
18761564
18757443
18755089
18754234
18752028
18751665
18751608
18727609
18717999
18715526
18701158
18665069
18662233
18652728
18635374
18631388
18629621
18627799
18626049
18625921
18625919
18625918
18623200
18621778
18612717
18609139
18605272
18605164
18601640
18598364
18596176
18595982
18592321
18586182
18585513
18585511
18585500
18580396
18580386
18580301
18579461
18578463
18577761
18576262
18574084
18573483
18567161
18564600
18562991
18562836
18562834
18562832
18560295
18560099
18560067
18552694
18552571
18548867
18548410
18546569
18543642
18543523
18542852
18539762
18533313
18533091
18522372
18520738
18520321
18519903
18513625
18510076
18503795
18498345
18496415
18496022
18496021
18488720
18486415
18484130
18483030
18481631
18481380
18480429
18477272
18474890
18474759
18474754
18472721
18472601
18468354
18466292
18465174
18464128
18460267
18455066
18454777
18452048
18450248
18450196
18449612
18447826
18447154
18445760
18436120
18434459
18427131
18426375
18425280
18422097
18420846
18416387
18414256
18411890
18410641
18410019
18401898
18400003
18397949
18395602
18390944
18385400
18383165
18382695
18382244
18373137
18373049
18372824
18367910
18362523
18362259
18361394
18361322
18358344
18358119
18349491
18338779
18338454
18335259
18331561
18330403
18328282
18322130
18322044
18319123
18318313
18311407
18306239
18299497
18298632
18298560
18298216
18297984
18295924
18295359
18286938
18237352
18285600
18281357
18280873
18279521
18279122
18278613
18273872
18271345
18271190
18269304
18268853
18266850
18265910
18257457
18252015
18251337
18243632
18241954
18238990
18238838
18235162
18232550
18228671
18225713
18219459
18219252
18219247
18219245
18217541
18217500
18214232
18214219
18211653
18211529
18211400
18211334
18207591
18206840
18199321
18196690
18195310
18195194
18194906
18193726
18192043
18187724
18186494
18185877
18184871
18184205
18095041
18178479
19579575
18161395
18161180
18158398
18156863
18154492
18096587
18091207
18093690
18087020
18069432
16264324
16264288
21872117
21872113
21872112
21840897
21820540
21678269
21784760
21771357
21770355
21770084
21768584
21761613
21747093
21736099
21606108
21605319
21604641
21601723
21598825
21574502
21574501
21572061
21563896
21558512
21558105
21557829
21554300
21537140
21536953
21536492
21534498
21534125
21530116
21528170
21527060
21526685
21526384
21517836
21507105
21505043
21482839
21476394
21471886
21470031
21469489
21457410
21455047
21446592
21430464
21429780
21428254
21428228
21426353
21425916
21416687
21413676
21407045
21382217
21382216
21381453
21381447
21378659
21368683
21349358
21336010
21333946
21333914
21332322
21317822
21314572
21309399
21307118
21303987
21303935
21298203
21294982
21282796
21282349
21276199
21261474
21260936
21242264
21239085
21237332
21235738
21220973
21184866
21211757
21211714
21195494
21192602
21191680
21184561
21182370
21160355
21143480
21141159
21139464
21138831
21122018
21115674
21093633
21079484
21078044
21074963
21071360
21061821
21050450
21044481
20621533
20615648
20613663
20609725
20605530
20602466
20598427
20588139
20587682
20587097
20585094
20579116
20576399
20569765
20568976
20564070
20563370
20557383
20548254
20547645
20546471
20546364
20543720
20540077
20532030
20505389
20500252
20496568
20494349
20492064
20492014
20487486
20487182
20477855
20469959
20459873
20458367
20456771
20444999
20434086
20421083
20414945
20406123
20398294
20397808
20386059
20386056
20382963
20382903
20378628
20377778
20374400
20373929
20371786
20368484
20368083
20362723
20347737
20347415
20308617
20304374
20303081
20237006
20228732
20220607
20220535
20219813
20215903
20211302
20210825
20210824
20210071
20204537
20198706
20191260
20179265
20178433
20171822
20166480
20148302
20146022
20144943
20144942
20140793
20133477
20132576
20132574
20132571
20117037
20110514
20108049
20106692
20105287
20105161
20102907
20099476
20099384
20093280
20088340
20088185
20084662
20081704
20080462
20078320
20073169
20069810
20068487
20064198
20061847
20057328
20057327
20056904
20055932
20055721
20053527
20051863
20051399
20050363
20048542
20048271
20045280
20043494
20042930
21686222
21639024
21462439
21449483
21388102
21388095
20040553
20036193
20031865
20031864
20031841
20027443
20020082
20014713
20011187
20010176
20007796
20006460
20003721
20002480
20001630
20000251
20000250
20000249
19999422
19996027
19969315
19967843
19960128
19959048
19958412
19958408
19957463
19954537
19942332
19940573
19935520
19935345
19934421
19933249
19932841
19923148
19918968
19916634
19911588
19880833
19903251
19901672
19901142
19901141
19901138
19900331
19888959
19883881
19880528
19877326
19875852
19873861
19861674
19861329
16405207
20849670
16020853
16981157
15778075
15661485
19324327
20632841
18519131
22104712
18999028
19331126
19372126
18715165
18395023
16752967
19596964
20722477
20306616
15846721
18789425
19560749
19039438
16551152
17968220
19383168
21542811
19932220
18501087
20461605
18547349
21332373
17183058
21703676
19769207
19293316
20165846
17462142
15751329
17315298
18191769
17066836
19465607
21299276
16574526
21501726
16310599
16634278
16012543
18999009
17544181
16336620
16916193
19081417
16159066
16933821
19957353
18018571
19393482
17441822
18299546
17925412
19382863
19366932
17263180
19732243
20684415
20934571
16168306
16238958
19055303
19563323
18362008
20116122
19673992
21547804
15707214
18985910
18429701
16982297
18073261
15986315
19396066
15739633
20000070
16219623
19192241
15886547
19164821
21155704
20237217
16884810
16814955
19891374
20872146
16828521
17201905
17727690
18755565
19241979
16022610
16034053
17362216
16430757
18573018
20426656
21436664
17391574
17511206
18323049
17425147
19488660
19655676
16528909
17600996
16717521
19133146
20686925
18581613
21857859
20182162
19653536
20230173
17552290
21209142
19763006
18480606
15897499
19714751
18190369
16929715
19359090
15782838
16522492
16734003
17416716
18789742
18289189
15760930
18290898
20053602
17348119
20623993
16622817
19795365
19226881
19653047
20881798
18681246
21135616
17365346
19771517
15921474
17966935
20364415
20373649
17210887
20802434
16442991
20938273
16584553
21270920
18573485
16430336
18334678
15523075
17623502
18296123
20654985
16267805
18179373
20122017
17184419
16974168
16134443
19247013
16313292
16728288
19309414
20222964
20922540
17099466
17636723
18417745
19481043
16777833
18633875
16119649
15857724
17102472
20393431
16162404
20148940
20946037
20116145
17352336
18326458
18555560
19220165
16706243
20738741
16547067
19947049
21528081
17007718
16808736
19638603
17363936
19958908
18786341
20865480
20690492
17476618
17013821
19441880
15609257
20662272
17592976
18636011
15749396
20520550
18584389
20711069
16227897
17595715
17557205
17391422
18208958
18377576
19605964
20510704
15612404
19342530
15609804
21239014
19937340
16111765
16250528
15616146
18298865
19340411
16366179
21299569
18948800
17064819
21381274
17179531
18328244
18069003
17934678
16791667
16584013
16967735
21241984
20145923
20601549
19343870
16567855
21429885
15634639
17606818
15769792
18842993
17551420
16628173
16350482
16315549
18993023
18320988
18539766
18452367
17846552
17319398
16493937
17502204
19118972
21790099
15862741
17018742
17276791
15804903
16048666
19157357
19595416
19505697
19266944
20688190
15839235
20215627
19931153
15765814
18479658
20545802
18005630
20409115
18416361
18788104
15931492
17548908
21384609
18363496
15777874
20508683
20933109
21144403
18199725
16450521
19486789
21702113
15687784
18373613
16586308
16323488
20143739
21323088
20169210
19592832
18990114
20564714
18564775
21867855
17137943
20954509
16202839
20210527
18196718
17066972
20118699
16529223
16103847
16174598
21654240
17992336
16466831
17344262
21641505
16636706
16275111
15871403
16962408
19574849
18232612
19080751
15589715
17349147
15764468
19347728
18697967
15658736
16262830
16768082
18537602
19277873
17234566
17712297
16996767
21499008
18198426
18649947
15525861
18714719
21139016
18380609
16945198
21319696
16034507
17059497
15962640
21471893
17714235
17318951
20712459
21494167
16605226
17385965
18374431
19836194
17027627
18496976
21367379
18475107
20039822
15738372
17655530
16683507
16021929
18629732
18847506
20177830
19490232
19455875
15841064
20736398
20173475
16892667
20569255
18845414
15891488
16914938
21612752
16548400
18163855
20887842
21882986
16310435
18811781
21040004
18330396
19140357
16706773
18534948
21301237
18632026
21461208
16130843
18252911
17152126
17284297
17102288
21636616
16374179
20623464
19826026
17182427
20614707
16701020
19593306
18399022
18344781
15965550
17389540
16229400
18983365
16822090
20586893
17194351
15709093
19348410
19437910
20659270
17536978
18043116
20184108
19282701
19380956
15597294
16022033
16394685
19793245
20965461
17936430
21133058
16905630
16600959
17872874
20682967
19602971
19389535
19092478
16496662
17583289
21197829
16719016
17786036
20015757
21888221
15785347
18840131
15817353
20868386
20578470
16115713
17059606
17728362
17213479
21996470
16158034
19252113
19304727
16531849
19041212
21165374
19636020
19671275
16477286
15899229
21072007
17472517
17367303
21536815
16614455
20602700
15605758
20443279
21266281
17238391
18812614
16807773
16166617
15891314
20719350
15778641
17563889
17359902
21116147
21052731
20527597
20225911
16252635
20929617
16756673
19176406
20812027
16275704
20610983
19269915
19893465
21129007
18773215
19181500
20510841
16029974
15596158
18654093
19674744
16370189
19671646
19034423
20813491
18780925
19592843
15880977
17276800
15813807
19368285
19267124
19901854
17006993
17512879
18038104
18702806
16035276
16456477
21739885
18311438
18513247
20042262
17192220
20579232
19542420
20692452
18597695
17520998
19120576
17331800
20469612
21824224
16937774
15999410
18171493
18481465
18777804
17078324
15835062
19826332
17953245
20041926
20389216
19141180
19365314
17110813
20429487
17565765
18671301
16215353
17851384
18358296
19066140
18175246
17448916
18397446
20494296
20878855
18453845
19874170
15682977
18536133
19719892
19488789
18164459
16899843
20163754
16106772
21317133
21807826
17963879
17431697
20610578
17182454
17341248
20853355
17343245
18160859
19234430
16511688
21811572
19467147
16326198
16645516
21194484
20001871
16149976
20962307
16550986
16941134
16676021
19541452
18725829
18385264
18272647
21462658
16050891
19842526
18179535
15883349
17671004
19908947
18232582
17883645
16652063
18369305
18555252
16444125
17761619
19075085
18026200
17019450
18610809
19406045
16489240
17925915
19017869
16435037
17431690
16088432
16603985
21879648
16704391
20099529
17061594
17680013
16597495
19064979
16739186
17019362
21123236
17189117
18667868
20357652
20435375
18977679
19945914
17002082
20050465
19255051
17394683
20530305
17334470
18647198
20803404
21848019
17651503
18557284
18786285
20212028
21825919
20232095
21055846
19020372
20545592
19708805
15635352
16477905
20955603
17040635
20206405
20405680
21345297
17443664
17578716
18629691
16139638
16899987
17665062
18424290
20509492
15946171
17040546
15835372
20378676
17500502
20354409
20697235
20586992
19930289
18083675
20633061
20089624
17531766
17873734
17660496
20192079
20015919
15920457
19480376
21247672
21706994
20029563
19748765
21397288
16798654
15829458
15937381
18641496
17976360
19228233
15690283
17408822
20036397
16369277
18337743
16858001
16950996
15731637
19176308
20859052
21605272
21863697
17627838
21466754
16829361
20004490
15831609
18019118
16292060
15829452
19340984
15934264
16446240
15730598
19644900
21848359
15923409
19551750
18322028
18630063
16428972
17164933
19995296
17300306
15890300
16550888
15720995
20414114
18720666
18646587
20065277
17970526
20039229
16242331
17546787
17406167
16047482
18281877
17577173
16722813
18042596
20671002
19575791
17574501
17485221
18214209
21473169
17500349
18714905
17914340
21991860
15802407
17427369
18831440
16085745
18365775
15651955
17038300
19184557
15603634
16529594
18670199
19420036
18215499
18948798
21636927
17489954
17086162
20467339
17556325
16501912
19602641
21352617
18072401
19223339
19359887
21182444
17257391
17990717
18322264
17723981
19895408
18815509
21165735
16523587
17089929
17010034
21806622
17536419
19456057
21716217
19958147
19714953
21378301
19656110
19703060
20305010
16471099
17158034
19839548
17497483
17339036
15994387
19386366
15988418
21136226
20889634
16124694
20512743
18979706
20516708
18442552
18173848
19473064
19502977
19776551
15765815
15883235
16122084
18160115
21636343
18078260
16341301
19438425
15679494
16260139
20727647
16791111
17963528
15665634
16225029
20872193
17405224
19093352
17400033
19160881
18373768
17669639
17329725
19179235
19143580
16117032
21070691
20353660
16047500
15799015
16181570
18318922
18422053
18941032
20057238
17162992
15815958
17869587
20554364
16854247
20124018
16536968
17612998
21991872
20858037
21854247
20235774
19708422
19671164
18435085
17718647
18709041
19887941
17644700
18481483
19171059
21488561
20367746
17094873
21675172
16864132
21229836
18988562
16608371
21134177
21041539
20018577
18767470
19659407
21371983
21368535
18654778
16005834
17537084
21590628
15548440
18779663
20387500
17918029
18284013
17966731
17559705
18454779
17016994
20444773
15913083
19501307
19680588
16641157
21656340
16119640
16821679
15787034
21750125
16686959
19464097
18096388
16155311
22026065
15631293
15531936
19727847
19366389
18026054
19548177
15754786
17701622
15800770
21450048
18230646
18182306
19860301
20191170
17348381
16050883
20932316
17901454
19675510
16125029
20887671
20870690
16426935
21502238
17274754
16206332
19580105
18463898
16525901
15826425
21469036
18625927
18275539
17957590
22026202
19941577
19837459
15646115
17998835
19106279
20220273
19434948
17368290
16551381
18815973
20803401
17681123
16145719
16643589
17387415
21156291
15845958
18452594
21557102
16053527
15707221
21534097
20123175
21188513
17133494
19920743
19593076
17112842
15638354
17601838
19530026
18574269
18757381
18987086
20432216
21557378
18194099
18721221
15933272
21576612
21605269
15621478
19225605
18839550
15898906
17205276
16999178
19260356
19663714
18671752
21660823
20636470
21225535
18302759
16629575
20638866
18810663
16093947
19264839
16765872
15545242
15996361
19558943
15540710
20701762
19227021
20585211
18316929
18187408
16435925
19539815
18202987
17397708
18046517
15612398
16957462
21463817
20092700
16565282
21426376
16398065
19653387
17705734
16535925
19027448
20437738
19148848
18304125
19562422
18981812
17058818
16334774
17478072
18177522
20490675
16865084
19845200
20532134
17486679
17346462
20217961
19756766
19077819
17558877
17343021
20174996
20878830
20659214
21099676
21197771
18661614
18848181
19432910
19855038
18809811
20801975
19700280
21401687
20887904
18723729
19029123
17622602
21900133
20142276
16403202
16728289
16003573
17717449
16533674
17617908
19359085
16835552
17249904
21459480
20846193
15682699
21134155
15612429
19581533
18806520
16482751
17057801
16848256
21214907
17102299
18664076
18848415
17065659
16604926
19695776
16499674
20415998
21174855
19183330
16488688
21605427
17126967
21527768
17446244
20719567
18585539
19813296
19555954
15576523
17762436
21440203
19961816
18028836
17265662
21738250
18783001
16192318
16398007
17530134
17889000
19331307
21599529
17072569
19104320
16871377
19526413
18655683
19104220
15893212
19775762
18384420
16634899
20216987
16444408
16630194
16214514
16824168
15720497
21875538
21480490
15800173
21141161
19948609
18000079
21506058
19771588
20955563
15644012
19574107
19840278
17953232
17623729
19111105
21715558
20063567
21718982
15758702
17901274
18988072
17194987
16199455
19307390
20405303
16292205
21854894
20674362
19546128
17877872
17285036
16386739
16166409
15632801
21795301
17140007
16336481
15707568
19800997
20097036
19675529
20644182
16903401
19673014
17681611
17941245
18813003
17593450
17049093
21302524
16471291
21429622
20589446
20387296
20488607
16823638
15997715
16870080
16088854
16791743
20868642
18515607
18660718
21926560
17555611
15997045
18838931
18086023
17933059
20103375
17669054
20003446
17364675
20049258
17044433
18751356
19139444
20368657
17163003
21385083
20077799
16128654
17627408
21661481
20447220
20214707
20350926
17243022
15840077
16549942
21309404
20414799
20889848
16548396
21140721
17340547
16274139
16138795
22135843
18705724
19898787
16229053
19561555
17522866
16100332
16150016
15902037
20077786
19093362
20459997
19731577
16736842
21104506
16949271
20799497
21621462
15717518
18982930
16111067
21884356
16776308
16261791
17683689
18287897
19299162
16936614
19371558
19484846
19521131
19227647
18036122
17383600
20841317
15812619
17532180
17443554
15750484
19133108
17393922
18825567
17441796
18242922
19024225
17938579
21381271
16796234
17606591
17045129
20218771
17183895
17149476
15547486
17148529
18824833
20704094
20729512
18664806
20488928
16502964
19055138
17470215
16416401
17483997
18256911
17727593
21783041
16459340
20922921
21500520
20236430
18597409
19634603
15800337
21526313
20171084
17334609
19010639
16823536
17962497
19753425
22030928
17324690
21982520
18021169
15916836
18044195
20238129
18434103
16892694
19200287
17555573
19916355
19260899
15999913
17656406
16463243
15749322
21402459
16466085
19141403
20697676
16444082
16333526
21456497
19943577
19218376
15822055
19041225
15567217
20582500
20574878
15856333
20031860
16364107
16299885
19407674
18216407
21492279
19492151
16916563
16050236
18547400
16035970
15822847
19183306
19291709
20652759
15707095
17588851
16094178
20690383
16075473
20654903
20574269
19281671
17128395
21320941
18760889
18373574
20736670
21273025
16468255
16148475
15622814
21555751
16585116
19801016
15818343
15643044
18798897
17347503
20713872
18829213
18956224
16710088
19800205
18678817
15704622
16130927
19067063
16601610
19948370
16339613
17657384
22032021
17906167
19700973
18682014
15645768
16529285
20401600
17194883
16501133
21133299
20973734
20654924
17440423
15948091
21099425
17635257
15612234
15559340
19915441
18848402
17522003
20140833
17890180
18252071
20423289
17676967
19668146
18633570
17684773
19753572
17453552
16773438
16879537
20802274
17520351
19564278
15520941
16393486
19685532
19247229
16441966
20202145
19254198
16327419
15800558
21228706
16290972
16061158
18415920
17290083
17032465
15802000
19637534
15552806
19859745
18335670
19147646
21134555
18654957
18416911
18766108
15877479
20406498
21905476
20560683
16242899
19275841
15775808
17786743
15554356
19220889
19338185
20549166
16502599
19909009
21674471
16549036
20078423
16612442
20175183
18187111
21395110
18693913
15853789
15961912
19477647
19797559
20706759
19876941
18361028
21553560
17227356
18378349
17324193
19782165
18451385
19118293
18999031
18829424
17269947
20921451
16019260
19839531
18390044
20875211
16644323
19195491
17143017
20654899
15819535
15952477
20515903
21560456
19022071
15917739
17280928
16175025
20040555
19343591
19934838
17336373
16573671
16138487
21519399
17494949
19961630
18275359
16457272
18820516
19024314
16147819
19493144
18714791
16719746
21508585
21058896
18290580
21820539
18648956
16967393
20359951
18304060
20047063
18802717
20387297
17137166
16324541
19038750
21500003
21693089
21261696
21553968
16761659
16120501
20030702
16641081
17851297
19629778
19339314
16685243
18512099
15564361
19139474
18809617
20185059
20033354
19256322
20562371
18090376
18816011
16207662
16047417
18467287
19150591
21267565
18774425
16890708
17291204
18773780
18580222
16830247
18563006
15527604
16391311
17984297
15573828
20706096
16096142
20104453
17267389
19203330
19688643
18595987
15818355
20966859
16008204
19228245
20087034
20657269
17891669
16343026
20923622
15853783
20603729
18340975
18551856
20597745
21440969
20871555
17768008
18715654
21726796
19807006
18604321
18160864
17472506
18214777
15693988
21576012
21411849
17890042
15870587
15899730
17852982
18723258
19694068
20965459
17417043
19757187
19682663
18056599
18005916
19507536
18829184
16187668
19046827
17996057
21497248
18578452
16371823
17170635
20368658
20662908
16225709
16238853
18266572
21193620
16507152
17474289
18459594
18474978
18460162
18846216
18763657
16170788
17027302
21707338
19791519
15670006
20584237
16835562
18681106
20428727
20399949
17899501
18082416
20028276
16532478
20690376
17085762
18336687
21786715
20122028
16503046
15759772
18257761
16359416
20929461
16985390
21493298
18485225
21969479
17190931
18198456
19999862
15983707
19585884
16837681
18820522
18663541
15917980
20511267
20879903
17195982
21699428
18083373
17353987
19054272
17287143
16076788
16451512
17470666
15744142
15980750
19489507
20512742
20569711
18728250
20206787
19447305
17167364
17277665
17240496
17135840
19237100
16046569
16493933
20662286
16297782
19718056
18435814
17049695
19390753
16878532
17768187
16844888
19605604
18220679
20580525
18437182
18202986
18052750
18520747
16677192
21496804
17537010
17147069
18669411
17187534
21167040
15571851
18032364
20851294
20488428
18444866
21188927
15638448
17318747
18420747
15893216
16250390
19345912
16800393
16131044
21183944
16276568
16013424
17482418
18544154
15824704
18799771
21387576
18720561
15912080
19813369
19090376
20083972
18363464
20722311
17978946
16920652
17102321
17939007
17167022
18834055
17361918
17486194
20229139
20464883
19566617
16884615
17219878
16849386
18592618
19665613
21392804
18290920
18176137
16125606
20095874
20503678
20629766
21222427
15800811
20955185
21340639
19584763
16313370
17142528
16084800
21358407
19358797
17397700
17090901
17474593
17622603
16379513
21987993
17531435
19603379
20605808
19822563
21916145
17060279
15637990
21592063
16698475
16487529
16499531
19304806
18254002
20946564
17708500
17564063
19556035
17786070
20974025
17609024
21740203
17425280
19400366
21330485
20558650
15891381
17551558
20466229
21586988
21102170
16318875
18618958
18958984
21162428
19256108
18164466
18181013
21188664
16215349
16950370
19445070
20679260
16534404
15552222
19454195
16595567
19583654
16827534
18956998
22046739
16915111
19472805
18442105
19451747
15616420
17470280
19444721
17500264
18650054
19953763
20236923
16186004
15983929
17098846
21141405
19842971
16766684
19471072
19010943
19890683
18517175
19948040
16207002
16313377
21155468
19350879
18819212
18450873
17955625
20302064
19192601
21674718
21393574
21417558
21127097
21047039
15611432
21164393
18709564
19481655
16493307
18449834
19374282
18184218
21140345
18946251
18182800
16884316
19092532
20013853
19297917
19091089
21528622
20875176
17015873
16965708
21870751
20875512
15840068
18088263
17077718
15759535
16153049
17305104
16565277
18709836
19571514
15737235
18550568
16552278
16268766
20212293
17855066
19074050
20831004
18786082
16460671
20354115
17154661
20694764
18448753
19492169
21641222
19456994
21944342
17726671
17683100
16292624
18080338
16629563
20192817
19408781
20488863
18311396
16270404
19051992
19771393
17656407
15569959
19878036
16623287
16220730
18440681
19858354
20137030
19787466
22006146
15571881
19460833
15692195
18399371
20205936
17712842
16013906
17575666
19057428
17873570
15955757
15665264
18244998
21319425
16703755
18001185
20340049
21478709
20065194
20657275
17258926
17547099
16295992
21545635
16678180
19670963
19260366
17022856
16380306
17039753
15773598
17122761
17266386
15812732
16218241
16869180
19243243
19642744
17147856
16183003
21399850
18758854
18798531
20963612
20712554
15700881
16148249
17945320
17389409
17019348
16965422
16913238
21133215
17019550
18312752
19434217
21848199
16373136
17132384
16600012
18772306
20848981
16231164
16836472
16641083
20439486
16872786
18316655
17955355
18791622
17543696
16343906
19898985
16258573
18270924
17891470
16955435
21462758
17850291
20043565
17056771
15548249
16969015
16878074
16224238
17125705
20056661
20536590
20528667
16793044
18687733
17418924
19855258
17985682
20630363
17179235
18541401
15921753
20440410
16455523
21223409
18543527
21388015
18058681
19370811
21780095
16212849
16413434
19467397
20055199
17314741
15750482
20483963
17412032
20659202
15932438
17617090
18063275
17300638
15892429
18069316
18038527
17301609
18567402
18005124
17766564
19118468
21270639
17101077
15960558
20579126
17452019
17573296
19527558
18804390
17621444
16639736
19797957
17929730
20963669
18703922
19285173
20852566
18825440
19091091
16546768
18275373
18194526
20156411
16717514
16382647
18299942
16008020
18773795
18033790
17444370
17658028
19051976
15622149
16275365
19573773
15923939
18471339
18023176
17283922
16876004
19916219
15691240
20061529
20502864
17146139
20070812
17913338
18239445
18371168
19142581
19905880
16901260
15792063
21708526
19319760
18821003
17105639
19876629
19374313
16432647
16730578
15976099
19317314
16722122
19734535
16353495
18506658
17569191
18979955
20654974
20448224
18617824
18179534
17375753
17384505
16212719
18097296
16637581
16307624
19213516
19908926
20011732
20630804
20630014
15631258
19917443
16116767
21074874
18064982
21596210
16879378
17949515
20579125
20413053
16099200
18536216
21403043
18672542
15838409
15748678
17563043
18325139
18242130
17387710
17689442
16033703
15672013
20125211
21813409
16802428
15921808
18437938
21469986
19437392
16129006
20852469
19669043
21133302
20486343
20129271
20670319
16115832
17934144
19811860
21107849
19633825
21649699
21446292
16968426
16581641
19465748
21599845
19772210
15886743
21189736
16356875
15580055
15729796
19098108
16627372
17218873
21089143
21083683
19606235
19382363
19880956
17182213
16455221
15738368
19920747
15909787
20464071
20718818
21185749
18494393
17361501
18643803
17296688
16224500
17912644
16923100
17132593
18337438
17901190
18619798
20397329
19015926
17880415
18677782
20524827
19772784
18166588
18338341
18678689
21504240
16048867
16988605
19087845
21434742
21636935
20117687
17537189
20029311
19425876
19179486
15603333
15903001
21178193
19437952
20621751
20345062
20846231
15927652
20550562
18772663
20652645
20716871
16625992
18278637
16369156
15623120
16610506
20688777
21534376
15913403
16751966
17605949
19286344
16061888
16619769
17712233
17065540
19371848
20033233
17911509
17594915
17024547
15602312
16594293
16368586
16530120
19120855
16396688
16714975
16166871
20530127
21368684
18060531
19372344
17268140
19594602
17704669
19476229
20831465
15930403
16396413
19552186
19104193
16422053
18226316
16247636
17914337
21840545
20065900
18540541
21519674
19265607
18614445
21888454
19517579
20436062
17333040
15750504
18028848
15557918
20529149
17469479
19272585
19923945
17714995
16724882
21051326
19824256
20044767
20629297
21122731
18975584
20831000
21406700
21307728
19673010
21443806
21475342
21104452
19256295
15904880
19748861
18426465
19967948
16002963
20116791
19715623
17154112
17002083
18856076
15888836
15794199
19773732
17410724
21419559
20500651
15924011
16864168
16010214
16524940
15933466
21211482
18372833
19008695
20070633
17969090
19414234
17283846
16909192
15818718
21305312
19497889
20066814
16083700
17956371
20568584
15542872
20225102
20489604
19865014
18349651
17169231
20822037
19648983
17032598
15662174
16913579
19689600
16301755
21264451
20080469
19182851
15580073
20386241
16677715
18639660
18501019
20484722
17725264
15669516
19550170
17901519
18406037
16276131
21600377
18924291
20715304
18373401
17662754
16217779
16353573
20841838
19656149
15754503
19429734
21155465
17901183
15902033
20046112
18044379
19318852
18684367
20029750
17766616
17011154
21253876
16511576
18697657
20658353
15520090
21437754
20886773
18072606
17072284
18367776
17851088
19306021
20636584
21462857
18711418
21629357
18701234
19651575
17339613
18856174
19169311
17444080
16539318
17870643
17611238
18065039
17604967
16445443
17285390
15976044
16956148
20453701
16259232
18649812
16213236
16411421
16737139
17634055
16648083
18277888
18725821
15587545
17700306
21495463
16047995
21402456
20735246
16715902
16132281
18690123
17042804
17522791
15678221
15810747
21140624
21353132
17577148
16038132
16297580
20978003
19492613
20671209
18953729
19234866
21158990
16953422
18240023
19524859
16178340
17356093
19536389
17939227
17391090
20112458
16464934
15668310
21865222
16487899
18251959
17962875
16942418
19694152
17000994
17356436
21560950
18666923
15947335
17560755
21084890
16816766
16632189
20444569
17452732
21679547
20522394
21181004
21500700
19287112
17120130
16548320
15918428
19697662
21143085
15971736
15551512
16965312
16415412
19694067
17697913
21121831
21381954
20853250
18036478
19118912
15908561
18341171
16032394
18360885
16635160
18989209
21301273
20804224
21301962
21417131
19546729
21462581
18678149
19354155
16872034
17619235
17895492
16798145
18611317
18028892
16350524
19703382
20304547
17161757
17099116
18488966
18095900
20308084
19034836
16752551
17672390
16646218
15730045
17060263
19700969
16670376
18538424
18431292
21539690
16431070
15871373
18076814
20471782
20923281
18668359
18954930
16002850
15663534
16186637
18160893
20067349
15532791
16506704
21544033
16613291
19052707
20082954
16610662
15947643
17952712
21341951
16681554
18789191
20461671
20875182
16116783
20195554
19177916
20335913
21430003
19685099
17492563
19253704
20888642
17335524
20360186
20819267
17698331
18823311
19679690
21823138
17956496
15714716
20543390
18683435
19749641
18519296
20813997
20465974
20535908
19263156
19129293
20932505
17703823
20010984
17546833
19863765
19365222
16291438
15715073
17119662
16229695
16569722
21280548
18269419
18384920
21576544
16802306
20609661
18350143
21067891
19370691
15999894
16646986
16918835
16719998
16336025
19242853
16238905
19181674
21471071
15920650
17182504
15736894
19968947
19173940
17015201
18717278
16487814
19715800
17110087
17437840
21642331
20150849
20063516
20731978
17261454
18840222
21122463
17443076
17060182
16933637
21763127
18091628
19137578
20473206
17577468
19191854
18513469
17826709
19248330
18977994
16021741
18709694
15861916
19955971
18832500
19445700
19244697
19797698
19025590
20494965
17065888
21767164
18629359
19239665
16903307
17469426
19300221
18705786
19302892
19349445
16756731
17216143
17193941
18501144
18399374
21315638
16080648
18727310
21497320
18788226
17454287
19965260
15820382
16022019
18540687
20482461
19051612
17122659
20411889
18310215
17727546
18619799
16608474
19446122
20306010
21130440
19669071
17985101
21566469
21298951
19700583
19117504
18947080
21129180
19043632
16092293
17672819
16107452
19320132
15736511
21210080
17550750
16119296
17578455
20236446
20332744
17205125
19648850
15754100
16879539
19911690
19883347
20975399
19947840
18425653
20610490
20085431
17696047
17456463
18754523
17377917
16962910
17514708
20838889
18551849
17205275
15857961
19689480
19940457
21726445
19940416
18190479
18489666
15892500
21102317
15520086
15833469
20451763
16997055
19135822
18158492
16842073
19823968
19192896
21626462
18982880
19041210
19509603
18416356
21507260
21240727
17719509
21131605
18465381
16238512
18307461
15813587
18402420
17561016
18190370
21131115
20806671
16729866
17352384
17308220
18442964
15891598
19829388
16388260
17679660
21385423
21411822
19484484
21294061
16411363
15944497
17964892
15537585
16441392
21165881
21824313
16488348
17141123
17674597
20086260
19107680
17094366
18319403
20920030
20451794
18463374
21216080
19022029
16965467
15933866
18575788
16739316
19926243
16528759
20828333
19536372
15805934
21476861
20214245
19127123
15653942
19482120
16641654
20673619
17140795
17254361
17359611
20026995
19158236
21369633
20444054
21418471
20550662
16415627
16037165
17804971
18280735
15572014
19771573
17903047
21391360
15574713
17066969
19360395
18032317
17487706
16138600
18294511
18575882
18809119
17227921
20628787
17353493
15647734
21507110
16112540
19246136
19875204
15687722
17212895
16163682
19894411
19109334
18036470
18682996
16530604
19237957
16276157
21457084
19470719
17608050
19402568
15677596
17308862
16012933
20829335
15915070
17760366
16425902
18070254
20623970
18394447
17895491
19650538
17684861
15645762
21188876
16296210
21602318
17298262
15884249
16763332
19642759
16965244
21177708
19263122
18065037
17718731
18443010
20486085
21676052
20152055
20875537
19762549
18953776
20443072
17692249
20509248
22106464
21243328
19940558
19072193
19583665
16043532
16915542
16153768
18678582
16779287
17194372
20049773
19582459
15573834
20357704
16706261
16730089
16044727
21561512
16618324
16045554
16675364
17149526
21569490
16221428
19804482
19648012
16630413
19761024
16649653
16050856
21299599
20554475
17952353
16900272
19786527
15960062
19172352
19713787
19707164
15733702
17725119
20600516
20389315
18976341
17925134
21219527
16326785
16235583
17503161
17767720
19187877
18414297
21258976
19760893
18694714
16621881
19686269
19938397
18682473
16989417
16223081
20531081
16615735
21172997
16312256
18668476
16684751
17721844
20628305
18703384
21268452
18826905
21095690
19055266
16430332
17989116
19880918
20497880
20443352
18333733
18354757
17213049
17540259
21160293
20965103
17414595
20006316
15555978
16948381
18251345
17333297
17630270
17336480
20842014
21057303
17401252
21444186
17207006
15550362
16547787
16719130
17335528
15884741
17477226
17844723
17116781
18172739
20129227
17339313
18394529
20047173
15523242
15568654
15832874
18092572
19728440
20353663
15614280
16422483
19682775
16566345
15727112
18349430
17116952
16177581
21272371
17767693
16900280
18329460
20003975
17694281
17552345
20441028
16760680
16490633
19253241
19794306
15698450
18776748
21440811
16475891
16719605
19858336
17395968
21371155
15833466
16374668
16180556
16250121
19539455
16489897
19734393
17122430
21587184
21575224
16774177
17312410
20067668
18453350
16509963
17060254
20670699
20368483
18280252
18693944
15962401
21389942
15999921
18974186
19048642
19765884
20077787
19376385
15734134
15933918
20520126
16628312
15819495
15793271
19495535
21682172
21086799
19023840
19695843
15967625
15899727
19855360
19399312
21214301
17142247
16736703
16426696
17510154
19525484
21346534
19665624
18980460
16516665
20187949
15936427
16874440
16595344
17573272
16161861
18578198
18043220
16110012
17346367
17575750
20950124
16722289
15804323
21722765
20433404
17061337
22032561
16829828
18272212
15610340
20925556
17724863
17544250
21384646
17418071
21069118
18936266
20964266
19902573
15818096
20302625
16739390
17274556
19195189
21504260
16103805
19283563
16755817
18355257
21387976
19395889
18474979
17540553
21337280
17651489
16121596
15590803
20473214
18519622
18829830
15560706
20423415
19414230
20970018
19807230
15624537
21491343
16034036
19636497
17472495
18923333
19012722
19681533
18412311
18163137
19588666
15963299
21616582
20526867
16756519
17905364
20112144
21240104
20424802
15544662
16504067
16340692
19020364
17446738
17302137
20038717
21982519
21766435
20225938
20427307
17298263
16259838
19632969
16315527
17042055
15729159
17139909
21741566
17420944
21553513
19702814
17033601
15687899
20581917
16160191
19447535
18703770
20357661
21462047
17481458
19104321
21236585
20048680
21416871
19472112
19281541
18073638
16518795
15956007
19049552
19000907
16482017
19524899
15633832
16210466
17535294
22030933
18027619
15846157
17007161
15877566
18941437
19469361
21041194
18300277
19646173
16871657
19823963
21475055
16913337
16945784
19411529
17042237
19635764
21131636
19708930
21767163
19803665
18708248
16527476
17718309
17048360
21639660
18845412
16735012
18075922
16035413
19454208
20085075
17081919
20926167
21884838
20549916
18767386
20391688
18709593
16273781
19218484
19624479
15887819
17372114
15601654
17216945
17443116
17017324
18483456
17342855
17270326
21500008
21056869
18342824
18078210
20232270
17126163
19678853
20042225
21419259
18986288
17880381
15955403
18387880
18655672
18347485
19242841
15973342
19819206
19606561
21762230
20394886
20078014
17851360
17508949
21601725
18472683
17024615
19451489
20486528
21063640
21301667
21403051
16164503
18208957
19959745
16405983
18794714
16499465
19566991
16425947
20189784
16622995
16481778
21484016
17274042
16311693
19004659
18843442
15811491
18496376
16548476
19681711
16046887
21094437
15608097
18363459
19641933
17453872
15849619
16775757
21651362
19642899
19165415
16192192
20574186
16996372
20859048
16965886
17998405
19884473
18714747
18373491
16226861
18356003
18578767
17342849
18066739
15865824
19460830
17679587
21868463
17206232
16968430
16964812
19060825
15865461
18192156
20861835
15630834
15849218
16775904
16605041
19709015
16882343
15604637
17331095
20617292
18619767
19134063
17881240
17723929
17706756
17941772
17437826
15528578
17363865
20088397
19295974
18248947
18261949
21478683
19135577
21701921
21870731
16177996
18394871
20739577
17306547
19682405
18831870
19106431
21726319
21242575
21051389
17298955
15699653
19207506
16598327
17559659
19945102
19011486
16157620
15617396
16478839
18186824
21172073
18439169
17962494
17516356
21406428
20576673
17533925
18821287
20083413
16381161
18850371
18757353
20506928
18156966
16847789
18223158
18763438
20608258
16328394
21709550
19898789
17091104
16000099
16330968
16249592
20392133
15842713
20050500
20832743
17992507
17199055
19847381
19393121
19534170
18401226
16321716
19930680
15543896
16033623
16597578
18582361
20923990
18055669
15994981
19205735
16427564
19824252
19813105
19860295
20645461
21323231
16534045
19323712
15737858
18612092
18609505
19399008
19138531
17510001
20512449
21345737
19576529
19907237
18830810
21375892
17593456
17711934
16877039
16159733
19941657
19767023
18761842
17077433
16492923
18453347
19955101
21385448
18437064
15912353
19299969
16684486
20522076
21675476
15577647
21155637
20531171
16647644
20487072
20127272
19161087
16594227
17249277
18427032
21951494
19021727
19173177
19995268
19353413
20218895
16426516
18337439
21879655
19951786
20630922
17365898
21928599
18072525
17175653
20826113
18856147
17666296
17028624
18926150
21292720
19250362
19675401
15714021
16729519
15577388
16869335
17665819
17213738
17457778
18810233
17212859
19376487
17443115
21682969
17261532
16100661
17849911
16607408
18544726
21371026
17711769
16274940
17456817
21449182
19745417
20824347
17094300
16522405
17315602
17085610
19225320
15798852
20137838
16464264
18340988
18638330
16859867
19169382
18768007
19004171
16202125
18614907
20889279
18189334
21744675
20738435
18208739
18992627
18439049
20920232
21130334
18504549
21171494
15852073
18828170
20708031
15752835
17991363
19564002
19136356
18725845
18368655
21091899
19956923
21460690
19923830
20554140
21206293
20676583
17504584
16332602
19536963
20703145
16136048
16036272
17891116
21272278
15555079
15992183
17714237
16612921
17642393
16901882
19733460
19131749
16324962
16215867
21294833
20463448
17719690
17279443
16053402
17083319
16512032
17269951
17443539
18797217
20572093
20825836
17002249
18335842
17575757
17222294
15688543
20055066
19166437
16513713
21365168
17972468
16955431
16033450
20679039
18831397
18187010
15908854
15690591
20701195
19906428
17355582
17330272
16910946
20220687
18620650
18090889
17452712
16682037
19297446
19722298
15624872
18578786
17590366
19098659
20379946
19609142
20532477
19012760
16459967
16292723
21147003
17576248
17261112
17464112
20966661
19188132
21214139
16352773
16938902
16774291
21116179
17983362
17897117
21232829
20542366
20466596
21099065
19014117
20014541
21402971
21355476
19375521
21229930
18667867
21056164
19395973
21376160
17366919
20693881
17909221
21718624
20228634
20966733
20142581
17594994
16084178
18789627
21644434
16566100
18664907
19119830
19590467
21481736
15772509
17160097
20871510
17505392
18155338
17398233
16553673
20662290
17615222
18356768
17217131
18977551
16566565
19199192
21521429
17573985
21722980
19933246
20357751
18457633
17212065
17331691
18798714
17613157
19939303
15750493
19954137
18193593
19908647
17936142
15850255
19238355
18431289
19751037
17299807
19416045
19221070
18607014
17588303
21574247
16673673
19344195
17651561
16277706
16898377
17444172
20070068
19785363
18459068
16815489
19585920
19818250
16376472
20021684
16690426
16672676
17234071
17354232
15850019
15914132
17391577
21601772
21309962
18026943
17009802
17707149
20494690
16790451
20959735
19553064
20351387
21403050
18826466
20833285
19437396
19066847
20403093
17727609
19019621
16526061
18340506
21564520
18307598
21154092
21677532
18058184
19482768
16100130
17219497
19125858
16425109
18382703
18209669
17507825
20004439
20069918
21664135
16826869
19926646
19935109
19881212
17202904
21721302
16317333
16294182
20653432
16483097
19959842
19906285
17939237
18564436
17689397
18488242
16328673
16398251
17040509
18269305
16190009
16640136
17298492
15744761
16050857
16530113
19563640
18680886
19797339
15914055
19934461
19955243
20690344
15918790
18497658
19136677
17621971
16927953
18774872
19898786
17718732
15876255
17760300
16910375
18626054
18351621
21714372
19490299
20801921
20890002
21742654
15940836
18625166
18478484
19436690
19263821
15817804
15567739
16781501
20155892
20175420
21523998
16132271
19416038
15952969
17352772
15575566
20812584
17884713
17447290
16731071
15683749
20956023
19888786
15655338
18499815
19198129
16123260
16202313
16374198
17512151
16965306
17823567
16416762
18989650
17897431
19687698
16405982
17696629
20166914
19851135
18787902
16918787
17589371
17069923
17287229
21385184
17116841
20452166
16009743
19074516
20104400
21133807
21171881
18161468
19092468
19769205
17110646
17004660
16456394
15798508
16179169
17804518
18332736
19927860
17076693
21123022
19418075
20870663
16926728
19033833
21403453
17185154
15586093
19906525
16652413
19335672
16430333
19927964
17616315
22030646
17509266
21283004
18804936
19671647
15570515
16255838
20299047
16679426
16423791
20434865
16524352
16572570
16850929
18763650
21142837
16376522
16419672
21129179
17353711
17126458
15569130
18559018
16800319
18541752
20526983
20065543
21337176
18571213
16003402
19519752
16182988
19097575
19061784
21330804
19233353
15570493
20210665
16537580
15587184
15943144
21518295
18702651
20224406
19018751
16332553
20826878
17444572
17339988
16353320
20532135
19068898
17426424
20123331
19274817
15735561
19005123
21625545
18237065
21066929
18416279
16377190
15587899
18298504
18205528
16295024
16826947
16352983
16372911
16403109
20644207
15918424
18493712
17978632
15813763
18828169
16119142
15760811
16035336
17591134
18060326
18510762
19263816
19380090
15589083
21394012
20094000
21783230
15662297
16180554
16604910
16045054
18384011
20100110
20454567
16643350
16520566
15555469
21085068
19428093
21189756
18989134
17549576
20530646
19376598
18633015
21422100
19273474
20036168
21160349
17260559
17319909
16931461
17120919
21555655
20639232
15909169
19059087
21150411
16212666
20367820
21879626
21184628
15797158
18609800
19933533
21637155
17929733
17375230
15993673
18380316
18287979
18096716
21485676
18801512
17852926
19154852
19012140
19017597
15785293
16005415
18315585
20831738
16900903
17334245
20177047
20715735
21569337
20631598
18955844
15666142
18038746
21073122
21283938
18487708
18595423
15530751
20123767
18562863
18792656
20189951
20117971
20336644
21078683
21714444
15566027
16627318
16311134
15868336
16270813
21266287
20421242
21191577
17211702
18041567
21837876
16648722
16838809
16436544
20416241
15847757
17091363
16987792
20715707
16287894
15858624
18579272
16036007
17944769
21294020
20954055
18247013
17166062
19318675
17846366
19887655
20663701
16585026
20420145
19151964
21678217
20102069
20420999
18949678
19455607
21894868
19531035
20804878
17118307
16493271
19748202
16701114
21729274
17477224
18410785
16874603
17918304
16262841
16829831
17382032
17318364
16340686
15595585
18315829
17571222
19246146
19306632
18379794
16181597
21944692
15758704
19635159
16288159
17084759
19290712
16327346
18521045
17901105
18050050
17947752
18716530
19293173
17713366
18619084
21106660
17008952
20402319
16913335
20425283
16318105
16239820
19353347
19914955
19552036
21957588
18650639
19037225
21350426
21517787
17258131
17361586
21714895
21478756
15852657
18603221
20011806
15638043
16860432
21079529
16581259
20610314
16247055
21893577
19843492
16868427
18375778
21922698
19589767
16585091
19780018
20122018
18491221
19734100
16823022
20535893
20859614
20651478
19805801
16866806
17998378
18524373
18429579
17152455
16868233
17518891
18762505
19214595
17013870
20870475
17607616
18019522
15562740
19697810
19958471
17910543
15544016
18655687
20394460
16987113
20042780
17125095
19300071
16119185
17873250
18388681
21750594
20110341
19680301
15804320
17492993
19723373
17000583
16082798
19491151
20038254
18096353
17046986
16774021
19959840
20531194
19363840
15602303
19644743
16342837
16944381
20554423
20490970
15810565
17664443
20220670
21121576
17298258
19995133
20508686
20832921
19810672
15976556
18666719
19927503
18752071
17619435
16452704
20014744
21514176
19637769
20146202
20656288
16769943
20203460
17924271
20860573
18769315
17069269
19446459
19401105
16849766
16965249
21317851
18303431
18772208
18813142
19380943
16925375
19663271
19248449
16620241
18674673
19466268
18990973
15865575
16707222
16786951
21692436
16948445
18775402
21211484
18656320
20430215
18481613
16442438
17943436
18618192
19086245
18318974
18500280
16002947
17074865
20495648
16608721
20550597
18498922
20308644
18492634
19546455
20827259
15656463
20052837
19426929
17437970
16083376
22009086
19572921
19187053
15566598
16996228
15586183
17024614
20800564
21085886
18842456
18600037
17341271
20530312
17450710
17922369
21296322
19918088
20082592
16846818
19293416
16445221
18622192
19862696
17591112
17667001
21976585
19786861
16153206
16342912
19118927
16471375
21258241
16604801
18340991
17210544
21649674
19192089
16393828
21188866
17355102
16816541
18557314
15707259
19385424
19117232
17559731
16394231
18728512
18656044
21456490
18947081
20162914
21595812
20479642
17488254
18595456
15736601
16411360
21810724
19798831
17102217
16089203
15622024
17284277
18558934
17239730
19028922
20465132
20559399
20456797
20924255
21060118
16750297
15859964
17301056
20485722
16759426
18355699
17201722
15826532
18332403
19591624
18945220
15933461
20540001
16501264
15684204
18299968
17973716
21394017
15718187
17177907
15835455
16905490
21505139
21563900
17467117
16512436
19324026
18648946
17655685
22128567
19549300
21060121
20164474
19767521
18391804
17047376
17095396
20532649
19124317
17716417
18560100
19736574
16999743
21266280
20340064
17067405
20153555
20552281
16878516
15764350
15656843
15654612
18218337
18649107
20370758
20061227
15935032
20495864
17505351
21364073
18391340
20614376
17132845
17118306
21041282
16749538
19455926
19012195
16043003
19114583
19482139
19127438
18314233
19489797
18436568
19291075
19852197
20523230
16835560
17886424
19664202
19385348
19826024
17244291
21292755
18347750
20509723
15933650
15540672
16616269
19383011
15800127
15912827
15615141
15797751
17266008
20188289
18395142
18769845
16879183
20452620
19286279
17322008
16469470
20443253
16393557
19145803
19238883
21590564
17473542
18848753
19695425
18035261
21736468
16800219
18026055
19667006
20922802
21084087
20937737
19788369
19441657
16942769
16015522
19692857
16255359
15740487
20720083
20923512
15871537
15881716
18038517
21853633
18998598
21684388
19576819
20850843
15686333
18846974
22066284
15789389
20008830
20644185
17916588
17372550
19354156
21410585
18436493
19372123
18799496
17879557
19796410
18349768
18022065
16466326
18477178
21678267
18847103
19106282
19445616
17487019
16719017
21536367
18844193
16495923
17197966
18486784
15660707
21346587
19770808
18377240
21528629
16462443
20590513
17213982
17911575
19759423
20360543
21255708
17467992
21857329
21284037
17556151
19183496
16324960
19619061
17140420
15993137
19186284
16709554
20686987
16572026
19006501
18448502
19996586
17622362
19723869
17461369
20351911
21944792
16549390
16173957
20354923
16733116
21368532
15587130
18624013
15515856
22203538
17693836
18687070
17683303
19764839
20352648
19142111
21094440
20689929
17661258
17956915
20063089
17921937
17970363
16260707
17184377
17065946
16618916
19636707
16911048
21576545
20590436
15640632
21340716
17032933
17365449
17458412
19500706
20801920
15840895
19940587
18687627
15894602
19655210
21295755
21315993
16454003
18284317
15930430
20442612
19214259
21961386
19896893
21132559
17116767
19625210
17182474
15660140
22096875
20940212
20140752
15980419
20926743
16457308
19733814
17380521
17152454
17012495
16551020
20421049
17112429
18825367
20712421
18021557
20102555
20510840
17938935
19235496
19175248
19824282
17683654
18041335
19446095
21215487
16473096
18368318
16888512
18335258
17882096
15862047
17100721
15635886
17486805
18062730
17494803
19281289
19015826
18048482
20940582
15544666
20121338
19807959
17936549
20030772
21462058
18618579
17578579
20227643
17539557
18644916
16494539
17054735
17722681
16214476
21599990
16624890
17217319
15832666
16035081
20846045
16003005
17269436
22073586
20511243
17327188
21305537
17132416
17667534
17378818
21305918
16121877
19445266
21281024
16926738
21552066
17169234
16036254
18251737
21667687
19596287
15536971
18307703
19014228
20532130
18722933
20040017
20103026
21349492
16516059
17662689
19370381
16445158
19734825
18019769
19590465
21276552
16832992
19951431
17412031
17877562
20539163
18061797
16143738
15823890
18359879
21224466
21365982
15602707
19291271
17912778
17364420
15717905
20508976
21793739
19186226
15540618
17720453
16481838
20155560
21616755
20870181
16864133
17579302
15859376
19725423
15717707
16619395
19587108
19018749
16276216
17901599
19104262
16583190
19648600
18042378
19293069
19009778
17040143
16441388
17069582
17664526
21957803
18702777
20453732
18042184
21146668
20499655
18431892
21524192
15614543
18787437
18588787
16467285
19939302
16594230
16706810
21071434
16514937
18326343
20167838
16938136
21198233
21228042
17565727
18564789
21322195
18447987
21133213
16491937
18389265
19735590
20586348
19597893
18555474
17039988
16594405
21117305
16517497
20632189
19203803
21916319
16524029
19166698
19945204
21162155
17502804
17091909
18163408
19017897
17953297
16783255
19025484
16499681
16452905
21932757
18171394
16525525
21615572
16756529
19343033
16422723
20380966
17509737
19745504
21722991
20857674
18690127
21542189
20852468
16750703
20040632
19947306
18942616
16438811
18165798
19667767
19955880
17655636
20148462
16937599
18448710
17251710
18515751
19017773
17404677
20797365
21129704
21314772
18463296
17621446
19400397
20443278
19748869
16682919
17679264
16231556
19674429
19075333
17966836
19105561
21700066
19487739
15530846
17195318
19685441
18721358
15910587
21491756
21219087
18835969
21246866
16836763
16897414
18338267
16685051
20224516
21537324
17594828
15811201
20809422
19392639
19567494
16332484
16315251
19594988
15539975
17270631
19929125
20951090
22029121
19008760
15856552
19824241
16850706
19135732
20042885
19208329
19070193
18198804
20535621
19165122
17956403
17495309
18996787
20427001
15591917
17102316
21216792
19753930
19915838
21637274
20418352
18213506
16292623
19106729
21418095
20147836
15887808
18825863
19067989
16223109
20450020
20637390
17504589
16600433
16431185
19132235
15904503
20719008
19066980
19064141
