16178300
15821676
15637860
16788354
16788353
16783582
16781851
16779402
16779067
16779035
16777830
16776416
16776271
16771103
16764880
16758934
16836166
16830250
16810545
16808584
16792255
16788550
16739533
16881375
19655485
16873049
16869948
16850277
16848352
16847798
16683507
16962458
16957462
16955714
16937829
16937576
16926310
16926309
16918865
16918864
16918860
16910902
16903586
16903532
17039984
17038108
17038098
17036089
17011264
19655491
19655490
19655489
16998427
16990883
16988951
16980683
16980681
16979535
16969254
16966317
16955591
16622978
17114068
17114062
17108861
17105743
17102522
17096760
17086654
17079619
17071835
17062903
17061363
16612771
16604912
16604908
16602500
16599179
17249440
17240117
17238737
17238369
17225372
17224699
17220847
17218869
17218867
17216762
17198229
17198228
17197304
19655506
17193794
17193789
17190300
17183940
17183939
17183936
17183933
17174063
17140012
16572669
16562595
16027635
15994981
15924897
15924196
15915883
15915880
15915879
15884615
15884614
15881732
15877530
15865824
15839294
15833007
15829458
15820428
15820382
15791782
15784938
15759205
15754566
15736769
15727286
15709523
15706278
15699653
15681211
15660544
15660491
15660082
15643770
15633832
15633384
15627007
15612344
15612340
15586209
15575815
15575423
15575186
15572013
15561158
15561154
15559986
15553590
15552250
15551794
15549017
15541616
15533975
15523340
15518257
20175258
20128193
19397071
19353974
19346926
19263758
19155850
19051989
19043330
19013404
18990895
18990843
18990325
18979706
18974457
18952754
18942486
18856075
18839508
18830226
18827544
18814778
18814674
18805228
18795643
18773762
18773593
18760232
18718383
18717403
18715382
18686670
18684020
18675188
18672982
18656055
18655334
18636011
18634973
18558912
18616078
18588800
18557126
18522344
18507224
18481621
18481397
18426177
18395145
18385570
18366363
18361174
18331481
18330386
18326463
17497309
17487658
17486787
17476163
17468928
17449544
17431843
17428638
17427862
17405686
17402897
19655495
19655494
17361047
17352299
17343245
17329588
17320017
17310671
17310664
17309186
17306956
17287230
17274437
17264136
17261485
16669364
16669206
16629279
16620198
16601605
16595399
16594354
19655476
16569969
16522511
16515257
16498561
16482455
16480558
16479659
16479655
16475570
16471375
16451548
16451512
16451311
16447024
16422471
16422041
16408460
16408459
16401178
16393794
16393557
19655504
19655499
16372631
16350354
16350346
16327572
16323455
16295160
16277073
16273024
16220879
16160566
16126376
16125015
16117266
16106333
16105521
16100413
16083434
16035467
15944994
15934975
15923595
15835558
15835420
15824607
15820432
15820427
15820426
15819525
15817601
15786682
21905476
21813621
21806754
21726950
21667584
21642326
21640891
21638822
21501774
21476315
21133034
21042194
20601731
20624571
20575322
20575316
20411799
20371040
20088186
20069428
20064702
21417131
20032665
19930369
19816281
19715071
19694105
19674914
19634807
19596555
19592982
19590465
19585917
19583929
19576265
21467002
19506746
19475792
19461329
19458459
19457969
19456057
19456052
19438113
19438112
19382539
19382510
19382509
19380988
19342536
19323112
19320260
19288840
19288835
19284191
19269391
19221809
19201332
19195232
19192688
19190468
19182546
19178622
19170301
19155864
19113014
19090314
19090071
19090070
19086741
19059819
19058503
18088886
18087985
18073701
18072668
18066412
18053404
18050531
18050530
18050529
18041288
18019116
18018661
17999783
17998364
17997261
17989984
17987880
17986659
17985766
17971119
17966241
17966237
17963657
17954323
17938782
17929730
17921938
17919216
17918618
17915590
17915373
17912959
17912116
19655554
19655551
17886591
17882091
17876985
17874699
17869587
17852962
17852233
17851852
17848353
17827449
17728595
17727547
17726903
17721839
17721064
17716317
17690090
17690086
17705001
17701533
17695872
17695858
17695561
17686419
17684121
17683689
17681470
17674682
17673060
17667084
17657419
17645065
17643800
17586350
17609923
17609639
19999001
19655567
19655563
17600659
17591566
17589214
17581185
17578303
17576912
17576068
17560066
17550070
17550063
17546868
17546860
17536922
17532914
17523990
17521248
17519604
17518900
17518392
17518386
17518381
17517306
17517296
17508638
16468480
16468478
16447328
16440555
16439775
16433086
16425605
16378770
16378252
16372637
16372470
16372456
16296210
21661659
21661656
20975412
20946221
20888108
20885315
20879461
20841855
20829163
20829161
20822270
20817481
20816307
20806738
20806699
20803635
20802278
20798728
20736716
20727647
20723833
20712109
20692187
20690426
20679778
20669709
20665341
20647130
20633307
20630704
20605410
20598589
20593673
20575199
20572527
20553541
20553179
20522658
20521570
20492070
20491212
20486445
20467825
20451772
20415357
20415007
20415006
20411904
20398083
20397503
20387297
20387296
20386984
20386051
20371053
20362779
20359678
20359675
20344898
20338661
20337205
20306616
20306615
20305845
20298173
20236923
20235001
20225938
20218459
20216148
20193936
20175361
20175356
20162106
20159483
20156667
20152672
20142674
20141090
20136941
20129887
19157811
19142557
19127537
19113013
19107680
19104316
19102436
19095315
19064467
19058149
19054301
19040689
19037474
19017394
19016303
18981169
18979708
18979705
17586352
18848415
18814737
18783419
18783410
18775102
18767996
18498582
18675191
18655335
18641496
18558914
18622118
18605107
18586993
18578779
18578102
18561799
18552111
18429739
18524354
18512660
18512659
18512658
18512579
18497203
18492716
18483456
18482361
18481644
18481625
18481622
18481620
18481613
18474877
18468300
18462853
18462852
18453849
18445730
18436731
18402301
18386685
18367911
18362729
18362365
18362363
18350941
18350940
18348367
18335260
18320930
18317029
18304246
18265967
18265802
18250241
18242323
18240940
18237315
18054680
18216414
20091975
20091972
19263635
18160542
18158492
18156960
18154863
18153981
16273007
16267978
16259469
21899020
21785206
21733109
21587011
21519557
21512474
21512465
21512464
21512463
21507612
21507049
21500623
21496992
21491018
21491010
21490032
21489721
21477253
21477034
21477033
21473989
21473988
21473294
21471904
21470753
21457866
21448020
21446267
21445536
21443294
21438357
21435571
21419309
21413664
21413660
21407013
21404158
21403927
21380993
21371063
21365040
21355476
21353939
21353924
21346447
21345840
21344712
21343895
21343622
21329171
21328927
21319414
21313964
21282687
21255257
21243891
21226685
21216634
21198902
21166549
21155925
21126291
21119469
21105583
21097565
21086880
21086803
21086799
21084427
21078077
21072074
21070427
21062722
21055860
21048418
21040084
20621403
20599355
20579440
20544649
20482425
20451777
20443645
20429656
21744575
20409128
20406278
20370860
20367810
20367805
20367649
20367292
20359693
20350886
20350619
20337793
20226628
20216502
20211089
20192095
20178572
20177950
20145963
20141095
20141092
20113393
20107786
20100052
20095209
20095202
20077808
20077352
20077351
20063443
20055043
20042561
20039996
20009600
20005674
19998725
19966543
19962609
19960936
19958908
19953755
19953730
19944343
19929228
19927860
19927859
19917665
19917443
19915838
19904041
19902898
19901039
19894411
19885417
19881392
19865636
19862404
19860067
19837297
19835549
19835535
19824565
19813389
19801225
19800760
19792840
19771975
19761912
19761905
19761904
19761903
19761902
19757735
19756423
19749658
19737266
19735497
19730104
19725338
19723951
19721022
19715069
19712124
19708442
19705242
19700432
19675954
19659712
19645138
19625115
19622271
19616350
19597290
19593306
19593275
19592993
19592988
19581787
19566517
19560895
19548416
19534192
19528572
19514802
19494681
19494680
19492614
19486786
19482876
19481271
19475794
19473817
19456054
19455932
19435159
19416045
19365228
19322971
19298305
19281590
19276828
19276821
19266944
19263830
19261144
19240102
19238453
19237435
19226592
19220614
19219936
19216313
19212237
19201322
19185793
19176649
22128671
22065181
22058392
22039729
22021522
21980729
21977887
21977769
21941720
21853723
21823498
21806753
21789291
21789290
21782996
21780729
21777096
21772191
21766503
21726687
21691596
21667812
21661658
21661620
21640868
21639747
21616022
21613039
21600371
21564520
21538632
21537282
21524951
21508627
21495220
21449986
21414827
21403042
21392673
21353926
21350505
21339372
21334942
21300228
21229630
21209304
21199246
21195258
21185221
21171494
21162161
21130334
21121957
21119185
21113075
21108923
21105584
21099645
21076089
21048092
21045100
21037270
21034476
21032972
21030211
20971374
20923906
20923899
20868453
20862415
20847994
20841532
20828910
20813559
20718392
20691366
20687357
20653714
20683285
20679754
20679618
20674123
20666797
20662908
20659400
20654764
20536954
20367838
19548936
19419589
19413269
19276829
19084893
18980507
18783423
18648946
18555474
18335583
18266045
17667659
16856090
16702820
16690581
16690580
16679426
16606431
16598183
16596488
16594413
19655472
16563636
16550888
16549440
16544715
16538290
16533141
16522662
16521381
16509834
16501141
16484714
16477819
16475146
16446610
16423441
16416934
16402372
16398893
19655502
16384803
16381188
16342350
16295643
16295642
16295641
16226861
16209370
16197767
16149251
16138600
16125016
16115583
16095786
16080648
16019865
16018938
16005410
16001564
15968193
15916876
15915882
15915881
15899099
15890639
15876838
15865575
15852997
15851510
15841884
15825121
15821661
15791784
15761079
15754214
15722785
15690464
15641635
15641630
15617978
15586186
15561157
15561156
15561155
15556320
15537208
15537202
15523335
15523334
18721082
18808578
15644672
19331311
18357954
18768007
17664516
16188716
16917439
17699147
15641307
18403661
19210013
17102327
18362818
18609344
19674427
19685084
16295344
19118325
19264748
19907389
21672061
20511244
20851272
19406456
21209578
19272558
19782165
17362790
18414325
18344812
17558824
16125480
17462801
21355762
15759535
17057561
16060306
21826674
18763014
17169231
17983479
19948609
21803278
17115284
15781592
20405679
17901640
18946242
16122058
18768012
19588703
16003661
19769017
20637393
16604583
18711031
20507647
16315651
16604921
21332106
18569779
21282548
21278668
16116351
20196464
21239466
20346338
16135590
17584290
21051104
20592707
21536611
16995611
16233998
19566988
18314839
17855822
18080338
21242800
17632126
18356715
16194498
17679241
20098721
19422338
17310676
19357952
18542022
18184218
17394668
21089143
18400568
16700856
18448858
18678729
20937146
19124631
16422983
15515471
19219412
17516378
19647506
21757083
18689581
21097769
20653725
20148936
16275445
19189579
18077277
19060727
16492659
16680057
17306905
15877640
18525311
21694729
17098513
20875540
21475342
18429449
17624015
21488764
20614401
21839411
16701771
16487840
19049226
17582830
16697096
20972850
20658125
17443076
21055651
15783053
21351220
19092029
20660898
16951780
16879798
18503652
17760976
17340204
16259838
19916075
16323256
15992192
20083913
18174780
21119152
17552337
16186054
17167350
18631406
17298255
16696140
16354866
19247218
19751991
16119682
17888097
18662169
18725407
16378582
19150094
16899843
19817618
19522907
16456641
15529709
18455052
18384420
16937758
21664719
17116056
18640542
17469353
18426375
19558932
20735496
16226481
16511363
16529849
19253201
20234198
18226759
17955396
20215958
21291016
16021411
16687696
17491352
15548130
17211224
20514960
17886426
20810417
19197092
19341547
20349640
17353983
17402209
16318052
20838319
17240282
20940582
17267087
21063799
20549118
17037342
21273219
17917822
17669067
20718595
16775869
15603620
16201984
19629856
16054329
16681111
20078215
17003701
15653252
21121844
16450660
17913461
17519992
16098155
18947967
20010373
19460667
17603873
21943294
17187032
20452620
19707124
21639615
20508952
19996808
21305235
17953060
17083100
17391601
18295102
15709850
18625892
21961386
15898686
17065788
18822708
15857730
15788945
21292214
20663004
15737136
18856128
17086418
20127610
17405675
19865012
16471165
15835274
19331253
19706850
17524406
18291008
19551275
17349950
15973343
19191134
21817968
17018834
19203485
18569897
21576613
21041282
18478275
18784502
19850437
18281231
19171995
20630363
21041006
18290981
17445133
18298504
16450722
15915735
19070193
20306771
20352312
16175728
15713185
17440640
17214007
16202686
21722765
21131854
19943866
16095435
20183681
17135840
21680675
17486826
19382863
17118072
19026477
20506787
17901175
19531080
18754234
15730542
19154306
15635918
21977786
17629751
20608316
17465286
18545764
21085068
20384510
17430444
19847381
21560480
20214847
18601725
17108883
15632812
20696808
20199943
17569465
19888953
20540612
19402801
16082277
17207014
17099117
20662286
16198219
15672743
17072358
18243707
19700583
17473045
15526568
20081722
19250723
20974414
16483099
20073571
20802340
16464934
19659690
20924893
20575323
21513049
18035097
17446614
18766354
19170299
15530846
17907645
19539106
19921545
17636805
21554289
18784967
19796753
16955657
17455515
20351917
16927585
16333006
17578068
19326625
17081921
20579125
18669455
20492062
15674138
19525778
19772152
17330297
19342527
17313517
18666886
17597262
21591375
20397053
21524315
19692159
20525109
16274463
20347565
15651946
19918690
19919731
16958818
19743713
19149276
18792734
17003292
21473695
19793865
18030155
17590320
19437247
18838268
17219519
17324180
21371983
21406478
20666297
16850437
19205660
18959285
15875456
20144032
19816668
17635307
16544235
16374461
17311791
20662948
20608484
16008033
20684182
21613028
17122618
17505392
17257391
15597141
21401857
19935593
17658028
19112277
17544683
21617570
20858247
18715966
18705781
16273817
15631643
16482394
19306565
17652646
20826598
18034333
18487748
18201796
18502375
18302302
16336547
16326206
21677490
18171450
16111083
18158437
19517050
20826878
18078150
16804364
21052027
17668786
18198360
18205683
19874304
19204614
17786661
20350912
20010984
20103447
20824563
19952554
17720692
15581430
16677998
18563022
19482259
19931954
16722122
16263992
18814197
19251549
19752703
20481417
17376021
18351478
16687381
21735668
17286737
18633020
19049481
15544016
16450233
19016254
17604761
18200896
19281444
18448933
20037500
15754924
15907666
18677781
16671976
20660901
19845551
17027072
20713533
21576606
19748202
18277553
21805947
20922344
20198726
19022029
17088587
18799468
16199843
17727593
15533351
16462918
18272212
20955374
18777062
18501747
20738770
15967558
19485248
18243334
21099425
17334124
19538358
16830268
18954428
15857521
21272822
20488746
16774021
16245190
18856016
19923948
17199055
16344410
19106205
16122477
17379228
15529283
16340693
16713507
19067161
17069923
17803409
18681348
18509872
20026921
17767693
19700889
20008585
20973999
17190276
15692135
17285234
19747200
18810506
21333923
18207046
15867120
19956978
20501431
17440296
18996980
16737170
17261820
20966733
18063549
19150895
16145642
17331259
21596217
19806535
19895441
19669831
16356316
18405012
21254304
18261949
20476517
17436863
18241871
18500138
19391234
17211702
17109707
19817163
20724882
19940587
15780324
15743047
19629150
18655613
18465174
15699080
15553181
18362066
17851721
16174503
15918424
18033634
16600433
19017894
18728445
17601174
15658177
17826210
15999092
15820984
18696266
20068505
16463468
15713926
19295974
15883469
19957420
16983480
17468640
16466611
18819046
19827966
20309780
20802434
15876255
17160236
15718187
18496250
18951747
19534170
15891598
15586133
20671442
21042245
17968767
21059573
17999008
20133957
21424311
16565010
16005834
20043565
21449510
18261541
18601637
20117673
20353660
18466383
17646058
20889517
17506233
17229425
17855728
20572428
19196248
17701117
20659201
19175680
18577733
17510453
17514382
18279291
17274042
18032748
20813997
18605513
17257396
18095807
19390341
16398604
19483575
16879384
20948488
21651362
15955146
20397508
16026696
18240655
16480240
20046133
17324194
21675383
19302633
19855258
19204222
16863414
21462754
15586831
20863521
15880706
15782581
18363454
15576747
19606776
20184233
17880415
20562603
16119863
16860524
17982991
17125095
15891314
17580126
20354927
20070068
17630006
20579232
17153260
19048697
19492762
20672524
21610053
20686063
20815908
17360084
21353941
16312256
18849368
16791670
21227936
18415031
16544059
19642026
21793115
16124136
17468688
18813775
16403763
21737331
18248395
16759936
21243605
18429539
18416396
21570929
16181047
17700950
20154558
16842059
16398864
17766519
18765706
19102225
18496357
20099956
20005501
19947285
15872121
15723908
20841683
16174147
16103670
16418992
17448401
21814477
21299570
18614907
21462094
18638330
20124777
18808287
17672058
20049773
16501269
19704292
20630793
19780857
19524172
16315770
16130359
16629007
19451489
20202506
17149400
20716478
16913579
19659705
17439678
15754927
16301934
19120741
21519226
16138487
16203960
20604910
17138846
18241776
17939464
19404580
19228413
17585613
19261205
15517161
18561561
17600996
15654901
17279239
18237351
16354863
17300306
15877590
17697218
16688665
19851232
21241193
18369299
20457406
19042888
19648525
19524911
17204509
19091725
19074562
15918469
16699943
16622437
15649108
17988769
16035246
16549574
20667778
17957346
18523492
20921037
20644133
21419250
16184694
21366115
20537931
21496527
18798713
16149978
16688667
21280286
16060580
18218198
18476853
19461569
20566394
18197434
21679547
21377556
16780619
20010377
17063105
21999064
20678886
18569903
19018218
20873902
20667584
19522341
16825668
18018751
21737032
21066978
18501748
20852538
18650767
18393740
18656858
20540408
21922692
16209375
16398162
17708181
18171306
15646757
16636361
19421085
18294873
16898050
21574845
20618603
21720971
19675116
18578442
19203342
19238883
18595218
19587253
17620205
18327028
21808163
16144146
20937199
16331167
20090227
16341187
16905424
20008217
15574714
16690981
17116453
15826511
18069516
17107567
19368582
21404768
20082054
19625827
21144400
17472505
22001799
21336436
19058876
17893930
16469976
20701999
19460597
19385348
17244295
15544701
21515975
15730073
21991889
20123326
15573505
17094367
20585080
17009342
19517285
20492058
15984447
19085226
16607066
16513873
18313632
17656406
20478554
16830008
17182970
19084319
19325488
15576704
19218308
15760813
17984780
18448714
21246451
21540599
16214514
15840892
15544893
17228508
16154225
20004396
20217268
17081644
19963148
17263052
21252667
18333722
15710642
16476683
17685995
16438761
18250248
21779616
20632546
20476519
21111375
19567495
15624551
19031133
16138488
18019309
21459494
18036123
20511684
19847723
16625131
19077024
19875660
15555479
15956862
21296322
21214989
19731127
17685146
19373176
20803913
20700769
19932220
21996470
17061778
16295282
17427368
19324927
18664802
18048200
17152030
18687247
21353132
21077525
15579477
18197542
17601183
19365222
17427172
15723024
19271625
17387788
17066972
16033144
16442027
15747901
18942535
19525051
18711951
20037616
19719383
20726381
16301565
15685261
21139520
20509784
18390461
17368665
17573295
20075126
16160587
19387286
19018902
21462047
20430653
20494965
15689648
20009771
16929040
17573682
17439374
19060794
18557670
17311361
18806520
18922403
21539143
16905490
16827505
18219252
20158617
21540010
20560831
17176515
19085957
16735762
16850023
17411580
16630039
18762529
16926989
18567965
16043532
16393233
20432203
20797365
20450128
16849963
17135059
19186229
19343560
16308983
16572981
18237064
15831541
16422000
17039986
18096585
21127101
16333772
18442105
19373185
18550089
15855863
17849466
15726463
17385970
16787467
18837896
18922582
20113535
19684558
17950045
19895371
20101545
20834035
19899258
18053231
16757775
16081319
20598493
18951673
17696629
15572014
16568810
16826960
16983850
15719603
19090375
19642744
19170862
15924034
21391732
17485577
17763110
20050447
17099197
19438672
16575714
20864829
15715808
18687070
21612433
18294534
21783011
17278922
16174818
15589079
17484247
18056570
16231164
21329281
15777473
16082831
21518675
16358548
18295216
17729170
16403132
17182516
19256295
16876380
16779356
17356436
21905317
17468681
19657308
16542661
18624088
21089994
16849746
15974371
17165326
19070470
15681216
20185980
21527510
17435799
20069815
19366389
21834286
21626269
16202839
15644682
18727450
18314223
15622417
15940585
20054079
17123214
21483387
19889918
16086983
18807244
18166406
22013829
21599730
20177166
19661000
17272792
16759741
19920744
17256717
18778909
19259269
19420206
21286905
19349502
19395649
17477088
18382703
19282506
17260594
16641654
17408858
18715165
18622980
16963167
16131284
19249998
17111431
16047529
15918864
21045570
17761570
16529590
21385085
19366408
16873047
18225837
17412592
16874910
20000010
19192914
16006829
21532046
19651928
16420822
19484840
16113711
17848303
18057032
19068898
19039213
19103915
20193998
20690890
15964865
16405703
16252737
18501071
16192827
21831277
20798083
16158203
16163954
19047665
18668482
21694580
19055137
19690306
20370644
17938771
19715093
18589314
20825898
16080388
17990156
22041948
21532281
20553366
15533524
17583897
19784619
20629334
20526926
21841061
16632813
17912536
20801997
20690266
19353347
16910804
16230764
16633255
16438774
21170771
18018819
18346597
18829830
19609190
16607139
19445070
20230173
16680209
16689756
15597007
16125027
17542172
20823020
17067241
20437133
19718743
21739885
21799327
16930787
17311888
20071719
21730228
21696481
18182945
18928960
16215498
16294947
15855856
18434156
17512862
17116539
21045783
21586244
19618792
21645040
15931307
17122530
17256713
20959368
16290972
15742746
18427032
19193548
18171323
16013908
16112760
16712701
17879568
19703037
19553722
15571880
16294628
17364514
21400967
16982001
19608123
17061594
20443294
17067516
17380491
17051292
21146991
18074476
15654612
20393347
21540618
15819836
16096151
17433966
20187344
18344890
16153565
15999295
16076895
19709016
20407961
21194484
21045579
17367901
16234575
16977402
20149164
16335558
21081716
21160349
16604796
15637990
20026893
16968373
17436462
16494663
18990114
20557005
18684582
19157813
17313538
20459997
15588267
18924004
15964736
16029982
21103767
18371250
19139382
15973840
18758277
19327572
15899224
16497428
18941032
20684345
16119296
15647735
15947329
17199087
17540320
19072191
18289238
21385531
17518880
17352023
16710762
19538556
17557437
19687468
17331691
21514484
18552258
20939228
17921937
18051920
17091047
17013821
16080128
18343252
21473969
19811604
20164712
15803895
20465132
17914337
19184498
16014340
17622862
21523985
17853657
16673631
18689134
15639044
17428817
15834342
19830402
19446121
20559052
17154661
16035412
19370563
19209392
17469479
18499604
16553927
21675472
17541315
20638311
18724571
21801562
17327249
16937774
17702516
20394476
19945814
18005124
16271117
17986680
16988303
17057600
18026055
15622338
16441401
19411018
17206232
17727406
20427299
17674224
21290908
19483114
18216667
16978958
20441038
19744955
18338454
16035336
17215415
18423644
18384358
17945364
17228437
16526149
19148340
18806650
20738826
15612401
20409062
19064862
21396509
15862043
15996975
17614071
20486582
16986146
18592986
16823890
16102160
18320994
21406672
17551855
19395890
20347328
18552084
16925372
21285471
15759524
16442479
19657622
15668077
17664508
18772211
21813388
19112086
17130383
15954048
15875449
20560853
19480834
20675953
19769206
18833890
19254403
18835521
21725239
17499961
18216074
17576633
18449346
20055721
18923098
19700651
19405342
18171955
21762827
19961261
20735468
18580518
19092350
17339093
16489959
17917411
17298284
18196711
18807300
16493205
17633340
17158277
17540835
17908233
18936382
15722841
20671454
20019120
21808960
19945101
16867885
16532479
20878830
17620391
19006588
18522603
18329827
19858431
16782251
16967155
18048816
20502848
17989265
17571402
17438933
17285381
18376741
19690607
21545640
21928608
18459697
16449087
21061867
17478643
19354156
19248411
17489960
18639796
17712691
20696498
20656107
15592707
16595543
20177051
17344670
17171497
19900257
17903572
21817972
18247270
16011227
18349651
16253113
19673014
16720852
18644005
21224945
18445176
15641613
20024747
21495851
19403574
15935627
18180517
18656842
17411550
17481983
19369190
17718730
18560062
21368531
17462207
18482118
20394460
20803405
19633883
15707441
15640652
17100867
16842475
20924007
15576258
17050299
19101804
18569419
19952652
16344631
18292485
19319772
16760680
18752659
21265350
19706667
18308982
18573961
19471139
18401936
21461208
16449393
19928362
18761294
16688971
19160881
15859963
15900181
16533682
20082064
20540393
20507043
16211174
17467495
18950440
19153413
16044994
20957464
21422361
16035267
19284262
16963660
20386055
16103035
21576545
15557354
17883628
20490781
22010523
20649673
19824520
20033233
18337183
17925111
17350981
19287499
18941918
18247177
17069269
17922326
21288722
16808715
21977605
21199299
18942568
21425070
19736860
18047457
15576873
17985682
21939802
18448702
20842755
18041324
16520526
21595376
16954123
19372340
18437070
20639645
17927012
18727353
18084967
17060296
21391772
16164384
19853967
18218337
18157360
16546015
16878038
17616432
20636152
18808459
19318673
20130828
18459155
20876403
21457601
18594232
16199445
16850003
17684165
21555284
19380442
17509694
18474884
19491574
17472497
18683041
20493795
21360862
20064055
16326779
15543405
21972461
21207723
17043050
18577922
15750517
21146342
17768578
15723731
15632891
17494279
18214782
15730184
20227673
17659911
19707978
21112453
17468606
18324557
20065168
16759758
18512998
21172073
15608042
17900477
20065013
16130944
17329277
16184715
21668382
18557553
21096918
17004425
18443803
21554729
19297196
21051257
21426615
17678779
16764400
20031892
19249189
16487423
16783865
15943158
17083765
17966743
20678874
18590250
20573641
17672899
15900803
19589822
15671707
21532136
18047593
16996787
18786014
21658825
17926280
18719721
20847346
17496369
20562371
16050873
17102643
16426696
16124075
20736665
18486415
17620528
18471339
20144942
19283247
17646603
17051892
15701767
16158150
21534823
16569179
19429734
19755882
17931329
15515312
18649963
19585884
18344783
18762603
20478810
19832891
20345062
17762386
16860516
21298505
18202431
18183697
16997634
16923183
17177907
18635374
20183556
16542838
15606728
16299433
17066968
20337847
17356093
19689699
17090996
16686584
21348546
20593644
17621785
15647238
21145614
19028141
17516489
19399527
18019286
19609271
20619199
19357516
17080904
16793783
19179322
21306060
19104261
21614939
16339675
17266765
20585083
21488482
16594190
16955579
16285061
19001099
18190558
17262839
16565619
19481303
18697657
20560990
18294599
18431292
18357933
20943343
19950037
19562422
17163120
21233867
15926758
21729918
18050243
17090901
18720573
21198461
15846604
19194308
16404863
18694054
17638181
15518001
20155792
17933059
20598494
18682875
17097648
17609848
18023611
21279938
18573425
20869319
20974021
19033166
19084897
20547286
18282812
17708186
21853848
16985390
17987819
19675529
16053527
20369687
20420304
18798897
18564956
18179535
18385405
21545947
15744194
19687703
16563769
19348102
19025022
16586308
17458368
16376522
16113141
21239422
18044781
19646191
21776828
19698012
17984645
16579831
19187836
16792000
18066718
18979856
17400084
20861620
17883648
18044418
19094227
21113847
19786249
19916822
18678148
16781555
18597190
21599841
18694250
16804697
19808267
19921997
18635587
15871746
15528897
18226272
16098149
20450020
15742908
18772181
19879473
21526374
19038449
17333490
20974057
18385992
17851379
18798229
16268750
20147807
21559751
15732211
17943436
18397157
21359255
20394514
17479031
19531558
16215358
17140014
18575882
18317257
19225847
18386452
20488607
17851820
21500607
16894800
16516127
18496022
19698038
17355377
21143085
19345609
18053910
19018899
17650357
21766898
21229836
16825667
18467287
19068687
17597350
21707939
18069494
15904747
15515442
18073638
17641967
19196586
16684172
20837253
17108506
18628532
16932134
19812096
16949271
20466370
17488153
18393965
19091313
19018885
16292681
16619895
17760651
18985843
16340097
16186438
19403072
20064269
17207002
21208048
17241187
15707259
17061071
17907496
19626346
19468965
20152055
20074905
18020245
20511267
20403490
15530751
20589966
21074114
21351840
20444770
19609094
17542794
17119752
18758315
17032598
17134740
18032204
17019898
17479550
16928410
17407796
16882102
19828906
19967659
19580138
17253131
15659998
15984560
18023334
21078470
18060967
19289930
17980798
21540603
18990256
15778816
17592105
18990271
16764198
20455148
17157128
20004298
17338950
18075770
19765427
18384672
18414335
16278102
16830254
16688970
19968454
15714932
17880469
20439486
20402374
21157249
19465748
16676339
20543369
18953199
18710377
16001612
18375626
17617015
20543720
18632026
19897193
16707584
16236656
18539278
18595456
18363249
15960112
19159835
19020436
17979619
16895488
20234287
17512475
16256718
16156194
19189157
17318768
17666999
17540828
18977559
18771525
17324293
18924462
20840709
20888944
17411467
17371147
17538449
16959931
16282005
17244288
17699357
20960702
16925000
16340636
17223939
18989880
16124847
21624876
17941245
19199154
15651652
17626391
20308943
15713168
19761023
16765872
16170510
16166868
18223158
16369431
19543809
18459596
17874488
20679636
17509345
20070498
19337714
17925109
16684426
16554429
20434865
17533547
16194183
15923409
18319281
17314390
16822110
16447529
20941968
16047637
16983102
21343845
17708128
21526313
21159772
20375814
15682971
17470037
16170788
20305310
20862893
19617303
21282503
21110399
19700582
20357650
16964556
20422432
20441464
21276199
20934681
17551350
20394518
15735199
16253788
18972936
21888046
16365241
19912120
19175286
16484923
20379944
19962629
19765806
15658837
16996901
21839904
21659986
17455570
18549134
21143362
16405982
16866238
20113263
15895176
21104212
15841423
18437935
16006914
18234324
15865552
20587048
19157185
18209771
17606959
19748205
21252660
18702787
15826580
17662152
18087882
19229970
20367725
21276338
18683450
16206375
18353007
20123175
16731071
20232049
21717676
16186863
21274648
15645189
21195887
19573777
21349135
17091759
20159191
16583190
15850331
18389874
15997955
18945220
15967625
19327069
16267966
17296669
17140007
21111926
17309897
19231678
19722148
20488605
19726783
21098628
19961626
19910394
19374282
19785974
19584211
17360319
18791404
19467736
17550936
16053594
18648766
20657338
16566100
17161127
18777821
17927072
20194402
15853292
18426789
20354115
21220896
16388772
17557028
19198131
19378450
16863046
17336875
20167834
18586341
19058466
20576673
19056014
17889971
18669468
18019971
16803769
17721966
20487528
17136375
21334556
16641663
18856123
19999602
17273022
15698807
21470276
16325408
15701779
21387689
21329122
21938965
20813491
20615297
20515432
18694242
15993137
15838419
15569363
17626134
17270279
17234063
17407657
17112941
15679025
19794321
16424714
21532643
18035846
21692247
16530108
19077807
16929457
19132806
18039440
16206547
17199541
19141403
17194679
20680124
16687017
17999294
15800337
18630360
21813026
18848689
19851138
18956493
21040107
17500349
19430509
17312040
21449779
16015516
21273025
16499252
21487344
17397447
21711126
19937919
17784867
21941045
16466351
17897829
15899763
17393648
17240221
17560953
21985048
16594881
18580645
21356019
19753643
16409337
17561284
17848041
17366227
16371863
19055408
20948472
17502639
21476424
17908745
19573210
20578075
20150604
19014427
17116184
16688967
17157243
17729373
17948844
15564996
16680061
20074194
19361322
16764196
21548407
18807299
20057328
19064226
17188937
16680051
19718838
20828851
16259464
15572395
20530395
17224226
21050955
19627646
17953919
17518010
16741701
18269539
16684724
21376433
15787034
15805462
16794782
20464883
19281088
17059086
16850568
18985624
16817002
17087399
16681199
16449883
19750834
21131175
21356062
16134677
15624537
20963668
15950830
19779768
20943293
17114198
18164456
16235285
21702353
19263821
16889162
16240974
15590340
16789331
19187170
17214891
19967217
15538269
17328816
16698335
16752872
17266008
21110882
18595942
17702483
21209136
17996764
16390534
16442453
17158034
20458007
15645894
20131588
21301273
16887022
20100845
17033591
15659085
15825667
20350889
15847757
19602971
20146042
16608721
16254653
18269542
20573643
18266225
16120502
15656472
16474364
15800153
17509280
16044988
19052779
18188719
18585500
19039679
18414297
18256563
17261112
16352514
20564415
16723104
20456076
18839663
16336588
17327910
20546373
16759783
16217587
16554694
19716702
15739632
19661793
19397426
18183410
21617508
18685318
19327336
16968364
21906046
15860031
17883742
18953776
19828530
17992483
17671004
18825440
19839782
17061337
20217195
20469959
18441192
21719625
16317429
19911481
19625552
19141996
19740690
20182963
15849734
15776774
19673717
20010728
19158646
19505174
16235137
20009695
17703571
21516067
19700269
20971519
15991591
16095071
21029496
18833880
21675014
20923447
15619531
15626152
17785015
17289465
18853713
16293161
20463544
17495553
19160631
20192712
16021741
20688265
20950124
19208850
19514373
20889518
16875532
17390981
21067080
16333538
18306512
19236287
16181155
19650945
17331094
18165651
18779884
17250963
18505616
19060825
20349626
18175207
18028848
19748869
19537535
18269441
20970059
20079645
18333736
20443308
15984459
17881316
17594634
15668838
16013344
20636470
21692258
15622672
19363882
19522312
18445728
20829237
16690691
17212065
18849478
16324960
18245167
18251445
18455949
17907725
15941456
19756453
15982192
15699874
20598470
21265629
18229987
18714110
17113406
19564320
19591308
18042946
21683474
18703770
19115710
17205001
20552857
20571224
17577173
16688666
16209671
19838997
21870681
21610455
20879903
20033354
16387467
17496819
15665634
19106285
21462428
16938639
18999288
17578850
18693913
15784104
17244671
16723947
18519095
17063090
15651055
16034319
17163227
16716857
18436909
18757381
17187718
16205649
15540574
20413409
19939305
16733116
18751654
21135080
22072165
19774913
20345832
17163003
17243519
17558578
21456486
19485656
20491165
20380962
16469205
18772298
17144398
16910792
20681376
21429447
18242922
18553064
18336958
19426930
20075558
19618253
16184680
16704285
20598829
19612973
17054172
20089432
19874523
20200655
16739316
15599658
20860260
20581652
19431106
15709552
17110813
19864968
21116142
21910318
20875486
18604724
18662870
16401532
18349430
21519723
16680206
15992204
20487486
18221469
21294497
20399060
16885556
20564528
16489897
21275120
17499955
15980846
20677444
17570967
15836551
19426929
15687140
16499745
17764780
21427419
18277888
15669150
21186164
17057418
20624751
16628511
17695138
19335526
19046086
19227013
20576399
21057971
21349492
16864132
15724563
16493304
20338980
17543696
15527578
15890286
19000601
19307390
19550196
19366839
17880663
20438199
19345912
18544976
19107304
17486386
17436074
19372123
21266281
21518295
18520653
18469618
19804994
16136828
19930079
19474372
19996467
21488749
20864873
19422687
16791668
21877511
16161717
21048468
18382171
16582803
17431210
18272613
16803741
20050427
18810928
15739923
15588367
16821201
21040013
17823782
20094124
20081606
15553361
20737229
18620106
19062704
17341271
20035196
20434083
20038194
16001877
19065867
16875797
20957393
19620163
18269054
18662214
15668270
21781080
21800655
21987201
15521853
19708094
16124685
15669220
17766564
16372656
18245426
16370233
20943606
16821695
15604183
19824908
20708185
19118468
20626191
19748873
17136936
16997633
19573771
19962624
20220614
17316426
19485862
18026943
15597837
17707499
19281541
16324939
19689164
19237810
20838329
20801967
21857242
17105634
17216935
17448622
16259852
17099365
20796072
19481983
16277741
17410926
19542198
18337271
16281697
15690591
21815471
17120925
19648596
16489240
18269549
18769743
21129010
18758747
19233587
16400508
19593245
17438472
21485676
18617599
20107414
15595989
16355710
20863245
17557933
19960922
17690089
20562562
20679968
21785482
21549465
19706077
21458212
15608112
19117827
19248326
21311926
15892429
15614543
19538808
18652065
17484704
15581305
15869554
15800346
16335610
16083489
19555541
16139153
18982308
20630889
20235342
19112873
17235261
15750529
16098383
18979547
18431260
19694852
19044102
17430746
16144787
15993260
21079908
16629920
19901135
21224466
17546787
21095560
17139578
18964105
16740337
19131417
15528288
21651653
18280735
19138531
19629536
21145197
18076555
16423121
20700873
16230055
18199725
21649621
17009141
17903780
17420113
17850043
16000293
18310160
18356768
17874323
15628049
17462984
20733276
16374184
16451156
18782365
20107916
18664927
20660528
21555939
21141295
19159873
18199300
15741409
20681485
20227903
21537070
16691092
21555752
15912843
18759805
16315815
21371026
20436062
20402541
16388260
16913342
20082061
20122607
16213693
21285740
19041451
21625661
17559627
19209469
20537216
19031842
19295970
20338377
17669850
17551421
15684211
15992199
16076796
20590507
16368497
18612053
18928411
20502142
19422582
20152215
18380318
19845963
18578802
19952043
18492717
17623357
18226157
20841690
16439499
20046114
17470290
19248449
19999433
19924581
17170671
19437856
16366179
19820287
17404896
19469005
19260614
20220598
16531781
16923100
20041613
20136167
17441456
17601832
16672681
18622999
17711615
19793277
16119628
17144955
19174280
16008133
19824156
16967112
16512746
20546288
17560165
16534044
17257297
21708967
16177584
16401704
17927102
16253789
21843118
21893625
17187330
20693520
17147856
17563109
21191196
20375299
19433530
19715893
17689372
20443260
16011820
21727884
18157353
17510832
20602139
19526887
16907686
18606325
19603165
15521135
17664055
15862727
19745409
15890071
16536968
16779349
17540139
21306064
20422449
19694530
19683093
16034031
18676539
20579137
16122641
15819975
16970561
17194412
19266765
18769691
16766909
17087665
16029976
17502810
17411745
21193653
21888221
16967665
17101037
19589767
16895823
16126738
17001933
15698390
20049547
20663812
20631590
17522003
20977435
19437250
18094792
15745441
19779771
17320785
19029005
19165415
16282827
15530753
17960670
17103344
20395354
20393365
21457903
20123767
16015517
20395948
16758051
18235403
16938786
17444462
21490541
19334007
18300660
20660873
20000016
18006884
17324101
17479318
15988666
17061759
20070716
21146876
16524206
16769120
16025260
16843817
17917946
19702489
16378786
18274852
21751760
19953866
21343566
15859377
19998905
15673363
18614912
19538648
16869522
20865872
19879730
17620401
20427867
19061201
21841586
17630451
18705944
18985289
15865461
17109114
16916340
17725114
21162621
17540530
16416080
17091058
19451747
15871791
20455122
18767470
21492358
17361586
17092274
19568731
19489086
17287039
16905437
19562656
16308040
17311642
15839183
16431328
18274360
18843531
18815980
21265407
19116550
17342789
19256761
19492178
18830138
18372887
17566476
20930255
21669433
15928559
19346212
16334076
21585226
19850435
18269894
16979173
17290083
16900092
20942319
19791679
20487059
16215659
17340848
16372888
17095298
19444721
15926345
17134941
17576248
18196694
21162325
19920405
20861105
21428239
17140421
20237039
17604936
16050892
20610983
20434634
19475910
18838492
18041416
16627244
21936431
19077835
17324772
21110503
16498154
16892666
18561635
17285832
20976838
15793025
16624988
15517162
21044136
19562979
20597671
18000948
16872789
21127097
15712445
16884615
19136677
17929740
17249857
18758363
18421658
21494813
16164888
20554140
17107619
18065365
16023455
20696951
16892512
21844508
16144229
18164461
17512879
18343866
19650682
17087679
19179217
20476659
18220068
17139496
16859865
19813386
18037444
18330002
19606922
21526684
19400339
17297528
19683407
19642764
15656249
15796488
19715087
17375228
18189045
18298632
17917469
21139464
15656151
15630930
21336671
17610056
20129896
18368878
16377190
18657761
16025636
21391360
16086547
18796048
19582459
20598832
19042850
17157094
18184424
20541065
19387906
19165089
20565496
15529197
15751434
15587531
18365290
19481991
19400489
17941566
19914637
19092588
15995499
21251274
20586268
16330721
17403832
19434700
20823391
17874688
19492647
17057593
17658564
16335292
15566670
16629089
16807571
20412357
18256911
15883467
15526306
15824704
18082671
18296928
18026806
19152992
20059311
17509048
15517302
21457843
19433998
16573731
15774368
20626486
17387062
17122484
21099063
18632842
16113758
19209566
19720706
21069603
19680792
19667785
16425686
21143502
16607599
18489892
20478866
18399869
16330821
19909074
17846090
17991366
16288149
20877755
18787440
18835969
18845070
19460257
15566592
15581299
21809517
16287524
18769182
18649244
15666676
21125707
19159080
16164509
22030646
18093085
16494290
20430775
18242130
20858885
20722311
18270924
20435206
17591002
17064819
21029279
21566106
19760582
17208121
16409600
17140424
17298243
21254487
19591106
16681197
15909783
19671126
16581639
19671650
18705261
18524380
16431256
20887526
15872180
15551636
15792264
18840903
17407591
17042837
19653547
17107289
18756170
21800640
20186647
20670129
17676236
17229532
17991930
20847024
16903401
21674913
16901874
16934295
18245213
15801997
15528285
15859376
19748641
20092087
19884410
17077756
20937185
16923479
19728246
15860472
15917368
19883327
21223592
17329504
19138389
18194925
17123275
21272821
18218082
15726240
17153572
18047451
21376485
17724240
16318875
20191948
20046112
17656608
17069104
18459661
16715901
18828293
16381351
20731283
21342892
17179531
17976360
17888804
19596287
16671031
16375025
17899388
18768554
18853737
21429037
21131116
18644157
15846592
19536965
17220384
20458647
18395023
17726405
20922802
19381818
20298379
15990739
19949135
18350421
22135843
18937139
21242528
19936449
15983285
17105639
15827908
21952329
15810750
20387500
18804249
17891043
17443553
16503843
20709477
19938442
19268092
18779461
20584701
18940027
15973772
21747644
16476133
21099676
19629534
16324544
19381427
17040159
16122538
17659422
20119873
19038976
19165122
18539766
17327722
20047175
18651967
17425147
19558937
20674651
16050306
15550361
21862750
18368376
19025697
15681217
20419952
17625724
20709601
20862625
21140863
18381881
19189601
17978632
17129368
17342853
15572574
17377917
19661099
16871848
17071936
21136226
20630000
20728326
17904917
16562702
18393329
15699314
19381078
19273777
17591508
15924033
18773712
18030539
15604644
19459862
20603048
17950879
19009802
19402840
19101116
16704382
16092782
19477574
20843886
19338730
20542793
15681726
21476481
20345618
17974292
15851384
17386230
19774357
21242267
15749321
16034036
18701971
16082910
18973640
17571783
20532477
20118075
21185850
18370897
16330969
20684381
20088177
21107270
19474578
19464089
18037602
18192156
21515870
17592106
19874170
17004698
15574727
19437091
21343433
19007689
21050450
17976123
17452431
19236871
16523371
16287826
17058415
21366009
17220744
16895278
17403912
18594028
18598386
16278531
21458695
17347512
20735876
17249904
17851345
20486818
18676119
19134363
21862079
20841749
18449822
17917439
19829099
18186827
18569235
18703306
16153372
17524008
21540681
19291271
20499790
21440203
21642906
16986670
16114587
16547452
15824657
18648893
17998111
17363936
21590575
17321932
20373918
21139521
20038380
17546367
16452905
20936737
15829397
17652683
20505606
18950369
21492274
18028388
16874578
18507582
19058069
16257623
15912377
19817268
18716050
17694281
18722692
21183307
15902166
19660328
18467485
15948080
20933146
20494690
17872907
19459753
17053179
17522789
19537147
21044992
15991108
19942671
18355699
19958416
20665409
16358084
17993929
18163137
18690085
18415809
16128646
15735434
20922772
16083468
17102272
18674984
21787434
15690834
18752660
18272615
15620049
15877684
16594224
15968215
21507527
15695147
19324922
16035423
17684984
18446927
18555155
16894877
18853738
16476641
16923678
18374116
20196713
20414799
18365775
21807689
15735261
18251954
19948387
19526413
20639654
20946209
21122753
19199850
18723258
18370910
15589088
18501434
20629279
18558263
20056186
16670130
20077786
21140319
20112774
21629144
20564704
17679265
18631302
20713424
20803390
17360995
17593633
16033588
16501401
20355342
16323463
16013014
16386255
15819265
16318105
19142317
21266085
15908666
17910315
20646817
15640361
17233912
19012768
21552066
21291051
19032020
21317789
15799673
18506126
16326789
19958471
15714097
19584343
19232691
16704125
15616378
20690461
16856084
17895859
17179376
18655425
18394540
21355831
16489707
17521460
19703042
21910387
18022065
15831885
19883453
16507284
18222479
20833706
15744200
21169745
18266573
16531947
20069472
20654942
19038738
17767689
16874785
17261444
16344202
21566441
17318951
16421363
18068292
18558255
15554514
16174813
16696861
18450675
19913928
15651985
19883146
17075010
15813807
21244668
21305428
18554911
19180581
18584260
16689409
19126286
16871436
19009464
19012060
15687784
20025424
19372127
18213506
20302257
18973717
17685076
20236860
21487383
18525139
16773318
21044481
16476603
19242654
18971403
18256976
15920852
20973810
20636669
21199549
19826332
20590816
21118912
21646997
19836731
16511576
19014588
17308454
17472517
16951004
17214422
19558736
16139701
19552293
17584358
18479225
17046220
20560117
17157110
20712549
21465926
18290752
20693238
17359623
17712842
19559315
19653556
20879816
19276146
15730365
20825515
19846246
19655667
18034179
16120891
19945194
17452601
19272512
21432787
16292623
18453356
21533865
17849918
17400071
20232187
19797339
16253110
21336127
17885718
21507109
18716737
16215208
19323846
17265660
18308409
18999287
18695624
20857674
20465078
18626699
17641075
16244125
19247226
17219504
18208739
15884501
19343903
20595536
16083190
19453917
19943235
15904552
21840519
21073566
16883079
16261709
21291327
17489875
15933462
16855079
16900408
21651372
19286334
18751575
20002422
20662280
18622998
15739634
20925290
18604930
19585177
20921918
16308681
16961553
21418461
21364379
20067075
21523263
17926263
21473368
19762418
21484068
15838090
17405807
20508241
15634639
17395673
19354085
20104634
18079551
20195785
20948246
21083894
18187246
18836325
17703113
15583501
18273436
17238947
18251345
16083700
20802323
21756579
17615076
15843121
18580081
18184869
18956505
17500502
17061726
18825835
17009793
20209007
15637956
16466277
16991107
19411529
21191154
16116147
17564550
17213005
20978249
20664419
15685097
16624189
20382369
19169903
20964049
18043220
17094305
16860195
18797102
17180845
18096228
18688054
21789980
18035763
15534456
19403469
19120746
16331362
17559973
18785936
16735940
15952969
18317283
18783001
17343037
17310338
19602683
20001544
19243729
18688600
16086536
21108428
21205735
16045048
21566294
17091116
17233863
16445221
15640659
18459477
17643979
17721806
20635252
15745282
19901182
17083278
17767754
19157761
20195008
16456455
20719102
16795977
16721708
19219362
18158000
15924007
15628651
18566078
21842830
20223156
21365402
17987541
21080105
19018920
18937231
20303232
17078237
20864402
19085179
18854974
20636585
17325560
19450916
16898980
19009141
16014990
20122028
19665624
17372789
15913210
16350524
19036364
21382047
21301237
19284808
17359572
21793374
16098703
21298643
21029281
17593767
16737032
18403998
18786057
15913121
17394514
15887359
17598141
19504083
21243328
20196285
17604553
18298560
21684479
18981351
20654869
16628176
21280548
16608940
21791093
18403715
17470215
19845200
15992472
18046336
20088156
19092935
18325112
20729512
17147593
17729128
20077803
16893835
21639657
19103585
17416698
21869666
19350322
19626443
18817973
16153052
15614493
18294035
19254203
21116147
16418201
16793855
15789185
17366090
16450556
18375839
16406133
16448450
16633970
21503462
21075324
17577082
16334509
18705090
17268928
18774428
20855129
16115114
19778705
18452594
15552222
16829180
17933163
19067893
20547725
19251829
19633593
18070256
17473811
21520580
16220769
16215353
20386462
19358736
20075540
16147477
19094408
17142586
19492512
19243522
18307654
20088318
17850526
21159278
19238819
16283339
19619377
18511614
16767855
21323182
15774058
17923470
16019771
21129343
17535343
15990428
15531988
18431896
16627128
16908918
17401779
16574536
18982881
18997901
20586946
21198463
19052511
18804507
15877556
19243525
19080760
16704183
15773236
21344800
18510723
21555652
18195274
20605268
18158495
15886547
15526488
17001264
21129700
20216111
21150797
18710376
17703795
17135069
18291465
20628787
18584492
20332686
20841984
17273114
19128314
16501583
20359397
17040142
16248861
16203057
18216080
18028383
19371452
21299759
20189682
20694764
17925077
17658006
18157583
21817993
16765535
20640269
17258017
21887954
15553754
15796943
20067356
21382079
17710834
16627313
20871511
18370891
17654190
20654829
21171881
19067063
20063616
18188973
20298512
15590218
20528290
16962406
17316458
16555756
21521893
17351690
18390504
15597294
20495584
20517725
17334470
20022534
20052891
20061529
16505131
15792061
19457513
20045990
19830851
17584350
17464538
16675775
21291018
21659815
16244850
21307111
16808742
17434737
17559479
15671770
19273779
17346321
18502421
18072442
19578818
15724947
16466499
20102811
17591410
16124844
20491594
18705737
17592345
17000472
16616171
19244564
19420403
15629875
19589668
21882793
18414331
16239231
19136397
16222349
16878191
17434236
18425860
21893738
16352773
19423279
20227674
16624450
18267176
18042102
15889656
16351436
18051488
19719075
19222740
20648582
17828326
20890145
18662657
18350143
22073586
17349500
19501549
16633295
16533903
16096156
16981982
17542820
15533085
17633335
17554092
16902338
17455809
20204989
18753715
20595216
20840827
21128818
17362214
16308503
19048698
20531173
16372663
18037283
17142604
17617333
17088221
16241917
16443997
21765244
17239063
17014636
17582028
20662283
17592961
19907393
21765035
18669728
20018960
17941520
17535430
20166651
18252078
16167409
18496021
19020265
20713746
16309065
16229314
17581242
18761366
16835566
17091909
18190775
17545823
19221081
18585535
21134555
21272958
20146820
15754538
20443291
17418071
17926770
21224329
20955135
17098101
21122764
20956284
15838441
19005959
21095276
18957190
20212259
17132376
19146069
21766560
16033497
21470734
20098128
18997565
22082557
15741585
21473786
16946286
15952435
16689412
17087673
17042816
20841517
20131106
19610525
15706006
21346388
18365772
16278532
16758049
18319403
17565481
18414713
20813336
17214237
19545661
17083319
20437330
19713088
20222392
20450122
16636025
20890152
15588042
16439930
17720453
21545663
17625004
21805744
19222661
16392451
20552855
17967296
17376560
20066851
20096378
20719811
21433215
16443313
16179813
21145582
16190009
16129014
19753441
17382044
19539814
19735339
21750284
17413370
21879655
18091287
15707107
17516887
20824785
15620074
20517975
17909221
21837847
17718726
20438014
19223800
21323845
18342824
20697962
20091618
17098368
17682222
17509283
15768653
19630448
16276856
17514991
18429371
17044575
17465252
17042399
21168114
16604851
15722963
18182785
18072989
20864347
19528101
16288390
18046517
20006419
19084890
21408060
19106278
16418410
21893577
15960059
21140065
18838931
20940249
17351843
21655845
18444044
17317576
21131636
17033207
15520090
20073114
16162290
15942390
19281443
18800284
17941552
20130292
21911632
15644689
18091628
16614650
16286431
18591502
17873665
18386451
16310195
19926179
16109292
18162794
18428416
17717570
19896893
17218721
19626751
17272832
21910307
18804727
17279205
16231569
16281435
20339200
19589766
16212666
18666885
20381670
15871370
21057839
20630922
20367806
21293882
16869086
17903080
16050852
19333984
21225949
21307118
16421854
16426486
17929734
21431387
20057231
17129206
17473543
17565261
15571853
18316875
15515735
15867115
15881050
18684529
16733114
15518359
20659270
21266559
16495324
19477885
21120408
18928964
19558770
19798047
19773646
17026412
16973462
16912338
21870528
16607244
17065879
18751998
16493256
19621558
18540506
21572328
15851383
17924261
20056904
19568440
16205432
16455020
15807801
15951523
20011956
19827045
20881559
17926772
16046914
20737319
17375806
19150944
21285468
17356933
19966114
16548476
18361541
15639683
20660602
21333914
16607351
19060279
21241205
17001437
21592477
21266285
17448662
18992167
19023890
16169392
19128310
17693906
18358296
20229456
16137786
16947045
19127123
17410013
20132978
21158890
20636181
19201141
17506878
16823009
19124317
15835213
16823674
20180438
21398320
17703122
21382216
19663636
19264570
21343431
21093376
16563995
17257963
18660737
16132892
16178340
17249472
15630681
17286203
16865631
17324184
21272221
18588396
16324185
17433182
19189061
19250153
21258241
17014467
21284715
21839909
20663592
19925747
20665908
15937267
19300851
20925289
20590515
17669849
17524969
15834838
19038073
19297115
21771068
18670472
20964149
15727355
19573969
16700692
17497483
16154072
15667684
20030029
17450708
21191577
15913679
19348827
16762800
17168069
17432564
16471091
15626522
16882179
15729776
18240704
18830699
17477481
15579352
16217779
19966558
16764559
16128430
16687723
18788104
17474912
20159119
15624349
18339391
20048361
20953218
21153460
18389029
16502760
16273781
20358806
18445850
17727584
19515888
16924994
18311396
16135494
21448826
20738028
18448500
16711333
19825494
15554356
15675731
19775919
19744657
19061784
19959745
15700600
17602321
21401285
20865975
16163418
16541477
18925919
21675167
19934421
21118331
17480142
15998164
15812619
19559565
16082913
16445071
20925303
21693742
16719018
19682011
20879815
20163296
16010902
21745651
20030658
19476248
18408440
20795423
17565096
15921005
20236431
18400203
20722815
17162109
17129330
20545774
16500011
16791667
18232620
21534097
21717720
17515684
17879820
19273410
21556263
17363850
17702150
19962600
19817274
19300088
20150732
15893208
21416787
15540970
17685208
18476647
17058757
19124630
18663540
20706191
17471047
17210396
21317594
17905107
18563006
15781171
17056848
20860289
20235421
17892635
21612503
16273784
22032561
21092359
17372185
19827377
17240136
19878783
18450873
17900907
17168086
17535294
17723957
16466356
15868443
19285173
21278666
16937786
19723268
15912808
16677192
16444126
17487068
20038405
15672062
17560861
16798563
18838964
17258054
21278001
19487533
16504890
16786829
16701020
18426418
17994508
19523033
18049141
17957524
16344302
21500738
16860261
21478378
15587545
17627743
17617908
18355227
20496777
16779106
17705217
17851378
19594346
16075692
20479349
21939406
19957674
16422732
20180665
19785304
17265666
18408263
17573299
20524383
17244299
17562253
17546919
20656491
20016421
17896638
16885475
17219878
18585539
17915168
19996463
18271767
16758527
17854734
18225675
18923333
18401226
15584185
21949145
21427366
16185590
21144472
21570648
15999857
18457633
20336981
19192841
19119701
18681106
18216058
21527006
15641946
19522714
18822590
19700280
19225908
19384738
19568225
17928621
17705852
21105763
17848348
17626069
17098002
19242277
19105561
15842460
18519625
17185207
17703825
21796266
17721968
18186907
20298301
18773798
15582346
19883474
19996023
19565445
17931143
19235253
18195639
16270669
15580441
16475408
17343148
17653903
21444597
16924560
16352980
20635820
21941706
20972949
16955435
20880367
15576420
17954381
21294359
19041209
17464153
17911989
19619095
18414295
16758516
18394512
16911786
20157964
21086835
20196650
18158517
18720666
20351023
18727752
21541017
16618059
19489944
20120851
16082793
18005562
18512144
18831870
21654374
18709593
19442325
19719908
17960679
20881158
19943593
17705841
19683664
22096814
20603752
17633836
20017938
20684195
16604801
17715454
21068548
15543481
18287979
16569132
19507357
19183236
18442305
16287894
17057634
17190756
16739812
20201342
17254493
20568322
20889634
19070396
21436666
15796417
21438866
17482792
15849218
16396128
19648600
19290712
17132384
17079960
21137699
15741498
16933633
20096993
19500346
21194757
17991367
15891346
22009086
19059545
18081166
15690868
18544978
15971875
21599900
21520697
22066284
16262092
17032196
17719362
19495556
16843468
17445099
20355264
16223168
15908083
21450662
21571237
21569172
15667699
18379671
18996771
16161532
20173171
17006873
16393479
19791531
18175190
19835465
19822057
18301112
17001836
21206288
16043009
19847722
17853842
17966313
20549916
20119693
15947537
20104400
19396641
16678003
16376145
18414358
17551423
20546168
21542916
17971627
20419988
16311284
21276535
20000250
20144399
19064659
20825820
20706892
20175183
16613409
20672736
17444399
17535945
17524603
16773316
15986935
16332181
16378773
18702636
17058060
16594284
18232242
16823536
15546973
19112345
19006625
17067375
22128564
18660768
19340984
21601708
17290963
17612998
17249277
19114882
21730987
18159047
21402963
15744187
16530117
19741415
15570771
15566436
21097976
15887765
15920374
19349895
18180491
15641664
18648768
20452713
18663465
17120409
17987539
20621008
20227621
19476884
18690574
15688334
17418677
19552342
16710764
20587744
16211440
20801920
16421185
15696835
18278370
16330875
20716978
16150016
17992134
18930971
20950163
17060291
17142611
18816369
21294498
15669662
20142276
19458596
16700689
16430362
19074306
18856094
18951660
20306935
15737223
16257441
16220059
20031877
16951292
21244252
18674978
20381916
21085909
19772558
17490764
18488425
16749658
21337982
21105948
16808704
18237062
21684679
18500273
20421570
16539086
18325150
19331007
19781816
15839952
19060803
19853740
20103023
21235731
17092775
20694757
19124816
20374400
17571606
21414701
17620665
16448993
18391248
20180439
19135824
21675479
21903694
15732615
16889318
17641073
20303450
18354050
17078346
16330592
19229067
19999948
17933498
17918303
19819115
21214680
16139467
18706865
16551327
16310679
20229076
19420035
19824255
15940504
19745209
16890852
21486437
18055687
18515439
15553800
15682731
17539281
15624409
19170219
20848376
16004700
17986485
20019509
15852073
19021476
15550092
18721221
18426466
17029489
20625573
17149757
16999178
21820540
19035033
17697948
18978694
16002028
20950728
16807106
19775762
20731978
17266006
18638395
16291385
18065922
15966126
16608722
20163420
20799296
20219315
16292624
17580003
16135165
16419452
20183899
21322196
18826976
15555383
16407697
18355171
18791622
21472715
19088236
20162763
16849386
21309380
16353659
18785104
18091633
15913408
16698157
21234746
20464206
17322163
20008060
21482615
15862642
16610298
19437396
18316256
18021164
20845676
16195574
20375351
18939411
22005243
16894670
20232270
21601010
18038520
17600602
16926739
18541401
20875171
16464272
21523751
18447987
18466182
15516535
20654985
15566600
20382446
21952064
16834881
16945065
16185370
19592370
16411006
19251167
21471881
16484700
16915542
20519373
18254433
17947907
20683772
21739886
16514388
19422938
20124254
17197277
16219214
17033527
16411487
17042820
17960388
17364250
20091463
18789626
16364107
17146204
21493350
19168306
20410056
20564077
20364415
18090148
19824096
17037703
17363885
17138485
17998857
15736824
19027434
15720932
20400134
16440861
16001751
19549088
16722813
21308857
21680668
19813040
19671647
18268853
15642765
18274880
17298133
17483997
21820539
18562872
20156857
15754601
16189982
21748995
18357845
15604634
19260366
16642233
18184982
19895678
20438281
19968597
19500720
18522667
17852006
21902899
15930233
19486444
18849510
18086977
16259198
19912132
17128679
19737125
20159456
19153132
19526524
20729253
16689075
20624559
21108739
18710620
19819206
20851294
17987818
15884265
17500283
15994340
16607870
17935243
16865635
17056898
15942376
17396681
17136920
16234744
20399376
20090339
16870534
19575308
19804680
18445861
19718995
18842459
15853194
19402320
19745313
21500700
20869329
17545353
19591682
20150606
16789675
20392642
16305188
21576715
17425280
19061746
17603000
17907550
17882501
17304983
21526559
16274139
16899363
18469734
21710011
18372975
20147798
19245645
21982519
19523594
21727886
18788974
15709311
17433183
15532812
18209667
15997043
19032659
19552150
17523034
18785916
18156246
17531568
18525158
15644675
20506507
20095068
18364172
18928065
21287773
18829658
20437280
18975584
21853698
18196289
16334968
17049038
19859000
17169959
16482752
17309018
21624394
17588493
17413776
16594432
20719472
20676775
15563054
21798470
18704750
16749538
21387976
16779281
20163484
16478839
20503672
18186994
18695814
16442912
15849658
21448054
21534498
19775803
19133042
21798499
17942502
18334052
19880842
20626379
19212285
17095418
20051070
17400141
17037319
15867079
18707565
20619768
17913771
19836276
16128655
18981834
18647988
18251444
16249625
15659032
16416037
17040607
16409571
16375802
17353805
17432333
20050884
15916254
17207007
19745393
16352972
17011190
20679981
19382488
17559670
15960698
18035233
20077147
15657115
19339451
16719012
18078156
21998906
16484910
17253501
19188464
21332774
19234866
19425287
18298037
19723738
19369681
16831512
16050857
21191212
15690832
18463444
19363001
18728250
17238998
21499490
16225557
19382866
19944367
19101926
17474799
19517200
21311271
16548397
20697007
16218236
19771995
17108631
20067130
19593901
19770471
20129215
19525914
15717997
20932433
21663463
19552339
19592952
20502180
15715179
17298264
15710804
17313908
18980927
16456206
16245917
16798145
18165889
17453266
21413488
21842628
20702860
18974987
15691442
16102625
15791765
17286920
16137239
15717035
18540958
21394014
20546464
16912103
20085075
19281669
17619599
20373700
17552406
17481456
19084891
20519008
19036485
20040087
19204859
16911755
18325947
16735012
21587184
16095450
19966703
15911187
21378607
16296965
21404777
18297976
19764360
17544250
15887923
17233257
17977491
18277554
17658420
20336674
18437943
19506170
21469488
15714100
19272291
16084475
16553690
18312990
20459911
19836153
21776834
16554147
16288876
16963365
21078463
19858243
16872507
15931800
17144222
21392195
19171572
20106897
18272092
20329473
15985648
18639660
21593081
16448341
20848981
21029495
20816332
16047482
20852466
16499171
19067315
18333733
19076464
18715182
16884079
16883190
19039740
20827068
15698531
21121802
20800801
17305299
20726410
19717826
20050478
20713857
17095326
17584267
18688051
15900170
16228169
18547298
15581424
17827839
19386368
17505246
16118102
17042237
19106490
17960348
17299031
19962839
15934279
17853170
19021126
17220391
16813543
15754194
16409174
19485858
19625548
16493936
19533437
17964577
17494508
16779202
17654419
21893628
21388099
19104293
21675887
17667488
16843575
19924580
18631312
15776944
19375235
15724487
16245756
18990207
19023771
15526877
19545658
20568584
19538800
16126054
15663350
17682122
17486679
17463337
16170422
19185429
19552133
17083559
17612821
18495713
16284522
20556512
16871857
17559612
19670004
16464924
20124890
15805358
20920030
19682828
17999405
19119730
19388505
20359951
21841589
19694856
19514390
21771359
19788092
19925743
20685061
21666467
20406519
16339613
21424965
17383590
17201042
17883806
19253315
20645666
17319981
21566408
16302483
20078006
20825270
18275605
20673280
17321854
21162358
15828155
18517175
17007714
19968770
17514833
21692379
18585538
16828344
19398374
21743269
21365632
18641928
17152029
20720084
17998408
16544703
21740203
17164029
18948771
19674428
17426196
20655625
20697269
15608297
19502977
19132574
15747196
16291300
19771517
18998431
20334647
20220287
16220650
21095840
16430351
19227688
21651371
21143564
19448582
21661137
17087492
17688785
17244297
18087682
16622643
18982964
17851348
17962875
17138719
19112004
19273394
20129882
21982517
16468503
21507078
17163458
19630849
18158513
19543101
16927953
20545980
19363732
20723771
17468630
19843406
17299807
20187949
19426621
18028836
20979771
17121761
21837876
19664842
21725777
15573242
19594975
17518819
19444671
16138795
21879646
20859155
19177916
19916360
18246904
21040012
20050471
19018641
16509387
19359085
17518820
17076445
17331693
19808151
16911175
21877510
18856083
16632069
17050229
19860304
20554364
18085429
21586993
18593072
16756673
16052902
18462286
18604144
