16713763
16736371
16736352
16730784
16719752
16775519
16773451
16767855
16760237
16758958
16757775
16703837
16700119
16835668
16835391
16824263
16824222
16824168
16817002
16816293
16814955
16809789
16803741
16794557
16894224
16884127
16879096
16879091
16875101
16868427
16866761
16858449
16857200
16855862
16850929
16839431
16838801
16838566
16957799
16957798
16948417
16938672
16937599
16936481
16927166
16926691
16925196
16916118
16912720
16910034
16908229
16902381
16899020
16670213
17042443
17036097
17021282
17011063
16999587
16998856
16997849
16987120
16977600
16628173
17144398
17143005
17141856
17122718
17105741
17100866
17099779
17098098
17095804
17091182
17091104
17090808
17083561
17078056
17077411
17076445
17070487
17062818
17062525
17243022
17241252
17235473
17235250
17214251
17213458
19306587
19172980
17193764
17182416
17181498
17181015
17177903
17161511
17158492
17148630
16562576
16089024
16088832
16047913
16043666
16034316
16033494
16013585
15988448
15974137
15962913
15953668
15945363
15931800
15920881
15895917
15894482
15868029
15847965
15823883
15814401
15810753
15798123
15786611
15778173
15775004
15774391
15750551
15750526
15750525
15750524
15730166
15724782
15712818
15706716
15704636
15692292
15689648
15685014
15682977
15682957
15682529
15675547
15675061
15658237
15647238
15646394
15641307
15636495
15634637
15624549
15622666
15602144
15597694
15580752
15560292
15559453
15542797
15542003
15520941
20308273
20235342
19489376
19441189
19397078
19372503
19351309
19331055
20887479
19009464
19000601
18998526
18980560
18977111
18942486
18940709
18935769
18856079
18854566
18822756
18809312
18687627
18801865
18797726
18768191
18728119
18726796
18724333
18717150
18709580
18709229
18707598
18690184
18687070
18682626
18677877
18677075
18672000
18671752
18666868
20695047
18640951
18634356
18575174
18555001
18463467
18422266
18391636
18386178
18376525
18376524
18363486
18360836
18360170
18334057
17499618
17491303
17487254
17486814
17483566
17478643
17475738
17472829
17459386
17447344
17446830
17444429
17444399
17442438
17441441
17439678
17433966
17427878
17415619
17411860
17407605
17405777
17405775
17397367
17394653
17387062
17384380
17380812
17365975
17360793
17359565
17356033
17356030
17356029
17354156
17349351
17345598
17344263
17329643
17329504
19772168
17313066
17309897
17283218
17273487
17264442
17259659
17244872
17076375
16623134
16616171
16608865
16608714
16607127
16595201
16523590
16520520
16520516
16520512
16520509
16520500
16489480
16464272
16422267
16411359
16405983
16405705
16405386
16393730
16380574
16355045
16343375
16341295
16276386
16276385
16265767
16261908
16225192
16218550
16218549
16218302
16215519
16196314
16185242
16153709
16131645
16130944
16130643
16129105
16128559
16119570
16115578
16106333
16106154
16097455
16095071
16095026
16092286
16047637
16033486
15974048
15942376
15936603
15909971
15856687
15853085
15835369
22147374
22028356
21995217
21978337
21951499
21930740
21824959
21824945
21793739
21648255
21645114
21637974
21634317
21608514
21383356
21337974
21337969
21305994
21220440
21172073
21140754
20706180
20650432
20552764
20546976
20543249
20379342
20088231
20069786
20063516
20063215
19753420
19711657
19660637
19653047
19652745
19648201
19642764
19630458
19621068
19584343
19553634
19582929
19572921
19556095
19549993
19546018
19536909
19533328
19501941
19489483
19482129
19482128
19482120
19458511
19435112
19433704
19413628
19410214
19397183
19395838
19383620
19372538
19361307
19361078
19351312
19351310
19339326
19333517
19331007
19307139
19269241
19250604
19211295
19207173
19197686
19186362
19168391
19150911
19146083
19132572
19131904
19120718
19099615
19090387
19077777
19066143
18086399
18081675
18081668
18081577
18074970
18072448
18072408
17998346
17932588
18045894
18032113
18022045
18018819
17897109
17998355
17996639
17996547
17990713
17990703
17985056
17985051
17984217
17971562
17938473
17938471
17938470
17938469
17938465
17958467
17958268
17955355
17954544
17952258
17949401
17947752
17943436
17939007
17933059
17924373
17917439
17914337
17913781
17913034
17894031
17892564
17891662
17888181
17853851
17852110
17851382
17847975
17846440
17844859
17844857
17826060
17804591
17803000
17786803
17760976
17728594
17716085
17711952
17711587
17701338
17698343
17697946
17697095
17692767
17689372
17686221
17676216
17675724
17675712
17669309
17665071
17563294
17563292
17563290
17563287
17659724
17652646
17637514
17636459
17623499
17621356
17610991
17609028
17603834
17601217
17600996
17596246
17593633
17591002
17588493
17588280
17578394
17578391
17572913
17572806
17570984
17566538
17566530
17565524
17563967
17557437
17553021
17544192
17535953
17534743
17520351
17519095
17518795
17518128
17517327
17513818
17503752
17502434
16441335
16350737
16336544
16335567
21718506
21714925
21714418
21714374
21680916
21673859
21659317
21657867
20961931
20961028
20937613
20930255
20923898
20922324
20890002
20877772
20874513
20871944
20826590
20819049
20727612
20718644
20711651
20693732
20688541
20682963
20636226
20619919
20614739
20597462
20592010
20586656
20569828
20563404
20540393
20540386
20513681
20512742
20507679
20503906
20490675
20486343
20446980
20446176
20441394
20438420
20430653
20403556
20403305
20402368
20390637
20371029
20345055
20228748
20178029
20169573
20168010
20142442
20131175
20124254
19152992
19150916
19150912
20353929
19104292
19098962
19097209
19093425
19076668
19070939
19065434
19055177
19042908
19042817
19042482
19033252
19032208
19030684
19029841
19027628
19024225
19024183
19023954
19023780
19021488
19013965
19009161
19004158
18996234
18983418
18981441
18979996
18926726
18923249
18843529
18834023
18830770
18829879
18828315
18781509
18785194
18779546
18769981
18757528
18710703
18701322
18656580
18650034
18648202
18643804
18619086
18616435
18612116
18596678
18595942
18595416
18584997
20666297
18580531
18578822
18575788
18573768
18565693
18561824
18560098
18560097
18560063
18557069
18556864
18416923
18549031
18546066
18545748
18545734
18543642
18536545
18520747
18512144
18507205
18504691
18503650
18503016
18496745
18488426
18484689
18477723
18465407
18463409
18462500
18462407
18456539
18453845
18449968
18446699
18444043
18419892
18419890
18414956
18411581
18400529
18396610
18395160
18390020
18094791
18376383
18373743
18369016
18362523
18346493
18335259
18334517
18318928
18318333
18312729
18310737
18310624
18308261
18307497
18306239
18304267
18303714
18302159
18299734
18298840
18298686
18294161
18290983
18290920
18284834
18281352
18279688
18274901
18273482
18272212
18270845
18265910
18257446
18246448
18240401
18240001
18229770
18229769
18229768
18220096
18219251
18216738
18209771
18189306
18182914
18181812
18173883
18173879
18172238
18089983
18163140
18161468
18159872
18157732
18096863
18092495
21899224
21877524
21821562
21812953
21602631
21600361
21563896
21561520
21561510
21534125
21532086
21527464
21510135
21495431
21485935
21485933
21469983
21462756
21457507
21419522
21419521
21409666
21409663
21404781
21402460
21391732
21386081
21365191
21360862
21360697
21343757
21339425
21338292
21337243
21332373
21324077
21322300
21309901
21309900
21301688
21287816
21268720
21257618
21242775
21232156
21171535
21167086
21146094
21138697
21134916
21128744
21123407
21122010
21114073
21113849
21097727
21092429
21066929
21060016
21041160
20615573
20610133
20609099
20603387
20593538
20561387
20547421
20542656
20537127
20517957
20495474
20492053
20462471
20450019
20438384
20437738
20436027
20407860
20390509
20390491
20387332
20383423
20382906
20381155
20350934
20347797
20335648
20335370
20334753
20229212
20224516
20224504
20222362
20207927
20203629
20194401
20193890
20189067
20175006
20171142
20153359
20146547
20146306
20143441
20142045
20129482
20121010
20120639
20114124
20110524
20108598
20108049
20107291
20105264
20105262
20104404
20090660
20083421
20082592
20081639
20081638
20081637
20081636
20081635
20080821
20078437
20064971
20053527
20040607
20039840
20033887
20031895
20031807
20031770
20022684
20019123
20011751
20009825
20005663
19999372
19961816
19961588
19960130
19960128
19959048
19957420
19955734
19952037
19944394
19941759
19930680
19930280
19918701
19914790
19901854
19900331
19899401
19899398
19861484
19884355
19879451
19875743
19860314
19851219
19851218
19842002
19850254
19850253
19850251
19850250
19850249
19850247
19843637
19841117
19840152
19839548
19838708
19835604
19835009
19808439
19806607
19799738
19796859
19789389
21122757
19785974
19785580
19784773
19782979
19780694
19779771
19775261
19773625
19771647
19753930
19752639
19752471
19750819
19750251
19748216
19748205
19745417
19743495
19740063
19740062
19723933
19723730
19723404
19718664
19714999
19711655
19702614
19694550
19685661
19684936
19682828
19680301
19661081
19655210
19653615
19653614
19653422
19650287
19645706
19637552
19628933
19602263
19592414
19567790
19560245
19558053
19550262
19543572
19537225
19528386
19491584
19508967
19504546
19503668
19495863
19488660
19487605
19480178
20690254
19458310
19450207
19426945
19378682
19377720
19375208
19363387
19360024
19331253
19329101
19298094
19276225
19264570
19260571
19252456
19245066
19242133
19235657
19188467
19201059
19197571
19191819
19186650
19172206
19170789
19169316
19168317
22066284
22060090
22046847
22016165
21998151
21979199
21972461
21951510
21951506
21951494
21952329
21941932
21364214
21941040
21916682
21910318
21905547
21905545
21905544
21905543
21905494
21886071
21865890
21847878
21845553
21842015
21841274
21807832
21798122
21771070
21757138
21740655
21739899
21739620
21733968
21733024
21730988
21727882
21724791
21724790
21718624
21708526
21692595
21692591
21685229
21680675
21675891
21671528
21660992
21658713
21658151
21653910
21647074
21646901
21635629
21624394
21612752
21612731
21593012
21563899
21554280
21545469
21515103
21499198
21480679
21477969
21467077
21461607
21450676
21441254
21432701
21431103
21429702
21426214
21418623
21382214
21371155
21354820
21349462
21346921
21338747
21320347
21319934
21318914
21310027
21288311
21271872
21265628
21262084
21255424
21244671
21209586
21209295
21209127
21198812
21154083
21123479
21125069
21122271
21111349
21083894
21078007
21074292
21074125
21056505
21035700
20973810
20926407
20888725
20862219
20859818
20858055
20854602
20843413
20803629
20824563
20813997
20807992
20722304
20712866
20701762
20700769
20690913
20690390
20690344
20672972
20669708
20667700
20663141
20650431
20648907
20585272
20550653
20507555
20481403
20451794
20438281
20359809
20302614
20302385
20214777
20003275
19671156
19645619
19591602
19539413
19426533
19401016
19379517
19134202
19084880
19081431
18950898
18560066
18431881
18332403
18299730
18090265
17709583
17537258
17319238
16905784
16872487
16722545
16704508
16703745
16686817
16682736
16682567
16675369
16651296
16650118
16646768
16638766
16619734
16613302
16607066
16606425
16583031
16580370
16564198
16550127
16533127
16522226
16520526
16520519
16520518
16520513
16507934
16504130
16501745
16476700
16451340
16449399
16443313
16442991
16434919
16431003
16430605
16430602
16427845
16395078
16395066
16387251
16364952
16361906
16336617
16336555
16336547
16327104
16318656
16317806
16315391
16313531
16305815
16304623
16295702
16285419
16264002
16263992
16259811
16257946
16255472
16240060
16192590
16181047
16166868
16163902
16162637
16160133
16154225
16153333
16124420
16119571
16118102
16108777
16092293
16088017
16081574
16078801
16059568
16055803
16053402
16050887
16036015
16034293
16033498
16033497
16008836
16005408
15995036
15993978
15970241
15960698
15960691
15955402
15893059
15890300
15890286
15884478
15876242
15869553
15862642
15860054
15842203
15802407
15784483
15780342
15769767
15762900
15749720
15746592
15741711
15739136
15717896
15715319
15713182
15710642
15707259
15695115
15694504
15686818
15686807
15672291
15663706
15663705
15626522
15622659
15617358
15608941
15601407
15588030
15571551
15564279
15561157
15555383
15551979
15550210
15548103
15543432
15528285
15521163
15520090
17656741
16922113
19506170
20229139
20868386
21108175
16340693
16751966
19047665
18379664
16983270
18236880
18367365
16466343
15632403
17707718
19460833
15747911
16720750
19926644
16794548
18973710
15587461
17334470
18343977
19528101
15773313
21740203
17568285
18974186
21240727
17446075
16720852
17386230
18829658
19373176
17059030
21612432
21807707
17699189
16925074
16557153
18034178
19115883
16212849
19720056
20397545
17934708
16910193
20030696
19843964
16013906
21537323
16808082
15614663
18635587
20597453
20357650
16164654
19172352
19948782
19154311
16639203
15991179
17895631
16519091
19183094
20502467
15583486
15781592
16359416
17545348
20211856
17695353
15718186
16430732
21977769
19794321
16471293
16765863
21365632
21716048
17888994
20514949
16518620
17678607
17485266
18710376
21949275
17966237
17562307
18073251
17672411
20019515
18669728
16719737
17705852
15768653
16863896
18841519
17560861
17901599
17132383
19439707
21375117
20368172
17319372
16937143
19635339
19671275
16445833
17551558
16296965
16963167
16161896
19261173
20970018
17056768
15609018
18801751
18179373
18000317
17390967
21421991
18945708
16584106
17220677
19941730
17163314
16510743
17662689
16262095
17334245
19060727
17605287
17137943
19480115
19930654
21415614
19418284
18559870
19043330
19239664
17033601
20940576
15533100
17606335
19058079
17515261
15865461
18359872
20443278
15701763
18855055
16490155
17128734
18715165
20835273
16335067
17332813
17700306
18794025
16181574
19011419
18059398
19399010
17392945
21704110
20479043
17400145
20510948
19719368
17512471
17902526
18075922
20827893
18317802
18947114
18445862
18845416
20142607
19605600
15887320
15728146
20169260
17005051
21367604
19926988
18270498
18056599
17084769
20738770
20706893
17629994
17901611
20381291
17364798
15980726
19909516
15707221
21853633
15832233
20063392
17289460
20543208
21232097
16460387
21510132
18668611
20461676
19125654
16758331
16119628
19678853
18540889
20590515
16481924
15960246
21221001
20830638
20003922
19039679
20959735
19490232
19526887
18158387
21612437
16884841
15520103
20091991
16521365
19634528
20798264
17002245
19827214
19945102
17133189
17012080
19107304
21198803
15611316
16775650
18606935
15839372
20955186
19438412
18184255
19877340
20834202
19762418
17557620
16405707
20963668
17560757
16408188
20368657
15750504
17889736
16490096
17044342
18484381
16953162
21501726
19109334
16640210
17476142
18395928
17337155
16688967
21131175
18237347
17469353
21278551
15533085
18971810
20059311
15867495
19693019
20619034
17518010
16728939
18792440
16045650
16202793
15614493
20799296
16779349
21337991
17521873
18278637
20029712
15587603
21174846
21329123
16512270
17669054
16922980
19281447
20238152
19349935
17806034
19816334
16806205
19256051
17263052
21382217
20937443
16185637
19620220
19248431
17822424
16473730
16910186
15764350
19735607
18064839
16622583
16510695
19259858
18608081
18209000
18176852
16199455
18369582
17001933
18074416
19863510
16491461
21153460
16326783
20929109
21876449
15963299
21332106
19412936
20178300
15724825
16953422
17907756
17522791
19349445
20469612
16054867
17421106
19297196
20554279
16425903
19534188
19000959
16996372
21626269
20579640
18073666
21982520
21919297
17176652
19506434
16239869
18649818
21813621
19770295
18037519
20595216
17681468
18653426
15709546
17762623
17557464
17153131
18232061
17314390
17427794
20674068
16652282
19430929
19846585
19055138
17135845
17603983
17167187
17620214
17601738
16611513
15720608
17354135
20681469
19373959
21252650
21905317
17718641
20795309
20841513
17192219
19963309
17539571
17560952
19921545
20157964
20537586
16192192
21314920
17348358
16456206
21205258
21555674
19271621
20946861
16876004
17071835
18197863
20002419
15541123
19382172
17479054
19289216
16218160
17266848
16001587
19395973
20163484
17118197
18251207
19582465
17411467
17986880
18085602
19223834
17391424
18065365
19703382
21853701
17697948
20445131
19469068
16158150
17455570
19133370
17673060
18835682
21678698
16832224
20432637
19495810
20005317
19795164
16643350
17892052
20184233
17468606
16335552
17987819
15785217
17440296
16466085
16574303
19826026
20197556
16010142
15573675
16566102
20060139
19243591
21756681
19620146
20163754
21384609
16427131
15654612
20726270
21284803
19482544
19645537
20420728
19282319
21321414
15950116
18990271
21183944
16454772
20132979
21288120
20850002
15943622
17953293
16933155
19111105
16101858
16893875
21409790
19318963
16491032
16489576
20890152
19188456
21577079
15747196
17660496
17701518
17011154
20393350
15751330
16450520
16675647
17880381
20136648
20384560
19345893
19266713
17570677
21732723
17353987
21047195
16862325
15797158
17621785
21362182
20171084
20970755
16145186
18438277
20170911
16674782
21107849
20094109
16492008
18789627
20940586
20187949
18762140
21059091
19897942
15792063
18283770
16681123
18243706
21327509
19617356
20037616
18402128
18660716
18647254
21736099
20151345
18414311
17117531
17342849
19243526
17886424
19189614
19500701
15953979
15703343
20630284
21692585
16613400
17653917
17998408
20848072
18941437
16945469
20888947
16263619
18371250
17173759
17163394
16111948
16249625
17324692
21464065
15541128
16415412
19590509
19926740
16723916
15521337
20403896
17965396
15768931
21047696
19588856
15833468
19021491
17804518
18561619
19618796
15604637
19908670
15890046
21441795
17486951
20387500
19627685
18600601
18649699
19744031
16044988
16916857
17694612
20494330
21788005
16021417
15930200
22203538
17726172
17346462
17539455
20689358
20378184
22066299
16913578
16564405
18183802
20963669
16441541
16231778
20582753
16860195
18043837
16013648
18402382
20599101
17666979
21182434
18705724
21366160
19848032
18595303
15926758
20650440
16316877
15888858
20489604
17016987
18032742
16719429
16126316
18183053
18989681
20088062
18350769
21171844
19549623
16955055
19437904
16513713
19913178
20085970
21739919
21868479
17671005
16764219
17042709
17941415
16547782
20234203
19881392
16406471
19401499
15565902
16441850
18195310
21952572
18595420
17083319
18265820
18519522
19020436
16500251
15610989
22128567
20513459
21558134
19791679
15693929
17941589
20123825
21524002
16489708
18573485
18357423
20196650
20371054
16481096
16441523
21176661
21495197
20063908
20008765
16887470
19098617
17711934
18560708
19247883
16447522
18783126
19039213
17085608
20430489
18812619
18586756
20008585
21709550
15769975
15597294
16546921
21265918
18847639
20082064
17917946
20965461
15777026
21051386
20112144
15862050
19438889
20591015
18997054
19931713
19754633
21441308
21411402
15877556
16162290
19161482
15997955
17372789
20230178
20507569
20800564
17577555
21247367
19536026
17962172
20458642
20093713
17978274
20053602
20644198
19592188
16740337
16110047
18250248
17979619
18554077
16596858
20530127
15633832
17387788
17356991
16443997
17962875
16372663
17978387
17078883
21235844
18640446
20531197
15930403
21307111
16956143
17334159
20172393
16879549
18030960
17164803
16060300
21750593
16279964
16006495
18302874
20478554
21144952
17515783
21484041
20180380
17786743
18237062
16133644
17458539
18432048
18039381
16206646
20453701
19104290
19278184
16740232
21703897
21097762
18339391
20586891
19807230
21282548
16092629
21977725
20505424
18412034
16784473
20831738
15732615
21038931
19958420
16398069
16875276
20685907
18772208
16722902
18553244
17621580
20675953
18240940
19933247
19320403
17116556
20047175
16036825
21299280
18612053
16581641
19327070
17152024
18222219
19283546
19773732
19626946
16770751
18951383
16860566
17394439
21414063
18237351
19041451
17351690
19896733
20527994
16756731
21258318
16911175
19585177
19377071
20541064
17665067
17688480
19531081
16094281
19405016
18257966
21234856
21116090
16847798
16356875
20110605
19120746
20950774
15920374
20378676
19680298
19909009
18956505
21034233
18848958
17410509
21226847
15760808
17401770
18418528
17971372
16930000
16192533
17409612
19125786
19154472
20684381
21163726
18164114
17440314
18512305
15842442
21825946
16430003
18343624
17447086
19999487
21890093
20482425
21378301
19225694
20921889
18551857
18564324
19183948
19097575
16505421
20480394
16088857
17433462
19412673
18223094
18467531
17701262
17615073
18504093
21695887
18555159
18181890
17289533
16331789
16310139
16512746
19719547
19199850
16531938
16178312
21999067
19378610
21150502
21178355
17989126
17852888
16601514
19024048
19074306
17627200
20644475
18946745
17182454
15679279
20077799
17634910
16352970
18227679
17554230
17622882
21149758
16883734
19638640
15633857
16340686
16989417
18160859
17078349
18157447
21266888
16494290
16715902
17526445
15789363
17476163
21158255
18397157
16388150
16574634
18633015
18848181
16636220
17017584
19133146
18395481
17762243
19008760
16523589
18350262
20966783
20202269
19895690
16551208
19001913
17524736
16282235
16822470
19029005
18241531
19680792
18832109
16646986
20647786
18797571
20656725
19734383
15832609
21800731
17035446
21165374
19004576
17992299
16450936
16422488
16242292
15826792
21545358
18361087
20697269
18488966
17948844
19018899
19581787
19364033
18597730
17177929
16483094
18467068
16295514
21429989
17146119
19503703
16264176
17668831
15529222
18350859
19216983
20010984
17698979
20921095
18727310
16757489
15807801
17991602
16215523
20128543
21645111
16289739
19820225
19586390
20435665
19009889
19806821
21219423
19228236
21486160
18409322
20738826
16378770
19237963
18715393
17551423
21069600
16403190
16258714
21922121
20141467
20461785
17330996
18839731
16432830
15719426
19698022
18663064
18466649
17514858
20429656
17115482
20507049
17578583
15681992
21368514
17489320
15720726
18051996
21039370
20572859
19962629
16515673
21214974
21292755
18300838
17183057
16585328
21639747
16263679
21465718
16757514
18487967
20217979
19823974
16981157
19020144
18211951
19104477
20142011
17575757
18494392
20692452
17997265
18814778
19094155
17340547
16809674
20498416
18500273
16603985
20722323
16622657
17210497
19172574
15923414
17828325
19189579
18048816
18042131
19021490
17932653
16472886
21595360
20590514
18799469
18842993
19999315
17095439
15799889
18190369
19140174
20171775
21692724
16524352
16447533
18423644
20122627
19068176
17944607
17085274
18266885
16235583
19933891
16050857
15931047
20528290
17169231
15717962
16188716
19257859
19207052
16534765
18337183
17360150
19629778
18796510
15775808
16989348
19281443
18281407
16352983
21092723
17874230
16585806
20500349
18525158
19912394
15588358
15727086
21459866
16442479
15940892
18552686
20439199
18578765
17006113
19397426
15779248
15589911
19126176
18072989
18622914
18692813
19760913
16942702
21526313
18850534
17973719
19530475
19583668
16750297
21335575
17131301
18306916
20626483
21532075
19641843
17724101
20035353
17561162
16103805
18718991
15933914
15617954
17070437
20187099
17182477
16398589
16642247
18427942
18087681
20946497
19567887
16932121
20443265
15692871
20031470
18979856
18211557
18497006
21132601
20132978
17102321
16469126
21843128
20355346
17059490
20352500
16505757
16350498
20850177
18309941
17135800
18662249
16381161
18585511
20465750
17931495
19797496
18592066
16308174
16405706
17465286
17655537
17716737
19483114
18556989
18633680
20042262
16996320
20353660
16565276
20678681
19103613
17270044
17085607
21837858
17454796
16757794
19348816
20055188
21601776
18394515
19432872
20801580
16476221
20796072
17549970
18206737
16937774
15526664
20687357
17901631
17402953
17515014
17455875
19832996
18560849
15625661
17440291
19036551
17463206
19905918
16478890
20092136
16963366
20559160
20861620
18656079
19882416
20880367
19595319
20950124
16766590
17213498
18700357
18804722
20112458
15911959
17153565
16802263
19715623
17255863
19067610
16353322
17111282
16823653
18455793
16641663
20361444
20395354
17485968
15633072
21493350
20090658
15721972
18928960
21527510
17495557
17718729
15648520
18492717
15862985
18853029
18817023
20672247
15656846
16327419
17916302
17410748
20804224
16885678
20616734
19384206
15942950
17356436
15548249
21519423
16822090
16584553
16009664
16530113
20174908
21448033
21317594
19143692
15935019
17924269
19930477
19118246
19800257
15908631
21121802
19385348
17090790
15723024
15769792
17252093
19259870
15727112
18593836
15895550
21537321
18787486
21658825
16505392
18815004
16132892
21486146
18327343
17905234
17289538
17300001
16008024
16441526
21092892
21186954
18806181
18578219
20444568
16715901
19060433
19650517
20597404
19072186
16710088
18299494
17260575
16802682
18609240
20692658
19179235
17533960
21282796
19002485
16188426
17710787
17558578
21706451
17540530
18950298
16466484
18018818
19659488
21398238
19101310
19005956
15584687
15545244
21500623
20478866
18603173
19249637
16521003
20810409
18344784
16027421
16505458
16097256
19824977
21789290
16905990
19022071
20950875
21777396
21041842
20368494
18082004
16796505
19295974
15771661
20204420
18284538
21518675
20670746
16109046
19582469
19843492
19006594
17177907
20136037
21501057
16291314
15632346
18164465
20560955
17690089
20579168
19479688
21135781
19017605
18598386
17194398
20495594
21053704
19592365
21422361
20576715
20875168
21781080
16447024
19419347
19093362
15681666
16076514
18767470
19181452
16506380
16317333
17725114
17605458
18613355
21283008
16453088
16469474
16398065
19552339
16573879
17394516
16607248
20001544
15584668
20151348
21481736
15603620
20387368
18715407
18296123
16034507
20834034
17206959
20824312
19480375
20397529
21155399
20495317
19464561
19360982
16222404
20211588
16699343
19747254
19226477
16641657
16573021
16684177
17067898
18690123
20827891
19363884
15548098
16502964
20922921
16079431
15987336
15927652
20361900
19640282
21035994
17075364
20606611
17378520
21539143
15662490
19115892
18515439
20535669
19114784
21413488
15937037
19146069
18828170
15869554
19636707
15931310
21572858
18269539
18799159
15622815
21727856
17999211
19036613
20795613
15740487
17542045
16324185
17473811
18678689
21664016
19853452
19722302
21181630
17666306
16464206
17593450
18479658
17998410
19653332
19200384
20158980
15880155
21186320
16148249
19827966
20509066
15540238
19704289
17059156
17942229
19836188
15934279
20701230
17072358
19458459
18569199
15704328
20160554
19473110
18853738
21576715
20811334
15984731
19095341
16624226
17054572
20438034
18665683
15904886
19223339
16970053
20461689
20548254
17711812
21517704
16942954
21932720
17037342
17261532
19773503
18810506
18282633
18216414
18496659
19298312
21766914
21704974
16679961
17513278
21138831
18171971
15706817
19217497
19020178
15801489
21143087
21255542
19626808
17150325
21331629
16595542
17662568
16253113
17331094
21425360
17502204
16422732
20356794
17536949
20961000
17148634
18604755
16411421
17171563
21651656
18826068
18091633
18272638
20951873
20194321
15962427
18558263
20585083
18026811
19336753
19094198
21114720
17446732
20661211
18586341
16078356
17644917
21430578
15779513
20584809
17888715
19770109
17300571
20065013
20450025
17525838
16733656
17434621
19031208
18199300
16708629
17591508
20008210
19222636
19080034
18779483
20415078
18837415
20852468
21901876
19524899
20337567
15924897
16926726
20836629
21699033
18477878
16625128
20148409
15643044
21538039
15800302
21083512
15552802
21560950
20038405
19534219
21893625
21036284
18581822
16113711
15992202
19567712
17521459
16164398
17886525
17908082
20099654
16482017
17479031
16241168
20955481
21407045
16358969
19162408
20558561
18235118
15534882
20683302
20426382
17976799
20554626
21383349
21692435
17000476
17485755
18846786
20360209
16638142
17925588
19194308
19265607
21127109
21789291
19778422
18394447
18045368
17577177
18588396
21034884
18625090
17533547
19835231
22106759
18754767
17969660
16638122
15916380
17393816
19896314
17238454
20429197
18158513
20712459
15568269
16922986
18511764
19145517
17180653
17695938
20571180
17621450
16279895
16769908
21422100
18692395
16023413
17235261
16477958
19767267
15851499
19484484
19001352
18328145
20805071
19824096
16114804
20223078
18574259
18325458
21862812
18787484
17077631
17486466
17436074
21661613
18517064
18693400
20636672
19734778
20031901
21062591
20603048
16832992
16808751
19195038
19256770
19947784
21240103
21730240
16870387
15949068
15740172
21646997
16696879
17163292
19838909
15861611
19340411
21378607
16825668
15967039
19326611
18090267
19876629
19165415
20011187
21385085
21307118
17196990
18446107
18436568
22058392
15566592
18240478
15759205
17034625
18426103
21095276
16259493
19111480
15903001
20001871
19297115
19375525
17405577
21675023
20811178
16011496
19815915
16097619
17388824
21216792
19834802
19760582
19363568
20843424
19619092
20039996
17183013
16061443
17074863
19630448
16448434
20453359
18618958
17313915
19239662
17051892
18855828
16419213
17762904
15673119
17025000
16141107
18496250
21267949
18953221
16541720
16271129
18584998
18720561
17920226
21280340
17999094
16085466
22128563
20861835
21735950
17474128
16265798
18922403
21091048
18552410
18225401
16116351
16870639
15918239
17326019
18926150
16980636
18397719
21164071
21429958
19906279
20204383
20541896
19331045
16863005
21876891
20695347
21225585
17558067
18468015
17870647
15992199
15799588
17286217
19906428
17957346
20883622
16652069
15946924
18560678
18234036
18836325
19378859
16793488
18586556
20173297
15683053
16919759
16884944
20511244
21661649
20825903
18597187
16448450
21528081
17679120
16845814
18812555
20529149
19916821
16766784
15722963
18083167
18343252
18354333
18365775
21696079
17635208
20889634
18592618
17411691
20350745
18378730
21693747
15760930
18980038
19504806
19101457
19256322
21826674
17683594
17200636
18335903
18923333
18261949
15754280
17152029
15907667
16126054
19969334
20975520
18362259
18641928
20510704
21426525
19622174
18002962
20085958
19783810
18332357
19125514
16169582
15517161
19564770
16355559
15696899
16014211
16365242
21810580
20208049
18977628
17828007
17332215
19765742
16362718
15525860
16968571
18173735
21385083
19553067
18325122
18243897
19012760
17276065
15544685
19544089
20456149
20040605
17659422
19690816
15536789
21229601
19546088
21510262
16623314
21393043
16479681
21226439
20940699
15584942
19845734
20217268
16860524
21635795
17478415
19445341
19700091
18349406
19609190
17694281
19538358
20881817
17553019
20411613
19477574
16466574
19253128
19064601
20419982
17574187
20970237
15717035
18678557
18695848
19213516
18026008
21382202
17508658
18350338
16974179
15856171
19444493
18618894
16445855
20340064
16178347
20925714
16478844
15779699
20491594
16595567
17718727
19291187
18384011
19354156
16710762
17133010
18926036
21212621
17822429
18292101
20799894
20064805
19024591
19487615
17608889
19889379
16506870
15515452
18382174
15928365
19136356
18842616
15966626
15690896
21645418
15798871
17077768
16981989
18451385
19715080
17413677
17066971
19565887
19370832
21558335
21385423
17944610
16965885
20069308
16440044
18229987
19722298
19461219
16538848
15811210
18317283
17630271
19745626
16740464
15810750
20382901
16176116
16687196
18955845
17071417
17408064
16822117
19209172
18578883
20160547
21342309
21710915
20307367
21721162
17941410
15821676
21638874
17518164
17187542
19225027
15774361
21875533
16967153
19690962
17903047
21645388
19603165
19514540
20157947
19234424
18472622
19778923
15618370
16501127
20722840
18695611
17233143
21625661
18273436
18705090
16760774
19444526
20684403
20539163
21240088
21550543
18569197
18184116
21467002
16507506
17448408
20351324
21166761
18234042
19923830
17679663
16116768
20405768
15515991
15934264
15991589
16236850
20396850
15712681
15533992
18059401
21647082
17426497
18194791
16111083
17604304
18573540
16459208
18840131
15762901
19952796
21473318
17071841
16797440
21072007
15660321
17914895
20420542
17642451
15805447
20040563
18560062
15916260
19227019
16759851
17420944
19095678
19884808
18946949
20131134
16942122
19434700
21210611
15561155
19430246
17689460
16370481
17016148
19168306
16532379
19177891
19280438
15656472
16401158
16318672
21139014
21299759
16710911
19797499
20736665
20557389
20421570
19648829
17194054
21516595
16260707
17363802
17034716
17520538
20806579
15933465
17343534
18290408
19448466
16984678
16781441
15624638
21768323
15860051
17269947
16943308
20709601
17708039
19069739
17202518
19383048
20949328
20230169
15537470
18976204
19423171
18678961
20961374
18769104
16582971
16116767
15588267
17294027
16750098
17957590
17486464
18413181
18486784
18790102
17876982
21285463
19966712
15940125
16422714
19546118
21087372
17510904
17394612
17995565
19541573
18780696
18693194
20870990
17442028
19476597
21605371
20724192
17601470
16552615
19609142
15743047
17269854
20405303
16179857
19485862
17288320
20124890
20349640
17396446
19273866
16045414
16401807
17707251
17267389
15866650
18434774
16625992
16773286
18596020
17516887
15966628
18590250
18985810
19181371
15894602
19227592
21626343
18157452
20186982
17868193
15893212
15531969
16311135
21242267
19009141
20443396
19584122
15736899
16714982
17572801
19558787
18548793
19042850
15752924
17132481
16442422
17004212
15867730
21919294
15674831
18298508
20929617
20511684
20165520
20620088
18238990
20629463
15798422
15888836
17565432
17084759
18389433
21356566
20307283
15993137
19457727
19811624
19052185
20590436
16359598
16739390
20139148
18386686
17785685
18642737
19813369
19807808
19775055
21174173
21561517
17996763
21741007
20172190
16136927
15657689
16460760
17667052
16414936
16729475
16920527
15528578
20090656
17958909
19241788
19406456
15962493
18318085
20428183
16403149
20532134
16311232
19209569
20972689
19491151
21570888
17061778
17391425
16684426
18987080
16308171
18298559
16193428
16875926
15586302
20015919
19284169
21707004
16022233
20860250
16438070
15920707
15761285
15580055
17394226
16973953
20860610
21473320
19356286
16287559
18215197
18771525
16047500
20403550
16601526
18980453
15976500
16549036
19851239
19055300
15801049
19568721
21782996
17540322
17560065
18591173
19664848
19291342
17575439
20132369
18773712
20841666
17470927
21586990
17239072
20401828
21073577
21483387
20628787
19370522
16913342
18561586
15946608
21629205
15658734
19655523
19771517
18469617
19468090
18335901
16195092
20796152
17199087
18028383
18727597
19094227
18756139
19958421
18305331
20173631
19491751
18578442
20397053
16495020
20124019
19171727
20654986
17700950
19465344
20672949
15519919
16937841
18366951
20606653
19689559
20580525
15610381
21723152
20119895
21644107
19609542
18400203
16623604
19734402
20436062
17973717
18241967
20590512
18238838
19543010
16195085
16502761
17394519
17712233
19016926
18079551
21155637
17629906
21129344
17581793
20970062
18808053
15517301
19438113
21783011
21320230
18766108
17505371
21030114
18628532
16175728
16647360
20797356
16767014
15819837
15867741
19670653
16221314
22029121
19648597
20553402
21677092
20640330
16341117
16636732
21258663
18423067
16046566
17653077
16768082
16076791
18206309
16190009
17915066
18245737
18398799
16466831
16276568
21326245
21183307
20921487
17329464
19702979
15631214
20102684
18078617
18073643
17853584
18609739
17909433
17462089
21168114
16996836
20183556
21905488
17975457
18509583
17727690
16867965
15566559
18069400
17461316
16865631
21150582
17068348
20152089
21069272
19090872
17518910
17592423
17017628
21644434
16334819
16108294
19621441
16424765
17113281
19328345
16352944
18388840
21727300
17535430
16847682
20504261
18573120
18198570
18295936
17260559
16822641
18595931
16921859
21267565
19067933
16386404
17476076
16703230
16986577
16723104
19948517
21093373
16046896
15746132
19357936
17207005
17412079
15964644
17926776
17958932
20654820
17273022
15613564
19142461
19024427
18557314
19335491
15544665
19798773
21539690
15602279
17044548
16476635
17436479
17682684
19368582
20690391
17004397
16482751
18684020
16166920
16438811
20735507
20541279
21062383
19634807
16843778
16152877
16409600
17270088
17324176
16235392
21925408
17660859
19901182
19183330
15997604
20224459
17466213
18641520
20838112
20663004
20460001
16344026
19507299
19777204
21724134
19402357
20456261
19437914
15764941
15750704
15955757
18636007
20486528
20923622
20012702
20469561
21320943
20012076
18048222
19921996
21436664
19949135
16240619
16276642
15754194
16955591
16032428
19091932
18321445
17017049
15555479
21460672
17883735
17352705
19819095
17182474
16537580
19876941
19247013
16516560
16075692
21470427
21300647
18952359
16500578
20389315
16150017
16763332
16618324
20183360
16027595
18754982
21246967
17258670
19055253
15735593
20081687
16225338
19189481
18833890
19679690
17111645
15715075
15526568
16273797
15599171
18158495
17636714
17882498
15738923
20092087
16361837
16569412
18160890
20929651
19266767
21547754
21443835
21789980
17256810
18399361
19405301
18826901
19830851
17361955
17854730
19088236
18202431
17252963
18090186
21415613
18662950
16840761
19999957
20044588
15557911
15688774
18080338
20235421
15760796
18626030
19032073
17536655
16515427
16390525
21263279
16970653
18021523
17092288
18611313
16330385
18567965
16436161
21559751
17518381
19581197
20576399
16779106
20959723
19437906
18639410
18060326
19507540
18355797
19627646
19361132
21484016
21214907
20595246
18094781
20861737
21443827
16756843
20029311
15853088
20684426
20806231
18585838
15938098
18839663
21647911
20034367
15564786
15908825
17215598
16200695
20016312
15959758
20002421
20430210
20082061
17766905
15821661
16602548
16327418
17469354
19451553
16248863
20614742
16270796
17088223
17936358
19728404
19582938
18181357
15655922
19096290
17517285
19205660
20382366
19154492
15655132
18807434
18577761
21386747
20590516
20372005
21332574
16429215
19390341
16557117
19426295
16600820
16918835
17331245
16914376
16190007
21656340
17298264
21040560
19942671
17603972
19723325
16190010
21659986
19142109
15633316
17976352
20081721
16517337
18376493
18026022
17673769
20619199
18533013
18163863
20490455
16403991
18580125
20628817
15850300
17092775
18438165
16501264
20353542
18788662
16326663
20192079
21251169
15921985
21710068
19723279
20335136
20449664
18666885
19995325
18384420
17037446
20953729
19770748
17580773
21191196
18271767
19748873
21555655
17385732
18349435
17553107
20031782
18604321
17509101
20705551
20520264
19720493
16316443
17321850
17135646
18787440
16268752
16336556
20680124
15911292
18032364
19661793
16756517
15813804
16148962
20225429
19710615
15852239
20667285
19756506
18437064
16594292
16480558
18393740
18007252
19300218
20077576
17136927
15744445
18304285
17884592
16435008
17491445
16449393
16491935
20333918
18619631
16468543
21780720
18522667
19769207
16594461
19827968
21186164
16216663
17181758
20070068
17442031
15826432
15575566
19723738
19038900
16013014
15798453
19046827
18754190
18789048
16422034
21651660
15637685
19299671
17927056
18269549
21972755
16875796
16523603
16240861
20462102
19703637
18573777
16836283
19006501
19665686
19451599
21085068
18826905
18849368
18211524
17845952
16390892
20642088
17635627
20436032
20698730
17550750
16752982
17941521
19536965
18477494
19692053
20559399
17028978
16567994
20950073
17520993
19772556
17610734
21667703
17375545
19813040
15576526
17335534
20308885
20453611
20487419
20493590
20431501
17515265
17133202
16676338
15913679
20654829
18091628
21767164
16053527
19513956
20497991
16287768
19204057
17850665
15890057
19365396
21949180
19589668
19880910
20514959
15818264
19694849
16019329
17425124
20502864
15904750
17213376
19746850
17518890
17094359
21176004
18033645
19863769
15999958
16708980
19448584
20121954
18404137
18172404
21097765
19861904
21257655
16670259
20200818
16215345
20407841
20443072
21320942
20841722
17268140
16273992
16499792
16172296
17484411
17889971
16468604
20441108
20722797
16288581
15525848
21805803
18369048
19519232
16464327
15772507
17301509
20095874
20172265
15937755
17169966
19826078
19042213
20713655
19558734
20532477
21133215
16236108
15585706
19463681
16250430
21446599
17425252
15588372
16403718
17617015
18682011
19756766
15764871
21130334
21595813
15675379
18163855
21053693
15952968
20830942
16804697
19583899
15526628
16341187
15795336
18048851
15622417
17326916
19416050
17063419
21714444
19781265
16583529
18350213
16359207
20039966
16128974
21456108
15707107
15578252
19861368
19967949
16105190
19014410
15746593
21613028
18216632
18477272
17272798
20560853
17402601
21458151
18563006
21824226
19661000
19068917
16509834
21708521
17126967
16448970
18813601
19191134
16737032
16687378
20371034
19472853
21366115
16531947
20005860
22097444
20536758
15962534
19527449
18450884
16871099
21156883
17949448
21037188
17349950
20974322
21960192
18710678
16202837
20579332
19955458
18000485
16951883
18778909
16463599
21348556
21244493
16259464
16143023
21756579
20572428
17641075
16640136
21045576
20843882
19687107
18515442
17934678
17486705
19507555
17082010
20939021
17333798
20402254
16110122
20334763
19628304
20202779
21112453
19578581
15632891
18429449
20386308
16124075
18519600
20822362
16427762
17050085
16095435
16604867
16643262
20803404
19786718
18342824
19364777
16336015
19184062
19842863
20825054
19380366
18847430
16871980
15963913
17058756
19927964
18595587
19203378
16582803
19594988
20515432
15856333
20843650
16511585
17238494
20632191
18203243
17448662
16082616
20835964
19340984
16543743
17261662
21146116
18564695
19378577
17855818
18837721
17898237
19962737
16437510
15692898
20333953
18822553
19952023
17474361
21134555
16499171
16926309
20543652
21457901
16183748
20629297
21555752
19134363
20846004
18090698
18216608
21429956
16717514
20835677
15847757
21492273
15750529
18550782
16247055
15922499
19004438
16326743
19359084
20552770
20209088
21692378
18371208
18638011
17627742
18003593
18320392
21401857
18373955
18227851
21511786
18299778
17240561
15866395
19494055
18652727
19856149
19591020
18564887
17409023
19912120
18290752
20539149
16618916
16095151
18608725
17704480
19832815
21062136
17336868
18764793
15645762
17880661
16430612
16052880
16287794
16525904
16294947
18452366
16163981
21396236
17392944
18539879
15877590
21419259
16945884
17214891
20356950
19635302
15574033
15659089
16574526
20682570
18188973
19530014
20816104
16600959
20547285
21897404
20656603
19402840
17945320
16484159
21173365
17806014
15894761
20875178
16013344
20678886
20662908
15801998
15968228
18830841
19091091
16933576
17475635
16246994
19644419
17985966
21393039
17487537
20448224
16867083
16715030
15537067
17004023
20113263
18450887
21933274
17413676
18834538
20394886
20936570
18408263
18535736
15658177
21368658
20493795
18205680
21888046
21876016
20584119
18791747
20887410
19812105
17893379
18427902
18373049
18930337
19134232
17854729
21679451
18295924
17334253
18627328
21190493
16499258
16507503
19372128
16403243
17058818
20173438
17197788
21747315
19961038
16997634
20879014
20566229
21624702
16192178
19415504
16838562
17689082
18190953
20736156
20120519
17542525
20088955
15787229
21521954
21987201
19879711
18975584
19353347
20822733
21324847
20441119
20480972
18258975
19694850
21362042
20695669
19852197
17390749
17076693
16983850
16884567
19361040
19938259
16431185
19930021
15805462
20149163
16821385
19683253
16879537
20010044
21439175
16595344
20511104
21729918
15980081
18289189
19444814
16339675
17454287
18344821
15616751
18812762
19067982
18701234
16226862
18779034
20092117
17703386
21943076
17196247
17667534
17956915
17569933
20029970
18306512
15537586
17690808
17935047
19559315
20103511
15659007
21218703
19441659
19402366
19017598
18622219
18457517
16493324
16442431
19084895
20077773
17158277
15696631
15644675
16313373
17478822
16579824
18206522
19726207
20958178
19010732
16562808
16567242
16700689
17531766
20638035
16569795
21330383
17291830
21469515
17671080
18588662
18808589
18260038
17960669
16487840
18342653
16799355
19416038
21558112
19401098
19492223
20332309
21857343
16550938
21521838
19488789
17711974
16583727
21724926
21189516
16676296
18672147
17059494
17678779
15562048
18065039
16202372
16313379
17509284
19500942
16460982
21552087
18507600
18344783
16010902
20336328
18335873
15853789
16466351
19666950
19418242
16202888
21577161
21103771
16100332
20723771
21235405
17727771
19397222
15832071
18050526
19010943
15914080
16445483
17240875
17714579
21397870
20099252
17087679
15681983
17767093
21298891
19695730
17481458
15788917
16451425
17256392
20356981
20423212
19413074
20655660
17489928
17307621
15574193
15616378
17118638
20866016
18809151
15619528
20618313
16910129
21772125
18007003
16308175
17499961
19346926
18385225
20187349
17054735
16021559
16496203
19698140
17347512
20100152
19833669
20205505
18946947
16004157
16501583
17469360
18952748
19723270
16774177
17688481
21259067
17400674
17146310
19445567
19663712
17960433
19963303
18278370
19389535
21564520
17054311
18825367
17175676
19448890
16094750
19047492
16039388
20171307
15713169
19237901
17713113
15540887
19357243
16843871
16894616
18019305
20975553
21424876
17524004
21910386
19419326
16052180
20660885
21127318
17109578
18990895
15563964
16579288
16076796
20884700
15893218
18226763
18997524
16444925
16769461
20540408
18664301
17592961
17001437
17285953
17081919
17994270
20438371
19745409
19819869
16777510
21088660
20155664
19326301
16301934
17415578
15559043
19551490
17505201
16262094
15768647
19152154
19143579
16186080
15597936
20410448
20880816
19094222
17419926
16316441
17210396
18959104
16696861
16207662
19760371
17824870
19140201
18096587
17537091
15835472
20173056
21504546
21673530
20452847
20883636
17711144
21084831
20124777
17617908
16922100
16615744
21898324
16299427
19167200
17953919
21140859
20848985
17279018
21577078
16499461
17663793
15590218
19127235
20625025
16225336
17592973
16219711
19962846
17352796
20031892
18201143
20092700
17761062
18710620
17005073
15960461
20949872
20858338
19647330
21807682
19073377
15685408
15883242
15626184
17013870
21261966
19523742
17337347
21551221
15754631
15717908
20720611
15774332
18466604
17633502
20538823
21319591
17704669
17420113
16315811
20443305
21154092
21244477
16544687
15763717
20618596
20362791
19833671
18344781
21194663
18328024
20451816
21476419
16475408
21542189
16943731
18390144
18828265
20881797
21196804
20517975
18332276
18528621
21457601
18093109
15672013
16321198
19064659
22073695
18801512
16844895
16534045
16061930
18538424
15557358
21063799
15612403
16700635
16296671
17883660
21932708
19067499
21240105
18036471
17597556
15730365
17943379
19117527
19669802
17925109
17220384
20191724
18591304
17952147
21965009
16354865
20067075
16830252
21166109
15619178
16879384
20951557
16793783
18158527
17425278
17091909
16313586
20211089
17267723
20191059
18444857
15883235
16164590
17438929
17595921
21359632
19395177
16192507
20125065
16533394
17060291
17952353
17872552
16557069
19538646
17103033
15585426
15751435
16173854
16175972
18021402
20026686
21576541
19619068
19615536
19195050
20436033
16969749
20883612
17010034
21424296
16076595
16267979
16764502
17274222
17229790
20843982
18649107
16174941
16515282
21469494
20689129
19386949
17939880
18612905
19214275
17631350
21608314
15644682
20709581
16553752
19074050
20795611
20345926
21167040
20414822
19370563
16350482
20852840
20375299
16444341
19242841
16003573
16294656
17219497
17099591
18817960
16321533
16122540
16444125
18611307
20222222
18985624
20547725
19105562
15800094
20001883
20047627
20050336
16829723
18844763
16434935
16220059
16520265
20532593
20523015
16181185
18669709
19546733
17414079
18794716
17229777
19361012
15970778
17486528
17764038
21957550
21122018
16148491
19176308
18373100
20805434
21366022
17854726
20182162
16194180
17412717
18042214
19015826
17472791
16483064
19483063
20559406
19438888
17626023
18778558
16791670
21679547
16441278
18328963
17241105
15923006
17109246
19768288
20806865
17766672
17472529
19025699
19551619
18209148
17575764
17546367
20725708
18211334
16969164
15751434
19898100
21349135
16269444
16766105
15887749
19263772
21117508
18443830
18448702
16893143
17945010
21110882
17702101
20008018
17106000
18093085
21831325
17321199
16327841
19559565
19958418
16919128
16606913
19269150
17460998
19217498
18678725
18046139
20516766
19157761
20630793
18569903
21276535
16282234
19899669
16980791
15714109
19615081
21171881
16132954
17260594
18350940
20388309
19772214
21804485
15644659
16181798
17522925
16680055
20004297
16012417
16669213
22049813
18022046
17228826
15677780
20920077
17726411
17353819
18603033
20486093
17715650
20940688
20819831
21533963
16922047
20920232
21645040
18561635
15754507
19566989
19533894
20102895
17387520
21510261
18339337
19421735
19426929
18277797
22032571
20455148
17976989
17911883
15570485
17985063
16420206
19709798
15924016
18005630
18350511
20725782
15698390
17170595
18684784
15713185
21785482
18958836
21199136
20426241
16838676
20139217
16842344
18485656
17896122
20651478
17397690
15667389
19544075
21305428
15984447
17074872
17998344
18563023
16476603
17091005
20200436
20546464
20636670
20550597
19240494
19617303
16711075
17187534
18443260
20937448
17218647
21591329
19638984
19097041
20970042
20063616
21926560
21456496
19390094
16798173
16669565
21727290
17988593
17970526
18437598
21938970
18455538
21585696
16532047
15648517
18989650
15925069
15812434
17728797
18036120
16779443
21391861
21288681
20654287
15862727
18337199
19437873
16555929
16816766
18644746
18279067
16594192
20933365
15686810
16326263
16636905
21276530
21306865
17601213
20501560
17447290
16002028
17959577
18580396
16115713
18638031
16032937
16043009
19214681
17326016
17007330
19062603
19204514
15564228
15565976
16313546
16942587
16910375
20736832
18551855
16730089
17361789
19730197
19945081
20186648
20399060
17263656
19686587
15603513
20678231
17170639
17826210
18533781
20182364
18927100
18297976
21331556
19171091
16036273
16477857
19615535
17941770
20938273
18781660
18047923
16262092
19408781
20233574
16690991
17897117
16358548
18789742
16403214
17472511
19603570
21275312
21223592
20490910
20667584
19770808
17310340
20559179
18035846
15969988
16024213
16523100
17927991
20446521
21095560
17996820
17584392
16269900
19084890
21317508
21091226
20021684
18358793
15582783
17637761
20533965
17638595
16526152
19080877
21129508
20800766
21368550
16433804
19300284
19650538
18929340
16492659
17266006
19962697
16027580
16823014
17217479
18395724
15951518
18373314
20098883
21141405
18524373
15956007
15575035
16686888
19659663
16310137
16637941
19601420
20479545
19167629
20465744
16174925
21469512
17601474
20938307
15776799
21409670
16365613
18501031
19538566
21537324
16282006
18066353
16113141
16359014
21299762
15680559
21404638
16847769
18849478
18697657
18412912
20004038
18584521
21134950
19353979
18982964
16802677
15597931
17182970
21336996
20827777
15933466
20104515
20007003
18783502
19251730
20425956
19144895
15932385
17207002
16286904
19914086
20464523
19546722
17898250
19267369
17082170
19426927
16955435
19665613
16006859
17160397
16257620
19850436
16097962
16370401
19671642
17552290
18632780
21409880
18769105
19565040
17033569
20535893
20192713
17363936
19321069
18543527
18496374
17534469
20386374
19471050
21304154
17446134
17196902
16135490
19730812
16143267
17899216
16978687
18657759
19122950
20686765
21368633
15763848
21080105
19004172
17300493
17475331
18521649
17323204
17576893
15825592
19481272
20816307
19266749
19460667
17602152
18460067
19034813
19492512
19194118
16029976
19139668
18806649
17998411
20050487
16428559
20546470
16640738
17625004
20970051
17505864
20144399
21449986
19935082
16378790
16736311
16719998
18042946
18474760
21041006
21351841
17538077
18565717
21460344
19347728
17234572
17438994
21178152
17975462
16374205
16959930
21211961
20852506
21143363
17298250
17888108
17987458
16769462
16704378
18226676
20964161
15970783
17623502
17624157
20481075
19248648
21563900
16253153
21058163
18758315
16174809
17049860
17506233
20632461
15624293
19321037
16491921
18221541
20559828
20556491
16052127
20712554
18785099
20123831
18349327
19184127
17685066
18503838
17250941
21211714
19778670
16110012
15895331
17348557
17938143
20096114
19761589
17143970
17574188
17540908
21894840
18558894
15984178
18189334
18226316
21841589
20363445
16491937
16953020
19349895
19538693
17936640
15685965
18277788
17165487
18990973
16229934
16700786
17334166
18421824
18379895
16728873
20187719
17148527
20571123
17058812
19354155
20599337
18842457
18646359
17041814
16911265
20222223
19215829
17577722
18488748
15631643
19731990
16254653
17554835
17236508
21406672
17727131
15768587
20234198
17547752
21269438
17105637
17415099
20350889
16616643
16050386
20351911
19106727
18270931
20405680
16270669
19228413
19372125
17211120
16024417
19376487
20408274
19892217
16738988
20183899
21402963
18842202
16861720
18240989
20947875
15913121
17072157
20663830
20081695
20590510
21069118
16405709
20100749
19434217
21319696
19131756
20432216
19044312
20532137
20430562
21817971
21072495
16522452
19707769
21608344
18008106
16720517
19883327
16479362
19828870
21158900
19820537
21378634
18829830
19154905
17322008
21353918
18715396
18313632
19342715
20436060
19901582
20937936
17194871
18837896
17516350
18036016
19127130
17968638
20878855
17533928
16122538
18652065
18563012
21574247
21609422
18840903
19397816
15655338
18560100
16981076
21727100
15583244
16010140
17667396
18640407
21843118
19142780
16846179
19354054
20921496
16858337
16439285
16184721
21069119
21301273
19119689
19833859
17724358
20201342
20816284
17425793
18381518
15968968
20089625
20486500
16835563
20440564
21568969
16390896
18065922
19239525
16682037
17975253
16116773
18979706
16092744
21688514
17060034
17916366
17695002
21250556
17210887
18956998
17955680
18043787
21654227
18714744
20102130
19647678
16970555
20215958
20854577
16543513
18574372
16327735
18821031
17823100
21242451
17310663
17685827
16047810
20836418
15984399
16625524
19130311
20104813
18090889
19380210
17563425
19104262
21647900
16252372
18687841
15965388
20200284
20545773
19372024
18570825
16404823
18178698
15903277
20388313
15736600
19309414
18406987
16792710
21041191
18580386
18666041
16568625
15665164
16261709
15832243
16128652
17353816
16531849
18812618
18661887
17007618
19673731
19592952
17535294
21375101
21071504
16452280
17116915
20069962
19405453
19027449
19577418
20843903
17922360
16607244
19264839
19630538
20101545
19912463
21155402
19935526
18779462
18753715
21046968
18463898
18815525
18445925
19343871
19058073
20980380
20662284
20122509
15748057
21404783
15560706
17436178
19244697
20461349
19131749
20159210
16685156
21554061
16986357
18291010
19573773
18756599
20708563
16102625
17335523
17551421
18179674
17566476
16649402
15800127
20373918
17625724
18946578
17233432
21592416
17122680
19941779
15985441
16236952
18515290
21121234
18494391
16340636
19131757
20195927
21485941
17627885
21344800
16927646
16253789
16344646
20953218
18681250
18350770
19014704
16010220
19940558
17278922
21961358
16523371
17302596
19306562
17893380
15990913
17608339
22030650
18095075
20954167
15766349
16956071
20690914
21445493
16835557
16789675
19782927
15699089
16756673
22033731
16235285
21806649
20481198
16229695
20579161
21073679
19084971
21905564
20042561
16536397
17664443
19201298
19917035
19699134
19085179
15684910
16798179
17495726
17851378
16632078
17767689
16509952
18460201
19808267
20166651
18508408
17511360
16492794
16917188
21628011
18019518
16594432
19949884
19430828
21058097
16420844
21549465
18757381
19482512
19863765
20177037
15682724
20853586
19522341
20497606
18567130
20531173
16863041
16237200
17558877
18388681
20509570
19745348
17217319
16224670
19538800
15548130
16604851
18044418
20953977
17056848
17994499
20535908
21269670
15803230
19996586
17142595
17366226
19070193
17466825
22164907
16161532
16398302
16815115
18000675
18597574
18202927
16760768
19943235
18622998
16287769
18059456
21384219
16838755
18454774
15689143
19017597
16877039
17088221
15579357
20032166
16450511
16033639
21471765
17950115
18398530
16037718
15896697
17019446
19719536
16438787
17896725
15802000
16145952
21439658
20024524
20654895
21990415
16438812
19152945
19111855
19683664
18820307
17544248
16783248
16168544
15552378
17063096
19926562
15581440
17519031
18433656
19416049
16791743
20368662
17418522
15621478
19228893
17052090
20506669
21831025
15865624
21049795
17211003
19715404
17336865
16528909
19475830
21682969
16086618
18585538
18849366
17991363
21368531
21520796
18560085
18040272
19670018
19074562
21502444
17351195
21051987
21765257
17668610
17182445
21788540
21046383
17203541
19817606
17604173
18090141
18829260
20875203
17620205
19133288
19517492
15947296
17582019
15968445
19469051
20515883
21534439
21126675
19907425
21373178
18941964
19592331
17000474
18804936
18978692
21108661
16527147
16256118
15715756
18445825
19858336
20739577
16775183
15686336
18630064
17443196
19435113
17598687
20872773
15687140
17293628
17633968
16339290
19930483
18998190
21099676
17626592
18797222
18675766
16879094
19187418
20207990
18073583
18334055
18722940
21368509
18947382
17933370
19396490
19833425
15796645
20849670
21649700
21167362
18842223
20925708
16159029
17570877
17020113
20837612
17098535
19565102
17727050
18583449
16477905
16223109
19817111
15789679
20194254
17785974
16550840
15605916
20141539
15526489
16203937
17312215
20196186
19010605
21309381
21636870
17540180
17279204
16731876
18254002
19809009
21558105
17238432
18086453
18187011
16369411
15586121
17216964
16917187
21280352
20558463
16923100
17033234
21106660
17139941
17408073
16228169
18752459
19367335
21717621
20377396
21277126
17638181
21979543
20510287
18293092
15852726
17391559
16292013
21299760
18444395
19785821
20348199
19650541
19653391
19594346
21097967
18417233
18573954
16977272
16652063
18201504
21085909
21229820
20626879
20886197
19636020
17310342
21266280
21726319
17911892
16040178
15532174
15609749
16344302
17768578
17450710
21592433
15897835
18435115
15840156
21211483
17901513
21482838
20184637
19262570
18361943
19451489
20598493
17470290
19471140
15951453
16628176
19643950
18320908
15920357
19299102
19142799
16884798
21240171
17370455
16469104
20587105
18091199
18270275
18648014
17026412
17966188
21317659
18196718
15761453
17211000
17125050
17308445
16856286
15631276
16218548
15701163
19450992
21068191
17601843
19797339
17664534
18414329
16756519
15912809
17539210
20302059
16174895
21122761
17060278
19786671
17978360
20013938
19661809
20446110
19875227
21135616
16306294
17923989
16327572
20404777
16808769
16604910
21307687
17418656
19413164
15631015
21424331
21736171
17013049
19788791
17495375
15889304
16931414
15622906
18026943
20499769
16295986
16782251
19339442
19076664
20149236
16116771
17699295
21830643
16001877
16490013
16913612
20439631
19678797
17013071
15572501
17443877
21803273
22006146
18427335
20626794
17139878
16409179
19573473
15520086
18441627
20121717
16830631
19031302
18272609
19835287
15539718
20510841
17954441
18725033
17605444
17982871
21610114
18295216
17964900
19143233
16763282
17598039
20847022
16489956
16905030
18423762
19057428
17094645
20422449
17827839
17137277
18335829
17926772
16112306
21243007
16461869
18180167
20541076
15970422
19114844
19278117
20408320
17187548
20026835
21996387
20441488
16791534
20010203
20369643
19699822
16921327
20367725
18216077
15878842
19306147
21168872
15709468
18767515
18855169
21434551
18236875
19467434
16102142
16913432
15800508
16509953
15730598
21402457
17654385
18478275
20039842
16252379
17986680
17274175
18357933
16015224
16706773
18161452
20713422
17216143
19442325
18594243
17083559
20096378
19808372
19363940
15917504
18707566
21843845
21409996
17060109
20920902
19027445
17851308
19612973
19089460
19208507
19422632
20472840
18087682
19150944
19509210
18513390
17133883
16895242
16108414
21846340
18602185
15539731
17563485
15887792
17598458
16310323
17171750
16819563
21888221
19754686
21548789
17242314
21075324
17044560
18535445
15966782
19327081
16276131
15797156
17050292
20486085
16878218
15915068
18158517
16650198
19033166
18679758
16530115
21610455
19276741
19029142
15960052
19225847
16166409
16493301
20032758
19699623
17996399
19736574
19489757
18332745
16628511
19949221
16814678
20210665
19780368
15703338
19446942
17121508
17903718
19040543
17761619
15812103
21786736
16604798
21471419
19233107
19492659
18020851
20509800
16213235
20736398
15737223
20414613
18279125
16456367
21178537
20434642
20688252
16645903
19281128
21226559
21741117
15961348
18837657
21672061
17967220
19715532
21957764
18423616
16076965
17431061
18349768
18448753
16210096
21507187
16585087
17062520
17177028
16199400
20159863
20714196
20145234
19237645
17223004
16856093
16305292
17260573
18216617
16617637
15931019
21957801
19866504
18720633
16494663
15960059
16912103
16516552
19189064
20657609
16878074
18211483
18038526
21730931
21099083
20202778
21642931
19653387
20124612
16830256
15988947
16087824
18279924
20494357
16358623
21276075
19789438
21729274
16094739
18200895
17898929
17260712
19023446
21406315
21092885
15678221
20638814
21780091
17216974
16860853
17956529
15521897
20582500
17479699
19704215
17260490
20098168
19815899
16424964
17306956
21862193
18991012
16416155
15927296
18678729
18462237
17056043
17578393
17474588
18590091
18075638
16336490
17319254
15759663
19704293
16805937
20666848
18446175
16285199
18220679
15582782
20462742
15966126
19118463
16497427
16893807
19119734
20057158
18688052
17901462
19369045
20078897
18023334
19969444
20123762
19357952
19566517
20156862
21159197
17495574
20381222
16864026
15866006
21426753
16318967
15852584
17785736
21495397
15927105
16822718
17595405
19048409
20409122
15631265
21072010
16892691
17245204
17492563
20635554
21515975
16636322
20707264
20967480
16125029
19281444
17440782
16239239
17443553
16468082
19714765
20461671
21493407
20537592
17521252
19721927
17178074
18984376
16955453
19566998
16013292
20979001
17053853
20443410
20088288
18211531
20445220
20008398
18399376
15705243
16052199
20443645
20843717
20444054
17057640
16082831
15871370
16843064
16927904
16775473
19898789
18060841
16884462
16676754
17469367
15942343
19947840
18756161
17148538
15786978
20476519
16266648
20500967
19217600
20598470
19256761
19082637
16594944
15788081
15924035
19052511
20884778
18928964
16802685
20467339
18829604
21439174
16783553
17457779
18085911
18370936
21351190
19025503
17128655
16724375
16831632
18837659
20122028
20374101
16190011
21498553
19304807
16287913
16097606
18830699
17277650
21368548
16450722
18595383
19106431
21309404
16168341
17042237
16525523
16096148
21723143
19913183
18179495
15957293
19932548
19124216
17198620
16005415
17300638
16457308
21176131
20078439
17612821
20027967
18384589
19694851
20095068
15967010
15865581
15801349
20538110
17190317
18702081
20931472
17139889
16786660
21540011
17621777
20850843
17700902
16155809
20800414
15722583
18371167
16884888
19855038
15727544
18157568
19129289
19999862
20652527
17595987
18569368
19390902
19874523
18601834
19629534
20151854
20006414
15889883
15984286
16190002
17502441
19396575
17154706
21518751
16877622
20659976
20562249
20675981
16493937
18266575
18682352
20434950
16425810
15616390
17681395
16844204
18693587
21785313
20022914
16685542
19706077
18665429
20846541
16340690
16649832
18787976
20380748
19574849
18188910
16869948
15622675
20502180
19844758
21057800
18560296
17069270
19897696
17069466
15669434
17955303
20481080
19049552
19096850
19351301
16050891
18574369
17701393
16620251
16629972
19883486
19860315
18996427
16471099
17242858
16764199
17356786
15877552
19793719
19912389
20717894
16638778
20975326
17766564
20003038
20089493
20718640
20800143
21470031
19332199
18926453
16106764
16870534
17935600
16303690
16116774
15728953
17082827
20015489
20042562
21352432
19454205
20409433
19370381
19190999
18001003
19078876
17605949
20505614
18615962
