16711187
16710574
16719029
16718841
16716872
16716871
16715912
16715210
16714716
16713013
16712849
16755585
16752969
16752294
16750971
16749921
16740529
16737812
16736400
16735204
16732468
16731139
16730476
16730233
16722919
16722893
16722853
16719899
16219048
16787132
16785354
16783905
16783553
16783283
16782950
16782921
16781655
16779794
16774458
16773425
16772832
16769943
16768082
16766590
16766057
16765852
16763517
16759068
16758504
16752472
16752471
16832075
16826589
16819630
16819563
16817916
16816541
16809575
16808711
16802844
16802770
16798179
16796497
16794438
16794363
16793956
16791667
16790451
16790395
16688665
16894878
16893332
16877905
16877182
16875475
16874580
16871101
16869085
16868361
16867198
16866222
16865618
16863896
16860629
16860566
16860242
16859236
16854239
16849980
16849766
16848354
16847770
16846509
16838676
16961000
16958164
16957904
16957873
16955115
16951513
16944378
16943717
16939851
16938825
16938355
16928575
16919162
16913210
16905961
16904010
16902901
16902744
16900816
16900280
16900272
16900092
16899363
16896864
16895823
16670376
16646758
17054311
17053747
17050754
17050750
17049151
17047644
17047376
17046986
17046794
17040417
17038111
17035452
17034679
17034286
17033893
17033591
17033569
17033542
17033207
17031500
17030834
17029628
17028632
17024615
17024614
17024613
17020500
17017753
17017752
17017690
17015810
17014452
17013686
17009141
17007224
17006113
17005037
17004173
17002481
17000355
17000347
16999650
16996898
16996896
16996514
16984637
16984535
16983946
16978417
16977423
16973000
16972913
16972162
16970536
16969015
16967404
16965422
16964661
17148530
17142408
17141669
17138505
17136990
17135802
17135647
17135646
17134641
17133895
17133893
17133150
17132481
17132478
17128125
17128111
17127306
17123883
17120067
17119845
17119752
17119662
17116917
17116914
17116010
17112842
17111495
17111431
17109081
17107244
17100384
17099994
17099324
17098846
17097988
17091699
17091363
17091358
17090998
17089648
17088648
17088600
17087612
17085126
17081744
17081532
17080736
17079961
17079584
17078212
17076891
17076870
17071571
17071185
17069092
17060828
17060827
17060294
17060277
17057801
16613400
16594405
16579773
17244999
17242911
17240252
17236324
17234566
17233432
17227356
17224573
17224495
17219287
17218721
17213498
17212135
17211006
17210887
17210879
17202084
17200586
17196990
17194871
17191051
17190942
17188221
17183353
17182504
17177744
17173813
17173280
17171497
17165379
17163989
17162373
17161061
17160236
17158836
17157949
17157750
17157129
17152518
17149560
17149400
16088432
16048111
16047500
16043345
16043002
16041911
16038132
16035725
16034507
16027503
16026661
16015058
16007454
15973772
15970016
15966124
15950835
15950833
15947903
15947809
15931492
15924027
15924011
15921798
15921797
15916513
15909781
15909169
15907720
15900979
15900432
15893688
15892429
15888857
15884265
15868743
15868568
15868347
15847235
15841800
15839952
15824872
15816320
15813439
15803333
15793440
15789938
15789293
15778631
15767197
15750507
15745369
15745365
15745363
15741003
15724825
15718180
15713790
15712858
15712769
15707224
15705146
15704303
15696834
15692270
15687722
15682879
15660321
15656851
15656427
15655338
15645769
15637958
15632812
15629676
15626184
15626181
15623251
15619488
15612239
15610781
15609477
15587606
15587603
15583511
15580363
15573333
15572992
15556247
15530713
15527229
15523255
15515614
21600370
20212173
20178300
19487533
19475812
19326301
19247839
19186400
19160356
19048667
19048572
19005778
18998862
18990020
18974174
18972411
18952749
18935711
18923330
18849635
18849399
18847506
18846977
18845515
18839622
18838135
18829184
18825472
18820402
18812555
18786128
18780136
18772306
18769996
18760247
18755883
18725002
18715393
18713199
18708551
18696312
18695763
18694471
18687571
18684788
18683524
18682875
18669468
18664978
18661759
18660737
18637140
18630089
18617922
18608102
18588397
20298326
18551859
18544978
18510190
18450615
18441679
18437069
18427335
18418925
18402316
18394540
18393080
18389433
18386952
18386076
18364172
18364167
18358296
18334237
18329448
18327028
18318967
17496351
17494250
17493446
17489928
17488173
17487862
17485221
17479356
17479329
17478471
17474128
17471835
17470290
17470188
17469369
17469361
17469360
17468943
17468940
17468681
17457778
17453976
17453582
17451880
17451834
17449520
17446339
17445516
17443664
17443115
17441929
17441372
17437568
17433462
17432564
17431337
17430312
17430252
17427368
17426665
17425793
17425005
17420402
17419797
17419782
17419241
17418133
17417722
17416092
17414331
17413403
17410070
17410068
17409993
17409965
17409671
17409050
17408075
17408073
17407796
17407612
17407591
17406111
17405577
17404900
17404896
17403282
17403172
17395310
17391574
17391424
17390749
17389474
17386358
17381458
17380834
17380491
17379682
17373239
17371421
17369044
17368656
17368632
17368364
17367693
17360150
17357364
17356981
17355582
17354232
17354226
17353983
17353516
17351825
17351321
17350981
17349494
17349439
17348557
17347659
17347504
17346355
17345598
17344981
17344196
17342789
17342556
17342454
17338616
17334624
17334621
17334302
17324253
17323668
17321854
17318662
17318591
17315285
17312091
17310766
17310429
17310344
17310343
17310342
17310340
17310339
17310337
17310336
17308862
17307086
17306905
17305757
17305255
17300493
17297243
17293235
17292025
17290079
17290065
17288654
17286194
17286192
17285234
17284297
17280921
17279443
17277259
17273563
17268929
17268928
17268927
17268347
17265784
17263049
17262004
17261660
17261146
17260233
17259744
17258926
17254823
17254361
16627088
16624553
16622643
16622089
16620945
16616267
16614844
16607139
16594458
16579717
16551387
16532075
16530604
16514251
16505757
16499176
16498013
16487814
16482751
16481839
16473065
16469469
16469223
16466168
16466059
16464429
16463696
16447784
16447306
16441961
16437327
16429737
16426930
16419462
16418078
16408461
16394905
16390834
16389158
16389007
16378147
16373686
16373183
16370922
16368908
16360559
16358471
16355446
16334182
16330905
16326206
16325630
16311135
16308906
16300460
16295286
16291468
16286324
16284977
16273797
16263572
16253622
16251489
16249136
16240933
16230757
16230748
16225362
16222646
16220148
16209671
16208594
16202728
16201605
19175260
16191850
16185057
16184950
16180112
16176471
16175784
16171054
16163682
16163227
16162404
16161382
16153378
16144150
16141178
16137786
16130307
16119688
16119672
16119667
16119650
16119164
16111061
16109295
16109294
16104122
16101852
16092637
16035414
16003086
15994587
15923994
15918469
15909777
15864824
15844414
15830580
15830559
15830558
15813311
15776944
21954476
21931095
21931027
21805952
21790094
21667568
21619566
21610582
21337277
21337276
21337274
21337266
21306019
21306017
21194262
21140554
21121844
20708368
20440781
20358731
20335695
20118026
20032930
20023520
20015747
20015491
19740154
19714751
19711195
19708422
19696604
19694152
19693703
19690816
19689862
19688408
19685037
19681562
19675529
19670995
19668146
19663288
19656110
19628112
19615624
19592271
19588080
19582516
19577331
19575501
19573661
19572269
19568684
19563356
19558371
19551536
19536852
19526380
19524172
19517050
19507098
19506585
19504614
19495550
19487532
19486762
19482259
19480168
19475901
19469117
19462698
19462697
19455926
19451747
19445341
19443525
19419442
19416041
19414823
19413071
19408494
19406084
19404073
19400397
19399952
19396066
19390870
19380301
19376385
19373552
19357936
19351795
19348102
19343436
19343321
19342281
19333659
19324120
19304808
19287914
19277897
19269911
19267737
19242580
19241917
19236871
19233704
19226477
19221115
19207552
19203803
19201787
19190488
19185267
19184554
19183146
19179111
19171727
19170955
19161575
19154472
19147394
20514909
19112875
19099948
19097882
19087766
19085003
19084101
19082354
18090444
18090133
18085642
18085429
18082359
18078617
18077944
18076697
18075443
18075147
18074416
18074242
18073618
18073253
18072978
18072408
18070254
18068614
18068344
18062753
18060981
18052596
18051972
17986568
17986549
18049141
18046983
19482810
18044008
18043989
18043526
18042018
18040272
18038530
18034898
18033960
18033645
18031482
18028021
18026777
18025915
18025362
18021332
18018818
18008106
18005911
18005630
18005378
18005377
18005351
18000700
18000675
17999424
17999405
17998835
17997828
17997260
17996420
17996299
17996057
17995565
17991933
17991932
17991931
17991930
17991929
17991928
17991927
17991926
17991925
17991924
17991923
17991922
17991921
17991920
17991919
17987841
17985968
17985967
17985108
17985065
17985064
17983479
17981187
17976220
17974502
17972444
17971352
17969954
17969545
17966292
17964220
17956605
17953297
17953232
17952697
17952627
17952450
17951231
17951230
17951229
17951226
17951225
17951224
17950858
17948376
17944893
17939415
17938816
17937946
17937150
17934058
17933417
17931468
17929034
17927764
17926262
17926158
17925617
17925419
17924989
17922788
17873182
17914143
17911989
17911092
17910139
17909862
17908530
17908529
17908528
17908233
17905104
17904504
17904501
17904500
17899446
17898242
17896217
17896155
17895295
17894308
17893933
17893380
17891669
17891048
17891047
17886195
17884602
17882728
17876137
17869629
17855485
17855229
17855010
17852275
17852241
17849466
17848655
17846560
17845918
17828852
17828675
17828140
17826094
17824865
17823815
17805107
17804941
17804467
17804213
17803407
17768008
17767693
17766611
17765608
17762904
17725614
17724535
17724382
17723148
17721699
17720673
17717242
17716364
17714536
17714051
17714050
17714049
17690089
17707889
17705853
17704125
17699347
17703369
17700450
17700336
17700331
17697913
17695560
17695558
17694693
17694351
17689955
17684773
17681265
17681256
17680842
17544035
17678543
17678532
17675247
17671027
17668539
17668293
17667500
17667018
17662791
17659724
17658961
17658958
17657658
17656405
17654419
17645447
17644836
17643607
17642319
17641073
17640382
17635953
17634055
17633581
17632245
17629857
17628971
17627239
17626592
17624053
17623953
17623824
17619911
17616839
17616336
17615568
17612376
17611983
17610056
17608682
17607970
17607816
17606526
17603983
17603977
17603326
17603000
17601849
17598039
17592981
17589341
17588184
17584392
17584391
17584267
17583402
17578579
17578394
17578061
17577296
17575749
17574501
17573752
17573304
17572055
17568246
17567871
17565929
17565261
17562267
17560952
17559670
17555539
17552954
17551850
17546575
17545808
17537189
17537138
17532180
17531455
17530449
17530448
17530375
17527006
17524824
17521767
17520296
17516489
17509027
17507734
17504776
17019447
16477922
16457272
16374187
16317842
16311134
21711125
21710710
21707473
21702398
21696095
21695383
21694729
21690465
21679851
21658648
21668320
21658828
20980129
20979440
20976839
20976838
20966859
20964036
20947446
20934922
20934681
20933435
20929435
20925708
20922289
20922193
20887402
20881587
20879611
20875180
20871495
20868254
20860248
20859113
20855258
20850426
20848428
20841675
20826494
20816556
20813784
20809177
20804880
20803405
20803401
20801921
20724192
20719102
20718394
20718391
20701054
20690964
20687974
20687902
20685077
20682964
20662343
20643729
20629334
20626879
20603467
20595307
20591005
20578075
20572862
20570484
20564119
20558972
20552323
20549177
20541360
20518224
20507287
20502854
20502853
20502412
20496298
20494285
20494284
20494279
20490910
20487496
20486919
20443985
20443420
20443416
20443411
20442658
20440091
20429493
20425520
20417896
20416241
20413409
20410056
20398552
20388936
20388935
20384500
20375351
20367822
20351376
20345615
20336545
20333563
20306740
20236495
20229726
20228360
20222396
20222246
20219433
20216504
20214516
20189747
20185267
20175678
20170596
20152578
20152576
20152573
20148462
20142027
20131477
19164259
19154852
19153131
19152154
19151859
19144053
19142557
19142227
19136677
19131873
19131171
19130936
19130226
19129289
19128648
19126561
19125514
19121927
19120733
19116964
22128393
21033406
20719008
20527720
20384183
20192573
19112948
19111382
19110677
19109588
19103391
19101310
19094437
19088550
19077838
19077012
19076124
19073518
19073412
19073377
19072490
19039398
19066939
19065621
19064862
19061275
19061107
19061104
19061103
19057434
19055248
19054648
19048409
19046185
19041254
19035900
19034226
19029416
19029390
19029007
19029005
19026199
19021613
19021482
19020144
19019733
19019462
19018064
19016254
19014739
19013121
19009173
19006589
19002485
19001352
19001333
19001319
18996771
18992169
18990207
18990025
18983027
18978601
18971080
18959455
18955430
18954244
18951344
18951041
18949634
18929987
18931880
18926930
18924302
18922360
18852659
18852639
18852581
18851887
18851730
18849231
18845416
18844544
18844250
18842157
18840840
18835521
18832286
18827611
18823555
18822707
18821088
18814197
18809617
18807860
18806027
18804390
18804249
18803920
18778947
18758191
18772659
18766417
18765325
18765193
18762647
18760131
18758153
18754919
18725849
18719653
18716841
18715970
18710456
18709591
18707716
18703470
18699938
18694714
18692288
18688054
18676118
18672538
18671146
18670385
18669455
18665187
18664095
18648958
18648947
18648893
18647255
18645331
18644373
18640807
18639682
18638367
18631969
18631968
18625755
18622960
18620101
18619766
18617599
18617379
18609051
18608400
18600117
18599259
18598253
18595494
18592625
18592270
18446738
18446731
18586993
18586222
18586165
18584924
20021383
18580737
18573483
18571580
18570830
18570598
18570223
18569887
18569854
18567402
18565816
18564082
18561619
18558183
18558181
18555682
18554650
18552884
18551858
18551570
18550089
18549436
18544186
18542842
18542006
18540798
18538973
18537800
18533301
18524353
18522701
18521919
18520798
18520368
18520258
18518948
18513193
18512098
18510188
18505800
18504159
18504093
18501562
18496887
18493093
18492262
18491999
18486784
18485946
18482627
18481698
18481623
18479285
18477717
18474060
18474056
18472221
18468938
18467149
18467087
18459898
18463444
18462477
18461420
18455949
18455642
18454301
18454295
18454243
18453662
18451627
18450884
18449822
18448933
18448712
18448709
18445728
18445080
18442964
18442547
18441868
18437255
18437071
18434977
18432494
18426720
18423704
18423611
18423029
18421922
18421921
18420747
18417961
18415707
18414325
18413877
18413181
18407928
18400462
18400203
18395928
18395397
18390630
18389312
18388844
18385046
18380638
18379720
18376119
18376081
18375472
18373768
18368318
18367911
18365778
18364047
18362823
18361703
18359192
18355736
18355512
18354103
18350404
18349430
18349006
18347927
18338774
18336704
18325456
18323553
18322707
18322412
18321174
18318974
18317851
18315505
18315504
18314403
18311086
18310208
18306356
18304925
18304147
18304125
18303431
18300270
18299462
18295615
18284537
18281681
18280827
18279999
18279449
18279067
18279064
18274880
18264796
18264560
18260726
18260587
18260370
18256911
18195302
18252911
18249241
18248335
18245766
18245761
18242337
18240185
18235162
18235118
18229653
18223263
18219486
18216608
18216058
18213489
18213434
18210187
18206149
18205637
18201592
18199203
18196718
18196387
18194398
18188719
18186494
18165379
18165374
18165373
18182794
18181072
18176125
18176124
18175207
18174196
18171955
20298301
20108472
19839515
19621484
18163221
18160922
18097144
16687017
16274469
16274139
16266936
21900135
21899982
21878220
21813026
21780093
21781183
21766914
21766912
21756462
21600363
21600359
21598892
21592160
21591329
21591328
21585138
21560179
21548346
21540617
21538039
21530040
21528687
21514784
21491756
21488470
21459670
21448042
21435745
21429772
21419261
21419260
21413953
21399850
21385184
21382217
21378692
21376519
21371890
21365235
21362766
21352997
21343558
21337280
21337278
21337273
21323049
21323043
21318438
21311827
21308628
21282349
21278690
21271385
21266979
21266145
21239416
21239085
21234819
21218641
21215697
21206273
21185749
21180936
21170554
21155699
21150471
21144400
21143441
21143428
21119152
21119150
21114401
21091026
21077743
21061899
21057228
21056520
21052568
21051886
21050789
21042862
21037472
20622792
20620460
20619920
20619602
20615920
20609251
20603243
20600035
20594803
20592658
20587048
20580415
20574269
20567208
20565872
20565496
20564063
20561836
20560823
20557392
20557387
20554279
20554222
20552319
20547645
20546817
20545720
20543204
20542959
20542366
20541903
20541832
20538475
20532923
20532530
20529497
20527511
20526684
20518223
20513168
20501350
20500277
20498416
20497581
20497251
20494965
20483875
20483635
20473046
20471782
20471006
20452169
20445450
20421570
20438399
20433769
20430205
20427307
20424868
20423370
20406529
20398326
20398115
20393753
20393431
20393374
20392706
20369640
20362756
20362246
20361900
20358300
20354057
20352266
20351555
20349353
20297871
20340048
20340047
20337725
20336328
20334647
20332728
20308885
20305569
20304331
20303030
20303029
20299535
20236466
20236095
20235757
20231193
20225911
20225409
20192715
20224901
20220536
20215750
20214703
20214442
20213799
20212191
20208974
20204706
20202778
20200820
20195109
20190663
20187099
20181431
20180380
20175183
20172689
20171084
20170325
20169368
20168309
20167591
20167091
20163334
20157947
20155792
20152574
20148940
20145390
20144395
20143102
20142792
20136471
20131185
20124612
20123331
20122281
20120439
20113535
20106933
20105608
20101011
20090658
20090427
20089197
20088892
20088222
20084316
20077750
20070498
20066951
20064197
20063397
20054837
20048363
20044851
20044154
20043216
20042935
20042423
20042244
20033300
20033250
20032989
20030843
20025645
20025454
20025150
20024772
20023470
20019123
20011956
20009795
20009496
20009456
20008625
20007819
20004740
20002342
20001640
19995493
19968011
19958520
19957674
19951786
19945634
19943593
19941684
19940740
19936424
19935593
19934964
19934710
19934621
19934461
19932269
19930570
19927511
19923830
19920832
19920747
19919651
19918185
19913928
19911445
19906525
19901567
19901135
19900259
19900258
19900257
19900239
19898956
19896664
19896325
19888969
19879462
19878166
19877290
19865577
19862640
19861265
19860297
19858355
19858085
19856593
19856591
19847722
19845942
19845807
19843620
19837827
19836153
19832893
19830826
19830496
19828955
19822480
19786818
19820076
19818590
19817529
19816159
19814834
19806535
19803291
19797801
19797559
19797134
19793277
19790039
19789455
19781506
19775771
19753473
19771532
19768651
19768468
19766329
19760114
19757876
19757187
19751517
19750375
19748641
19747253
19746247
19744315
19744031
19741406
19737850
19734379
19732246
19731748
19730234
19723866
19716191
19715893
19715452
19714755
19708629
19706228
19703951
19701782
19701761
19695832
19695514
19695006
19694856
19694849
19694841
19693486
19692392
19692361
19690787
19690306
19688643
19687698
19687337
19686323
19686275
19684056
19682355
19680091
19675505
19675115
19674452
19672697
19672632
19665939
19665919
19662923
19660901
19657724
19653126
19648222
19644900
19644369
19641843
19641461
19638979
19633917
19630996
19629415
19627031
19626346
19622018
19621201
19618253
19608835
19606731
19606236
19595568
19593591
19593523
19591584
19590990
19581664
19579868
19571331
19565892
19563387
21141003
19554195
19552182
19545399
19545385
19543843
19543682
19543092
19542423
19538564
19538516
19537347
19536426
19531671
19508899
19504737
19504545
19496021
19495810
19493336
19486198
19477725
19476775
19473377
19472072
19471254
19464415
19462699
19462695
19461551
19450916
19450842
19446893
19444526
19444288
19439963
19436805
19436207
19433998
19426927
19422582
19418242
19415400
19412646
19411439
19411320
19409153
19409078
19404072
19403441
19402851
19402801
19398374
19397532
19394793
19394792
19390337
19384460
19380360
19379514
19375520
19375235
19370381
19366387
19365117
19364999
19359016
19357929
19351942
19343371
19342530
19341175
19338560
19337882
19335095
19321512
19321296
19320988
19318286
19308831
19307270
19303363
19300039
19293070
19291184
19289901
19282701
19281431
19278520
19272762
19265046
19258829
19258822
19256770
19256263
19254599
19250453
19249998
19249415
19248426
19245919
19242321
19241656
19239542
19237644
19234513
19232893
19227589
19224519
19222604
19220712
19210015
19205473
19200391
19199071
19196753
19196462
19195044
19194132
19194128
19189601
19185977
19184756
19181452
19180581
19178956
19175591
19169588
22066317
22031343
22030513
21958925
21958923
21958922
21958920
21958917
21977821
21944792
21913573
21895947
21871978
21871269
21868463
21862356
21839887
21839882
21853742
21843126
21839411
21835282
21831026
21831025
21831023
21831021
21815451
21809909
21780092
21800741
21798499
21796547
21791063
21788038
21784713
21783011
21779616
21769757
21768807
21767928
21747417
21737898
21735668
21723143
21718982
21718869
21707838
21702418
21692758
21689425
21683328
21682924
21676675
21670456
21661713
21654302
21647911
21647014
21645040
21641366
21636616
21630628
21628614
21628032
21622762
21618686
21614939
21600368
21600062
21598893
21592280
21575208
21574144
21572330
21566106
21553560
21549465
21540616
21539700
21537150
21532478
21526985
21524329
21518942
21515894
21513533
21513436
21512849
21510126
21507822
21500178
21478662
21477274
21476819
21474280
21471765
21471419
21464420
21458105
21453512
21450048
21444186
21443796
21434826
21432603
21431387
21425244
21422477
21413846
21412145
21406136
21402457
21397870
21382018
21375410
21375028
21371393
21346037
21364547
21362582
21357642
21352270
21342737
21337275
21336436
21336134
21334026
21333962
21330327
21329271
21326002
21323492
21319591
21309962
21302522
21300920
21299077
21290909
21289022
21282548
21277589
21276958
21276702
21272382
21271189
21270920
21263348
21263347
21263318
21256302
21255542
21251429
21248445
21247433
21246379
21236411
21235818
21232097
21229777
21226754
21217440
21216080
21214957
21211499
21211497
21205046
21190026
21189112
21186954
21186157
21184628
21182754
21177426
21175971
21173281
21171541
21167113
21163481
21159335
21148579
21140345
21139020
21137520
21121802
21136579
21136113
21132294
21126928
21126374
21126195
21125977
21125933
21119151
21114055
21108770
21097941
21091048
21086881
21080006
21070639
21070435
21068191
21058958
21054352
21054329
21052027
21052026
21046417
21044937
21040017
21038633
21035206
21029377
20978857
20977722
20976837
20973045
20966121
20961281
20959786
20950073
20937544
20936506
20934571
20934115
20932316
20931823
20927493
20925707
20921296
20921249
20920079
20890160
20886768
20882730
20853059
20878862
20877950
20877359
20876928
20874450
20872194
20872193
20871510
20870912
20869232
20861296
20858108
20852905
20847657
20846229
20846225
20846219
20845902
20842912
20840381
20838335
20838315
20838121
20837950
20836638
20832518
20828981
20828515
20825054
20824450
20818881
20818875
20810376
20810177
20805147
20804488
20800766
20738770
20737380
20735496
20735273
20729711
20728393
20727191
20727183
20727176
20725782
20723099
20719740
20718393
20706836
20706148
20704518
20693206
20693116
20692122
20689933
20688471
20682667
20678681
20667055
20659199
20658620
20658300
20658185
20657876
20647236
20639705
20638690
20638322
20637118
20628189
20626903
20623943
20579370
20571093
20570138
20511684
20511193
20507953
20507600
20499674
20496305
20495104
20489671
20481175
20435261
20375814
20354037
20302385
20298600
20177285
20128887
20121655
19818912
19757870
19752703
19740444
19667888
19493355
19473211
19462352
19442971
19436289
19371444
19282362
19264569
19253128
19170219
19148705
19105812
19047288
19014588
18950298
18948798
18840287
18829219
18823688
18804796
18779459
18759983
18759755
18715245
18673569
18625091
18625090
18446745
18578856
18559164
18541605
18525311
18496353
18434909
18423762
18331652
18292420
18279993
18279447
18194541
17985063
17850937
17683243
17669690
17669280
17631735
17629906
17455875
17451596
17384954
17310338
17308546
17134596
17131247
17029658
17020395
16924216
16910809
16806501
16730578
16696818
16690691
16690352
16688666
16688664
16688663
16688662
16688661
16688660
16688508
16688507
16688499
16688495
16687026
16687025
16686880
16685163
16685157
16685153
16685143
16684163
16683993
16682919
16682861
16681474
16679331
16678340
16677180
16676553
16673625
16670385
16651054
16650591
16647928
16647526
16643477
16639069
16639068
16635774
16634899
16633300
16633201
16631822
16630997
16628511
16626413
16624797
16624217
16623030
16619926
16612486
16612301
16609318
16608940
16608582
16607898
16607060
16600982
16594423
16594399
16594230
16585329
16583727
16579251
16569981
16566616
16566612
16565619
16563315
16562640
16556148
16549967
16547787
16547776
16544844
16542132
16538390
16536812
16530925
16530110
16523266
16519091
16517418
16515856
16511613
16507506
16506870
16499744
16499673
16496832
16493256
16488348
16488296
16479041
16477582
16469976
16468082
16468080
16465660
16464206
16462503
16457728
16449995
16446335
16444851
16444082
16441887
16441523
16438717
16436226
16433804
16426798
16424985
16424714
16423209
16421185
16412831
16403109
16402952
16402447
16401024
16398601
16393486
16387467
16374160
16343026
16341623
16339697
16339675
16330969
16329755
16324546
16324066
16323256
16319257
16318233
16316869
16308503
16305743
16305601
16299791
16297580
16297579
16297577
16275213
16273784
16271496
16270192
16268876
16268753
16267805
16267706
16264176
16263782
16263648
16260054
16255084
16244536
16244510
16242440
16241917
16236868
16236837
16234910
16231095
16231035
16224646
16223657
16219123
16217635
16216471
16214514
16208656
16206536
16204592
16193360
16189646
16188426
16184694
16182758
16181948
16181944
16176496
16175972
16174598
16174503
16164384
16163445
16159636
16158036
16157935
16157188
16148431
16148249
16146663
16145030
16144555
16144550
16143267
16142573
16142017
16139701
16136358
16136344
16131674
16131044
16129288
16119185
16119180
16119179
16119178
16116357
16110929
16110928
16109515
16107910
16106772
16105921
16102073
16097414
16096697
16095151
16094739
16093224
16088435
16059414
16053031
16048650
16047512
16047504
16046894
16045659
16043007
16043003
16041965
16041898
16040874
16035307
16029495
16027333
16022074
16022069
16021067
16018916
16012933
16012471
16010213
16005833
16004677
16001915
15994387
15987662
15986726
15986722
15979944
15976565
15975129
15963775
15962874
15960554
15958910
15956007
15955751
15955146
15952965
15951582
15950836
15948877
15946437
15943732
15941456
15935732
15933949
15933354
15931018
15929166
15927965
15927521
15923945
15923147
15913722
15907850
15904528
15904527
15897499
15897308
15892423
15871746
15868346
15868336
15867652
15867027
15865114
15862618
15860472
15855813
15854080
15853087
15849218
15846592
15839923
15838174
15832583
15825120
15811107
15807755
15805937
15804320
15802751
15800768
15800514
15800127
15797751
15794082
15789967
15789943
15788083
15785293
15781792
15780145
15778650
15777478
15774778
15774056
15771650
15766335
15761454
15759059
15754631
15752893
15751329
15748679
15744696
15744681
15740960
15737219
15736511
15735434
15733450
15729552
15724947
15720726
15718652
15718187
15718186
15717911
15717904
15717897
15715455
15714933
15708178
15702738
15702359
15701204
15698531
15698450
15691082
15685966
15684159
15679507
15678347
15672431
15671790
15671770
15662490
15660988
15660144
15657665
15655433
15653996
15653087
15653082
15651539
15650867
15647118
15645747
15640296
15635558
15617954
15616146
15613552
15612830
15611803
15609073
15608039
15605326
15593059
15592069
15589080
15588308
15588040
15587605
15584496
15584314
15584311
15582830
15581151
15580279
15573260
15571900
15567739
15565074
15564311
15555469
15548440
15548249
15547305
15532812
15532791
15528966
15521853
15514537
15754564
20881798
16836542
21109807
20508678
19935608
16027635
18402349
21084411
16806933
17270062
19561513
15934264
16775519
15836555
20177943
17661967
18727751
21576537
16683481
17010827
17356352
19186517
18711703
20049682
19480793
15541128
15680527
20084872
21429989
18272607
17416698
20348199
20726842
17160215
15909778
20185054
19812488
19864968
21195887
17524190
21586451
15674831
18681201
16373908
21349210
15602166
19448927
21047037
21519674
15583255
15912080
17497544
20075718
16551315
15853292
19122987
16086536
18164451
17356440
15999517
18301112
15992240
17641759
20582472
18470844
21519423
20177045
20392667
19920743
16479362
21727832
16706550
17650973
21252200
16384746
17411860
15544295
16301454
15586154
19040407
16538669
18048200
17102403
20211082
20409525
16827399
15743296
16019865
15725203
18613355
21298643
19027449
18525065
21074647
19229119
19772239
19538648
20068461
16765506
21063639
19216759
16259538
19996463
19065971
17342855
19184207
17002177
15701152
16514937
19106729
19961973
19537147
19886872
20699739
16613389
16440248
18675032
18567651
21194757
17474629
16856033
17252603
17725114
15840156
17684984
20642088
19204127
19450099
20391688
15805455
17882096
15696111
20477768
18005428
17600453
17892564
20131588
16225709
16627325
16376145
15836551
17102472
15720499
21242235
17075366
21879659
20369442
21473342
20976486
21646997
19884234
18065037
17849678
20395648
15640681
19910835
19500750
17941410
21450662
16525169
16004155
17764387
20946861
17872907
19318460
21242264
16979096
18819206
21392789
18405565
19254969
16519072
19553705
19917443
17326022
21333923
16405207
18473702
16703745
18156920
18716737
18793099
20202278
17615420
16950078
19624066
15581430
17944154
19931153
17128912
19220889
20934213
19349456
20443986
18232614
21228042
16264906
20838161
19715058
19462719
21901876
16434919
16848352
21784286
16944994
20123876
20862625
18804707
20601159
19506537
20478810
17323806
19947105
15984399
17302096
19306980
15841893
21178537
19419546
17133761
19008976
20712468
15565597
20419564
15659998
17018226
21242422
17430825
20599337
16915216
20713746
20709581
17120941
17876985
16490993
21099068
15524127
17089287
18477393
17406014
16450520
19531080
17294777
21368544
18488775
17927559
21157989
18395309
20155554
15578400
20438420
16948445
19232919
17036884
21323080
21531989
15916837
21494694
19835535
16817002
18020062
21146342
19764524
15746595
15616425
17942499
21081716
21565374
18849366
16098705
20467306
15515975
20070069
16377451
17925030
19036735
16192176
18078189
16774668
21499198
17444572
17089286
19914484
19323714
18086977
21694507
16087824
20806579
19691850
16530117
17500349
18213506
19928714
20654287
15677779
21414143
17719690
19786677
16100640
16252793
19558734
18822558
16673222
21853069
19206034
18018667
17066970
20083537
15720481
18481922
21298891
21644886
16646986
15658136
18929942
18402202
16892667
17361930
18612092
17237894
18090376
17949400
19287269
19860059
20810405
18472622
17720434
17853170
17803837
20092136
20534167
21471886
19678797
15603214
16945685
16863046
16529850
20865975
16341295
17386309
16083088
19241143
17479048
21520690
21352629
20030772
18724601
19848548
17526329
21762837
18501747
17452712
17479054
17707085
17721144
19150265
18041335
19267369
15912353
19956923
19692967
20860319
20113269
16764502
17116915
16892657
15576704
15735593
18585538
15889866
19384206
21987201
20403173
17117700
16927646
18246391
16024417
21317594
20805023
17310052
20308451
15983285
19726018
19959745
17540180
18474503
21996469
19631684
20537501
19962124
18382715
20194321
21268379
15832885
19528134
18849363
18162746
18377155
20212029
18665411
18198259
20040563
17584421
16501534
19477716
18593836
18003493
21729155
17254493
18758277
16520526
19635339
18075638
18392393
15767217
18218198
18825852
19648599
16391960
20394480
21190025
18512409
16551327
15588356
17908544
17163095
18947080
17079797
19034726
16097606
17437383
17039499
17097202
17097447
17458539
21387580
18997566
16487895
19625582
17690655
21069118
20479713
16649302
19517901
18547400
20417261
21163619
19372340
18590466
16766785
16910034
16417695
16413431
15754194
17014467
15535539
19425287
16438810
16202372
20947577
17434621
19772000
19763700
16355050
19842578
19960628
16106689
17903572
20008828
15984437
15546222
20919958
21288868
17910032
19029142
20698730
16688667
20564528
21186090
18554164
17259050
15973343
15712681
16094791
16805186
17018196
15842444
19644630
19543014
17436792
15749396
19685532
21862812
16913337
21108534
18990043
17942364
16130843
21139465
16343637
19351302
16378786
17108841
19104262
20078007
21063182
15823889
20447220
16901260
15772484
17967631
17484934
16524355
16893807
20873534
18325139
16832224
16362467
19331058
19809009
19074929
20026475
20386462
19006956
21211988
19895408
19648847
21606108
17704480
16566336
18217864
19951771
18401644
20586347
18039617
16987120
20618187
18090383
17591134
15533100
15789292
16240861
19182265
16289803
19033177
19319181
18176852
16061929
19103915
15853194
21288750
15753483
16354844
21798119
16543906
17600996
17017312
16316443
20149724
20816342
20478753
19669831
20465743
19150094
20114095
17151898
18791406
16506233
16552219
19794321
17849911
19858950
17957346
21410661
18332402
15658237
16240145
19929642
19058074
16704017
15694498
16167453
18288500
15645762
20237217
15891598
20543369
21322860
20216510
19232603
16292723
21805947
20801960
17914295
20841550
21349446
17364077
19030690
16250826
17413794
19835228
17669850
17007708
17221178
20569711
18241624
17573299
16431262
15583907
15866650
18678557
19523033
16704378
17394518
16564218
18519311
16676339
15683956
20667944
17204810
16475385
17667338
15707095
15942318
16517805
20683299
15685816
19592365
19760913
17408064
18268140
15968267
19184390
18502534
18339641
17060291
18293220
16542812
17146067
16997027
17941432
19161482
17976989
19757018
21036522
18474881
21841631
19505062
18796275
19281671
21040025
18332812
21132866
15520762
16351536
15786888
15619508
21129322
21416871
16164509
19366541
16174996
21816931
15868390
20429234
19780435
20485722
19326315
19592436
21601772
16963365
16181798
16179169
16915724
17678833
16257620
17921467
21180300
18220602
16889912
17546531
20058098
19950034
15900803
17351220
16220649
18331480
19154311
18153981
15955762
16359739
19371848
19626808
17298262
18219695
22053657
17001131
20940569
18955426
21545984
21527623
19359090
17076859
18044379
15977519
18596630
19819115
18095798
21077929
19955300
18187408
21095276
17228432
16463453
20050471
16649833
17672390
19382539
19820574
20367746
19520019
16162490
18791622
19813430
20717172
21563896
17396040
16441393
19243243
19244697
17360093
16353827
16483099
21307687
20419988
16639736
16500251
17285390
21429780
19444671
20168196
17243271
17102891
19043330
17873208
19006588
17918080
18562832
15857495
16099552
19076547
16112306
20426300
17455140
18471674
21884838
21301689
18975476
16415748
18804915
20077795
17102716
17724422
17580317
18721167
21410090
17692249
15528587
20183371
19368568
19947187
21194881
21668987
21730240
17436785
17927846
18053101
16160192
21223462
17803578
20236239
18989542
19858395
18788386
21325098
16361938
19673010
15899730
20846193
19847381
20002480
17932435
16758049
19323160
19397163
15921753
18076127
16399970
15797227
18556989
21205555
16082989
21780095
16353320
19145803
17695138
17984297
17518164
21678804
18385406
20871498
20078006
19665619
17556991
17578455
20144180
16372713
18534948
17484413
20479642
18668488
17454510
18072525
16720263
20438010
21492030
21952572
17033441
18097167
17850296
16260139
15536815
20854051
21127108
16955435
18447973
16474364
19745245
15599652
16917454
17762436
20051847
16788355
19049479
21199548
20058533
20031887
21590566
19721997
17175975
19826341
21813731
19697594
19277845
20493590
20963271
18034179
21933274
15955292
20150732
16739812
19539461
21393292
16637581
15971555
19839292
21400395
20617716
17905442
20875204
19525720
18775835
17601835
19339444
16117008
19343903
17489524
20682953
18690127
22066277
15685014
18390479
19422632
18947323
20230176
21596892
17625081
18579272
17464569
17367892
19331307
20536614
21674471
17063649
15984178
17468625
15750517
20824760
16619769
16529223
19060640
17441366
17717485
18216074
16996372
16330821
16911051
21384609
18626054
18519131
17530134
15590584
19444493
16526152
19049487
19449613
21176661
16143751
19260603
20524976
21244256
19593312
16153564
19878036
18068011
17241187
16189982
17024766
16396922
16968430
16169727
20966849
18649244
20448272
17536978
21527135
19650945
18054872
19448133
19004576
18189206
16701020
17219943
18493711
20701762
16913605
21622774
18320903
15904552
20558789
17263052
19900742
20826598
20033624
20739577
15943144
18678725
21163726
18347487
16370233
20510842
20220614
18454689
15561158
19359079
19763604
19052707
21629205
18711418
16322192
18091554
15727355
18981966
16871057
19956978
15947333
21886031
17337155
17298256
18021169
16332470
20188314
17356354
20500704
16893334
15754280
16275445
21455810
21126130
18669348
20089310
16259634
18047173
16116771
18593228
18558909
17594828
16075907
19454205
19508132
19373185
20874513
16856896
18225401
18248470
20391855
17565402
18227880
19505174
19411662
16004104
17591508
19187053
16679876
19813132
18047450
20142285
19627053
19589663
18386454
17466213
18802808
16212214
20421021
17486805
21612477
19488789
18772151
18298559
17804944
15813396
16545263
16291385
18260772
19161748
20686322
19353979
19640282
19759075
18395982
19543101
20850843
19331081
17333116
16112979
21726445
20840378
18501434
18581198
17498166
18397719
19642759
18308276
18450821
19358074
16594969
17657327
20150605
20408275
16823536
18419987
16290129
21138497
19036613
17679164
19411361
16594284
18515034
16875079
21879671
16816602
19136397
18373579
17620391
18290408
17947907
17354220
21220973
17689082
20568026
19430233
18038534
17474235
16783796
16316437
20060970
17213260
22046739
16450521
16611193
19683664
20088340
17718730
17891622
19365160
17349824
15646092
19436297
15635492
18838899
16154311
19064602
17873570
16288583
16450511
15639679
19797185
21091400
21439174
15729108
20822033
17724863
22073589
21042194
17059030
18981789
17378236
19534187
19606561
20824312
16207666
19476234
19293173
21824959
17083162
20485134
18407002
20158320
21381954
17925111
16610497
16703755
21040815
16567008
19945814
17510030
15852727
16282571
19413164
16181185
15955757
16499789
20352500
15727546
20609044
18018351
17335520
16076595
20041384
21476166
16728302
16764229
15681211
17319187
21146313
18395724
17150257
20838266
18203243
21599682
17014725
17283295
20686399
18482118
18483818
19634612
18479225
18232061
20487059
18525432
17958972
16670259
19947783
20500651
21397288
19807964
19487739
17243022
17877872
16714982
17596246
19020265
18834015
16821462
17118496
20800198
20607432
17680156
18674473
15625642
16549036
16823674
17361502
16610065
16581639
21757083
18059398
18931348
20592004
16410101
17001264
22006146
20505459
17265658
18776748
15678693
16516461
15966461
15566015
21241162
20116893
17319600
17185148
20218152
20229072
16620253
18580738
18725030
21972756
19503766
18448047
17900907
17263053
15613848
20063282
20940270
17556899
16487529
15823890
17565432
18350338
19734397
18311396
19525484
15644701
16555640
21282691
19061197
17243516
16087898
18158212
16268411
18085971
17621672
16574526
21788005
15760811
16483092
17883742
21626323
15640639
20922772
15732622
19060727
16586027
17531435
16538848
21224944
18515439
19095823
17976352
16882001
17559612
18842906
16174933
20604924
19202151
18028388
16435233
16147797
16928282
20920808
21191577
19899258
16946157
21396088
19515272
18956493
21456315
20221646
20046133
19678469
21567475
20346338
20673619
21576596
17285832
21544791
17020719
20333493
18580396
20623338
16451156
16612465
16444408
16423771
20520264
18954930
18090775
17630864
21547859
16450630
19329944
18502375
16808751
17577085
17426196
20646817
19402357
20220273
16116774
17276800
21311270
20066871
21605365
17124626
17474344
15837666
15695833
16922047
17891116
16599032
17844824
20526926
17111941
15828696
18304244
20517975
19744657
15699831
16184680
20818925
19485656
21154090
16951011
20849278
16916190
21510261
18005916
17347295
18350769
19847723
19483522
18414308
15889885
20177040
17268335
15898906
17936642
15818133
17449251
20666297
17673344
20621221
21094716
16100192
15644682
19495863
16885475
16827197
17324692
16490946
18380299
21418755
15807929
15853779
18539880
17382189
17962879
19282060
17615222
19244475
20390985
18186033
19563502
15754925
16739183
16594224
16521333
19390178
21409670
15669662
20196712
19261173
20875486
17694636
17300391
17187535
20192078
18192152
17474289
18454613
19061176
17102494
17135847
19684936
15813587
15540550
15682725
16794104
21478696
16728480
19022029
21976585
19701730
17048360
19012066
17042709
16764152
19539813
15789386
19250150
20693881
18287897
18985843
17420944
18648768
19048698
15689089
16966996
20104515
18422053
17326021
19331126
18809051
18652065
20032758
18778558
19469361
20811783
19229836
17320785
16120501
21486148
20177166
19783085
18376679
19914795
18041317
19066981
16898908
20443351
21145095
17088221
19239078
17048351
20837681
20167833
18245213
19266739
21488559
15784065
16937731
19489805
15686810
19266786
18341072
20942726
18775398
17430746
19431106
20716551
18005918
18086764
18426783
19018218
16776317
16579288
15947366
21172921
21410507
21659815
20532531
16823653
17601154
18078589
20126958
15603602
17242047
17386151
18295458
17907650
16385863
21708526
18364252
17470871
19156392
18838722
19522341
15686073
15651652
21320941
15571137
18814476
16276216
16110012
19719811
17311888
18545760
20975539
15526486
21897403
18656079
17718377
19657622
19826095
17510850
20816103
20581321
20967869
15601407
19582465
19085957
20609507
18579928
17873210
19426621
18721223
15911726
19009778
20010411
15793022
18937570
20922344
21675383
17707077
17593568
19298305
18322027
20579168
21462635
16149253
17262843
20609661
21240727
21843848
20817453
19349502
18654957
19517617
20092087
20178588
17704102
19404286
20888647
15916836
19535946
17419034
21128694
17263717
16495493
18038525
21109915
16056115
20444054
18805749
16501919
18187111
16821510
20117259
21863606
18653000
16922114
16124686
17495726
18270772
20705412
19545659
19393415
17227396
21339199
16892935
18245737
19996023
17228826
17352384
16328904
18041339
19753952
17908126
16463012
18214033
17969576
16353495
18414337
20924893
18297206
20719567
16736352
19191853
15826792
21478693
21135693
15729159
16218241
17959344
18808432
20065194
16174815
21570528
17065788
21521957
18843135
18691301
17316458
18844193
21665166
19632550
18555159
17133187
21684463
15747886
20105589
21348556
20382715
20232049
16686813
17483923
17320676
16513850
15638933
17698343
18361951
20881158
15956267
16461869
20176512
15669932
18364488
20044669
20442353
19222655
21661489
21429528
17618032
20144283
21120408
17122715
16629547
16239050
16464264
18594164
18694054
19962622
18773498
19920405
21465718
18189045
17001116
16184617
19073359
17047227
15645930
21350889
15741409
19913179
17936148
18480112
18846786
17071841
18459661
19081406
15789311
20504261
16704395
18525346
20453611
16223107
21155123
15736905
18853541
18388840
15562948
20639572
17298244
20142581
20032721
16043983
17075364
16308040
19574317
17469493
21575257
21879667
20852567
17425818
21601533
15893162
16048199
18826068
18649588
20031864
16927575
17007718
16629008
19558943
18774193
17544044
16717484
17883985
18667357
17522582
21134185
18724915
16682392
17306547
20107916
18976845
22058392
16719673
21350426
17468606
16371732
20875168
15987406
16050958
20642413
15800007
20210658
15609214
21721162
17826547
19551275
17554946
18692978
16301939
17542789
16514475
16261273
19682847
18853911
19587251
21502256
19815903
17919401
18094296
16826869
17727584
18192110
21261474
17717952
18343977
17116515
21073773
15695147
17893931
18778557
20471723
19892511
17880381
19544075
16773286
19365396
16620315
16899002
18581017
19596287
19754941
15896695
16275522
15818718
20979599
16205432
15891350
18947382
15884310
15580093
19709106
19072013
17522789
18216083
16439929
17669406
15755538
18182801
17426424
16503108
16871980
19656372
16266960
16218236
17266765
17850396
19490552
20098163
17040156
21496748
19243317
17109707
21618688
20430215
19227109
18079551
20441064
16434113
16019768
15964672
16831787
16536725
17502810
18939680
21469036
21255500
21494167
21951494
19525359
21093304
20064890
20050487
17212684
15521111
21317508
19500077
17998411
18205528
17131277
19307806
17592106
16967893
15544663
16276856
15538582
16971707
19260369
16963668
15832666
21523998
21521954
16849931
21314073
15997347
16189521
21560897
16390518
20079761
16237200
18997534
20217961
19291709
15950116
20002419
16196501
16515698
16917424
18095889
17919211
16102145
16494533
16813966
19770549
20159863
21211076
20016435
20523350
16396713
18362008
16767870
18380643
20430552
20889509
18678074
21547754
20074833
15984447
17505201
16538516
21654602
16319561
20429693
16951883
15921808
20825369
19823093
17767450
19345891
16532151
20077790
16466326
19754633
21561516
17876250
19283546
16594252
15688924
21845553
16231609
16524352
19432597
18547413
19423279
16327572
18709900
19147647
16643589
19372128
18629691
20609689
20196464
16038528
17207002
15893218
20652354
16450230
17244246
19142461
19190468
19294747
18308982
19865014
16596859
19052156
17449504
19183094
16764155
18452367
16803741
17394733
20124777
20519729
17444445
18484321
17009572
16475874
20443402
18997557
19169903
19786681
19576714
20044767
16641080
15628049
20654897
19856089
18282812
21721495
17313908
19689757
18553244
21617510
16549942
20443278
16119628
15733657
20133477
15626072
18519335
18467804
21413898
17298258
17027072
21387576
17499961
20824563
21424304
18569897
21057073
17228508
21124264
16339613
17421095
18172381
17391422
19097516
19706673
17665536
20950198
20592609
15966460
16534035
20442612
19653389
16033595
18337049
17404191
18662657
15887359
21692585
17223004
20424256
15685261
17108594
20086260
16210023
16732782
19952545
15817604
19823963
21495431
20077787
16076791
20619034
18667874
18697655
19388370
20163760
19250365
18409832
21214615
19338185
21239908
19823968
18044985
19466275
17680901
18538424
17079618
21505224
20384666
20077773
21193620
15522491
15751330
21717678
15644703
16476683
16173895
19131419
21504546
17521795
19817268
21078007
18211531
21544033
17430444
18347907
19166437
17517445
18612163
19583645
16305188
15878490
16253113
16867083
17601834
19797957
17915126
20559160
21525436
17955745
16966670
19366980
16267145
16195820
20610316
17456285
17925496
16823014
19537628
18843058
20027097
17291830
19794269
16553506
20642198
19538046
19052511
17429508
15832874
20956038
17484704
15666886
18519600
19103613
20675362
17136752
16076279
17686713
17603828
18501055
19822274
16862325
16715030
17135924
20369642
18644668
19091725
18485656
19680310
17855042
17557190
17596949
19251761
16529595
16482375
17342854
15771153
18578607
15871640
20667350
18037519
19133953
18634745
16323463
17693048
17681078
16498200
15813763
21587063
17378189
21839888
17299901
20377778
16396223
18050243
17546787
16116351
20586952
18193356
20662272
19244770
18003681
19528101
16340688
15710725
21040560
21239014
20869466
20101059
17903047
18561561
20095874
18665065
19750383
19536388
18337743
18846974
18048816
15579352
20855129
21725247
18353387
20863324
18283069
18709165
20671007
17463337
18496021
16434231
18482125
17044443
20688777
17668162
20509492
18854974
16116369
18516679
17609249
15799505
18700254
18633875
17535343
15717962
19301983
18785349
18219244
21059091
20619199
17514858
15791784
19198129
20736665
20162906
18158520
19817514
15919127
20215333
18266568
19517200
20185608
20584237
17269541
19115998
18998815
20712459
16629255
18498922
21740659
19748030
19192601
21176251
16910804
16789669
19212178
18018751
18154624
19943991
15643921
19253701
20965459
16872794
17542147
18158495
21151417
20204383
16388772
20735294
22168641
19297115
16203647
20226557
19390250
21926511
17933955
19657252
22000178
16649402
19430819
19775042
16092635
18050748
21121764
17337347
21378648
18816202
21500700
17129330
17470215
21299276
19915441
17381377
17413771
17094360
17978630
20038194
17308445
17298247
18487708
21038734
20100361
17992303
16114151
20331382
15669016
19637769
16509834
17251726
20550639
19876757
16341117
17064320
17000480
19490773
21294833
17042818
19726783
21295637
17727585
17197277
19357516
16565792
15966448
15789383
16777385
19856559
20092512
19408554
20964149
17313538
15627022
20408274
19433843
16538779
15996268
16830254
21283008
19423171
15824937
17676216
16459967
19093352
16018301
15579351
19620146
16323983
18191767
18612897
21483008
20597714
16145182
15736601
21084575
19919189
18510965
20527597
15784104
20029970
18042214
18484323
19891756
17204565
18274426
15566435
17708479
17193941
19820287
17397367
21353130
21554711
19566867
19237100
21091417
17332176
19909009
20078199
15830271
19021090
16125784
15754859
19777727
19788772
18020106
16478535
18607555
17591343
19797948
20515602
17081940
21092892
18518971
17303267
18399750
16584674
19812100
16272918
17386311
17207305
16566100
16276799
20655643
20663934
17907738
20932464
16376472
19940819
17067753
16092629
16783842
17895234
17040575
19570200
20101545
15705638
17944163
16633840
20864874
20100110
15553800
18465174
18495713
19643612
16594433
20834034
18438162
21642906
19514390
15671191
19619068
19368755
17562307
21036689
19793434
20929589
16105460
17139153
21898329
19886328
20551726
17850384
17122659
18438676
21785306
21848047
16371822
18290580
18535476
19124808
20890190
19655567
16034316
19932841
19291271
18322130
20526983
17601844
17915182
17552406
21513050
16206380
21219549
16650586
18343859
15667359
17163394
16375802
16817296
16324951
15876881
18026054
18642620
20173171
19276734
15922885
20486522
21211582
19891846
19389535
19083561
18189178
17544614
16780008
19589767
16792710
18602044
19968726
20447197
20552770
20043817
17161046
21670615
17394596
17985783
20739360
16499116
21168247
17161900
19568721
18638713
21162621
16365607
17985965
19520451
19694519
19845963
21894126
17488415
21364073
19002308
18182306
17662665
19734383
17948953
16821201
20105262
20435967
16608721
20096114
17901171
16202686
19486796
15890057
16321733
19405456
16287913
17011154
19235784
18367365
15534158
20008442
20842336
18807796
16688504
19058149
18307851
20458642
19567898
21714444
19389245
18512579
19663622
21661529
20940212
17016987
18987502
20351159
17060278
19412673
21934062
20798621
18812618
20189267
17571783
15542506
20537837
20552538
20044414
18586692
20838362
17002186
18980914
16971286
16627318
16050878
18342823
20502167
18779461
16035412
18193726
19279436
16451311
21729274
17684110
16816766
20444773
16165080
19615535
16404682
21675316
19826998
18604724
18370899
19601690
16671975
16945198
15836532
17470093
19307815
15793982
16614455
19114574
18234324
19609140
16101854
16082914
16250919
16761790
18418528
20336981
20049092
20119656
16476133
16052127
16793044
15735491
15583486
17136932
17536655
22032570
19656225
21504548
21678698
16829180
17901462
17727404
21365632
18386455
20168017
15661585
17623232
16751464
15681992
19935526
16642691
16474249
19802379
20739152
18727573
21571237
18388682
20038380
15537404
16962408
17920226
21469986
19836920
19777790
16449395
16910113
17015522
19342836
15687394
17890996
20426309
16466406
19000401
19734512
18297317
19860235
15881629
17068029
20108789
21717635
20146549
21945011
18359579
15762102
18477716
16035276
21490536
16280397
15788807
18443144
16403718
15924016
17626147
19503665
17194403
16060306
20569869
20880414
16263854
21118603
19545658
17597413
15817804
15627921
20651302
20677426
19955243
15789185
21510149
20512743
19572763
19968614
21356062
19768660
21736468
17923470
19331247
17440306
15610339
19595319
17211007
21428239
16733116
21706451
21148521
19669705
20565969
16937599
18828168
20586354
15912843
21693527
19663528
21708967
15787103
17142611
19453320
20595274
20467018
16092293
16308168
17955886
15822046
19065434
15712624
16769908
18437486
16911175
18697959
18633020
16629917
17017685
20875540
19422944
15768915
19786769
15966629
16910067
21947653
18364016
19350695
17167350
19963336
19752038
15612340
16985231
19116822
17154703
15602303
18588372
16185526
18755564
18682013
15946831
16456204
18753715
20579137
20234993
15763910
16263679
19629602
17853842
20023465
15828155
19618792
19103693
16455463
18503652
16551208
15527604
21870681
18047923
18328280
18320629
21730912
17577160
21936435
17525838
15687510
16956715
16294947
19357243
18797222
18375174
18774048
21952329
16822090
20207173
18257492
17667785
19472551
20739012
17349769
18036471
15900996
16722300
19698022
15575636
19801316
18333732
18501014
17273114
19619341
20443412
18596708
18062441
19240187
20873431
15941027
17941190
16996124
15612844
16639471
19451667
21555477
18633570
17563426
17504589
15994709
19375613
20956769
15933466
18843529
21271872
18051982
15624872
21209127
21835292
20108049
15526870
16938786
16192178
20573434
19057566
18539517
17570967
17147713
15642502
20822270
16522503
16926561
20335895
16959466
16282079
19412094
19496363
16940300
19037192
20337734
19146083
19887653
16447328
17621971
15615304
18251959
19858807
16492008
15689648
16899843
19006917
19919796
20540834
16405703
17298492
16799727
20644498
20888642
17510820
15848454
19496380
20940576
18942565
16604799
17647065
20129271
20220622
18308023
16861719
21384781
21738072
18331535
19372126
21499490
16320470
21795301
20871511
19218310
19652919
21298382
19041614
15851794
16194498
18591304
17705217
17044586
16544059
20869545
20691139
21566408
16284983
17944607
16686888
16095071
16450233
19251829
19728502
16060296
16600005
18076814
16086411
17311791
19913183
15633316
19173177
17211732
21952326
16830017
15819641
15692195
16529213
21484068
18077277
19096487
18358506
18512819
16766968
20938365
20187719
18072444
18251445
16013424
17464127
15565974
16029978
19281444
18797571
20044690
18595709
18197916
17406015
18184203
18812797
20642362
19761574
16548474
17639097
16635161
16690393
21406010
17500078
19552150
20175356
17435590
19583668
20069825
19255106
18023334
19234760
19797499
20388309
15527591
18840327
16177584
18824833
17884591
19427812
21282796
19771934
20186567
18727310
16402231
21035029
20683302
19112077
16096447
20223626
20530396
18785917
18930913
17395968
19895933
21051104
17721968
19060795
19538795
18541638
16779349
18803547
17966259
20546470
19811215
19326723
20051186
17681117
17157557
16129011
18429700
19744889
17328482
16784530
16818563
21145582
19297101
18401054
16475048
20195948
17981374
16629356
21651363
17018170
15724556
16501912
17701828
19769017
20492053
17804518
21556269
20569870
15940977
19558936
21500623
19709798
16162565
21685744
16327346
17531914
17359606
15833226
19150682
17719850
16563769
17522184
17851353
19346274
15750529
16092163
17949622
20081728
16749369
17636723
16492843
17973705
18810663
17073193
18959280
19921997
17313516
18287185
18588400
16139467
15918423
19939303
17624201
16686584
16688058
20235082
16970554
19363941
17197795
20429354
20303228
16202778
19955904
17092274
21598148
18463296
16800319
19090376
21540250
15984507
16623666
19959048
17854729
19586135
17376688
16546508
19824256
15618105
17692229
20922514
16637452
19413628
20103026
16489240
17300306
18216011
20520097
20726381
21343590
20890138
19437383
16229785
17873711
20397523
21160346
16873595
18923133
20708975
17678456
16733004
21793115
19910601
18762405
19489032
20017938
18373100
18073666
18927141
19994653
20073551
17290095
17969290
17768801
18302874
18947120
17724103
15933396
18454710
17055634
15653979
16394818
18215329
20950875
20061529
19088487
21294218
21674430
17214274
17851378
21484041
15624706
19000404
19474372
19756451
17360151
19941580
21264521
19288969
19366461
21635184
19951215
21415613
20436094
16859867
15916259
20309780
17274566
17135872
18097853
17601841
17375753
16123011
21199305
16183003
20824785
19432986
16300463
19240613
19186632
20715304
16602661
20966782
17086940
19586569
16137239
20053602
15643044
19204300
19920434
18491685
15833479
17343021
19736652
19995289
21596224
18985910
19591106
17335529
18260804
18454927
20141259
20728705
18358874
15743647
16859870
16436296
20689129
19880929
16525904
16866801
16437510
21667010
18608068
18552111
16304765
21436666
16449755
19884410
17378463
16568462
21334556
20307364
17113281
20551371
21307691
16878008
20493795
20527623
18788268
21206250
21436706
18403573
20666955
16910949
20110816
21259126
20071868
19020397
15799015
18450665
16492214
18351477
17067404
21498782
17917526
17683656
18074752
17679224
20955374
18577762
16487423
16608474
18924004
17003545
19820535
16965255
18227742
20552854
17626523
18649080
18655425
19813773
17908082
16098411
17394738
16865631
18294534
18474885
16299059
15931045
15906896
18578358
18349491
16760104
20464541
16260943
19490232
17976282
18695814
17456463
20463515
18294342
15701763
15654187
19141996
17557506
17176942
17719344
16168306
18849894
19837527
18492634
17582726
16708669
20855760
15588372
17923968
20524498
18950921
21699033
18194405
21789291
19251548
20450122
21554021
21475355
21521456
21702204
22030660
16283339
16574634
15729063
16968511
15532442
19856075
15895331
17330272
16422034
15614123
18795509
16213232
21116947
18171322
16790212
15757885
20488653
21537787
18652018
15630062
17657178
19554857
17484705
15690145
20853250
17375226
15893208
20180498
17042319
21641222
20816107
15924035
19156376
15812434
19714999
19120382
19572233
21133058
20306940
16442027
21145491
18708889
19559195
15761346
16036406
18466649
17564830
21919292
18757992
15970783
15624405
15970921
16159066
21214680
20121338
20649872
18853532
19474593
15973941
16344203
17413782
19204614
20630159
18998796
19323716
19782915
18615962
17918303
19084288
16321533
17986499
20505425
18460078
20500352
16618687
16857200
20000014
20013110
19588448
21072017
19680298
16741701
17723966
20882210
21406315
18198359
16308174
19826024
17785653
19278185
17519040
16438774
18380934
20890143
20853050
20019350
16217973
21798470
18185124
20436336
20962697
18223158
15977944
15743155
21678683
19001913
16100130
19748765
17592973
18422207
19358029
20205952
18318970
19186225
15687899
20025770
16527150
19264937
16318900
21444841
20966733
15832644
18472118
15656857
21402459
20445451
20533696
16739316
16358483
16352518
20580142
19041626
21796266
20177042
16215797
21502466
17210497
20173267
15653940
17620214
21385085
16162300
20163762
16682037
19419326
15774399
16871911
18032748
16688967
20227811
16924184
17575092
21445493
17607906
15607150
15726622
16927721
20122474
17606544
15679494
16566103
17252078
16324493
15530599
17671005
19782328
17149020
20031874
20815752
21238893
16957799
19255127
18499815
17492326
19014116
20965691
19255979
17446773
15784208
17228210
21586220
19706308
18390051
17070032
16117721
21241984
17032612
15552807
16475408
19967309
19337187
19851264
19669802
16955657
18276125
19643951
16332602
19121054
17323816
17598894
17823459
20469571
20853103
21649768
21293882
17941520
16430336
16645497
18663980
20584278
19260366
16192189
19255305
19328417
19248408
16185590
21053718
20707264
17413549
16942954
20684197
19237963
20434865
17592908
17621785
18789048
21493350
21456440
21273219
17988364
19862696
19848030
15529716
16737082
20395948
17126971
18370910
20489604
18180903
17095439
17564686
21193785
16215353
18701158
15635133
20008602
19377720
17363850
18041361
17245204
19077804
17548894
17443877
19568211
19537416
17343118
20869024
15858686
15677916
16581259
21670785
15991628
21138069
17468510
21879998
15601267
20473793
21726796
18376493
17649861
15576420
21158258
19227293
18000485
21131116
16931922
18156880
15650146
16779384
19960847
18257446
16298287
20159423
21532080
20954055
18981190
21840545
20965942
20739837
17646502
18931547
18560066
19751375
15806853
17338202
16680174
16275365
17518820
18406408
21051920
17661954
18095075
17904327
17610020
20131443
15552377
16685051
19686553
15877640
21320942
20122627
16256118
19525762
21418581
20439590
17949275
16865349
21812953
19913187
19339430
16388192
17437840
16187933
15881934
18584260
21275312
16500926
15650513
20172393
20638005
18828265
20008060
21129400
16490096
17355362
17112147
19609666
15743047
19263952
15908854
20356353
17475127
17142610
16989907
18378349
20215888
17285928
20971595
20652759
19186285
19820474
21882621
16422713
17402954
16225557
20648856
17042703
17272801
19353313
16275704
19747270
16024149
18817024
16462446
20145923
16598862
20853581
21395110
21902121
20148365
18438567
21675887
16174817
17410013
16986369
15867700
15957720
20352647
16595543
21190464
17934943
18528621
20932498
16651833
19861695
20665908
21617261
20525170
17079533
16424717
17433615
17614071
15960030
18552116
19290718
18041421
19228233
18447987
18211483
21111952
18797211
15645768
20390509
17445641
15560706
17396612
17212893
18389047
20812124
21315993
17590302
17074871
18057190
18319148
17619405
21140624
20863521
18488881
17160432
18808733
20554140
15888394
19407054
15686333
17070437
19273779
19947126
22147374
16515107
17004023
18774997
19747200
16257441
15832233
15642491
19093905
19205660
17172785
19996467
20509500
15745441
16951838
18982223
17386230
17102396
17487704
16306755
18650034
17827082
21727791
20572429
17057568
22049637
16263484
15766349
16398251
19710615
18496250
21803273
16440938
19467998
16321716
17535130
15850266
17654525
17019543
20215047
16289065
18801291
16434916
16117265
18228652
16134443
19568731
18604321
16329222
20626479
20045746
16466611
19842865
20667173
15899763
18166697
16602663
19031133
20190666
18488425
15682992
20221349
17485755
19544089
16766105
16343906
15933964
19785567
17479318
20570321
21112455
17494482
21515975
18544976
16752414
20852523
20446248
21740203
18856128
15919008
19835197
18472683
20123817
21118013
16021729
17565481
17806036
15795335
20072088
18418108
21439059
21218208
16272071
19046558
18648202
20044830
16909192
21809517
15700601
20052891
16879943
19182168
20018989
19049231
18558934
21341951
20484916
20401600
20089491
17389409
17295995
16933819
20601614
17212859
16296210
19575791
16615004
17258054
16288093
17851382
19797754
18717274
17475736
18512659
20391269
15687895
15851437
15810757
20067358
18206589
20697962
15537067
18379895
18999065
20636181
20418251
19480799
20522658
20411829
17987818
18177364
21776931
21788540
17577028
20552858
20664419
16873593
20494296
19553067
21382216
18622999
15860078
19133191
18021557
17065888
18445862
18041230
18377569
17193836
18559797
20851087
18209771
16158203
18536545
19756511
19254403
19077807
16772071
17050299
16677155
15711229
17916302
15631404
20173297
19597222
20421019
18413628
18758315
17959949
18344781
18664927
20073571
21322498
15662054
20974905
16144229
16968589
17994498
17378836
20817494
16472495
20097932
20572539
18619689
20623993
16206915
21089989
15931310
15968968
19995290
16584467
22073745
19017664
17523577
18337439
18510665
21350505
21527006
16967856
15925079
21155638
17122679
16827534
17496828
16939994
18398082
15735199
21129704
15683203
19682848
19664525
19650070
19750558
18088407
18405569
18376246
19694845
18214209
15749321
18619631
20201248
18604144
16167615
17906208
16873049
21135788
19837356
16469104
17403763
16268766
15554514
19227021
19261362
21690604
20371032
19592208
16379510
16162702
19536019
17385735
19748869
15720482
20685061
17361691
19116531
16224652
17070742
16227511
16292681
18607872
18763552
16779535
21445517
19320403
17459820
16030411
17373396
17592961
17824192
16544703
17057164
19724287
17346462
21910318
20630924
16316438
21482838
16680057
18578109
17537009
20579138
20842609
16421464
21545947
18806650
18584797
17881101
21039226
19179235
16178312
21401941
21126301
18242613
19194167
20230169
18648890
15887429
15842207
19703048
17700902
21381548
21168370
17059981
19823974
21999065
20461676
21402460
17403971
15730455
20875537
21422350
20486343
18754818
18396367
20003922
15983308
16845764
17544680
21271750
19338524
18181818
21232067
17298284
18164455
20211406
