16711333
16718772
16713353
16755742
16752414
16750696
16741637
16738980
16737548
16736001
16731189
16731094
15844186
16775570
16775296
16773286
16768778
16768335
16767588
16766094
16765116
16764196
16763922
16761468
16758063
16757403
16756166
16830214
16828883
16810722
16810718
16804465
16802502
16802491
16802080
16797428
16792013
16792010
16790654
16697564
16690266
16895488
16893114
16890408
16888523
16881187
16870055
16859866
16858533
16858337
16855331
16850774
16850684
16680335
16962406
16960490
16960276
16955034
16953946
16952684
16952440
16952177
16952167
16944228
16938458
16936586
16928566
16928490
16927646
16926995
16925335
16924560
16917963
16917089
16913341
16911991
16910487
16905839
16905552
16904432
16651593
16645126
17056939
17052781
17047215
17045904
17044449
17040635
17038930
17038078
17033234
17033209
17033207
17032483
17030130
17029816
17027301
17019664
17016167
17013852
17013688
17011269
17011115
17009151
17007257
17007255
17004616
17003703
17000473
16995478
16986813
16984588
16979714
16977923
16969039
16964353
17144594
17144479
17141836
17135003
17128756
17122589
17122569
17116611
17115591
17114921
17109104
17108883
17108723
17101397
17098176
17088920
17088170
17077460
17069000
17065538
17061071
17057785
17243876
17235723
17229427
17210426
17201042
17197846
17190282
17189898
17186221
17182213
17179531
17175952
17174516
17171412
17169523
17164055
16570560
16091922
16088384
16050010
16045099
16039465
16034319
16025441
16023901
16011137
16005608
15999528
15991284
15990736
15984142
15981065
15977626
15934630
15934573
15928886
15916471
15910256
15905004
15903222
15902607
15902184
15901024
15886603
15882833
15880953
15875958
15865461
15856552
15852726
15852668
15816473
15816471
15815886
15812222
15799505
15785288
15773313
15769732
15761646
15759663
15759662
15742266
15731323
15719904
15719797
15719412
15717962
15717463
15717461
15712570
15707343
15691116
15690594
15690593
15690592
15690591
15689593
15679494
15678740
15675165
15671777
15668070
15668064
15660431
15658906
15656238
15644703
15641546
15640535
15640534
15640505
15636733
15628239
15627140
15626073
15626072
15589461
15583244
15581243
15560596
15544893
15544285
15532738
15531554
15526822
15523028
15521384
15517171
20195927
19462719
19352263
19342535
19295209
19209392
19010620
19008827
18998367
18997245
18989681
18988582
18986364
18985370
18984376
18984375
18984374
18975533
18972903
18922403
18853061
18846401
18828454
18812675
18802731
18802717
18790384
18790375
18781367
18780696
18779484
18771995
18771991
18726656
18724332
18724118
18687841
18682963
18672575
18672542
18652018
18640447
18619027
18593403
18545078
18512305
18512304
18462620
18432413
18430621
18418852
18392637
18391353
18376493
18368972
18364612
18328280
17499129
17496663
17492638
17489524
17487667
17480223
17476209
17475363
17471995
17462212
17461038
17459695
17457032
17455836
17455140
17448623
17440780
17437826
17436785
17436661
17429154
17427172
17424694
17420882
17416121
17414618
17410279
17405747
17403346
17403341
17394048
17394002
17385970
17384505
17378882
17377916
17375214
17366440
17365897
17364846
17353862
17353832
17346650
17343953
17343952
17341902
17339558
17327187
17323633
17319578
17315740
17314576
17308629
17300614
17286194
17280621
17268335
17267066
17264007
17263734
17259638
17258145
17258040
17257978
17257977
17257964
17257963
17257491
17256758
17253013
17019750
17004666
16637448
16633764
16630428
16630226
16618380
16617637
16599038
16598364
16584080
16583664
16549734
16544220
16543518
16536106
16522346
16521951
16516127
16512871
16507019
16500543
16500339
16489561
16485821
16483430
16471091
16470933
16458477
16451170
16450424
16448434
16441267
16428535
16420822
16416276
16408534
16401012
16400218
16395017
16394838
16384781
16372779
16356774
16353677
16333526
16328673
16310656
16308713
16301276
16295986
16294177
16281740
16281395
16269294
16268467
16247636
16209695
16209690
16205352
16201528
16200927
16192779
16189328
16186054
16184715
16182821
16180386
16178206
16177583
16163050
16146180
16132391
16132321
16124075
16117448
16112974
16106637
16104550
16102697
16100661
16099129
16097962
16062045
16039464
16027349
16022139
15994607
15983138
15977637
15960635
15923409
15918620
15902611
15861103
15851871
15830502
15826802
21957764
21813094
21672172
21626867
21618935
21617627
21614759
21527155
21514915
21383583
21383577
21153413
21049567
20714196
20654975
20654818
20650393
20599101
20571263
20510794
20464693
20426241
20398578
20380031
20380030
20380029
20380028
20380027
20356996
20099654
20067130
20037290
20020794
20012158
19942695
19939813
19936994
19926179
19917622
19801007
19789375
19745393
19683476
19670219
19665624
19665622
19665617
19665614
19628624
19606562
19595482
19583616
19582465
19581642
19573817
19565452
19565451
19565449
19565448
19565446
19558017
19535077
19530124
19526939
19525119
19507663
19488531
19472805
19467397
19462306
19442915
19437617
19437566
19432872
19431261
19431259
19422941
19412094
19408797
19407054
19390272
19385527
19384131
19378859
19377809
19377181
19377174
19373697
19367520
19361774
19352779
19342715
19332985
19332285
21495338
19328344
19327572
19300152
19291619
19289955
19281702
19267832
19264195
19262436
19252915
19249736
19248372
19246171
19233484
19189579
19181277
19171479
19164609
19158579
19158447
19156105
19152432
19151848
19135333
19127796
19116576
19101779
19084972
19082331
19056224
18090868
18082416
18075432
18071204
18065295
18064982
18063516
18063122
18062595
18062531
18060203
18050644
18047002
18047001
18046139
18043493
18041413
18033568
18026781
18025652
18024805
18023884
18023177
18004617
18001992
17998364
17996181
17991531
17989126
17984016
17978632
17976948
17975749
17966618
17960674
17960652
17957502
17956646
17953332
17953331
17953235
17951353
17950348
17938923
17936793
17936240
17931540
17929738
17823009
17912587
17910341
17906760
17902381
17901824
17898401
17898366
17897265
17893449
17892191
17892105
17880978
17867424
17853636
17848646
17826479
17826070
17785974
17767751
17760650
17726276
17725024
17724810
17721406
17720077
17708282
17708190
17707695
17699231
17699464
17694883
17694225
17694224
17691689
17687192
17686404
17681307
17679970
17679401
17671802
17668802
17665782
17661950
17661149
17657384
17653903
17650719
17644112
17643926
17643671
17638778
17630138
17617637
17611658
17610107
17607118
17606028
17600867
17600726
17599490
17598718
17598458
17598020
17598019
17597556
17589266
17581708
17580170
17573860
17572860
17572196
17571608
17560250
17557506
17549772
17547571
17541317
17540378
17537566
17536627
17535634
17535306
17532231
17531743
17530958
17524969
17523502
17522880
17522829
17514525
17514396
17513663
17510193
17505246
17502823
17501880
17500182
16457332
16457308
16457306
16457261
16441817
16418928
16403991
16376171
16376167
16318672
16314813
16314809
21717695
21716217
21693259
20971535
20970708
20955878
20946209
20934922
20934543
20878743
20857674
20857673
20857671
20857660
20855491
20849499
20841873
20831032
20803852
20800542
20714199
20705389
20703069
20699039
20682209
20671612
20662293
20662292
20662287
20662286
20662284
20662283
20662282
20662281
20662280
20662279
20662278
20657028
20642238
20640994
20640453
20638866
20638534
20636463
20621936
20621008
20615559
20613686
20596683
20590028
20586359
20580191
20570089
20564528
20562680
20559239
20533965
20520540
20511074
20502114
20497912
20470951
20466108
20465721
20464488
20461671
20446780
20430775
20429044
20420154
20387296
20385293
20380962
20375415
20373072
20359444
20337952
20332687
20207251
20184637
20172161
20172128
20169350
20155664
20148365
20145601
20139361
20131548
20124813
20123301
19158526
19151849
19151274
19151262
19142085
19132853
19121986
19117060
19116550
19116531
20977816
19111413
19104172
19104171
19103509
19102378
19097454
19097006
19095834
19092588
19092351
19084971
19062568
19062242
19054996
19052717
19050972
19050900
19049752
19049750
19049726
19049724
19046934
19042174
19038743
19038073
19034824
19031406
19018160
19014824
18984378
18948800
18942219
18937231
18929768
18853846
18841321
18840583
18835648
18831016
18821287
18808287
18798716
18790166
18785396
18781364
18771480
18771076
18767120
18758363
18752956
18726134
18716482
18703241
18693633
18682184
18667958
18661159
18656052
18641770
18626329
18623381
18616539
18613786
18595442
18589097
18578607
18578376
18575289
18575288
18574436
18560035
18555128
18543515
18541553
18540958
18533082
18528732
18516897
18513692
18513354
18510965
18502375
18500426
18499950
18487967
18487719
18482712
18468015
18467051
18464882
18459495
18459155
18455637
18453665
18448753
18442682
18442615
18435753
18429900
18424862
18424294
18422799
18420440
18411769
18408963
18402002
18381363
18380940
18378128
18376498
18376497
18376494
18374116
18368873
18368872
18368871
18366477
18365567
18365197
18364606
18363006
18361871
18360805
18358056
18353608
18347485
18341724
18340510
18340506
18338267
18323036
18320066
18318561
18312771
18311551
18309382
18309380
18295516
18294926
18294351
18294261
18292991
18291465
18235397
18235395
18235394
18280963
18278572
18277762
18275753
18274414
18271332
18269652
18269166
18260857
18258975
18254547
18254196
18250488
18245700
18232250
18225962
18221702
18219802
18219159
18219153
18214033
18212587
18212585
18211638
18203766
18202431
18198626
18183708
18175829
18165727
18164580
21318964
19378356
18160344
18156923
18094307
18094296
18092436
16749658
16701154
21879655
21879654
21879653
21879652
21878811
21751743
21608275
21602018
21601220
21586247
21569978
21569975
21552127
21534377
21526374
21511150
21487973
21479566
21466965
21453911
21424075
21440961
21424389
21413446
21378634
21362717
21350926
21340254
21325796
21305918
21304096
21301174
21296390
21295259
21292095
21282496
21269606
21266559
21248630
21226439
21221659
21210586
21207451
21189820
21181291
21174292
21161221
21112727
21110503
21107969
21086835
21074749
21066839
21061130
21053576
20622656
20619768
20619766
20617861
20613467
20607571
20560377
20556732
20521576
20478116
20463587
20450429
20440764
20438946
20419317
20390354
20375834
20363037
20338321
20299047
20229072
20223450
20200848
20191888
20179530
20172127
20172126
20170306
20151212
20146565
20141642
20135170
20117001
20110651
20108874
20105619
20101168
20099648
20096545
20087122
20085031
20081695
20081606
20077778
20076927
20076899
20075540
20074710
20071708
20071702
20062990
20059657
20058005
20056309
20055306
20052856
20047859
20045378
20042769
20040849
20039920
20038888
20037974
20037846
20035292
20032717
20027097
20023186
20012076
20011884
20009750
20004916
20004439
19996643
19996621
19996500
19969334
19962737
19962101
19952983
19947016
19944324
19943822
19942697
19936449
19935333
19928519
19923526
19921223
19916890
19915840
19907012
19902723
19901662
19899597
19895934
19892489
19892326
19890683
19881517
19880198
19879104
19877221
19875024
19863442
19862544
19861368
19852665
19841501
19837426
19832923
19826029
19825176
19820484
19816701
19816153
19815328
19808293
19800616
19796594
19784723
19784513
19775309
19769423
19765736
19765427
19762736
19756881
19751390
19749144
19730782
19730239
19719811
19715514
19697545
19694532
19692037
19692016
19691850
19681210
19679690
19665260
19657790
19647663
19642759
19635302
19634310
19634040
19633545
19632594
19629583
19624534
19619702
19597825
19580135
19572328
19571281
19568131
19567296
19566517
19565447
19565445
19565444
19551654
19542785
19541557
19533815
19522025
19521949
19504989
19502171
19476597
19476108
19462279
19459250
19449285
19447744
19444561
19430389
19428069
19424711
19422989
19417620
19412673
19408799
19391315
19388505
19386296
19378854
19376748
19376487
19375786
19375525
19373185
19371935
19371931
19358797
19358125
19351378
19337083
19329023
19306980
19300155
19300147
19297917
19297115
19283313
19269519
19269509
19266833
19260630
19255051
19249737
19249529
19245852
19240630
19232691
19230984
19208230
19187045
19184062
19175188
19172220
22067488
22046660
22029210
22026305
21965779
21957588
21954764
21954683
21925407
21879671
21879670
21879669
21879668
21879667
21879666
21879665
21879664
21879663
21879662
21879661
21879660
21879659
21879658
21879657
21879656
21879651
21879650
21879649
21879648
21879647
21879646
21879645
21866486
21863617
21862044
21855839
21853078
21841513
21841061
21824594
21820589
21815792
21815536
21814477
21805787
21800662
21800661
21800660
21800659
21800658
21800657
21800655
21787976
21787968
21780558
21777834
21775271
21748623
21741872
21724315
21723213
21710768
21710761
21710760
21703670
21694539
21679558
21676944
21675171
21672366
21651837
21640285
21634202
21620392
21550057
21541806
21532508
21527154
21512384
21510296
21504266
21493368
21478065
21410585
21410582
21394014
21388240
21384651
21384650
21376188
21348252
21346714
21342389
21340716
21340210
21339402
21333970
21328860
21325583
21317630
21306468
21299802
21294807
21282503
21247289
21239014
21212500
21210616
21205946
21195324
21190025
21187738
21181004
21169795
21162694
21147693
21145294
21132296
21130030
21121738
21107849
21102295
21092431
21052731
21044131
20977762
20976803
20971458
20970840
20956023
20953577
20950990
20941494
20887419
20883537
20881559
20872327
20869570
20859920
20857667
20850827
20837928
20844423
20804359
20802421
20798630
20733276
20719727
20718826
20715712
20702861
20698232
20696792
20662290
20657153
20652478
20646386
20614429
20462417
20438917
20400765
20391746
20191462
20042988
19692015
19565450
19464088
19423418
19384211
19291300
19200365
19092350
19020128
18840577
18840575
18708998
18663465
18198090
17671533
17414036
17323547
17287414
16703753
16703429
16703426
16703230
16703229
16700933
16687196
16686551
16685542
16684938
16684162
16682941
16682914
16678599
16676783
16673836
16630681
16627793
16594941
16583936
16572290
16565010
16563926
16555023
16551903
16547601
16543099
16521955
16521952
16516443
16501919
16501800
16495702
16491338
16485065
16479353
16454824
16450794
16434755
16429894
16427380
16404841
16401771
16390507
16387412
16383253
16378786
16362473
16356871
16352496
16338568
16338247
16331465
16318093
16317563
16314629
16310336
16294182
16280739
16279399
16270404
16261790
16246976
16246810
16246223
16240065
16228862
16219623
16213283
16211436
16205345
16203882
16198190
16192524
16190938
16170525
16160426
16155146
16145695
16145237
16139127
16136292
16122885
16116831
16112973
16105606
16103381
16103378
16099733
16099732
16099131
16085256
16084579
16084176
16080980
16079686
16059708
16049878
16037165
16035081
16035060
16033337
16024896
16015440
16003118
15991276
15983140
15981063
15978888
15973710
15969988
15948856
15940050
15937001
15932438
15924170
15922198
15912119
15908168
15908167
15899445
15895444
15894602
15888837
15860151
15859936
15852727
15834327
15834032
15829800
15829795
15826792
15818034
15816431
15816428
15804151
15798417
15791102
15781794
15770717
15769714
15765754
15756184
15753752
15747703
15735538
15727280
15721730
15701199
15696695
15678043
15678041
15675215
15668597
15658904
15658131
15656016
15649722
15646492
15644760
15628049
15625658
15611462
15573349
15567874
15565596
15553307
15547433
15543480
15534478
15527628
15525886
20536954
16548283
17933163
16570778
15563054
18461420
20547286
20609033
17192525
20083934
15842658
20185441
16387251
16100332
22021468
20079761
19446122
16753727
21316908
21419309
19016303
16269900
17010827
19223842
18630370
18277637
16629547
20013862
18661614
16036825
17044445
19443040
21061867
15813763
17342002
16340403
20044669
17766670
17324625
20014709
20447220
19740044
17682411
18070254
20440564
18097898
20824339
20959587
17542391
20358496
18512998
17000476
19664202
16104490
17978387
21404732
18328961
18245737
16424723
18435115
19104261
19327070
20445131
15603214
21145582
17361691
21130334
16078801
19706308
17987759
15571901
19054458
19173756
15587606
19263959
19291280
17941553
19877094
15699653
18332402
19819169
21355476
16044727
19961977
19251761
15602187
20552538
20025452
21440811
18192635
16392432
16035413
20568379
20388313
17425749
19952335
16191850
19505748
19910155
20841984
19471254
16548747
19937340
17122679
20194153
20094123
16104457
18786014
21727856
18260576
16287913
20419517
20578470
18026002
21176131
20654285
19295227
17969660
20610490
19614876
19002473
19084786
15531969
15960059
17217479
16926561
15695832
16235137
20738742
18928411
21730078
16729530
20087969
21535274
21592280
16443313
17384380
17329607
16550095
19800851
19692541
18555474
16956498
18075408
19250522
21048468
15891722
21426286
19216236
17415099
19131752
17662152
17131901
19955983
21591375
18315998
18417745
15980080
18240478
21038733
20236430
17274171
18019116
17083558
20539149
20486500
19221070
18569779
16859860
16087898
20368658
18443803
16206380
16446515
20801920
16187439
19634381
21702113
19174828
16311232
16369156
19577005
21503439
16372707
16789675
17364221
16198213
15723706
17387710
16566102
17960348
16425856
21242390
20626879
18292592
17084766
18564949
15968267
20016435
19492674
20841517
18322026
21879999
17880415
16600982
16296671
15579352
20178429
16377451
18044755
15966461
19500886
21228088
20229715
19836628
21169868
21473342
16023433
17011264
20943293
18664907
21770326
19128314
21857323
18214069
17039988
16352959
21674523
18066618
17879677
19785295
18062441
15889885
16796860
17685995
17999008
18842457
16550074
18039065
17196990
17091445
21805755
19737266
20848116
15947643
18082671
21447231
20015491
19656225
19675401
20601614
21673219
16566822
16331429
19190009
17144574
16490543
15531985
19171091
20860575
16729477
19118972
21691239
20629426
21381579
16313529
20557391
21553513
16215465
17955884
19228893
17851016
19492647
15928559
17923730
19754009
17116453
20402165
21265631
15653253
16396413
21179664
17139889
18157913
16471153
20925303
16286353
20852566
16533537
19127229
15884501
18825852
20719586
20132712
17227875
19692163
15582830
20860433
16844888
16000092
15821676
17984649
17824562
17577185
16610752
20097036
16157434
19211100
17001949
15573828
19357603
18727597
21790099
17506878
16052880
17405392
16009057
19134486
19062470
22029123
17897829
21726454
16377191
21548348
16338569
15999913
19712009
21231882
19709118
17365449
16583651
21722980
16845814
17522184
15841067
20081729
17479048
21180834
21539690
19134063
15804242
18339337
18083689
18053501
18035846
20471438
16970536
19882490
20478810
21887975
16641080
16584673
18593836
18688048
21148593
19592414
15636397
18154492
19042890
17610734
17131277
16292205
19373187
22066299
18585538
17937656
19372337
16739323
17148538
18216617
16830631
15768653
19806711
16781890
21540618
17469479
16106330
16594413
20527450
15852073
17339510
18690610
18803549
16160925
19556910
19207133
16116384
20836638
21935800
18649644
18492707
18246448
21576064
17393814
17518884
19817606
20728326
18477721
21602039
15709218
19014424
16997822
20353660
19244697
19185397
17494279
18689150
17975252
20859114
20221349
17276289
15573671
20576734
17458027
17101037
17169959
17892574
20217961
17375240
17148539
16594277
17343027
18358506
16911175
17500283
16408188
18786851
18265910
17171770
19242482
19828537
16565271
20204421
17705734
18833625
18449834
21555667
18724571
18720287
15527814
19648599
19024232
18041511
17037475
19266806
20813784
21537787
16762121
18618192
21282549
19117883
17091170
18097893
18846786
15751434
21134196
17056043
21196807
18031573
17999269
20206424
16189947
16162490
15764468
19444526
20420267
20149956
16954525
18078190
21610114
17374473
15993677
17128680
17998408
17626134
20701422
18752527
19835495
15732615
21415614
19005686
17006108
20505508
21235040
20555261
19084319
18194405
17592971
19382863
18926930
20813893
21473786
18694194
20372677
21718624
16524868
17263062
21322860
17437840
21922121
19202116
15769792
17464127
21471578
21605382
15848454
18569368
18591640
18310160
15804319
18705735
15752322
17922923
19719075
18812619
18650639
21756681
21523985
15807910
21178611
17135646
17078324
19839679
21317133
17956403
17710043
21969476
18219244
18478489
18756163
21066958
16550938
18758747
17468688
20636582
18640407
20824070
20540614
18487805
18596503
15992199
16617893
21219821
18057033
15656846
19200287
20728318
21711125
19430416
16510023
20950163
16172441
18686669
18388841
19771517
16315770
19813296
17944604
20621897
17073192
19243317
16122477
15720496
17594999
19072193
21047035
18163408
18522604
21172921
16869180
19017866
19719892
18266573
20131119
16752193
16512049
17895295
21143564
16955864
16217119
17994499
15869233
21086841
19771647
19963309
17126163
16004736
20537592
16929473
16136927
19055998
17466825
20434100
17371741
16767024
17058757
17518864
16787467
19952152
19761023
15992204
15616420
20078007
18992671
21176661
17364420
18240174
18405345
19785107
16831787
18667357
18715975
17523326
16022890
15842203
20148936
18051975
20070069
21077743
17289538
17607137
17932174
18638031
15963172
17057639
20308019
16412831
21514839
17932653
15533538
19582520
20209715
17944607
18196291
19558932
20938365
19146519
20305310
17116348
19692804
16889326
17853949
15797358
19371417
19947050
16541831
18082005
19715493
19657880
17916366
20362216
17210497
18432048
18264897
19409246
17975457
19214259
15656427
17352334
17268141
21727100
17414613
18719058
17826312
15756921
21591328
17059486
18209158
16466059
19042213
19633593
18309919
15797150
17762623
15645631
18467479
17453462
17851297
15553361
19242088
17475127
17087813
15546431
20219077
17319567
15918424
19225847
15776073
17681611
17970860
16134620
21147679
16242298
21393081
20920079
18190481
20539807
17586056
21260936
16220148
20232017
19050634
17320551
19748873
18937570
18271762
17418522
19204646
21670090
15619402
19575270
17090996
16649321
21501729
15680611
18685372
19848548
16650032
18414331
21316540
21736171
17435991
15646394
20235774
19712844
16923183
18411951
15630870
15993531
18517166
15887875
18850538
17122718
17056206
18328638
19228800
16262969
19900131
18661390
18279924
16094133
18216414
15756880
21591431
17443245
16220769
19253148
19968909
19159080
19740444
19618796
16612826
21740729
20592066
16126004
17915182
17517114
16332466
19267369
18528821
21090159
17443553
21073845
18229630
19192241
18416779
21210080
18369591
18457604
19627646
19228509
17453071
20469729
16410430
21039370
21768431
17495726
21621942
21808158
19855258
20719811
21710068
17060291
21777396
19715623
19875660
21776307
16550700
17391601
17995557
20065900
16297662
15713186
16178134
19525769
19648525
17702522
21367379
21135610
15999538
15539986
18254967
16035634
18462854
18289142
18469734
18069066
17323665
16494539
15868346
15760300
21292444
19293069
17690655
19350079
21941720
17036421
21052026
17253082
20442362
18022524
17695557
17151566
16211174
20173475
19576529
17163095
20806231
19459753
17962494
20536803
20008040
16004104
19786527
17324180
15782316
16442476
18947076
15553754
19509210
15663613
15862640
19850180
16040178
18993134
18690623
17949515
15804320
18159966
19251548
22049806
20626483
21209578
21916319
17457099
16730440
16553673
16405711
18812888
20306274
20620810
19621980
19331058
21329123
20633038
17035446
18608606
21888099
18520428
17611783
20030029
16604297
19857414
17941555
22000872
17824869
19547799
18788958
15600222
19741218
18669121
18825366
18264608
20824361
21457601
20177819
16285228
16878852
15832233
16061443
16423164
16529849
20196650
22029758
18625755
16616267
17684169
20196712
21988682
15739637
17484704
18336706
16986814
19250451
16570780
21040084
18324557
17512100
16505989
21323087
15669662
17697197
15875446
19184390
19715257
19708928
20595487
20487613
17394668
15827431
20443316
21450048
18201030
20558024
19240187
19560749
21714444
21225949
17040526
15659998
21074874
16523587
18520654
19916758
15997354
19949764
19399312
18467804
17149086
18997557
15889782
18032199
15896961
20926407
19961816
20031171
16275365
16263992
17409804
17068649
16538993
16938136
17942502
20533577
16522511
19355999
18613851
15564996
18205680
20711891
21114205
18038831
18981789
16083480
16512438
19203378
17452601
18174196
20000014
20859614
15946608
21605272
16917454
20439486
21290960
21903014
15757049
16997027
19632805
18096586
15865581
17013067
20966841
18802985
16786660
18978011
18063550
21053516
20563369
20842755
20821958
15997604
16490633
16442452
19865019
21402460
19941577
19942702
20611002
21667671
16922980
19058078
16496661
16517778
15865623
17656632
15555490
17443600
21189717
20826494
18072606
21240103
17686602
15627022
19543120
18251578
16551417
15603664
17183353
19749641
18539278
18464128
15584143
16385863
15517302
19179313
20011758
21843848
19487354
17187535
15787075
18179675
16203937
18393965
19253701
21565446
18682011
17455518
21576613
18843564
20804887
21689037
15970921
20648257
18390019
15684200
19886592
19889379
21537324
19771528
16192178
20140833
17414733
15603635
16515856
21443835
19902608
17405675
15608590
21285970
17976839
17139496
16534078
20680534
17514399
15780330
19276220
17764095
21769757
20183136
17320008
17161807
19574107
15723731
20228641
18521969
18246886
19379514
19596595
21196417
19718542
17828675
20201666
20667055
20097643
17060250
18304125
21452535
21498782
17896048
16648722
19475910
19438080
15832639
20421033
16899363
17317363
15894234
19049226
18826783
17999294
19234424
16536814
15674831
18972091
18715185
19717991
17062903
21060118
17922326
16594252
16200006
16684172
19021492
18592393
15787068
17683299
17929281
19270481
18035233
17646128
16025786
19319181
17517268
18278613
16574869
19214705
19239527
20510699
16035475
20372996
16132002
21965009
22082557
15842207
20444569
18557670
17957525
18930971
18053101
15842441
16446268
15558973
15962722
17584430
21576606
20947875
20084316
20534336
20963669
19065971
19014408
15851622
17664526
18456539
20142062
18505152
18155386
17720192
16005834
21511883
19615081
16903589
19482139
20131587
15906748
17278934
18402680
19000404
20924337
16722861
16172344
16648014
15698450
18663532
21322439
21383111
19083561
15848819
18075965
20691476
20391675
15561154
15812293
20117971
19662791
17563999
15687784
15596920
19479688
15714015
17720434
18769104
17284556
17400253
17828432
21220440
18250266
20403490
18654960
21839904
20516766
17091047
19382434
17347512
17576633
16860965
17418656
16371760
15960692
17565432
21429885
21333018
20056190
18361466
21398320
18431557
21703676
18050530
19475830
18715970
20808108
15548461
21419250
16834578
19473498
19268902
16607066
19107014
17450121
17727185
20546470
21518675
20401497
21275312
17111239
15866395
20540386
20495334
17713192
19169382
17122713
20467339
19899401
19341547
16625891
16336373
21146991
19457727
19763006
20702444
16493937
19741432
20500352
16316896
19416796
16313531
18638714
17425775
20443986
19919765
20373918
18198783
16516655
16844126
18953776
17332456
21114720
16194757
18474881
18221519
15838411
20305444
19500375
19698038
21797726
18196842
16323521
21050203
16046892
20029053
20124024
21839899
19216985
20159563
19747383
15960063
19769207
16866692
15587531
20926175
16163954
21544044
20064961
19115883
20409102
19671275
20104395
21475053
21091400
20436033
20008210
17364397
15561662
16968430
17944701
15807760
16506870
16719606
19054954
20088220
16444125
21383301
16827769
19254198
15654187
18247013
18980103
17521101
16298284
16553751
16502964
17567835
19874938
17081532
16431328
19259865
20950201
19528407
16573015
15924035
18563014
15550210
16256046
20499485
16364937
19210153
19514802
18195392
16790039
21094792
19458562
16798179
15642491
20189861
18055901
20144029
18956282
21906046
17470074
18214226
17767689
19231678
21874637
15618093
17477005
19705650
16669477
21599845
18987086
19650287
20842336
15584654
21403050
16808752
17345982
18753714
18979547
15974386
20200436
19413074
17577662
19241979
17713384
20042244
17063096
17619599
16636009
21162325
19957353
15916837
16645494
18788957
18786341
17321932
15515442
20356707
16457031
20166520
20890138
17846089
19179199
20690303
17099591
19412691
19351407
19930477
20500740
15646515
15922499
16716875
20048248
18721358
17766498
17108547
18947382
16827445
18096587
19035060
17308311
19081413
19395177
15857740
20652466
19235657
17643712
21404157
15644682
21738035
17100867
17053819
16540279
21370796
21545985
21331629
18613797
16879091
19350874
17084843
21677490
17889207
19538358
19295419
20520216
19961588
22041965
18720666
15619198
17207004
19146083
15673363
20627817
19656019
16182124
17960683
21468485
21505573
17581479
15797159
16500073
16173957
18335685
21030729
17145910
16457055
17183890
17128655
19883965
18443807
18567130
20823077
15633432
18626030
19961502
21080105
19665620
15597936
17162373
19490004
19041611
20069957
20139572
16670213
20455111
16196501
18675188
18711951
17972468
20695830
17348381
19842863
19371558
18838492
18556478
21709131
16627318
19875537
16005235
21766435
17339984
21545947
18300739
18493093
20445451
15554540
18050025
17051892
17562270
21407013
21337280
19812793
20439204
21456994
16941820
19234987
18643803
17823705
15750529
19608320
16424964
19906442
16239820
18048259
21411839
16371823
17938771
17906310
18856018
16670130
21848165
15575634
19011318
21319425
17116056
16563919
19090412
15521897
16155809
21332838
15722841
16197765
21250405
18223578
15569811
19038746
19450260
15932455
18718887
18206736
20063424
19000337
18463296
16612442
19771393
17310739
21190464
15815971
18674984
17897153
19209566
18059195
18267996
19022072
19167554
15869017
20663762
16955453
17804347
18617706
16441541
21741007
19385348
17516884
19524859
21334768
17340547
16407697
17674531
20524498
19414828
20031896
16340636
19231679
18834048
20110333
19366541
19227589
19445338
20947405
16570730
18366951
17013071
16422267
17584351
20672683
21425070
18971645
18164465
16497736
15548439
17564561
20925192
19256108
19665915
15677576
20347328
16670259
16365612
17557464
19775762
20222232
18092662
20500305
20458677
20442353
16938902
18482123
20647920
17447591
16149236
18096228
20812497
17112941
18379671
17427603
17891622
18974237
17573299
17692229
17170635
19014410
18625927
18630063
15986521
21059572
18261413
16926716
17416366
20699739
20953729
17042021
15683203
19657622
15913127
18248947
18197863
19494680
17556918
16096152
19950037
19962500
15802284
18564324
18460906
19364777
18535426
19539814
15884205
20131582
17198174
16877043
21160141
17081744
20527597
17826581
16829197
20693209
18836095
17098628
15573242
17660736
19583666
15884741
16210096
21392804
16604979
21952572
16488347
17542172
15721972
17687084
21617505
18458291
21088524
19824156
17555611
16160067
21194657
16616616
19395889
20671002
19101774
19534213
18062730
17346323
19653332
15899226
19507471
21229870
19934623
18306512
21972662
18241751
21744630
19086282
19476248
15909012
17012306
21311711
20204704
16637941
16509175
18422265
18725824
20439042
20350886
18182800
17484705
16802685
20956639
19427812
16815278
15682699
16546508
20834034
17107396
18063547
19091089
19928616
16498160
17933617
19403469
15965386
15767266
15632320
15581720
19331257
18324313
20218030
18394860
18466661
16566100
15890039
16307939
17901175
21074180
18486712
19404286
19694852
19606776
16216095
18423716
21684731
19138911
21216420
17509284
15866396
18032997
16502131
17345598
18572343
20363444
17081919
18550437
21642331
18619794
20590516
17563046
21214618
19298305
18270772
20525777
18725037
15644694
17459386
19112269
15862929
20889634
18989880
19359084
20117674
21266145
18328145
18729028
17551446
17054311
20592658
19632052
18054872
17334734
17441441
21268518
21069122
19172352
16427564
19237645
19028135
21273184
21258663
16795980
20044165
17950115
16636733
17551855
17978148
17157754
17971627
20598860
16276131
15518592
21471893
17442027
19469068
18567402
16553911
16637454
16580262
15728223
19448790
18843635
18853532
17079797
21382797
18302651
19571514
21362719
16741701
19945813
17577177
15618088
15573451
16884810
15627007
17240496
19445645
19782979
18974987
21599562
19268886
15658731
21447846
20393503
17601109
17333563
21118876
19103915
18038848
18751608
20502467
19891756
17093912
15619531
18628695
20955504
21651657
21131103
21774667
16094550
16513873
20409062
17256712
16161964
20824450
18210983
17136929
17131620
17280918
18319132
19594734
16088432
21781627
21182434
18157484
19054959
20225911
17616456
15564105
15831609
19146205
20429974
18429371
18564587
17679120
16478905
16055493
15526186
18474760
16879549
20873068
19451667
17396530
17003701
17327310
21272822
16444126
20520126
17996764
15626161
18322760
16468255
15724563
18087985
15682529
19039398
16534044
20949791
18600107
16844204
21333177
20444054
21078225
21495395
16223629
16260822
20230177
20018960
18496089
16321716
21078683
17133307
18846365
17412187
19667785
21672061
19636534
17567871
15811491
17102467
17410999
17011217
16720750
18550781
16641663
18591502
21134950
17592980
16685157
18785104
18831440
20490910
18727992
17643574
18377145
20503838
19877340
15829397
15975955
19259870
16487529
16439351
18020062
18951397
16472356
16430347
18183053
18097853
18752096
16886911
18431317
15946831
17535130
21364215
21146668
16092293
19793235
21105636
21826042
20509347
16496832
15702577
18181352
15616751
21750594
18624704
15853099
18327028
21218703
20634397
21356655
19161809
21469036
15641613
20439203
16842344
15685966
21520697
16440710
19820478
19817514
18005630
19122987
16562808
18418109
15759524
19666851
21298939
19461551
17061473
16541720
18853911
16148573
16719737
17269947
16509940
16368178
15720608
17539557
19811195
17555150
18578442
21309200
19731892
21191819
15579349
20003038
17491214
16446335
17008952
15877689
17695825
18406408
17996639
18399369
21140758
16411006
21430577
16287811
18048503
17526308
18468922
17310308
19433927
20638814
15705271
17496819
15774058
16972604
19140191
21382026
15533085
20174944
21488706
16417695
18610928
16350482
21136226
17039997
20935007
21144637
16877190
15712445
15754925
16706773
16518795
20861105
18208739
17279193
19077648
19623510
15652439
17876982
15567905
15708162
17551431
22010498
15771661
18359181
19507620
21709550
15573675
18365290
18394853
20368172
19601690
19877326
18842916
19024665
15755538
17723981
16619925
18269894
18648986
17445329
15789885
15944495
20081637
21191167
17459137
18403816
17486805
21199549
21359272
19382079
21248756
18307597
19509603
18698394
19793719
20235422
20068415
16844795
19038449
18478819
19119701
20978932
19960922
19731166
19864968
15586302
19281444
18157452
20425283
17582028
20642037
16344302
17283960
19195038
16764400
18690370
16449393
16553707
16318057
20974021
19739484
16192533
18201504
16505500
15603333
19522169
19107497
16277706
16569623
17300133
18524343
19059545
18188161
20595305
20591803
20172452
15694498
15999355
18386949
18361028
20802908
16566103
19048572
20441098
17870649
19247226
18598253
17723982
19863823
18214436
19399008
15656479
18176125
17133682
21443779
17698460
21107514
19187170
19635159
16010213
20386059
17112147
20003533
16370506
20681392
15987327
20429656
18277553
18069494
16627313
15940115
19764379
20738451
18321582
19015826
21905295
15727548
18575788
21584449
17286920
16123494
18535317
19386058
20605809
17573985
16681111
18605350
21385083
16332396
21346463
17413403
17283295
16553689
21818013
18549052
16671364
18154624
17553021
20186664
16086714
16419405
17720359
20044331
21727791
17642349
19725423
19129289
19288562
18162891
19803291
16408459
16270812
19734512
19866538
18703383
17874688
21884497
16964792
15710278
19493177
18796049
18822580
19926562
19578818
19019733
16026188
19240203
16014262
18261541
18762603
15776072
15540550
19944465
18669704
21216318
20421853
16835672
18763364
19036038
20488653
15995823
16051110
15812434
20527720
17430746
16003098
18773774
15921798
19299969
17968215
18520315
17451834
17963863
20878873
15709563
17018170
16690981
19234429
19875227
17927072
19887653
17404677
15651955
21855907
20579755
16763515
19624440
15604644
19089671
17236480
16263865
16547067
17591453
19569462
20401678
16760768
19492178
18981834
21901568
19201147
17900477
19483575
18183802
17058756
19416037
20545802
21775273
15803296
17720673
19161016
15614543
16185114
16642748
21398151
20169949
16682037
17488520
16445158
17554230
15817604
19901502
20502180
20543390
16245304
15710725
20838108
16613801
18297410
19033150
16791670
17384356
18310208
21298382
17904337
17427794
17823567
20171557
16929624
16061158
18635237
19259924
18990046
19561555
15722965
20373978
18973674
16351527
15745401
18337263
18243896
17898929
21610614
20230169
20350921
15619737
15534306
17326727
20677478
17570877
16860853
16648725
18429912
16830245
17087418
20695144
21394618
20507890
18815497
19348102
20849670
17785736
16000099
19882409
21511835
21282548
16246515
19588080
18230646
16602366
20798083
21368544
17397447
15762390
18774630
17063614
17131719
16508481
20672461
18684359
20443290
17162109
15532523
21277071
18388681
20354133
19923302
19174637
16984684
19930021
17005051
17942229
21651658
18090367
17526470
19209015
17724422
16304759
15890224
20931472
19262907
16477286
19012060
17985965
16856033
16569249
17885379
17300634
17592976
17142592
19847645
21122620
16158010
20980769
21500178
17227396
16361032
18478297
19040407
21319591
19253128
18307602
17692402
16482237
19170287
19535214
19457266
19675268
21038178
16515564
18332746
16638946
19331126
17276649
15731998
17364514
17766759
18632507
16026659
20176913
16452557
15571900
15644657
17561016
17548020
15581440
18727310
18073677
17065788
21226385
16353827
21626482
18446110
19597372
18702620
18223263
17382848
15541620
16875796
21138069
18278637
19060825
15582349
20228360
17133892
18777972
18216465
15949068
16905961
15842442
19773646
17641318
20421226
17664534
16343637
19734778
19067982
18652727
17319616
19641419
21208474
16600005
21676049
20712549
19018911
16687723
19941657
18595582
16749640
19021491
20496518
16639471
17539985
16715030
18972089
17996057
18580429
20370758
16308129
17853369
16945685
20214442
20573333
18444043
18955918
17181682
20367806
20397329
21661658
15582636
17563332
22009086
21702285
19465607
20088630
17828400
19072456
18473314
16920531
16391984
20472608
16217779
19052511
16545033
17669849
17551423
17851360
21737331
17578455
21266280
16420107
21726687
18373049
18052896
19734393
18031485
16318656
18315681
20646956
20969538
17929507
17024615
21329281
19476786
16493936
21232067
18287185
18970983
15760804
16901700
16104653
15589911
19836920
20429234
20921889
19753927
16483096
16729624
19791531
15646524
17985682
20832743
19127123
16909072
16826869
18378400
19433845
18443550
18953670
19148340
16026696
17355306
20511731
20349851
18947091
18254433
21750593
20561129
21711071
16454003
15813807
21659483
21352270
18022814
21673859
17071704
21089733
21689042
16327529
20598825
16449838
16123466
16684724
17039499
19025086
18564122
15718575
17581367
19761745
17692368
20128768
16314893
17985063
17210544
19220917
17851299
18321460
20420728
20050445
17966300
18947118
17804941
16996457
17923968
15729808
21862193
18079085
19122982
20460560
16371732
17077254
20601641
20574180
21591382
18298504
15929362
17238363
16202887
18715966
16688101
18817023
18277797
19349018
18336710
20595307
18026055
16516552
19963385
16032976
15552460
17083278
17992703
16956851
19062773
21116191
20088288
18728298
16298088
19181880
16426618
16218236
20503672
17589214
17425125
16306755
21825946
18664806
21724791
20505424
18314223
16951297
21197771
16131281
17903257
21729155
19711140
21817969
18721223
16281697
17513549
21854894
17430742
16037718
16273794
15720488
15986788
16250121
19802379
19721997
17502445
18414308
19187053
19694068
16050892
16284522
15818360
16566617
17894252
16874642
18457754
16995935
21659397
17665819
15962074
16534400
17205001
20352500
17218721
15933650
19258835
15522491
20104453
15671354
17137019
18847652
20340064
17327715
19186410
18567651
20720611
17114129
16926735
19916822
16082881
18715393
15799588
20049258
21323082
17535121
19074497
19942671
20045622
16683218
17697014
18445861
21306423
19631684
16814635
21099068
21287905
18522532
18410867
20488863
17844723
15844721
17456702
18083675
16373908
18856147
19961626
16815573
20673926
19364996
17784884
17645954
15571610
18515437
17658007
21926498
20559181
19023953
15793023
20155554
20167591
16019261
20538475
20434865
19461220
16194180
21536815
20925289
19104321
17003536
19826952
17435799
16416762
17234014
17672906
16155776
20063443
17669639
17094354
21322501
18655687
17504585
16092635
17019542
16519372
18041968
17233408
16969749
20113915
19895408
19664084
18727748
20543162
19191853
20047543
17726711
17069582
20336674
17718377
15912603
16328394
18038531
17544247
19797339
21351191
19397096
17437656
19926387
20452874
15887919
18838489
17040607
19198131
17309550
20796152
17340848
18218082
18320301
17161046
17592973
17681395
17854729
16774690
17639635
21684415
21498553
18289829
17577192
21590566
16449087
18030151
16464272
17244290
17484652
17884592
17503119
16427761
20549916
18946979
17989566
17767436
16294628
18269426
20379726
20723771
18395397
21406478
18669414
17494454
16636090
20426300
20738745
18580506
15864162
17591514
16121868
17305959
19583175
16044988
21435417
20654899
20061847
17985968
19958147
18558894
20104634
21147658
20541884
20486522
21174860
16914696
15574193
18308924
20642845
16364573
18351625
17024766
19505976
16487814
16817331
17701533
20144035
19898097
15887819
19255297
15943655
17371889
16911048
17465252
16103805
17129200
17060263
15933964
19250152
19233061
17523034
19502217
20506787
19803665
16353063
20378073
18072670
19090367
15803086
21217440
17678824
20368660
19464089
20840709
17035574
16207002
18079246
17220391
17344981
21276338
16862950
16650123
19740141
16282235
21530706
20889852
16295344
15798422
19061197
19398071
19049487
16450677
21294020
21514484
16563315
19383168
19748748
20121997
17342971
16197660
19875529
16504130
19752684
15859963
17597350
16821695
20953218
19682663
16884157
18389265
17675114
16450449
18157004
20491212
21055860
17315674
17213495
18772298
20088955
18089870
21207723
19774909
17113406
18187011
16398251
15552802
18416911
18330581
17996753
17109707
21422099
18075440
15967838
16797312
18062804
19591682
20420475
15979627
20882730
19487739
19669104
18241954
19588666
16648730
17924888
19546018
16583190
15693981
18849478
16965250
20002419
16703991
17244999
19327950
20237217
17890996
18709273
20464744
20098721
18724884
20175420
19076664
20391502
19017394
21592027
18275359
15703343
19481272
19616800
16500868
18291722
18373314
18441273
19373176
17935243
19642146
21252214
19235784
20827358
21133302
16781374
16411027
21717947
17983362
16216793
18340076
17319187
16548476
20061834
17233143
15770561
18206382
17094360
17185082
20646817
19779771
19780749
15916312
17927056
19395890
21440219
15615215
21152711
16878038
17343091
18048482
16779065
21910375
16897374
18467531
19818037
21314891
19146559
16046914
17097648
16352344
20616295
18551857
20526684
21091087
20838112
21060016
21791099
15940138
17326598
16585497
17063103
17472829
21941806
21735950
19144283
19591366
17970526
20629606
17193941
17626069
16918864
17518328
20645666
16473065
18095889
16459890
20433666
18951120
17227745
18450665
21341443
15815890
16184941
16926310
17903718
19623042
16684426
17915126
20175280
16256877
19060804
21062546
19568225
19687180
18786082
18182537
17443630
17443403
20210658
18415919
18997550
20966859
17544863
15819832
18302971
20737795
18649963
15689645
20528709
16881753
20367724
16310666
15947335
16377190
15626189
16759758
20379915
19175220
21510261
15802408
19816163
16440403
16001821
17194351
16610298
19115893
19591021
19533287
17725128
18427032
17469381
17958940
18829184
18453944
15900432
17312091
17918303
16422735
21842250
19473204
17902537
20353126
21141161
16520265
20117563
17724863
21952064
17900057
16843575
16250528
19593488
18405565
18267176
20011732
21149288
16618486
19093298
19147646
19440947
17216935
18414336
19299671
18089983
17228437
21240022
19656110
17161900
17608890
21492345
16507096
20592254
17907011
18266663
19752418
16779156
19068176
16602548
17464656
17577296
21076089
19933886
16313292
15675566
16278532
20122017
19244570
20484996
19847723
20097440
19124816
16927747
16913578
19888969
19308827
20088153
22073589
17060178
20532131
17802733
18443830
15778631
16299190
16300862
20948485
19172980
19015926
19000907
15515471
16469470
16937841
17786743
21239422
17038076
20440205
21323492
18830834
18714110
21277449
20013757
16243357
16861132
19164133
20630014
17601343
16735200
18492543
19298361
15862043
16922983
18454614
19343560
17886424
21744523
18830138
19094931
16402334
17851721
17356350
19773144
19661809
15754100
16733953
19216242
20009456
19408494
16324899
16455323
20963670
20237760
20023465
21368536
16781986
18096585
16968364
20848428
17219504
16021668
21294700
16846868
20065276
17136375
16296376
20922514
19017664
17563331
18052750
16394924
20186567
17354232
21234746
20122474
19234423
18508820
19841952
20684403
16594461
17695938
17449215
17485814
18266568
21240082
19531558
18787441
19009891
19811559
20064805
20223156
16295153
16701771
19875841
16495835
18708279
16173913
20964049
15895917
17968220
17515261
19027448
16315527
17566500
17363323
17599966
18727763
15835472
18845414
19757735
21188878
20964469
21199305
20010377
18216062
16287789
16420660
20706191
19730982
15760701
16034293
17265411
19437914
18314860
16433106
21703675
21645111
15790268
18060327
15900805
20014712
16294146
20377091
17544680
19845942
15693929
20852523
18674404
19576803
20349649
18595494
20594804
20546095
18496086
16294612
21288120
16226650
17479699
16569544
20604924
19344264
15610991
20560967
15720726
17154112
17263054
15850255
20390615
17253131
20704136
20672653
21071528
20148059
20854510
15813155
16835551
18988579
17366437
20486343
18078556
18405494
17917470
20000268
20930157
19947782
19961973
20673358
20688777
18075945
18958984
15890286
19278184
16424983
16836215
20959723
16355050
19150944
19898985
15850300
16184072
19678598
17899995
20048361
15657689
19748861
21944790
21476885
21482389
19166399
15752924
20925293
19591020
17370895
19383062
18694242
21140721
18647254
18290947
16272971
19247014
15881629
15604120
19752703
19260614
17298250
15961913
16019875
18312751
16640135
19813345
19479311
17920170
21368524
17100157
16448970
20696498
16574303
21129400
18461495
18614452
18662657
16800216
19846861
16959809
21108960
19043330
16770034
15970421
15662180
17932435
18773248
17481456
16527147
21651363
21171844
18980456
21303772
19843620
16489909
19358139
16234741
20079565
16261714
18232614
19963274
16376137
21960374
17895720
18429539
20157139
18469606
15534882
18431964
15976500
17996755
15662165
19000464
16351536
16249425
17519031
17636805
19457893
21218713
16752982
20659978
19472853
20077782
17402572
16858449
20572539
17059490
19058074
17684190
20170870
16477410
21095276
17222832
19061024
18192152
20655522
17641348
20615739
21528162
16887012
21240088
15786978
20686925
19888959
16712701
20614707
15612233
19058149
17016148
16289803
15624638
21515541
18370891
17063419
18049154
18198363
17328807
16900287
18979955
17053855
17846041
18206256
20308220
18463881
16280926
17966203
18662169
17474614
16369411
16321918
17624038
19581618
19351578
20592609
18519933
20043843
18299116
17553107
21839888
19044111
15579518
18727450
16869182
20458007
19592365
18179989
15856925
19663714
16552592
16164384
20236239
21366022
19501034
21854529
16181798
19714953
15566606
20136037
19638741
19939417
18411387
18786214
19208850
16876922
21084427
17568328
18090138
18688055
17367440
21311827
19847381
17111052
17724424
17098101
21116142
19478723
15928575
16987574
19517050
18208604
18942616
18700081
21649674
21184628
20685190
17216974
19430679
16158034
21941871
16492008
17613605
15962874
20800800
20486528
16134095
20229190
20801921
16217567
15965550
18590881
21532086
17258047
19333972
16546921
16514388
18853708
19018218
19302473
17233692
18353007
18988001
18515602
18754234
17907496
21724134
20890190
18049299
21743269
19138531
17165490
15911959
19290573
17701633
20842912
19143580
17020240
15771160
18433656
18300270
19138389
18096830
21233263
16356875
18663980
17430832
16326206
19619206
16536768
20678231
16138795
16706319
20736156
16646728
16783553
16095478
16137141
16476881
21807274
15657579
17760913
17348358
17073195
20012253
19884355
21413577
19084895
17089537
21661613
16162775
20133288
17424902
16466574
19253199
17048754
17182504
19339450
17896245
17419778
16624217
18041547
21737898
18662261
15991756
19273989
20510951
19278098
16700689
20581321
19041614
18538195
18173895
16553054
19012195
21134916
16409600
16342457
21169745
16331229
16754363
17592105
20219745
15701193
20068024
17391600
18420323
15759535
15804333
17054735
21826968
16322176
20215627
20716012
15898686
18760675
19563625
19056206
19995831
20147836
19519904
19694221
17557623
19204615
20812603
15586193
20617860
21449779
21664016
17154109
17962178
20422792
17931329
17708186
20836633
21050516
18183758
18639959
18663064
18649947
18426471
20231189
18355420
17136927
19736189
21401687
18073638
19328744
18446931
20375969
21136570
17378934
18631302
16354866
18378729
16647360
19515272
17487537
20335895
18951864
19947306
18349006
16779443
18727762
19091084
19576265
19247559
20864874
16060306
21209340
15836531
21353941
19284188
17082009
19822227
19843621
18682875
19624268
16259049
20637320
18558892
19119575
18318967
15575137
20836636
16295992
19687703
21156351
18059456
19969134
16808124
19354054
15912291
15526736
17000583
17353916
16241917
16945615
15960062
20617716
19403072
18258508
17380491
20934952
19832891
18349574
16911049
16825229
18626054
17313066
17926454
18813611
20051191
21368658
17764780
16878191
17901454
17921106
15759205
16227866
15839161
16704847
16737437
15921983
21041539
20233676
16602433
16127571
21295300
21784282
17238623
16429737
20688258
18462407
20446110
17058812
20015357
18445850
21770227
19218017
18758335
21757138
16076234
21675090
19437854
17252603
21334928
16516059
20340049
19694550
16021417
17426499
19445070
16918745
15738372
17400674
19628933
20689933
18575420
19199192
16573774
17707718
20940587
16006697
21287859
20384506
20107414
18398757
20578075
18724535
19525051
17013073
19587582
18578765
21684417
20099476
19329089
16267985
17178074
21127093
19258838
16044994
21306865
18328277
20695347
19117537
21384565
16923032
16187477
18522531
21491756
17596745
19780018
20614422
15962534
18544718
17913461
17142528
17691711
19697042
15756486
21610479
18604934
19041619
20889273
19130360
17233863
20861620
20558978
19605620
19699623
19774970
17444399
18075638
15677916
16256049
20952492
18701158
17427609
21350870
15526664
17679641
18293731
20360145
18797227
20078403
19233502
16548947
16848881
20728325
19405301
15739936
18520312
17667396
19648790
19116822
16012933
17622882
17233780
20690370
15887949
20423368
18612739
18581690
19488094
19686271
21334930
17363884
20680355
18556643
17979951
15537067
19218328
20180056
20804488
20167832
16439930
20298326
20070013
17112119
16119296
15835062
17034679
17319557
18268853
20838329
21419262
17102289
17955396
18363491
21860960
18480675
21265628
21610572
16760774
15687761
16821050
16177290
18946745
21336996
21422954
18277551
19398374
17626592
21450173
21462765
16861012
21430524
16943717
17262860
16466326
21118321
17844840
20183366
19394524
18400435
16728480
18073645
21068488
19653556
19623798
21480832
19500701
20437280
21500607
16623314
16583952
18655402
16495324
20827777
19995133
20879874
20674500
16452707
21748988
16911736
18550780
18594243
18378512
15552808
18222586
20929435
21194663
18378768
21590628
20670428
17133305
19043338
19159730
15812748
21830648
20840686
17162627
18036478
17343148
15842706
15644652
15582642
20636192
16753252
17671078
20054794
16916114
20806119
17785653
21135788
17383236
19682011
19553705
19368755
18390051
20103511
19815903
16983954
21164109
16378255
19719536
20720084
18683524
17875621
19538798
17574187
18272607
19006595
17215469
15709311
20696808
21322197
16164509
17634910
18335686
16670575
16132892
18676119
16129011
17092777
17500169
16153333
17478309
20203459
18834015
20089488
16092777
17891043
17135994
18980712
15927521
18545764
20083421
21393043
19073783
16402155
16416155
16094039
20609689
17978610
19703382
18931399
19538799
20428697
16908229
17936542
21577059
17593767
15624582
16756849
17544250
19788774
21996470
17850526
19661252
18375839
16648727
16637944
19878783
17142601
16169392
20738826
19796589
19806817
19591115
19326651
18077492
15745369
20083918
17108717
18216608
19287112
16466350
17467495
19838654
21294498
19274811
17092274
20838335
16494290
17019552
21462060
16507286
19538796
17240603
17128362
15773236
17914647
18453793
15741496
18241152
20797376
21605323
19361775
20592548
21853698
17725264
17327536
20430562
17430301
21807292
21382079
16496660
21037188
18403715
19550215
21272382
17881240
20442154
16764199
21314778
15867120
17544139
20202145
19914086
20420145
16750799
19542198
18842223
20453187
17485762
20455148
17845972
15916836
19542381
19014739
17349769
17308443
20828333
18839886
17656407
18259718
19808267
16253466
21381548
21268517
16231778
21457084
19788748
19631005
15794530
20964149
20170308
18027047
17290085
17461752
16280946
18507850
16553120
15517746
19762418
17549970
17988048
20829004
19669705
18953730
16342920
16915111
17583379
17594405
19520019
21352617
17130980
20019505
21958380
19789928
17096603
16842298
16704017
15693577
15997715
21690602
16798068
21280286
19486790
16109681
19125893
20921487
21315215
15839234
15933461
17182418
17708742
15987399
17170595
18251424
18454243
16172453
16240973
19056617
19204531
20703606
21359690
17319568
17992303
16730320
15919142
21470031
16492638
15897166
19472693
20679511
19856591
20960019
20531264
18258650
18992627
16460671
19719368
15529892
19282149
20056214
15623251
15779250
20839549
18063549
18336958
16797268
19188132
16521901
16585328
15530197
16010140
17206082
21391837
18293243
15528291
17639230
19016832
19807808
17849911
15789311
18050782
17998356
17024613
15923595
20180156
20652354
17902521
20174973
21343433
16353322
17007487
18339641
17909379
21139520
19847006
15551998
18726939
18844274
19457010
18754818
16336618
16447241
16237987
21059091
16435158
18399387
17585613
18175106
20851696
17279528
21167110
20211406
19725299
15921988
16043345
17537009
21429250
17874227
17560953
16078968
18448714
19945101
17877871
16669565
16280397
17315602
17206210
20825856
16096142
21271189
18201592
18634731
18044825
17339306
19372125
15763309
15814289
19131469
20586348
19284808
16294629
17664502
18199282
17260594
20798621
17666900
18584908
20397545
18715972
21942157
17158184
21600368
15911932
17260226
18533781
17335533
18202721
19933067
16931482
19248449
16287523
15920852
16786423
17077800
17387060
21410378
18950921
15997347
21073063
17630006
16354124
16131639
15767217
20704094
16866822
19332581
19627913
18472537
17903791
18080170
18812806
19705981
19189601
18390944
15788947
20172559
15998598
17724241
16035970
20683302
21155704
21035994
15714714
18250484
18979697
16450936
19233586
20538421
17472499
19291551
18718157
19386949
18344781
15951311
19418075
18384420
20572538
19296417
18400003
16445443
16047074
21029127
19032012
17329060
16711494
16324039
15634639
17977491
16176494
17562727
20932193
20713533
20630284
18671146
18365772
20656107
19278806
18357954
20497991
17825729
18947114
15979076
18072401
21422955
18079626
18797211
17950116
15803325
21899982
16769461
19430677
20805071
18091213
15818133
16352976
17472511
21211484
16288093
15968215
16503046
18521990
19879451
16696879
20017073
17608870
19268092
20687092
17826709
21941045
18074870
19937614
21368684
16215518
18042019
15889803
20382367
16363310
21869658
19445339
20227811
21548943
21108175
18477122
16420214
20027287
20415111
15595510
21375100
18725832
20448452
19005426
15540618
21503489
17685993
20871495
15654612
16307624
21180319
19096735
16704285
21500016
20169210
21504548
16923480
16316442
18625892
17419573
20554626
17848348
15909236
18315993
19734191
20705931
18044411
20081700
20167834
17674597
17620400
15904886
21431387
21359507
19370811
15755396
19715532
19829099
17326016
19628304
20825667
20377024
19039213
19353347
18650767
15834838
18278840
19482221
19010639
20540612
21301243
16979311
19066360
18549843
18377447
20143739
18655730
16565276
20801918
20804890
17392258
16082914
18982880
21040012
21034233
22013829
19813773
17290963
17439678
19448133
16700232
18161229
16619734
20515432
21644107
19707164
20005618
17612473
19892890
16637384
20554367
16449755
16389057
18071806
19418228
19200276
19247561
18464129
20881679
17468630
15754924
20947856
17580394
16062166
17635257
19366017
19278185
18999031
16335335
17973694
18397157
18496893
20626947
17067753
19473376
15529709
21241466
20017788
19184554
20937936
18959284
17205275
20592012
16169801
17582830
17454286
16886245
17478663
21149561
17136936
18513379
18220677
17909428
16309069
20619034
18520461
19454193
19967336
21510149
19551656
19943226
19851137
17978377
15853241
20696951
16188036
18497658
20102267
21099086
16537280
20008442
19514390
17286721
15596158
15998996
20056904
16108470
15990430
16835563
17340708
20528290
20970046
21639079
16717514
16816627
18844763
21621408
16697096
19222604
19788102
16479208
20496315
21307389
16989129
19390208
16323254
19335526
20010411
18824907
20682570
16078398
15620077
18289436
19263821
20883594
17197058
18416388
21473763
16356212
16926728
19248648
21534439
18284826
18804727
17455809
15615285
21283006
20709279
16396922
17704102
20671000
19674021
20635280
15867778
17118072
21542811
18164193
16583663
16112526
19051976
19482810
18158527
19161172
20489639
15612401
20162878
16339697
18176083
15625004
15857533
19653615
16128652
18454825
20540393
18795445
19273866
16046887
20673619
19369190
15710728
15528587
17350378
20102684
17237128
16649318
19133370
20218450
21217609
18653515
17194054
18936029
17476076
16567242
18413518
18398697
15830766
19965568
19804795
15555717
19775434
19327081
19856860
16688970
18852639
18807041
15589710
16471110
17558823
20446248
19089505
17884713
18041325
17710485
20471731
21610578
17010181
16043983
15774054
17941410
21809286
20455842
21661648
17143005
16641079
19398823
20381797
17626391
19740139
19320675
19135592
15761346
20890150
15921986
18347487
18347357
18644668
18772659
18195274
16762063
21527303
16547434
21278673
20579168
21359548
18441627
20123175
18811613
15809816
16963668
18249035
20124019
19380920
19491151
16358548
19765884
16900092
17263096
16119644
20032169
19859851
20192078
17211007
18453356
18935701
15818343
16964771
18466848
18657425
19748869
20026899
21300228
19476865
15910587
17339093
20419324
18028832
20486445
15677779
17515311
17083162
15756120
16442431
20726410
16114647
21281772
21614955
19326807
20369687
17286868
17303267
15775746
18791862
17024614
20435430
17966731
19961629
16712491
18815509
18206281
21692247
19021613
21269379
16338597
19117271
20458055
18827610
17726172
20201147
19768640
19052702
15894761
19481655
19910196
16779535
17257444
15536388
19197571
18844250
19001839
19876757
18182636
16640130
19651265
18563863
16450660
19331045
16624451
21362582
21236585
21893625
21458038
21426600
18752459
19246103
18562861
19342260
17728652
16932785
19652679
21660785
17705217
15938098
18482550
19017604
21599990
20471723
20033887
19320387
16802680
19342036
15554356
18838722
17324184
17062154
18197453
21062579
17845502
19880528
19669831
16636361
17301056
18021557
20008824
17493780
16626924
17011267
17901270
17665062
20361444
19403235
16960535
19319635
19136330
18964105
16518300
19759075
18209771
17240136
15624793
21651372
16878532
16894616
21368535
20595246
19589709
19438412
18261063
15533100
18569898
20423587
16675772
19153132
18985081
21116947
18981967
15793982
20448515
20615273
19820574
20550019
17588894
16611513
15690831
16749537
17614071
17220384
18597062
15763910
21959637
21233867
17139200
20051847
19745245
16595201
19588316
18032679
20465758
17891632
20833455
21449986
19736832
20347839
18093777
20221862
17215746
21502347
15715277
21316909
17577082
18831477
21488562
19762106
17718726
19119734
17601835
19048409
20507569
20692658
17632445
21612667
17703386
20029413
18841343
19400483
18241563
15918435
16351539
15974047
18483030
20371035
20440869
20515903
17142584
21693089
17554835
20822033
19006594
16728290
19112875
16238530
18266572
17973810
16651507
20648582
16565619
20879638
16081334
19176956
20197456
16508483
18990043
20339200
18570825
18816369
18792439
18976845
17137147
16301940
18808300
18021523
20132370
17242047
16808129
16518558
17402647
17666972
20373169
15957869
17407213
17059971
15719417
15851383
16532151
21648267
17938785
15921356
18681348
15723029
21424311
18434916
16534404
19179235
19250617
15672029
19126255
18681371
17014467
18759730
19933249
20619199
15687899
17426490
18759755
18431881
18619767
19585320
16304302
17454796
15609073
21636935
19559216
18257457
17524799
22128563
19674462
16036406
19740357
19838889
19940010
19760564
18684529
16594419
15597565
17079960
16574536
19584343
17642389
19032020
21342892
19397816
15658736
16922252
17681117
18294035
19287913
16519178
21952568
21285471
17230396
16267977
17413404
16855862
19917650
17350559
20654870
18620101
18375258
15846710
19670357
18807675
17665821
17576245
19833478
20428727
17683654
20114095
16879094
18637176
18216618
17304075
21634217
15933272
15711292
21668320
16511363
20134337
17042703
17881101
15991591
20306935
16512746
16015220
18379261
16954004
15957453
17915628
19968578
16831632
20655643
18641112
16396713
18220068
21307687
20101417
21459480
18314831
16549241
16675765
16933637
20818925
21765263
16530120
17044548
16112306
15834260
20170430
17466653
16757281
16184680
18072525
21417131
19858950
19009937
21346534
21123231
19186228
20583686
19822563
22030934
19719516
21073502
21470607
21620311
17261532
17462207
20833820
16174925
16752961
17120955
21168831
19221164
21806560
16636958
16045048
19789447
17359611
17714460
21314444
18809617
21428230
20565872
20333597
16527786
18665056
17437970
16707289
16876921
19378610
20378210
18725821
18973717
19458511
17536983
17976282
15550360
16282827
15521853
19002308
15523242
18216074
17254361
20624564
17765163
21345818
17262839
17378189
21888221
20229139
19151850
17895492
19425876
20511243
17190942
18468938
21693747
16683507
20026995
17099365
17851374
19596287
18434872
16394685
19594367
20099220
17929740
17345760
15628658
21304154
17942058
21416871
16998363
17128675
16927575
17908068
20193832
18256911
21957552
15661585
21214076
19517579
17295995
20674651
20449664
19845807
17287039
19925271
17236855
18095795
20193881
19994758
15602142
18317283
20225727
18640406
16515253
17425278
18521875
21071568
16948417
19146511
20220525
15559340
20357661
20144032
21271385
17727586
19114882
16050883
18665069
21601772
19863766
19062459
21693527
15541128
20689937
18262656
18060981
15724562
17487068
17473537
16986758
16911174
16569713
21971887
17976287
21129159
17477482
17823959
18308982
18402705
17064837
18180471
18727823
15801349
19818547
21684468
20598984
16627218
16048663
19819660
16026904
20712459
17547983
15781508
21044135
18271792
16622817
15631214
20369156
20963612
16477905
16970660
19817878
15822648
19172364
15603503
18082068
17505379
19786718
16433638
18039447
17035882
20354924
20796072
18561835
17941519
16024412
16544011
18092916
18826068
16051459
19285666
16505421
15588042
21820539
20337734
20862893
17207005
21078044
18709839
19621342
20454480
18988403
15745282
21469986
20507043
21706451
16955115
16179813
17903705
16318052
17897147
15971877
16913305
19169311
19360395
18762647
17402954
17174847
18533013
19372128
20387500
21333923
15778173
16094061
16642247
20303450
16215519
17596085
18804722
16756658
17299658
15779699
19120898
20884778
21377671
17055694
19866498
16450312
16082913
21629016
21394569
19039055
21665340
20045208
20116893
18375683
