16717065
16751862
16722911
16720852
15591933
16788355
16788354
16788353
16788352
16788351
16784413
16783248
16779426
16776609
16837479
16827458
16808724
16689119
16689021
16890438
16885475
16879238
16848053
16840370
16840362
16826759
16779410
16673673
16961101
16955431
16953552
16915051
17052577
17039984
17022329
17020514
17020117
17019795
16996901
16990091
16972919
16968559
16967330
16626100
17124908
17124904
17102426
17102293
17102254
17102253
17100219
17095809
17070458
17066971
17062510
17061775
17058706
17249283
17236480
17233146
17228633
17212262
17212260
17201099
17196906
19283974
17191676
17183013
17178823
17171826
17168103
17162118
17152126
17147713
17140012
16568596
16083369
16060517
16024208
15991452
15940585
15923936
15895546
15894253
15893262
15881050
15853033
15807841
15795335
15791782
15788949
15788017
15736997
15727044
15718583
15715075
15699314
15696625
15696624
15695474
15671312
15612303
15609736
15608297
15597686
15595173
15552075
15551517
15549012
15536794
15522648
15511415
20297576
20212368
20212192
20212173
20196464
19489369
19489367
19469051
19413017
19367710
19367233
19366937
19366041
19354053
19285283
19159046
18985289
19048556
19047877
19044312
20559940
19024223
19005778
18991021
18990924
18985910
18951402
18853535
18853532
18839550
18837749
18833725
18833625
18833622
18831397
18830836
18830833
18828254
18816307
18814775
18814304
18800478
18792742
18780905
18780903
18780667
18780589
18777682
18752099
18724590
18721585
18720676
18714603
18711895
18695763
18686900
18683599
18682473
18666899
18651885
18647988
18610591
18593072
18590019
18422266
18422265
18421558
18374823
18372252
18314550
17499053
17494508
17493962
17491445
17487021
17484254
17470720
17457079
17457078
17455846
17455844
17451910
17446829
17410653
17404900
17402909
17346918
17341881
17339984
17331807
17330653
19848032
17310676
17287230
17278922
17278597
17274740
17269947
17264700
17256397
17252750
16617964
16581632
16522757
16521891
16509367
16482886
16478734
16473734
16405708
16405707
16405706
16389158
16366179
16336151
16315625
16299573
16287390
16274558
16255251
16254388
16225317
16186566
16174813
16161644
16147798
16144244
16144206
16100629
16100531
16096140
16092629
16061059
16047631
16035721
15997045
15988669
15986521
15951523
15950830
15937381
15871898
15853785
15852701
15845958
15831188
15824937
22168641
22111422
22110098
22068994
22026194
22008181
21998930
21995093
21992473
21969408
21957848
21941811
21936339
21934062
21934060
21910306
21902121
21810373
21667548
21648256
21627881
21614728
21604956
21610455
21610245
21555667
21554462
21527153
21526684
21507076
21518932
21473185
21462581
21462459
21403050
21322849
21305778
21179881
21041761
20980769
20942319
20716974
20672533
20664040
20636582
20632461
20552917
20552770
20516421
20442391
20410499
20403903
20384505
20371780
19817514
19836920
19692541
19583560
19562579
19534187
19526887
19449272
19495942
19492762
19480114
19454528
19433845
19408882
19406373
19376676
19343896
19341868
19339329
19331092
19282245
19236871
19213118
19205155
19192570
19186228
19184385
19167629
19155861
19127763
19124641
20351903
19104294
19085268
19076670
19059872
18078733
17700908
20443263
18043787
18042470
18041970
18041967
18038472
18030539
18025494
18020845
18019898
18019575
18019118
18008106
18004165
17992767
17992110
17990735
17990730
17985065
17978371
17977337
17971697
17971696
17970475
17960670
17955683
17954872
17947919
17947617
17934938
17926444
17922360
17918613
17911703
17906288
17902257
17898243
17896219
17896218
17882863
17882728
17870032
17852838
17824263
17802920
17764038
17727554
17713179
17711143
17711077
17699226
17701643
17700952
17682075
17658175
17656406
17642124
17632870
17624815
17623378
17602317
17594229
17594224
17571437
17565667
17564291
17554666
17550689
17538831
17534790
17534739
17534317
17522986
17518999
17518195
16479681
16423792
16353827
16305016
16301469
21691972
21670632
20960690
20946423
20946212
20930022
20927678
20925716
20925714
20925709
20923814
20921490
20921475
20920084
20882803
20881266
20872106
20861737
20854154
20846280
20839528
20836188
20836187
20830822
20799496
20740710
20732983
20724411
20724344
20695059
20691010
20687290
20685504
20685068
20683302
20664041
20661053
20650593
20644198
20638813
20632545
20619034
20617663
20615839
20579792
20578075
20559181
20556698
20543368
20539153
20537837
20532726
20526984
20525416
20526985
20521007
20509419
20496632
20480628
20448515
20469825
20467906
20467020
20465132
20455111
20443398
20441684
20432586
20419746
20368172
20332406
20329479
20219315
20215615
20207928
20201147
20201141
20167718
20166522
20158554
20145234
20137042
20128754
19144764
19139455
19135822
19120759
19119774
19104292
19104287
19103690
19101822
19093425
19085202
19058437
19058434
19055300
19051992
19044253
19038753
19031842
19031834
19027259
19025165
19024832
19021100
19019866
19019367
19013743
19001034
18985427
18981790
18849748
18833632
18807860
18694992
18796050
18794475
18775621
18773795
18773780
18764851
18752100
18727766
18708943
18702276
18701234
18695624
18694913
18681201
18680922
18667888
18665060
18662171
18640898
18628243
18621942
18596501
18595557
18586140
18578398
18565717
18560099
18560098
18558934
18557485
18549883
18548418
18546066
18520464
18516695
18515743
18512566
18506543
18492716
18488837
18481747
18479512
18466604
18454619
18448784
18448047
18445728
18439528
18435351
18407928
18390504
18250374
18382834
18372505
18350774
18350771
18350770
18350769
18347907
18342766
18336684
18326378
18316881
18300660
18290277
18286854
18284111
18272647
18251207
18250484
18246886
18243632
18242936
18240810
18237065
18237064
18226317
18214220
18214219
18183760
18161229
18159875
18097853
18093788
16276390
21899216
21762825
21599730
21598825
21576541
21560708
21543407
21543406
21534384
21522019
21520676
21513210
21513083
21508719
21497250
21471491
21469488
21462663
21462662
21459237
21446267
21429780
21428021
21417195
21406352
21404807
21402373
21378505
21375908
21365394
21355759
21346443
21345468
21334930
21323043
21306858
21305777
21302877
21299281
21299278
21299276
21298884
21294982
21278506
21276552
21269379
21259146
21248579
21246971
21219549
21218698
21211926
21208349
21208346
21207123
21205735
21170821
21166549
21160353
21160351
21160349
21160347
21160346
21143349
21125532
21122014
21114720
21114717
21114715
21091852
21091702
21090217
21087372
21087371
21067114
21060016
21057073
21057062
20620731
20586833
20568975
20543369
20538421
20525424
20512079
20503606
20500352
20500295
20498731
20469952
20465729
20458817
20455107
20452166
20444063
20421570
20434086
20427312
20424256
20367726
20353371
20345521
20336981
20203460
20203459
20191724
20040632
20117562
20110825
20110341
20108737
20108113
20104813
20101280
19907392
20081211
20077808
20077786
20077783
20077782
20074300
20061069
20054034
20050248
20047353
20032673
20032632
20025162
20011806
20010250
20000255
20000253
20000202
19999250
19966551
19957353
19948297
19941549
19939532
19933878
19891684
19920279
19911532
19901351
19901320
19900323
19896320
19884301
19882853
19874523
19861674
19858431
19837259
19850438
19850437
19850436
19842526
19832996
19828279
19821189
19819098
19813386
19811883
19811188
19809288
19793235
21184376
21165881
19785357
19781816
19780388
19777105
19774791
19773145
19753473
19748203
19740146
19736834
19734389
19734181
19707840
19705978
19704192
19704190
19704179
19699822
19694593
19678788
19647970
19647966
19637549
19634301
19628353
19593591
19570647
19525778
19492614
19456999
19454643
19374107
19372024
19368090
19361322
19321286
19318652
19296314
19291084
19282246
19266986
19259794
19217366
19207235
19202494
19192714
19192009
19191994
19191988
22128511
22029124
22029123
21991860
21980086
21961386
21955890
21941806
21928551
21916349
21901923
21888007
21843092
21852649
21846858
21844435
21799327
21793115
21784282
21783044
21783041
21761614
21739793
21708970
21708967
21708806
21685225
21656094
21645428
21641511
21641509
21630628
21617504
21615698
21613885
21575975
21555752
21554461
21553978
21545358
21539703
21478782
21478776
21473530
21449779
21431476
21411839
21403143
21351230
21346495
21346444
21343503
21305779
21299280
21271387
21246972
21246969
21227936
21190484
21189717
21147438
21146167
21123484
21133299
21127103
21119080
21114718
21075324
21061111
21060118
21057069
21050249
20934364
20933316
20925719
20925718
20925717
20925711
20921035
20875202
20850836
20841513
20736156
20719811
20672563
20655645
20649686
20646708
20575703
20500288
20136822
19856112
19744715
19524967
19055651
18783983
18560066
18350773
18333923
17942270
17375815
16926949
16704378
16680911
16639053
16581886
16530904
16484714
16422781
16336373
16332470
16326789
16317176
16276131
16220735
16189057
16166875
16162385
16122641
16104453
16098156
16048529
16047912
16005784
15993531
15974503
15968267
15957266
15950831
15795018
15764361
15755538
15713173
15693929
15660532
15625165
15623271
15618092
15618089
15618088
15611432
15611205
15533081
20546817
21820540
18556643
17535121
19237434
16881337
18959282
18043980
16370233
19554436
19739484
15918428
20552832
16807571
16710138
21339199
17902521
18399376
20803852
20003038
16188036
16027582
15921474
16550986
16500073
17895492
20601563
20369755
17681395
19886872
21667813
17516352
21724130
17562720
21342389
19592857
20586911
18591640
17337152
21130536
19464097
16330969
16318034
16624189
21191254
16684486
21661649
21288311
17436460
19615536
16989348
16119296
16309065
19902696
20711737
18514930
19067893
21218641
18983352
17619405
19161015
21050955
16093224
18554077
19397100
19558736
19525743
17054572
17459139
19961973
17915182
21179666
15904592
21532075
21554061
16758094
21059150
17390981
21337280
16825669
18364488
16669213
20522620
20541077
20447006
18709829
18670837
18561444
18484255
21898325
21645040
21326245
16877039
21599682
20131583
16953998
15758704
19859745
18232620
15740172
18214677
19465046
21092723
19048697
17853172
17323873
19621532
20922921
20719586
20936898
19958416
20419988
16787539
19111270
21193653
15965996
17761230
19596352
18992701
19286344
15612231
19342260
19095330
16523036
18254002
18546983
21534927
18929942
19207053
19240441
16955115
15605746
21450173
20609099
17518884
21619766
17612821
15914080
16102697
21657804
20715299
19747264
17196247
19962839
18269735
18832504
21439174
18596481
15832639
17845972
20527623
20112458
21332777
20937185
21083366
21422100
16144229
19775309
21568720
21197836
17620921
19437904
15852699
20148769
21428239
18397559
20107786
17937371
17109748
16856286
19948370
17547265
16954053
20739151
21651657
17626254
20081725
21787981
19183115
17870647
19806821
21926511
18309475
16124844
15667359
17975393
19526684
18587257
21807826
16711074
18544727
20088320
17984645
16315549
16677177
19817111
21429989
17565431
20499655
16799355
20656107
20516708
16169392
20085075
17252078
20610578
17869138
18853029
20877755
15548439
20464883
17667289
16622643
15819836
15707221
15947643
18753881
18534948
20539139
16287913
19041835
18361394
20525473
19152989
16798179
17133682
18160922
17559705
18402128
22066291
16163981
16431262
19496363
18552116
16134664
21498789
16495324
16130681
16681111
19845193
16323256
16803741
17993929
20537216
17081913
21645111
15707097
19374034
16575712
19489032
20702438
20638814
17581367
19395890
18090444
18947118
16719018
20636181
20376695
18752071
16908363
15968445
18187283
20428601
20511684
18510663
17200276
20019512
21054176
19501941
19811604
16683877
20576715
19603379
19256322
20195785
17335529
16717518
17577177
19699445
16222349
21642520
18946578
21676052
19077804
17694716
18975476
18520461
17394639
17844857
21507489
19174269
21757083
19731446
20133477
15851050
17524286
18235160
18655425
17444172
16294474
20444770
18172404
16927721
18472303
17261454
20230169
20934213
20889246
20152215
15515735
16903589
16420781
17265562
19482139
20731597
21894840
19326309
20169648
16926738
18538262
19150541
20467431
19094876
16258402
20451295
16527786
17078883
17992336
16977900
18800278
17579304
18838931
18541401
19011172
16521189
19375521
19196596
18777217
21111952
15982465
18038297
19896733
21507109
19653536
20065194
19008272
16495708
18758315
21182434
17873734
15987336
19132806
20486476
16138795
16710911
15994057
16027421
16215795
19396641
18212585
17211568
21778801
18953729
18241139
18947114
17826709
19807236
16139701
18564954
16879094
18562824
19354156
17450591
20959728
15551613
19473110
20089493
17453071
21572262
17615634
18828170
21243605
17518009
15552384
19506440
17667002
18325112
18419626
21554289
21617267
20192715
18719004
21060101
16322414
16804496
18494392
18465717
17260598
18240001
19606660
19181649
15867700
15710281
21602164
21177426
19169588
20010203
17340711
21654302
16485590
17520998
16568232
20490571
16534404
16373520
16326663
17897147
16827046
15798501
19488838
19123735
18801512
15612239
19536372
17966731
16823009
20431466
16200512
17547752
18209847
17378189
20702075
21771359
21165842
21369634
17468510
21029998
21473695
19635400
18705261
16023432
20105589
19541254
18354333
17766525
19495556
20659196
16244850
21414063
19380366
18605061
18563995
16095450
21305423
21540618
21352624
21226545
16318105
16398297
21404720
19433927
17988186
21853670
17335528
16942769
15823888
18043783
20703145
16497309
17635625
18453503
19856643
19538801
20423442
21526714
17601244
18385977
18042302
18155386
19504806
18586341
15760701
20464541
17570053
20191466
19036613
19245091
19104247
15526877
17983928
18180167
18355227
20224459
17357258
19619278
19436231
20666297
17592423
20639232
18684585
20542238
18278613
17941432
21381579
21369633
17436613
18666451
15528290
17339313
16099126
16579831
20552306
20103511
19225847
16543906
15540619
21750594
17927764
20416241
18700089
20961281
20647800
19175285
21667674
15672062
16583664
18522525
16548400
16316442
20675292
16847682
16263978
19433951
21394569
18924004
18563492
20836629
21841588
21111388
19582943
21904101
19092588
19170300
17210069
20027287
16421464
21708521
16447328
18927100
19663271
19675401
18714719
16227770
16309011
20142264
17976989
19963352
18423347
21137697
18215610
20485104
16187477
17109114
18048259
16509450
15836531
19038750
16979535
17402951
19958418
20965077
16732017
18715526
18713540
16452284
17975395
19011877
15819748
17137147
16354844
15829397
17658028
17472511
15658244
20812124
15550092
17336819
16128655
18625918
21134555
19753572
18825863
16315251
20480409
18057473
17509938
20929651
21073777
19827047
17534469
19634603
18574345
21532281
18433963
19714597
20567208
19324927
16757460
19411018
20965866
16686873
20855129
18333722
18839050
18567538
20800198
20123767
17332101
17872750
15801489
21309381
15902758
17942058
20887410
15727546
21095320
16106689
18405565
18302971
16318656
17126458
16084483
17667534
21054632
20044165
18295432
18245219
19670219
17685146
17324176
17269541
17404131
21193084
20053207
16167717
21409790
18237668
17158034
15822717
20229456
18497214
17278924
20445716
19651933
15588259
21138697
18664806
16002947
19366411
18325459
17879557
16285321
21679451
17729373
22043493
16129380
17040358
16300853
20423214
15980079
15798595
18290981
21418560
18822756
19592081
17220158
20232252
20047029
16514096
21196728
16252737
18641591
17647218
16549241
17803022
21150582
20185441
20446632
19019233
17011190
17615601
21240727
18604668
19020364
21136113
15844291
19380943
16421363
18194526
15553425
16522503
20438604
21330383
17409367
15862985
17626592
19491563
15578252
17010557
18940987
20123825
16669556
16316443
21167362
17405224
20929461
18082842
16752972
16131443
20514884
17690523
17500296
17546760
18461853
20533248
17040575
19375613
19365222
19242321
19372340
16617638
21826929
16482752
18166883
18091199
16442912
16704391
17579302
21658255
18667867
20354115
20695830
16796505
16450556
18251954
18159047
20659201
21063182
15794700
17502810
16447620
16160587
18606526
21093061
17268416
17394518
18154492
18472118
16429215
17212893
15608585
17328473
19723738
16402673
20019614
15677915
19127899
16847769
20494503
21553513
20889509
18224419
18947121
20425962
19731886
15785991
18702636
21144121
17133195
20835677
20826590
20094109
20360186
18423762
15657160
20975552
19543572
17876966
18038831
20595536
17998344
19118463
18021136
18386452
20859048
19827968
15841057
17260233
20618777
16114804
21144024
15642502
19003797
15662297
20431793
21723152
16516127
15877684
16378255
20089421
15884205
19139382
20357704
21078738
19448484
18455404
21109945
16245190
21155639
19650244
18291394
20452912
19588512
15896625
16555667
16089094
18829246
15881710
20846193
16229053
18471674
17613159
21762230
18501747
21770355
20024772
18970983
16631670
19140402
17562524
20956663
15686076
20202778
20113757
20922341
16827202
19864445
20685190
18570672
20629606
16948624
17620391
19853789
20029712
17484704
20059311
18553040
18584930
18435961
15902033
15685408
21394017
15618086
15684026
18406408
19473204
19695031
16961103
21353941
17652629
16200252
21846402
17531555
18179989
16240145
21114909
20599101
16480558
17233386
20825898
16456367
17653903
17727182
18784564
16813543
17561284
19143235
17547983
16720000
21474201
16830631
19281545
15529197
16802653
21464103
15587603
15836532
15821661
19835231
20088150
16425819
19136330
16295514
15905288
15789968
19559565
20382446
17038111
16378773
20550019
20373700
21322194
19335811
17526315
16260792
21564396
18524338
15630681
21585591
21500003
21458038
16374169
21269670
21842830
18294873
15759663
17703015
17149560
18580868
16108414
17933370
19370630
15544701
16533954
20685907
17192174
17011217
19256209
19708793
19473526
15991589
17937946
17925111
19683092
19422944
15597283
17679587
18608368
16310575
18352962
15698531
16583727
17114062
19929646
16704125
18179997
20054464
18562819
21162170
16106335
16082913
17085607
17855728
15916836
16625891
19012066
18845046
18998475
18768345
20222234
17079619
20949328
20413053
17540908
18426103
18595942
15899314
20875486
19788771
20849989
18773583
21756522
21446599
20595487
19947049
17926660
17368290
20837612
20420347
16528905
16004106
19121927
15844186
20473641
15628049
17470290
16308630
16374461
19373635
17851308
17584822
17060294
19327598
21248445
17339093
15828597
21651658
20818991
17129326
19822873
17151566
16553506
17594634
22041948
20484949
17173280
20509066
17959577
18773712
19582822
19910195
16865053
15701107
15793023
15846012
17948953
20499784
15662184
18356003
18056324
19865021
17455570
21143303
19550234
18632034
18819691
21294002
20127602
17684107
16387907
15529892
17506162
20536803
15536023
17450022
17249312
17310336
21345737
16699329
18446175
17379228
19748202
18293731
20144523
17763706
16052732
21853633
20818469
20973734
19303680
18987069
20187949
19806816
16117265
16634899
17105637
16330721
16951292
16245304
18298865
16880177
20593024
15706690
17851345
19899597
19267003
20337734
21226383
19247488
16411006
19602682
20148863
21691239
21462658
20547725
16190010
21621729
17915373
18307461
19811860
19409078
21139016
17086940
19298101
15745213
19913962
20624148
16520520
15700480
19042213
17487704
18446745
19348818
18812888
16802308
21791093
17414917
15913722
19185793
20362216
15970783
17217474
18358702
18164465
21030729
17383321
16460387
17476702
20923897
21646308
15729991
20229817
17957980
20881679
16215518
16510172
17009794
21764011
18238990
17140424
21211599
18184594
20487486
15639038
16446270
17577159
18000242
21153460
21749243
20886768
17137166
21124232
18251572
16036035
19452811
20092700
17122530
18375626
16430602
16493324
22029120
20679971
19353986
16858449
18754818
18641496
20541065
19227631
18461360
18198362
17867427
18525311
21051326
17942761
16306755
20966789
20554219
21658779
20950990
21206744
17711615
18255069
19647678
22001799
16585498
16215794
17153131
18275605
18649109
20659203
20056018
20148940
15940836
17803419
21781627
19124813
16010848
19788775
19068042
18425075
16961098
16798702
19621441
20446622
20510949
19968770
20579125
17666609
16430003
21262611
18580396
20140420
17139941
18942244
17131277
17343534
18311398
19583654
20921496
16119570
17925585
20046133
21780093
20069308
16563624
19915983
19203299
16249136
18380313
16038528
19074130
16425730
18482123
15933465
18165651
17914340
21651653
15923994
21521566
17761183
21741791
19957348
19067982
19066350
17418327
21538039
16086536
19504762
17999405
21639897
21426600
18715972
17970363
17577002
21401255
18412079
16503952
17402572
21265628
19487533
20411646
21501057
16275365
16060311
18438567
19995296
16317563
19642429
16259859
16983480
20466108
20185424
18080929
16955591
19826332
17157557
21282503
16211440
15743296
18052893
15718179
16290975
20929435
16501142
16024412
19858807
17000942
20438015
18178132
20712866
17469706
16323712
19796753
16164509
18853911
17685076
21343433
20443408
20639709
17561955
17269854
19179789
20946037
16797268
17992508
16008024
20235082
17229790
16190009
20964485
21710011
19476232
15826432
16715691
20400899
19386949
19674427
16120895
18230646
19534258
18245212
20660633
21689845
19266968
21632590
21309435
20852526
18261005
21655786
19382508
19237043
18714744
18380768
17577192
19185397
18240178
17309186
18158513
17701164
20824785
17708128
17716098
19068904
16832007
17714049
16179813
19580138
16177583
20952243
17063648
19436289
17721844
20692658
18579144
21053516
22013777
20650026
18505800
20543720
17605949
17243519
20552929
16151722
18664738
16499673
19632594
18423732
17324184
17091116
17119896
15561556
20433216
20356430
17425278
18580392
21894126
19464755
20729562
20602759
18386178
19745637
17963969
21707473
16219623
16797440
16849917
19284808
19014228
18382164
18032748
17001836
19647969
20667678
19509522
19666851
17699299
19146553
20391795
17432372
17466653
17044437
19208816
15743299
19648575
18953469
15540574
16898050
20887402
19646790
16205241
15888855
20074194
19289930
17268910
18026054
21218696
18948434
17157243
19842953
22203538
19863765
18583447
19594788
17215598
15624279
15991586
18331480
20619056
20131149
19642482
21220468
20200830
20066814
15609749
16103670
17848041
20017938
16459905
20033624
15665265
19139474
19452421
15859376
16530108
17902393
15850870
17261820
15986315
20662284
19689494
16651507
18289187
20192064
17617908
19106279
16422267
16619769
20403093
17876186
20682667
20840709
15684845
18164249
15968968
21365402
16829723
17187718
17177041
17650984
16581639
21459686
18853541
16826442
19755882
20671442
16087819
16229695
18922360
19856246
18793379
17057138
17283622
16751966
16170788
17650354
19901582
17486705
15776123
19930477
19302633
16956498
17005244
16767012
15689652
18039518
18694981
19406045
17583284
17978360
19638142
15589081
18429700
18503650
17142527
19649002
18388840
19560693
16086615
17786521
15653246
19813165
16155348
17340855
21382072
21129680
15718326
19087770
18422207
15779247
21314812
21554063
20552920
19960016
19477574
19162364
15985647
16730784
18092495
15944497
21955907
16168035
16060581
17978632
21669951
16563636
20218895
20655164
17400030
20420145
15515312
21717676
19216242
17557486
19845200
17507697
17196902
21161656
17485755
19119730
17938771
21323461
19516910
20063584
18635587
17101077
21091700
20826878
21977769
15850429
21075915
18423611
19247096
21108534
18196490
16648349
21364073
18232550
16308098
16490096
15860071
18651967
15633310
16641081
15810750
17685829
20153457
20634227
15718626
19134486
19960751
16162578
21471578
15875447
19657182
15949738
17483923
21677490
21317133
17345755
17134941
21666467
20210825
16370545
16807169
18259718
21417056
20176913
21375101
20164800
21655408
19039740
16569412
16035970
18752459
21187262
19968909
20934571
19327953
18255214
15834705
20065276
20632259
18292979
17892115
16931461
16021803
21180335
20875203
21474280
19470234
19821543
20961414
18775348
20838269
17386358
19291551
17705096
15921098
16754838
17033569
19465583
18663532
17433182
17976839
18507600
18211559
16618589
16145186
19120591
20173270
20005618
21261474
17181083
16377823
17353810
18035375
20576072
21125933
16394838
17826312
17460135
21524205
15646757
19671650
17474588
17550684
17978607
15781174
19121194
15849518
16317429
16872786
18269678
16418201
18369593
16330118
17806014
16817494
17446134
20840378
17432306
17929740
18695975
19087465
17116149
17182418
19455871
16521593
20519453
20877359
16515148
18504691
20841517
21375848
20880759
19064387
18562834
20629334
18709580
15678928
16582517
16355916
19263906
17951353
18473702
20210658
17050482
18712243
17970366
21818983
15898219
21265393
20536490
21689037
18320455
21351125
20712216
20132978
16092303
20404623
15765815
19202248
21158258
19740063
17766668
18728250
15949068
17116952
17096457
17698684
16390507
21052731
17116115
17351023
16103805
18211656
18799771
19198129
17654385
18198456
19771410
17917470
18218082
21526685
16683218
16979173
20971335
16842042
17366255
19101224
19194685
17095440
15808048
19416796
15532175
21214976
18703384
19038422
17222666
16025441
21097760
18499604
16911175
19228233
18274880
16499462
16567008
15684200
20659199
15934547
17008942
17125705
16518951
15983083
19654222
15744694
20152512
15916501
18700088
16941128
20814796
19006588
15526489
19240613
17151804
20179960
20799388
18604759
21482839
16680222
19115897
18206580
20226938
21036522
21271750
19382516
20484948
18713537
21809286
17242524
16830255
16808751
17622602
20393104
21042243
17655996
18952359
20063424
17697912
18418177
17120921
17515311
17768578
16686964
15689727
19085796
16446240
22128564
18188161
16260342
17885718
17182449
18323049
20549184
17588303
20821958
18717767
20597608
16713336
16513375
19210155
20597404
21155402
19471050
17455607
17316458
16858460
17026412
16895488
16329225
18990271
17636624
17516356
18756161
17151564
16080128
21292720
19117497
15848819
15786978
16767019
20046114
19497746
15613829
16360567
21278001
16645516
18812619
19001918
17306547
18801481
19594341
18431889
21334805
20576073
18163235
16167615
16487892
21893718
15835081
17329107
19707769
18325947
19209015
20697469
20031893
19297809
20194891
17764387
16199935
20593673
21228661
20147807
19793277
17258926
20023561
19719367
19047665
21254290
17952404
15641944
20689936
18539544
21724791
17578780
19480834
21115350
18164472
18752854
17389409
22049637
18229731
20000304
17139909
15913403
16516552
16430355
16132530
16521899
20069815
19588666
19249515
18377145
19448210
20075540
17067898
21219821
18173051
18030197
18928079
19390531
17599469
16466493
21123237
18035233
17452605
19300217
16502003
15924027
21090520
18494203
15969765
18422053
16315527
20658541
20426308
15767001
20360543
16035562
17785015
19582520
16607408
18192635
20092226
16512040
17181683
15788034
16916414
19745635
20069962
16777829
18667875
17036884
16427833
18423061
15875750
17611238
19854441
17242858
15546554
18805754
18838492
17656741
15617635
21949183
18178411
18272777
17707718
16088854
18653445
20583104
15899604
20961374
18598253
21510126
19577761
17035406
19772152
19736818
18337439
17517285
21198742
18302579
21991720
15639683
19144283
20015489
18390051
18336692
16124136
20632189
21977605
17079614
17407629
18518961
20723836
19104193
20299651
19216411
18065034
18252068
21214301
17978610
17381482
17439995
17705873
17939006
17953292
17974094
20623338
20738736
17601343
19115446
19730104
18445760
18248395
16711085
20500037
15729796
17419573
17361957
18666923
17270326
19325482
19793236
17132481
20602700
21492718
17386913
18171323
19416038
18468938
18267996
21135693
21144637
16715210
17462137
18274298
16263648
16191140
19214259
21459864
17337155
19120581
16775907
21228438
20658424
17992346
15970422
20803401
16867885
20069517
16098152
15631258
16967735
21558512
18243580
20177166
15633074
16310569
19565445
18926715
20005147
19461229
21357804
20698187
17577662
18453356
17685827
17546531
18612092
16917439
20646817
17699356
19457969
19714367
19448890
21561512
15778131
15876302
16439744
19156945
19707124
20671007
21167086
19204854
17696675
21870751
16056115
21683213
16769943
18311551
20352647
20657624
21794116
19958520
16776847
15933466
20806611
17187546
18378349
16858741
19073784
20593987
17060178
19661099
19615623
20625297
21365160
18197434
18714713
19189064
16529849
21558484
16000098
20887609
17457776
19196640
15892475
18786217
21969476
19329723
19770733
16850245
19762368
20880153
16235143
17133305
19739878
20557381
20182364
20146829
20089573
15739923
16506704
18457065
15887788
16946286
18787448
19219412
19009935
21837913
17438886
21882755
19575270
21087463
21149556
16273797
21485620
18392546
18089545
16376480
19246103
19898787
19345553
21483025
19207049
16836282
18357845
19857414
20450025
20157933
16612299
16616695
19142365
19833331
21094715
21500016
17067321
20560832
16783582
21502256
20830625
21242560
19017373
15770559
16764152
21622488
18503346
20507692
19132574
16076792
16641072
17579615
20436094
21501727
16039809
20164712
18274360
16800319
21879998
17624157
17013870
18813775
18775625
17976298
15719904
16913309
18436493
17936542
16206915
21862750
19339430
17469698
19293307
19222449
15818133
16941134
20043843
21178600
16046040
20511356
17591410
21540599
16049062
19172450
17073073
16425679
18093121
20728705
20825516
16305601
17132383
15642500
16889326
16901700
19203391
21426376
20592066
20447839
15802340
19371417
19144159
17092274
20158320
15627007
18764787
19264748
21263318
19078874
16461869
16153378
17119752
15527232
15588741
16514251
16285419
17474289
21661481
20458647
20966849
19436695
19018920
19184780
17327249
19213401
20666955
21957803
15531959
20386011
18307851
20802908
17486915
19390962
19477779
21693527
17432333
18453944
17915147
16174232
20213799
19331295
16426797
19668280
17024614
18538965
20064055
16092286
17901611
16082616
19176862
18343866
18181419
19657928
20657305
18018571
20509784
20679561
21240104
21199163
18058440
16913374
19689164
19811630
17870502
20073146
19061176
20484092
15602187
19772170
19234866
20209718
16151586
20348198
16708137
20854708
15629990
17236508
20642413
15798043
19565988
20950774
19394226
20880366
17449215
19855360
15526736
21335930
16614882
17256708
16249417
18596503
18162794
21291016
20934681
16901701
19022185
17925586
16683641
22041954
20568026
19344605
20346092
21291051
16938672
16604008
18426465
19105911
20374400
21076264
17852998
20832921
16931414
17479356
15812293
16889318
18330386
15868336
19054458
21356092
19385269
21411822
18491221
19751037
17583289
15961913
16936604
20636159
21490345
20123819
20808256
17592973
16162387
16869125
17366919
20846019
18367911
20099956
16451360
16121873
18004189
16449089
18215499
18429539
20152574
18392393
20950124
19260602
16799354
19343591
17661076
18512376
17379682
15632503
19327312
16300862
17340204
16897270
16005415
20104453
18638047
19254969
15879562
16476842
16771956
15750484
20171663
21306645
21462659
20605808
18287185
18437059
18298996
15984505
19671620
17667931
18179013
15636733
18725354
20737795
19695929
17029658
17728557
20121717
16193229
18094893
20511193
18772306
20117674
17097202
21515103
18214069
19533287
18461420
20593596
20448233
19606776
19922930
15933964
15893959
20535503
18085601
16435925
21555751
19459753
20397478
20098176
20837607
15842115
19643612
19454399
15999517
18429368
18191799
15565499
18373613
16200948
20039530
19925271
17691520
15760796
18997566
20148409
15675902
21119185
15571137
20331486
21884846
20546292
17982991
16690562
17193764
18440681
15559598
20800780
19033173
19632912
16399880
16457457
17452550
21843848
17137254
19026199
18307703
20948488
20730389
20402541
21311444
20873534
17546833
16185590
16277126
17316933
19694232
20211957
18403993
21217440
19528344
19101921
15868673
18517102
16019768
17382189
17187534
18436568
20649500
15631568
17123951
17828010
19415504
15914746
17418133
19260366
20850709
20586893
17165327
17597675
17623242
15945411
21450662
15732615
16800216
16252084
21139464
21244659
17643712
17433966
19306789
17539695
17190121
15733702
19947817
18725831
18794716
18507575
21744564
20124813
19583175
17597262
18665056
18426375
17139206
20427867
15642235
16983851
17196105
20375236
16879379
17211165
17059163
16411549
16950060
20122774
20088231
18671146
16802682
18343252
16263619
17313089
17000613
16263201
19647663
15653253
20129882
18996745
19048966
21660823
16355575
17154703
21542189
18710376
20738360
17536991
15998164
21894868
20554140
19250153
20857660
15939493
16546015
19423963
20397808
17201336
16877178
17283821
15608940
18574269
19883996
17253070
17986880
18214226
21499887
17077409
15719585
21208704
18440918
17194678
17932992
16334394
15942857
18948771
16572406
18689217
17823476
20637320
18361541
19692201
16398007
20218771
19266944
16131306
19418228
20141026
17126194
20385565
18278566
16255327
18370910
16019976
20004298
20825856
18974406
19933891
19407674
19692709
21570888
17310766
17986071
19663714
16466326
15946281
19567755
16469126
20587678
18007210
17532231
21946877
19167592
19583782
18837986
17601179
21324099
19538607
17640844
15893162
19323697
18988072
16456568
17953298
18672542
20552915
17043938
20367806
20092136
16140129
20049603
20934212
15833466
17546784
17385970
18762603
18513379
18826994
16173302
19338185
21283004
17256713
18831674
19240235
19394523
16162637
15806322
16036012
20570292
19678598
20191711
19141996
16917188
15583501
21063675
19456057
19581533
21922704
19961630
19919300
16262436
15917259
17212864
19700651
18029393
19133370
20486528
17395605
19542812
19449711
18791404
19931954
21325188
16331364
22034725
16484694
18261063
20925707
18785194
17088119
18415809
21675167
15891346
17390967
15921133
17076799
15715179
18335259
17397975
21072010
19525085
18420693
18279447
20712670
15515156
19251549
17499628
20560990
20662280
18997534
16696818
18368873
18564600
18194398
21242267
17565096
19173143
18359431
17675667
19708422
20879816
19963336
18816011
15762390
18595709
16496660
18183643
17933613
17054172
19488997
20196711
16722861
17098101
15515975
19732512
17724103
15602303
15555785
18954274
17361586
17133897
18385225
20336355
16536397
16477905
21540416
20221338
20400981
16739323
19061731
18063547
21436666
21091020
16368057
17447603
19913187
16455221
17477486
17027623
17194403
21502347
18236723
16676342
18601637
18701764
20046113
20066735
16287811
16270739
15526870
19775467
15812103
17109104
16954092
16411027
20027967
16424714
19450992
16237354
15685816
17985063
21544044
19223810
17491498
16353322
17327750
18561635
20084872
15896696
16709352
15889304
18824835
15804332
16061312
17071570
18091633
16702587
17210997
15580073
19671641
18355171
16489445
17418677
17163497
18716485
20852506
18405569
19084888
19326315
17510850
15886382
15946280
19811559
19264570
18326285
17917941
17175657
20131588
21470734
19281443
18618273
18375675
15540496
15992395
18240023
21872497
21198293
19368582
15935426
17723930
19302422
18347487
15682957
17178302
16551501
17976282
17853754
16686584
19260571
18316256
18551857
17036265
16756843
16623603
19660636
18487967
15579351
19786422
21287773
16426618
16425009
16882102
18649107
17823459
19648596
17400253
18544718
20155642
20388863
19248373
18310215
17657670
20838161
16285343
18341198
16519072
19376278
16448491
18358259
19167094
21140861
18781660
15671354
19220619
20406498
21385085
16466405
21127097
16900272
15630975
20526926
17071207
20030500
15999894
18388684
18646408
21480176
18614447
19927412
16594419
17184417
19563640
16679331
20975412
21261998
17154109
19380123
20064813
21555939
21542811
17133206
16749640
19952652
17152028
17709688
16775904
16321533
20850843
18520747
17903223
19682775
20618498
21455810
16821050
15884222
19273868
18816909
18057260
20019350
20439095
19694621
17328482
19437250
19996233
19546446
21404876
20016412
18399369
19007095
16119649
16630971
17102524
20564528
17874488
18196694
19852799
15902611
19536388
21209136
19131540
16273716
20804881
16161297
19403495
19242654
18977994
18283069
15802112
16700695
18930913
18827642
20411859
22049812
17727690
17646058
21121831
17703823
18405494
21628032
15720488
20722323
18020289
21534379
17727131
16121596
20504233
16129014
16434220
21248644
15587715
17845502
18535445
15964672
19250451
17851298
16422476
19144053
19708058
17929747
18537481
15717902
18611311
17931326
20571180
19836276
18183802
20122065
15605298
17455515
17060278
18774193
19858950
16123494
20531224
20490675
18261064
21184628
19821366
16268838
20122595
18403403
20398957
18041317
20480394
19253116
15849658
18845347
16638158
16720089
18977559
19293316
20446352
17442662
16173913
15519899
19098508
15835203
19709798
20189152
18018812
15794082
16022890
19761666
18484689
15838411
18184983
19461516
17561016
17600598
21576612
21727791
20014709
15729014
19269241
17496369
16078524
19626751
17221295
19300039
15674879
16922114
16327841
18945220
18786971
20065195
20526684
15630059
18301949
16020821
17353752
18265436
19953866
16327418
21817968
19082202
15915606
17886195
17411559
20141794
17353753
19633896
18557553
20949772
21638822
20112445
19171821
15647238
21104212
16423118
16123260
17393898
15856333
21382216
20560218
19237957
16516655
20350912
21520572
17318747
19546128
17665821
17322095
15588042
17886262
17685993
17712259
17825495
15635886
17903141
19350874
21211662
19272541
20369438
20420728
16830843
17646128
15819127
15711955
20830621
20502178
21121844
19406456
19090872
21114205
16501912
18617706
16950056
15964865
20546463
18561846
17411691
15596688
20956260
15532179
18936382
16566612
21661267
19454871
19589663
18478489
17760976
16475874
17443093
17673769
16648725
21675151
15605758
18849510
20033233
19634588
19302473
21129159
15911960
16641657
19056617
19694849
18982781
17342851
18039993
16553707
18048874
17210887
19200391
20920902
16395947
16688968
19019733
19112244
20017788
17298612
19959482
21486321
19705205
16313373
18297317
20889852
21109549
16148809
17244186
21356601
16094739
21036689
16682919
17306956
18186031
16961102
19728502
16757711
18687268
15668838
18501752
17634910
21368555
20610314
16916400
21277589
17580773
18551856
15723024
19197779
21204697
16802313
16594430
17078346
16874640
17897265
15848496
16442438
19820535
19497889
16116844
15788947
17394636
15990739
19092520
17481486
18404061
16222646
17328662
21045570
19116958
19293037
18398664
20128251
21395110
17431690
17162627
18042131
19617303
16860432
19592370
15930065
17447309
16310679
20955185
21456939
19397148
18351625
20387332
19427812
17175975
20630014
21450679
21987201
21442334
17565797
20063908
18519116
20590506
20973999
21810723
19386880
19097209
15552539
19962697
21714895
17614177
19232893
21306029
22030646
16614650
18653816
16119142
16721137
19578326
20180439
16869085
20617664
17920226
17569378
18442964
18678557
17655850
20799590
17682122
16770116
19212248
17593306
18041413
18552321
16892766
17427438
16046914
17000476
17557190
17925109
19666950
17828400
20065277
16461448
21839899
21530443
15804242
21461208
17608890
20423363
16633295
15869233
21680916
18208956
17364397
15870091
19671916
16404682
20019727
16764224
19349445
17038965
20684195
19731887
17098155
17182516
15704591
15948356
19839531
16028434
21879666
17285390
16026904
17037115
16116767
18589343
21130030
20197556
21116947
16324183
17545386
17684171
17888805
19543092
20869652
21317959
19663578
16388260
15633057
15683749
19434024
15659998
19771645
17635307
20003975
18845476
16095151
21052027
18822580
21294218
20690390
16676675
20695035
20735273
20091991
19331311
17715444
16961553
15689648
16223168
17622862
19458562
18210983
17885971
20140355
15823886
20672524
16482017
18030153
18472623
15778076
19744192
21040182
21661617
19069449
18467475
20739360
16292723
20238152
17943778
21173494
19186410
16040376
18474847
19093418
16424964
19408554
18990207
17994499
21982519
16000099
20857125
17000387
18270275
15896603
21561516
17285953
16794886
17667018
20369687
21768819
18760558
15800337
19578801
18709564
21561517
16966667
18350213
19366839
16230055
17690086
17923426
16567821
21278666
17070437
20378184
16921728
19714302
19573262
17273028
19719383
15566611
19400489
18815004
20636669
18241871
17293181
18617599
19661081
17274042
16572746
16130944
16629569
16873146
18788226
21398387
21712255
19227293
15884501
21294061
18275373
19674935
17569191
17654518
18222479
21322196
17505864
19001352
19556094
19300155
18051963
18674500
20649457
18686910
18836095
18217905
20012158
21199142
20484058
16875276
19860895
18979697
16034316
16736827
18158527
16516977
21189208
16530113
18460906
21073063
17674610
16158036
15573675
18235394
18341244
16389010
18833884
19842075
17284943
19501549
15915739
17152914
18974677
15588356
17347828
16844795
18803881
15583907
16333006
19851264
19930832
16430732
19142627
21393392
21336671
20456855
18581690
21942003
21211228
19260603
17468688
20380710
18216011
19260370
16808088
17042399
17122679
15745282
17503161
16989129
17472515
16725021
16568813
16450659
18648202
16878006
18708279
20929041
17633982
16827399
21931027
20393971
15761646
17229029
21242775
19128314
15739636
19531035
21701921
17175591
19106282
19340984
16608474
15818343
17632126
18809589
17451088
15696568
21418288
20636115
19033590
20398358
20647929
16983946
20175280
19865012
17846041
20117687
16195092
18951399
16137369
20068461
17896695
18614912
18180658
19858354
16849941
16264002
17557933
19729964
15521897
20142739
21380993
19689559
20921889
20051430
16752233
18693199
18694985
17929400
21272821
18557569
16322862
18625892
18829417
21366022
16728480
17138719
19288345
16476875
16055616
20838108
21519300
16393480
21349200
20652527
16131044
19752038
20087034
20030772
15638354
16240861
18377576
17197277
21311711
16925546
15624409
21788286
19887653
17354523
18838964
18316932
20095202
19772582
16116391
21113566
20357661
15799015
19898100
15886931
19075085
19034226
18464128
20854596
16512746
17651503
19691850
15992204
19132174
21326002
16554394
18328963
15817367
21129714
20429725
20050884
18261949
20646956
20825895
21702353
17375230
19660208
21174846
16511687
16423771
16060013
18806192
17103344
19920097
15729062
18778557
17128542
19534368
19337714
15858623
18059195
17308535
21727887
16966892
20970061
19811596
19147394
18074490
15966124
19546455
15960398
17477485
15792746
17695938
21204979
15960059
20333596
16922982
21402460
20797365
21507078
17393814
19174059
21080835
17092860
20517725
16555929
18583449
19066143
19842578
16492098
20490455
16636958
19648597
19337083
16790212
16010213
16675742
15540835
18043220
16492233
17174511
19447316
20120851
16972975
17702483
16112306
17000484
18022833
17443600
17609929
17524007
16598911
20144029
20636152
21105897
18340506
16215395
19042888
17495726
17046220
21952326
18695611
16810624
19490232
19820231
19522911
20469561
15887429
20415270
19941684
16837403
16231569
15571940
21717794
17935651
16442452
18990915
19343560
18575788
17215638
20434085
21194657
20055188
19033167
21303772
17135856
21265918
18802985
15963172
16760696
18157287
16426952
16350354
19641843
16227665
17575652
19929642
15730184
20529186
19184200
16285131
17431210
19910835
19566693
17007486
21702113
16216029
17443556
20448224
15642851
16299093
21154092
17199451
21323254
15894761
20302649
20415998
21977784
19480279
19670679
20416998
17683300
16828521
18570807
19722298
19419342
19552036
19692053
21446301
17575666
21367604
20042769
17877563
19150199
21834286
18708306
20124777
16246224
17966292
16791758
15765814
15631929
16250528
19363568
16602366
18536545
15953979
15838441
19578819
17049038
21129007
18982990
16898235
16311135
18446181
16952402
16918745
21163726
18959104
20953729
18320994
19009889
19875529
15591608
18672634
15541620
18768178
18057191
16091160
19817606
19372344
18684008
21143362
19965954
21206250
17467117
21714409
19085003
15644641
18346405
18336817
20470294
20589153
15722965
16119661
15730598
16608722
20601372
19342536
17714255
15924563
21990151
20064197
16787474
19538561
21269458
21356655
21739732
21556269
19664877
19044192
17400289
19271662
17906596
16830236
18403574
17632445
15855951
16526152
19697196
18726695
21678217
16753085
21118727
18985547
18223094
17477226
17468681
16566565
19907425
18375671
21207723
19135081
16450794
16430334
16094061
20032758
20407398
17966773
15788914
18584492
17851368
20025454
17088063
16153709
19339431
19562979
16289797
21093297
16988283
21647900
17187542
21793374
15543757
20078403
18777804
16425856
16473096
21102312
21552087
19940587
18647787
16290977
15603635
20701054
19351793
17257516
16602402
18676136
21532086
16205352
19416045
21991872
18206737
16327735
18296928
21191202
16295344
17710479
19463677
18495713
16483091
16398097
16106768
21211714
15793271
18076926
16395637
20102784
18804936
15565976
20002984
19190468
19653547
18773498
18334517
19736720
18619631
17442619
21423003
19225316
16773438
17613462
19565098
18242941
16969616
17617014
17786036
17308443
16378254
18710374
18660768
16889949
19583066
19178975
18762529
17824549
17002786
19096357
16430349
21173365
15902166
17072358
21901568
19242328
20846884
18572480
17187545
21480679
18564422
15744445
18382249
19769206
16489708
15871827
21128694
18788958
16229400
18334052
19878479
16008836
19920743
15587184
15902873
20166480
18293224
15843427
20578587
21504959
18020847
21135788
19146557
16678952
19157279
19935109
17419788
20680124
20404628
17626631
17443539
17633838
21591406
20041613
21235844
17325100
20876403
20873399
19286279
19194118
15904552
15615304
20738855
17238363
21357781
17343037
21824224
18378805
20842962
17389414
17484247
20131584
20739577
21311270
17505026
17343952
18849366
18441273
16539318
17895516
21127318
20329671
19647207
17999211
17972533
17880483
19640169
15896261
18689712
19451553
16466350
16290917
17994508
16941919
16395020
15603333
19136356
16466119
19596420
21062579
17419883
19910601
16476641
19646175
20491202
17611110
16735667
18751654
19085226
17377921
16106772
16202146
19619368
21250405
18925919
20482950
21188513
18575419
21554021
20230178
16945783
22030644
18654778
16138488
16996228
17079617
18503838
16181597
17536978
19609188
20647248
18557670
21494781
16018107
20550690
20046117
21476412
16555020
18081997
19581026
21736169
21526526
19939417
17945927
15778816
21207825
18757103
18698548
19503665
20200436
20491383
19116822
17915971
18778556
21678267
18338267
19130383
21340716
16636220
20533965
20592552
19097736
17643607
19158526
19747652
20736670
21477457
20948485
16340019
17427369
17142584
20096993
18299942
15869019
16173084
20460001
19006595
19538795
17081930
17036462
20827931
16234575
17313538
16321687
21488327
18089961
16720484
16413431
16690560
21425249
16481778
20678886
18306650
20195927
21933274
20381401
16215360
21508627
19797281
18319403
16444126
20024774
17577174
21035041
16295284
21299599
19534181
19188456
18660716
17669639
19889918
17925064
17542721
17999269
16915975
21879626
20566229
16930268
18209000
17461316
15574526
19215330
16332472
16190011
15750521
19424693
15586075
18375674
16216379
17898245
18482125
21415613
19515272
18698243
17914661
15543709
15659925
16850023
17265839
19573123
19035900
15886547
20091507
20804947
17288652
15990043
16827838
17007224
19243243
15602163
20501560
16550847
20157205
18819225
20974071
17479318
16821701
21291326
19332581
15616146
18611318
19719366
21612437
16116780
15847865
18511764
17022856
18404137
15911916
17718641
21944158
21473814
20629933
19104290
18700236
16823638
19387930
15762982
18830810
18804727
16491921
16689714
19224804
21073122
20937199
16719752
18488748
21130358
17353916
18344821
20168139
18063122
18675766
16472477
19139444
21430524
19755973
19688635
18786753
19767781
18353608
16869921
16620315
21228088
16968433
19060796
16117032
18672575
16355559
17409214
19395973
21590564
19587027
21159772
17601738
20979771
17260573
19266713
19366408
19041531
19818581
19537392
21487345
21561546
20355264
18362818
20085963
17442031
16937143
16509438
18023958
16284216
20157964
20659198
17537082
17324466
21825936
18982783
21690603
20171084
15969988
17910341
17991930
19726990
15566015
21606107
17766078
19035076
19391234
21925397
17262005
21035012
15994170
17197058
16793491
19123879
16430762
18232293
15791785
17335523
15948295
15897835
17060296
19432910
15663707
17311238
20925713
21282796
17884602
17319451
17030842
21841704
20831004
16292626
19655282
20473081
19471072
21554034
16422983
17098356
17380843
21420136
18052750
19114583
17435817
18337434
19574762
18241776
20003039
20000250
19633883
17601833
17714050
18422262
17145513
18728136
17163222
18777696
20557005
20026688
16608940
16773549
20306940
20619602
19384206
20806865
17146311
21226847
15642765
18773774
20089624
16922985
16706550
15876255
16267145
18779884
20467018
16888600
20152055
19307120
21971093
17988822
17027302
16923932
20706098
18334678
17918266
19325488
19010185
20530396
16607127
18773982
17435991
16796079
15743439
20015357
16411487
19716704
16450449
16004700
19916075
18622980
17122613
17911884
21495397
18209669
21670615
20920232
15537586
15808145
17918500
15788945
20144399
20834034
17502445
16779140
16681123
16162586
20009903
20176351
18794025
21919294
21651654
19740062
19305314
16540822
16898980
18202934
17061778
21269438
21456398
21359507
17883790
18206256
18389318
17580014
17130096
19006594
16494151
20736669
17039499
19876757
18321269
20008830
17197788
18605349
20443352
18476313
16551327
17294123
16757376
15886176
18393217
19468089
21441571
18361702
19426427
20220626
18494430
16928578
20572431
21447846
20219160
21371646
16273994
18702619
20142011
20837293
17555656
16764362
16191134
20060970
16638946
20350889
18022025
20633747
16622986
20486582
18679758
19722422
18182636
21537787
19895690
15970886
15566559
16076793
18254457
15998820
20331325
18325139
19433998
17050340
16050887
16401704
18982223
16784523
21800707
17524406
20492015
21675014
16713013
17655539
21355831
17069269
19474448
16594437
15925069
19142323
18350941
19387906
18481483
17099505
21612463
19709015
16553911
16650591
15625528
18038294
21242245
17002186
15536973
16431185
16829776
19890254
16010214
19819097
17006873
20175183
16020072
17233692
21882518
21557105
19506274
20170430
18559018
16756849
17192523
15604183
15769792
19533437
21618552
17352384
20178300
18845477
19263816
16707584
20646238
19589709
15848471
16122538
17639230
16310599
18977111
19635277
20826113
18804232
21693742
16674782
20308220
20464071
15805447
15544665
17509280
18042103
17909431
18668359
16871980
17346296
20920654
18252082
20025426
19882416
16922987
18382244
18215197
17679264
16035336
19278889
19233587
20800766
16580262
17253331
17727759
16124075
17655694
15935081
17182416
16954006
17604464
20160554
19954315
19366017
17216945
15767217
19760913
17179235
15817605
17947752
19877163
20004439
20862889
19910397
21188866
16085952
21495395
20193936
15692139
20964750
20029413
20636672
15617396
18768025
15792747
21378659
16225683
19397393
18479655
21641505
17566476
15880977
18072989
17556220
19010732
17561162
17274424
19380210
18384789
21988870
19910727
19038449
17439753
18578185
16192318
18289416
16215519
16739441
20298307
18472537
21710915
20432637
17004430
16471375
16754831
20824450
19645809
17719364
17158048
18993129
18022046
17500078
15799432
20358806
17929748
19390341
16279158
17963863
21194048
16752872
19583665
21160149
19268092
18280252
16898099
16965249
18071813
18763438
15528285
15716810
16499461
16566316
17617186
16205851
18450682
20188314
17849824
20443420
18584797
17985948
20031860
19369508
16242897
20508682
17443877
17042709
16522346
18694607
19745628
16431006
16723929
17017644
19106205
17847975
21813621
19944876
19207055
17394176
17324182
17493274
21537199
18409322
16109300
21615196
19276768
15740960
21478277
20476511
17685066
16161386
18444043
19295420
20735245
21099392
19960847
21042862
19934696
16613400
15773598
20800768
16276216
16875116
19952335
15909695
19213516
17011154
16141107
19383069
18684020
20462417
18073643
15991588
16624450
16378790
16521333
17578061
16722887
18715975
16192524
17477005
18266204
16060300
21692586
20055980
15987393
15721966
20541069
17967588
18764854
18521969
15899730
18035097
16933819
19958027
20235302
15693990
16449755
15587605
16340947
18480043
19046086
17287039
17110874
17326019
17319557
20132713
16227562
21610571
21135708
18407002
15574458
16330592
21926498
19011741
18216414
16830838
19401131
20402751
18222586
16582973
21796547
19382112
15604229
17110877
17380521
16201415
20639645
21140738
18625826
16728902
21110401
16318052
20525109
17923784
20472608
19671646
20798621
18698529
19551750
16539181
16551417
17356030
15952491
17558956
18830519
17457778
15887359
16341623
19085201
18075770
20579168
17998378
18177522
19636707
17276321
19043338
20479713
20104404
19044102
15557358
20628305
15704379
20422903
21067256
21221659
17296651
18511592
17361388
18974987
18412311
19837356
21214691
19207736
15959710
21970271
16015517
18598388
21248573
17444851
20132621
15590227
16604908
17118304
18217474
15724947
21068614
18096586
16503046
16939142
17215199
18350262
18628742
15853779
18382047
17999424
15699080
15912816
19126337
21879667
19588792
20496559
20860260
17471052
20092512
18316453
18796049
21438677
16911544
20643993
20704094
19659963
19365160
18942134
19591020
15672024
17324096
18475107
18457809
19965953
19351309
17319568
18328145
20398133
21527768
20217961
17102217
17656632
19024665
21180300
17669849
19435180
21766560
17651770
19620142
15988947
19846383
17545369
15571883
21358385
21148160
18830718
21704974
18574372
21519289
16202839
17925737
16689412
16980791
16236108
20427003
17413370
16520999
19608123
16902171
20570080
16164533
18194594
17361930
18414297
17723968
17010555
21791261
20207663
16018938
18445925
19014117
18248406
16390518
16150010
16651054
20048265
19756423
17139034
21158255
17566553
17674111
20228360
18027520
15861919
18674673
18060327
18385151
21492274
17436863
20040563
17015506
21135296
16082793
15741498
17353575
21718524
20948246
18272735
19838884
19304808
17301645
16250385
19515862
15832583
15877689
16030369
18348350
18826611
18341180
20051787
17598894
17053928
21812953
15818638
20847346
20813893
17334470
19838852
16608158
20234203
19476884
20682570
20675827
17262843
17223939
20125045
19841004
20026921
16335544
20654824
16474223
17163458
18627215
17302137
18197741
19146658
17418963
16669206
20529780
20077787
19012819
17931539
16113758
21806649
20230176
18019285
17284552
20165520
20421033
20553535
19605620
18460951
18663465
20966373
19667888
17624645
17387063
20527720
16088009
16409600
17263098
16824222
20220287
19349502
17548894
17062549
17944141
17202518
21178537
16775757
19884808
18080170
17118496
21586247
16296260
20977391
19860078
21267533
20642211
19476234
21879664
17059028
17938060
21500700
20626830
21089989
15880171
17214862
20663801
17364846
17694890
19848548
16524967
17760237
16874578
17332210
15898686
18158212
17500503
20119656
18544154
21342309
18181670
16968511
19827045
17139665
15798453
18077219
19917175
21462439
20025725
17000345
20409115
19571514
16376598
21402963
20882733
19266739
18174092
17681111
20869678
17328990
19824252
17419468
21651372
17073193
19025699
19889557
17942272
17626389
21368540
17536060
22058396
18386449
17664443
19149053
18807040
15911292
18610901
19021727
19919658
16879172
18332736
19772558
15887320
20687449
18830834
20462742
17063631
20923843
18095900
15869214
17828007
18072670
19412094
17707499
16271129
16670509
21198280
15564279
19271090
21220440
16546006
15918345
17953293
17520881
16231164
18498567
20308660
20797356
17991532
18852581
20002422
16824168
18157447
18612531
22096875
17020701
18487708
19882317
19218945
18586576
21443066
18320628
16971816
16824155
15687761
21857326
17361502
19999862
18990043
17825730
19694851
16083489
19117827
19472805
16359416
16862744
17036089
17684111
18633570
19506170
19689757
21476322
20555261
19670967
21977677
19781420
15832609
22053499
20841983
21495194
15967628
19958936
17565433
19382433
18469615
17929730
17157363
15630870
19537640
16276956
18694250
21073561
15645762
16012558
17131534
15900979
17309897
20854602
16894927
19029156
21765263
17711144
17242783
17394514
19422632
17584625
19839214
18081185
17103108
17160097
16566822
17139578
19342836
19240682
16310435
17074863
18777821
19586390
16050400
16193603
19273778
19689441
20025749
16551020
20100845
19012496
16278137
19399982
16166868
19745209
18800285
16173006
20801715
16033496
17851337
21853848
20049075
19177816
17949984
21572328
16942418
16987792
15915702
17959006
18494406
17000473
16885556
18454586
18850538
21669433
18308911
19807245
20196650
20374981
18395142
21167451
15764941
20430775
21462062
19675268
17302096
19012977
19880842
18320301
19244732
17903244
19524432
15713860
18845070
17518886
20605850
20795423
17625004
17682684
16479203
15565357
15644700
21385313
21162380
16604295
16688659
15620036
15722841
16649653
15778173
20218270
18164350
18401676
20722797
20032930
21223414
17287374
20456771
15803042
18240989
16273784
21635629
17394734
20676776
17415619
17360151
16986758
16808770
15839762
20008442
19675510
21465692
17257964
20338979
21510871
16480561
19851138
18171322
20390617
20108713
19100944
15900181
17905364
17467495
19395264
16101850
18418569
18038746
21471876
16422732
20432203
17391425
19270470
21387976
17004998
17198753
16884132
21134055
16779065
19530124
17868410
16182126
20349640
17213498
17018200
17851299
15750050
21303935
18405017
19689636
16326263
15868443
21674892
16757043
15582636
19851140
19072468
20168097
19050330
19335095
15629730
19586569
18325425
15984453
19088243
19919592
20362246
18937231
20720084
21226886
17318031
15998615
17135646
21531989
17888108
18976246
15876233
19094222
19700971
18347906
15739634
17629664
16548320
18713769
21598148
16482478
17895495
19402366
18046264
20850426
18955608
17713882
21094532
17193943
21534097
18417731
17233258
20597087
19754687
16951011
16762800
17898250
17416716
19433841
17885631
17680330
15650867
20420304
17551431
18336958
18686669
16928566
18078150
20036097
19634607
15580109
20047543
19134514
19282060
20811186
18683883
17518381
19725210
17013869
16110012
19091084
16939565
18328961
21138561
20421049
18821287
18979706
20186648
17914337
19659705
19015926
15865495
20657978
16459289
19259706
17683656
19855038
15780324
16898370
16217009
21063420
19275021
16875101
18846401
18051996
21478085
15865575
18298504
18671895
21727300
21532080
17196716
21932720
18210184
19388374
15636409
16684759
16172091
20593569
21690604
21502444
15852584
15595402
19088236
17380387
21785179
20077576
15917977
20374986
20206787
21147458
15674831
19268393
19358029
16398166
18578763
19243525
17698460
16336367
15776799
15937400
20688190
15834253
15721977
19303168
19775042
21118013
17259659
21382252
17620401
19366300
19645620
17044441
19225286
20546168
17237894
19227021
21114211
20010411
18997524
17540090
20557383
20540387
19127130
20547596
21536611
15947809
17605444
20078423
18000439
19442915
15709850
17874323
17418656
19211100
17091005
21147658
19674863
16916061
22029758
17762817
15993137
18171394
18667357
19969334
21516665
17214422
21577161
20827451
20384642
15618104
21700562
16844204
15736601
17343028
19906279
16310611
17700306
20564070
19537399
16430351
16102147
20731579
17427603
19898097
16729851
21551221
15868390
15527042
19160921
17058722
20196285
18554852
18980456
15668312
16128363
16001877
19023446
20102813
18557433
17249904
21115294
21617091
19482459
21334928
18335873
17140121
15589705
19066162
17394520
20534336
20930255
19061685
16630039
17250963
21483251
19959842
19582516
15574727
18279295
21061873
21493350
20000261
19812105
15713790
17895859
16342837
16447784
16910129
16563316
19590468
17433183
17007161
21329857
18349651
16115175
17211209
16827534
15653242
17471686
20842014
17059030
19142055
18492543
17483999
20403196
21655845
19325480
15985504
16301934
18581822
19377807
19437952
15630834
20972949
16206396
20677478
15941456
16061596
15962433
21605295
18604755
17450121
21266202
19302213
18412586
17587533
20673620
19091091
15836555
19648705
19546273
21460349
16612442
16339290
16246470
20841651
20650007
16102625
17025005
18572721
20022534
16582971
18985843
19821892
16787476
17325272
17007650
18512998
17224839
16326785
20081697
19831158
19592813
16566336
17685161
21078044
16649321
20524504
21229868
18397144
16817916
17693437
18799004
21404781
16774690
16304762
16413839
19004576
16581636
19051974
18272320
20194561
20047063
16734091
20452169
16243085
16826966
20818881
15793986
18335686
21848452
17324180
19037137
17102407
16238838
18585593
21157249
21422350
17012495
16602663
17911883
17544683
15814395
20810417
18824135
21117327
16045420
15534341
21469492
21661500
20164627
21041539
16487529
19044111
17535839
19680298
20863357
15597292
21324606
16920526
16978958
21749006
17880480
20737230
20080462
20371073
20659978
15890039
17149020
19317857
15533343
15559043
21359548
16492008
15590034
19375520
15716822
17922923
18251959
15987407
22026202
15877641
19096290
18637140
21555673
19161016
19672610
17947892
17387056
21343276
17475940
17552406
18712798
15664089
18604930
17328146
21055846
16112540
17512151
16035725
18853887
19588661
18829772
19897193
18618606
20601727
16373094
19547799
18050782
17212065
17945277
15919572
20649673
21112455
21799379
17955794
15794419
16294629
19072456
18066718
18212587
16582855
18768026
21119382
16542606
17958297
16762109
20663701
17634055
16648618
15961876
17087679
18418108
21189816
19402568
21102170
18695848
18822752
16894616
19812102
20102130
20626879
17092777
17124874
15690868
17058755
22010598
16578955
17350310
17484413
19694221
16525169
20169368
18591571
18018955
22017017
18252015
19124176
22046739
20848981
18443391
20827891
17411550
18225837
15834528
18380266
15690145
20666848
17253131
19263772
18770988
20029311
16867083
16083480
17233189
19300002
19326551
16452280
17900057
21418755
19815903
20564714
19702979
16566101
15595989
18548955
15897446
21288207
19253315
17506869
21187265
18241311
19116974
16509953
20471731
17400145
21295300
18976341
18041335
16174503
16523736
19263774
19029123
21515894
21730988
18814424
19301983
16478806
19713631
18450873
15730365
17897650
19585177
19721026
20037500
17139200
19098962
19174280
18773321
19402357
20500305
19074690
21279253
20726471
20194431
19837351
18539278
19448133
19684493
21854894
19549673
20159530
18515435
21150502
19772247
18759805
20179441
21586244
20843424
20011758
16610506
21069272
16239412
20679981
17153572
21430578
19565050
20957594
18846150
19786671
17291830
16722454
15701204
18021332
19114780
16996335
17892990
17531914
20924893
16263369
16970561
17261144
18612381
17394439
16040412
16313377
21372646
18586756
20386309
16568810
18411951
20510839
17462801
17463206
17620404
16181012
20822037
20356429
15750507
20832923
16949825
19473315
19283563
19648845
21507187
18559870
18466848
17020113
19274623
18277849
16845764
17701384
16378147
15569811
20852469
21434510
16862325
15728071
16965313
21486337
20354057
18552084
18829213
15991108
21884838
16376025
16318875
19717483
21575155
17536221
17449521
15659720
19640282
20414822
15794420
20546564
21323844
18654960
21077743
18928555
20020082
21536216
18812370
15544666
16834768
20688777
19665625
17554946
20439293
16168344
20367647
20433130
17083278
19452737
18080622
19411361
15921840
18833880
21196804
16195574
17916366
18715456
21041160
19924581
17826034
17973716
18992671
18501765
19005959
21040107
18372997
15531985
15951704
19240187
20387500
19704292
21684413
19369045
17314725
17489499
17310663
17728797
16132002
20569149
18321582
20813332
21485897
19657496
17442438
19772239
20698360
19711633
20567847
16331167
15597287
18186151
16927479
19722302
17195149
19386583
16523603
19335487
20421027
15709547
17213049
16911418
19709790
18335829
17697762
21425361
15573804
17891669
16466089
21631923
19084971
15992183
20354244
16014340
15721968
19752152
20129482
17904337
15625045
18521649
19568684
21163648
17990717
20441038
15646122
17544181
19886592
19367231
19065868
21680042
20018588
18644511
16224411
19414234
18949641
16955589
19908610
20371031
19077648
21890770
18000079
